32562 32599 32659 31868 
32562 32599 32659 31868 
32523 32545 32579 32351 
32497 32528 32510 32867 
32499 32517 32443 33353 
32545 32570 32453 33777 
32568 32586 32451 33999 
32645 32645 32521 34093 
32715 32705 32627 33975 
32749 32727 32724 33644 
32812 32757 32850 33227 
32829 32767 32961 32685 
32870 32824 33080 32167 
32850 32837 33120 31652 
32842 32887 33146 31335 
32817 32921 33115 31187 
32786 32929 33012 31243 
32737 32907 32845 31493 
32731 32888 32687 31963 
32710 32816 32492 32491 
32689 32727 32311 33061 
32678 32618 32194 33601 
32650 32506 32134 34013 
32667 32439 32187 34252 
32666 32382 32314 34250 
32693 32376 32508 34065 
32673 32378 32696 33670 
32667 32427 32871 33187 
32637 32503 32996 32655 
32630 32613 33089 32165 
32593 32724 33084 31770 
32584 32843 33053 31556 
32560 32926 32943 31517 
32555 33003 32835 31635 
32563 33037 32734 31871 
32655 33094 32717 32215 
32741 33085 32705 32513 
32872 33093 32781 32808 
32982 33025 32832 32972 
33072 32925 32871 33057 
33167 32835 32933 33082 
33186 32720 32913 33038 
33190 32621 32878 33001 
33078 32488 32750 32939 
32925 32386 32578 32940 
32742 32337 32414 33008 
32515 32290 32242 33055 
32315 32305 32139 33137 
32167 32376 32127 33188 
32066 32469 32195 33160 
32035 32596 32354 33053 
32110 32730 32589 32870 
32206 32807 32802 32593 
32355 32848 32996 32281 
32537 32848 33138 31992 
32740 32817 33216 31811 
32973 32806 33248 31782 
33165 32780 33206 31885 
33357 32789 33138 32140 
33446 32787 33003 32437 
33462 32837 32877 32762 
33403 32920 32770 33074 
33270 33029 32686 33287 
33095 33161 32674 33422 
32835 33193 32632 33376 
32549 33152 32584 33197 
32319 33063 32577 32986 
32129 32868 32538 32752 
32023 32575 32472 32541 
32012 32293 32419 32434 
32035 31961 32326 32385 
32191 31746 32281 32482 
32366 31631 32271 32633 
32585 31680 32334 32833 
32783 31873 32430 32990 
32977 32237 32611 33124 
33106 32691 32846 33140 
33192 33208 33094 33049 
33191 33668 33306 32845 
33174 34053 33501 32596 
33101 34233 33593 32306 
32974 34172 33533 32023 
32864 33929 33403 31869 
32753 33491 33161 31832 
32670 32950 32852 31945 
32645 32403 32555 32209 
32656 31915 32300 32568 
32635 31506 32051 32919 
32624 31271 31880 33243 
32586 31218 31803 33503 
32539 31358 31816 33647 
32476 31659 31934 33681 
32401 32066 32119 33589 
32355 32526 32377 33426 
32305 32989 32669 33175 
32296 33392 32962 32890 
32314 33674 33185 32557 
32474 33943 33473 32338 
32691 34010 33650 32123 
32924 33905 33708 31928 
33188 33677 33655 31813 
33415 33398 33521 31798 
33553 33025 33281 31830 
33595 32661 32987 31960 
33498 32304 32661 32138 
33299 32032 32372 32399 
33002 31842 32111 32686 
32659 31747 31929 32975 
32296 31736 31825 33254 
31974 31799 31793 33459 
31828 31990 31937 33676 
31785 32210 32114 33794 
31901 32487 32370 33787 
32100 32760 32628 33642 
32360 33018 32881 33404 
32631 33244 33095 33030 
32935 33468 33303 32666 
33174 33604 33439 32275 
33297 33626 33450 31926 
33282 33488 33334 31621 
33182 33283 33155 31513 
33034 33016 32940 31583 
32825 32663 32656 31773 
32699 32395 32496 32147 
32555 32116 32342 32517 
32530 31975 32312 32959 
32546 31922 32345 33281 
32660 32024 32487 33543 
32795 32248 32668 33650 
32894 32501 32831 33550 
32948 32772 32940 33328 
32930 33010 32975 33018 
32817 33173 32923 32644 
32700 33272 32838 32362 
32517 33251 32685 32151 
32377 33148 32549 32103 
32229 32949 32400 32148 
32182 32740 32336 32351 
32220 32535 32336 32617 
32334 32387 32408 32896 
32530 32304 32549 33128 
32787 32324 32731 33279 
33060 32427 32918 33317 
33292 32589 33087 33200 
33464 32770 33213 32965 
33508 32919 33264 32650 
33456 33062 33262 32347 
33294 33140 33196 32070 
33008 33096 33014 31863 
32664 32973 32768 31816 
32318 32818 32521 31929 
32041 32618 32282 32212 
31823 32426 32084 32597 
31736 32256 31965 33030 
31810 32160 31946 33459 
31986 32153 32051 33798 
32305 32260 32297 33988 
32694 32444 32618 33957 
33068 32668 32948 33699 
33396 32917 33272 33277 
33620 33141 33509 32708 
33745 33360 33669 32165 
33693 33464 33669 31651 
33487 33458 33502 31299 
33161 33322 33225 31160 
32772 33083 32840 31252 
32418 32812 32468 31602 
32116 32530 32157 32109 
31955 32290 31947 32725 
31890 32092 31839 33300 
31956 31980 31861 33798 
32128 31990 32023 34119 
32385 32123 32285 34236 
32669 32318 32602 34132 
32897 32550 32878 33804 
33084 32802 33142 33328 
33176 33001 33293 32754 
33234 33220 33402 32256 
33181 33323 33382 31807 
33082 33335 33284 31491 
32923 33255 33080 31378 
32541 32822 32536 31702 
32425 32590 32343 32136 
32381 32402 32201 32635 
32364 32244 32143 33107 
32421 32183 32184 33541 
32551 32248 32318 33836 
32732 32386 32551 33937 
32937 32609 32828 33857 
33045 32776 33033 33530 
33140 32940 33222 33129 
33153 33054 33326 32638 
33092 33138 33357 32211 
32905 33083 33223 31798 
32683 33004 33024 31578 
32429 32887 32770 31551 
32235 32772 32517 31727 
32104 32660 32290 32048 
32100 32586 32157 32463 
32218 32557 32123 32922 
32382 32504 32134 33278 
32665 32524 32272 33572 
33005 32599 32517 33763 
33294 32633 32745 33748 
33484 32662 32953 33559 
33580 32692 33144 33276 
33507 32686 33245 32886 
33345 32724 33295 32549 
33060 32746 33251 32219 
32685 32714 33104 31950 
32305 32733 32917 31827 
31950 32708 32677 31822 
31742 32732 32462 32003 
31687 32735 32290 32258 
31790 32761 32186 32591 
32000 32739 32143 32918 
32327 32722 32191 33221 
32698 32706 32321 33413 
33091 32730 32547 33513 
33415 32750 32799 33459 
33668 32792 33051 33286 
33750 32818 33254 32980 
33691 32850 33376 32638 
33525 32920 33429 32320 
33256 32955 33363 32046 
32901 32950 33180 31871 
32543 32898 32938 31867 
32268 32839 32680 32105 
32081 32759 32444 32585 
31992 32650 32237 33126 
31977 32489 32092 33521 
32067 32350 32072 33562 
32230 32258 32162 33127 
32376 32167 32300 32254 
32539 32133 32492 31313 
32659 32161 32648 30722 
32829 32359 32793 30911 
32996 32668 32866 31876 
33112 33075 32909 33401 
33055 33391 32881 35013 
33025 33461 32872 36333 
33250 32899 32855 36923 
33816 31688 32886 36699 
34109 30556 32936 35705 
33044 30941 33015 34124 
29792 34299 33065 32059 
25335 40169 33125 29836 
22735 45602 33138 27742 
25340 46491 33095 26082 
34381 39755 32959 25238 
47308 25731 32769 25548 
59143 8655 32519 27186 
62812 195 32313 30099 
54860 0 32071 33709 
38018 9075 31933 37655 
17687 30058 31880 41122 
696 53511 31966 43551 
0 65279 32198 44297 
0 65535 32431 43028 
9796 65535 32732 39910 
24374 65495 33079 35422 
38275 54704 33369 30186 
49711 40831 33541 24996 
58349 28034 33654 21031 
64690 15251 33632 18865 
65416 1938 33453 18883 
65485 179 33164 21197 
65531 72 32841 25546 
55519 0 32422 30977 
37841 103 32172 36833 
17488 20036 31893 41906 
717 42438 31826 45627 
90 64315 31870 47267 
1 65448 32071 46561 
0 65535 32317 43682 
2190 65535 32668 39152 
22043 65535 33007 33578 
42547 63462 33266 27970 
62278 39435 33429 23380 
65447 15048 33497 20410 
65535 408 33408 19390 
65535 30 33223 20480 
65535 0 32992 23466 
54090 0 32668 27708 
34334 14977 32460 32418 
13321 34487 32292 36880 
368 55435 32187 40409 
24 65249 32201 42567 
0 65510 32300 43053 
3 65535 32460 41938 
14527 65535 32637 39559 
31296 65535 32813 36380 
48228 47108 32944 32936 
62076 23447 33001 29745 
65438 1244 33050 27390 
65525 105 33012 26108 
65535 31 32917 25921 
52718 21 32862 26820 
34877 48 32743 28434 
15617 13759 32651 30519 
739 29028 32568 32601 
71 45117 32485 34358 
30 58888 32446 35620 
36 65341 32444 36283 
10679 65501 32494 36262 
23995 65519 32602 35737 
37543 55368 32736 34871 
49384 39802 32843 33788 
57604 23173 32967 32764 
61098 8369 33099 31967 
59389 295 33140 31401 
52968 72 33150 31208 
43252 55 33079 31269 
32010 6020 32991 31588 
21429 16821 32790 31968 
13435 30384 32624 32386 
9976 43444 32475 32735 
11208 53903 32367 32979 
16382 60181 32287 33086 
24100 61424 32298 33121 
32521 57829 32337 33051 
40035 50345 32438 32944 
45010 41022 32574 32862 
47005 31321 32740 32797 
46217 22649 32867 32738 
43235 16094 32934 32671 
38618 12509 33016 32675 
33226 12695 32967 32599 
27996 16555 32912 32589 
23896 23109 32812 32559 
22091 30781 32720 32580 
23272 37484 32631 32604 
27331 41703 32559 32661 
32716 42915 32553 32764 
37452 41987 32593 32852 
39942 40297 32672 32936 
39650 38790 32814 33037 
37411 37434 32947 33056 
35043 35460 33030 32982 
33775 32146 33079 32873 
33580 27733 33052 32695 
33220 23743 32951 32471 
31272 22145 32764 32236 
27554 24373 32574 32096 
23563 29856 32400 32039 
21411 36695 32243 32074 
22654 42486 32153 32230 
27337 45180 32168 32462 
34126 43743 32292 32762 
40700 38586 32480 33054 
45589 31265 32689 33294 
47909 23945 32934 33464 
47197 18784 33098 33506 
43368 17755 33209 33411 
36873 21377 33271 33251 
28417 28615 33204 32982 
19931 37181 33112 32721 
13905 44286 32953 32434 
12801 47554 32770 32176 
17633 45932 32557 32003 
26627 40639 32413 31973 
36781 33884 32275 32008 
44688 28168 32171 32146 
48356 25065 32172 32389 
47592 24545 32199 32642 
44109 25563 32313 32921 
39965 26858 32501 33143 
36275 27779 32694 33274 
32977 28586 32945 33342 
29333 30058 33140 33245 
24912 32891 33300 33057 
20149 37200 33383 32801 
16396 42262 33371 32522 
15386 46676 33321 32316 
18310 48697 33126 32125 
25282 46927 32871 32060 
34941 41096 32586 32139 
45292 32154 32346 32327 
53930 22247 32147 32600 
58438 13846 31999 32872 
57219 9578 31967 33143 
50533 10390 32066 33357 
40130 15612 32259 33458 
28596 23502 32489 33412 
18666 32261 32753 33255 
12200 40479 33010 33005 
9749 47161 33168 32657 
10673 52056 33297 32345 
14028 54878 33329 32075 
19425 55029 33293 31915 
27135 51695 33159 31838 
36537 44879 32952 31860 
46405 35680 32761 32038 
54307 26022 32546 32288 
57550 18379 32376 32637 
54464 14237 32216 32985 
46265 13892 32133 33329 
35949 16014 32160 33635 
27231 18851 32277 33835 
22830 21176 32454 33873 
23107 22806 32658 33729 
26132 24620 32889 33473 
29072 27882 33096 33062 
30023 33502 33251 32585 
28710 41418 33350 32103 
26363 50454 33352 31670 
24888 58093 33259 31361 
25492 62227 33061 31210 
28225 61192 32835 31287 
32163 54688 32607 31573 
35964 43622 32370 32029 
38487 31023 32215 32577 
39578 19066 32122 33156 
39456 9733 32068 33654 
38656 4072 32159 34104 
37627 2497 32303 34323 
36743 4640 32493 34323 
36150 10120 32715 34091 
35636 18533 32945 33684 
34702 29260 33081 33088 
33055 40600 33230 32494 
30490 50835 33268 31944 
27330 58271 33206 31483 
24290 61690 33060 31240 
22559 60533 32845 31217 
22967 55522 32651 31454 
25607 47465 32486 31876 
29826 37558 32383 32377 
34495 26898 32337 32885 
38231 17327 32389 33353 
40144 10660 32521 33686 
40175 7995 32693 33806 
38804 9868 32891 33736 
36640 15748 32989 33427 
34407 24494 33076 33073 
32567 33754 33063 32651 
31457 41779 33002 32282 
31381 46914 32861 31999 
32411 48166 32709 31900 
34292 45238 32563 31996 
36200 38939 32427 32206 
37201 31243 32372 32550 
36380 24815 32387 32938 
33337 22218 32402 33256 
28617 24871 32500 33504 
23759 31741 32634 33594 
20202 40004 32770 33508 
19092 46215 32883 33248 
20886 47964 32955 32853 
25199 44803 33011 32409 
30950 38707 33060 32025 
37153 32289 33049 31717 
42844 27550 33000 31578 
47191 24825 32893 31608 
49640 22982 32737 31829 
49728 20621 32624 32283 
47419 17248 32495 32786 
42997 14022 32330 33257 
37194 13437 32285 33741 
30470 17526 32297 34041 
23409 26936 32379 34129 
16939 39968 32533 33997 
12256 52910 32752 33668 
10439 62458 32963 33155 
12529 65437 33127 32529 
18764 59343 33273 31939 
28251 52651 33307 31427 
38420 39970 33259 31129 
46992 27105 33105 31063 
51973 16963 32888 31246 
52494 11136 32663 31713 
49112 10285 32443 32334 
43656 13092 32270 32994 
37677 17827 32132 33578 
32428 23025 32127 34069 
28307 27728 32177 34306 
25224 31699 32325 34314 
23377 34923 32513 34069 
22724 37860 32718 33598 
23450 40655 32891 33026 
25542 43042 33074 32426 
28627 44536 33199 31865 
31932 44568 33265 31443 
34888 42946 33251 31240 
37008 39897 33158 31267 
38057 36117 33005 31524 
37905 32462 32774 31941 
36733 29950 32554 32475 
34777 28780 32342 33023 
32473 28595 32173 33508 
30489 28620 32079 33865 
29492 28090 32133 34063 
29843 26554 32280 34029 
31401 24292 32499 33762 
33669 22113 32750 33338 
35902 21164 33042 32841 
37282 22340 33286 32312 
37499 26198 33492 31842 
36352 32339 33513 31435 
34328 39737 33448 31286 
31818 46981 33230 31359 
29327 52450 32946 31646 
27249 54823 32585 32074 
26025 53382 32292 32654 
25928 48216 32043 33198 
27121 40323 31907 33660 
29394 31082 31886 33967 
32285 21957 32028 34062 
35008 14667 32264 33958 
36939 10263 32523 33634 
38030 9021 32804 33231 
38452 10821 32970 32727 
38695 15511 33119 32317 
38825 22729 33202 32020 
38464 31501 33155 31837 
37204 40903 33103 31882 
34702 49323 32996 32007 
31308 55292 32922 32228 
27688 57468 32855 32470 
25099 55266 32885 32702 
24068 49173 32872 32797 
24799 40594 32887 32827 
26687 31418 32880 32770 
28798 23528 32827 32650 
30280 18867 32737 32550 
30975 17757 32606 32482 
31564 19516 32411 32473 
33084 22781 32244 32578 
36111 26068 32066 32758 
40120 28411 32011 33036 
43728 29942 32051 33327 
45169 31294 32149 33529 
43484 33289 32382 33667 
38916 35967 32678 33631 
33528 38351 32986 33443 
29118 39312 33256 33089 
26842 38065 33463 32638 
26490 34820 33610 32192 
26674 31206 33598 31755 
26197 29373 33493 31444 
24835 30753 33259 31286 
23683 35363 32975 31326 
24240 41224 32665 31577 
27027 45581 32387 31998 
31211 46342 32151 32509 
35243 42731 31960 33035 
38044 35476 31822 33524 
39602 26540 31797 33949 
40812 18867 31935 34241 
42269 13627 32087 34262 
43857 11699 32382 34149 
44235 13099 32702 33806 
42157 17597 33041 33339 
37418 24334 33336 32763 
31185 32627 33586 32193 
25343 41403 33718 31651 
21370 49434 33730 31251 
19643 55451 33629 31054 
19573 58049 33407 31049 
20486 56604 33071 31258 
22471 51191 32718 31683 
25878 42543 32341 32220 
31008 32059 32032 32840 
36784 22134 31802 33402 
41760 14493 31700 33897 
44624 10323 31762 34223 
44954 9755 31939 34352 
43449 12292 32216 34250 
41366 17134 32533 33931 
39648 23308 32871 33482 
38098 30241 33160 32931 
35896 37475 33386 32344 
32133 44730 33526 31812 
26854 50886 33541 31403 
21324 54675 33439 31221 
17337 54899 33226 31226 
16619 50890 32937 31447 
19843 43117 32661 31886 
26241 33015 32386 32436 
33587 23627 32158 33010 
39834 17339 32028 33537 
43192 15564 32015 33938 
43112 18079 32132 34120 
40245 23252 32345 34064 
36577 28560 32606 33760 
33937 32161 32882 33291 
33338 33538 33139 32720 
34389 33434 33315 32133 
35699 33332 33421 31672 
35729 34301 33372 31384 
33975 36313 33224 31316 
31119 38358 33007 31504 
28522 39123 32722 31884 
27439 37898 32472 32425 
28188 35216 32259 32994 
29968 32422 32109 33486 
31686 31046 32082 33907 
32364 31634 32123 34065 
31790 33708 32287 34037 
30371 35740 32514 33787 
28975 36327 32749 33363 
28427 34977 33002 32868 
29135 32063 33135 32280 
31458 28923 33287 31853 
34994 26597 33247 31495 
38928 25915 33107 31378 
42220 26669 32910 31466 
43679 28278 32691 31796 
42522 30066 32485 32238 
38670 31875 32311 32754 
33562 33697 32283 33264 
28554 35664 32305 33630 
25188 37698 32476 33865 
24030 39201 32698 33855 
24884 39566 32950 33645 
26756 38463 33136 33262 
28735 36135 33279 32808 
30428 33084 33299 32344 
31909 30017 33215 31940 
33467 27673 33027 31700 
35211 26666 32736 31645 
36827 27420 32464 31808 
37872 29554 32214 32107 
38054 32289 32023 32486 
37369 34609 31987 32946 
35930 35605 31984 33286 
34290 35211 32188 33588 
32587 33686 32447 33687 
30982 31911 32782 33640 
29602 30640 33070 33395 
28797 30398 33343 33056 
28943 31016 33510 32678 
30148 32003 33566 32296 
31990 33022 33517 32027 
33463 34027 33288 31818 
33623 35471 32984 31790 
32132 37536 32663 31938 
29677 39824 32329 32195 
27670 41418 32057 32533 
27546 41185 31876 32898 
29868 38228 31810 33232 
33942 32675 31916 33489 
38423 25353 32151 33629 
41978 17901 32475 33604 
43840 12341 32821 33413 
43859 10545 33182 33128 
42106 13615 33449 32736 
38892 21119 33626 32370 
34180 31619 33642 32018 
28284 42968 33514 31807 
21840 53042 33248 31693 
16533 59800 32919 31759 
13792 62433 32611 31998 
14465 60690 32261 32270 
18693 55205 32097 32700 
25588 46074 31935 33042 
33918 34133 31926 33344 
42333 20670 32052 33571 
50008 7084 32260 33687 
55706 256 32506 33672 
58009 66 32745 33499 
55683 27 32975 33226 
48548 6278 33109 32897 
37886 20311 33241 32570 
25864 37335 33282 32262 
15327 53833 33237 32016 
8542 65024 33113 31820 
6659 65469 32965 31785 
8972 65494 32777 31849 
14336 65493 32580 32036 
21727 58339 32445 32341 
30597 44770 32312 32660 
39646 29507 32272 33025 
48212 14168 32311 33364 
54680 1115 32388 33587 
57545 111 32531 33704 
55801 51 32676 33632 
49939 36 32820 33407 
41537 10190 32980 33081 
32420 23948 33099 32695 
24406 39140 33199 32312 
18369 53056 33182 31948 
14879 62864 33112 31720 
13758 65411 32976 31656 
14827 65479 32805 31791 
18150 60041 32619 32044 
23780 49114 32444 32439 
31248 35302 32320 32860 
39388 20415 32243 33240 
46755 6591 32255 33550 
51612 227 32333 33721 
52440 53 32435 33699 
48671 29 32546 33531 
41305 10007 32640 33228 
32373 24367 32745 32904 
24553 40087 32795 32540 
20089 53824 32850 32260 
19991 62119 32871 32045 
23324 63729 32960 32032 
27893 59573 32990 32045 
31678 51802 33079 32195 
33449 42530 33134 32359 
33316 33304 33187 32569 
32392 25143 33179 32701 
32107 18111 33118 32798 
33281 12200 32964 32798 
35918 7928 32759 32758 
39137 6326 32541 32731 
41466 8671 32315 32689 
41691 15636 32095 32659 
39283 26713 31996 32737 
34500 40020 31940 32815 
28583 52962 32016 32984 
23593 62003 32193 33162 
21048 65166 32453 33328 
21585 61750 32779 33436 
24450 53220 33031 33378 
28338 41638 33244 33204 
31859 29710 33391 32930 
34494 19717 33464 32605 
36749 12348 33421 32234 
39319 7940 33272 31884 
42266 6601 33073 31635 
44635 8711 32859 31540 
44935 14483 32672 31620 
42316 23317 32508 31863 
37299 34022 32404 32223 
31321 44515 32291 32625 
26312 52956 32261 33100 
23214 57708 32230 33538 
21996 57939 32246 33872 
21737 54034 32299 34059 
21834 46891 32383 34090 
22486 37780 32474 33911 
24548 28038 32603 33556 
28494 19792 32776 33113 
33861 14363 32936 32561 
39436 12892 33157 32076 
43613 15281 33302 31617 
45589 20787 33436 31339 
45335 27425 33451 31203 
43763 33590 33378 31266 
41612 38136 33235 31536 
39023 40638 33011 31941 
35577 41384 32719 32442 
31152 40900 32444 32992 
26267 39691 32159 33451 
22080 38166 31997 33841 
19646 36298 31889 34017 
19615 34212 31913 34030 
21730 32024 32023 33869 
25097 30182 32259 33605 
28488 29088 32469 33228 
31450 29126 32678 32805 
34077 30361 32893 32450 
36696 32242 33053 32172 
39718 33816 33133 31974 
43054 33867 33187 31912 
45987 31748 33195 31950 
47692 27798 33188 32078 
47286 23410 33153 32232 
44186 20740 33089 32348 
38459 22000 33063 32470 
30717 27593 32989 32511 
21996 36540 32945 32561 
13953 46165 32845 32556 
8587 53715 32751 32618 
7991 56351 32596 32691 
