33159 33365 33306 31169 
33159 33365 33306 31169 
32786 32932 33000 31289 
32396 32475 32655 31587 
32143 32113 32355 32103 
31922 31810 32040 32644 
31866 31675 31858 33219 
31890 31682 31745 33702 
32038 31872 31775 34095 
32281 32161 31947 34302 
32483 32425 32127 34228 
32696 32720 32397 33993 
32820 32881 32630 33577 
32871 32940 32832 33067 
32847 32906 32994 32542 
32836 32850 33142 32114 
32799 32759 33224 31788 
32792 32723 33279 31643 
32819 32743 33289 31651 
32915 32884 33299 31803 
33042 33079 33274 31999 
33177 33302 33215 32233 
33297 33524 33153 32481 
33333 33621 33023 32660 
33287 33610 32878 32808 
33095 33385 32652 32860 
32852 33051 32444 32902 
32535 32592 32217 32919 
32209 32080 31998 32944 
31910 31587 31824 32980 
31748 31249 31764 33069 
31715 31109 31811 33184 
31801 31158 31949 33264 
32004 31447 32193 33309 
32330 31981 32553 33329 
32667 32600 32921 33220 
32992 33233 33247 33011 
33273 33826 33518 32725 
33526 34306 33740 32443 
33669 34548 33822 32124 
33691 34519 33755 31855 
33580 34222 33555 31667 
33384 33709 33259 31619 
33124 33074 32925 31691 
32826 32402 32562 31898 
32555 31814 32258 32230 
32279 31333 31979 32597 
32022 31050 31774 32976 
31834 31000 31665 33361 
31748 31188 31705 33688 
31754 31571 31849 33909 
31900 32097 32104 34001 
32106 32628 32395 33920 
32425 33186 32765 33733 
32733 33610 33066 33362 
33050 33905 33340 32918 
33368 34026 33568 32418 
33636 34011 33727 31952 
33765 33825 33760 31543 
33741 33513 33643 31267 
33609 33168 33449 31170 
33352 32795 33155 31248 
33042 32466 32829 31548 
32714 32196 32487 31990 
32390 31985 32170 32509 
32124 31857 31911 33046 
31946 31827 31771 33580 
31863 31874 31747 33993 
31902 31986 31851 34205 
32008 32148 32041 34212 
32159 32333 32276 34009 
32353 32565 32565 33658 
32545 32773 32793 33197 
32704 32959 32975 32705 
32842 33114 33091 32251 
32965 33218 33161 31899 
33080 33286 33207 31717 
33168 33313 33209 31695 
33223 33282 33193 31785 
33273 33236 33193 31969 
33265 33140 33161 32158 
33245 33074 33166 32385 
33207 33013 33142 32591 
33090 32891 33054 32704 
32916 32740 32915 32767 
32707 32575 32739 32820 
32462 32360 32486 32848 
32200 32119 32191 32879 
32029 31947 31966 32993 
31888 31788 31764 33075 
31876 31749 31697 33214 
31949 31804 31739 33343 
32123 31980 31929 33399 
32398 32303 32249 33421 
32698 32712 32657 33340 
32988 33150 33066 33162 
33192 33541 33405 32814 
33394 33898 33701 32469 
33485 34084 33833 32107 
33465 33944 33678 31586 
33294 33576 33412 31501 
33090 33094 33085 31579 
32852 32551 32736 31819 
32605 32019 32421 32165 
32365 31582 32156 32597 
32159 31298 31952 33033 
31989 31190 31811 33423 
31927 31321 31801 33760 
31946 31612 31861 33959 
32054 32055 32011 34011 
32231 32555 32247 33915 
32464 33049 32529 33657 
32712 33491 32817 33318 
32941 33800 33088 32874 
33167 33965 33330 32423 
33367 33997 33541 32000 
33428 33821 33594 31606 
33464 33546 33598 31371 
33381 33193 33470 31273 
33215 32768 33256 31320 
33007 32377 32977 31559 
32828 32100 32725 31983 
32619 31910 32469 32490 
32425 31834 32244 33030 
32278 31856 32081 33536 
32179 31984 32005 33949 
32150 32166 32016 34191 
32157 32378 32095 34237 
32223 32577 32237 34083 
32319 32757 32404 33736 
32446 32895 32606 33270 
32600 33006 32777 32718 
32788 33115 32953 32188 
32983 33222 33103 31718 
33147 33309 33220 31401 
33312 33363 33307 31286 
33366 33353 33311 31326 
33341 33284 33245 31570 
33199 33128 33106 31935 
32968 32874 32889 32397 
32742 32613 32684 32907 
32471 32319 32465 33395 
32267 32066 32298 33804 
32125 31862 32196 34075 
32065 31751 32162 34131 
32102 31771 32232 34012 
32246 31912 32363 33679 
32453 32180 32575 33227 
32717 32554 32802 32682 
32988 32986 33012 32089 
33199 33368 33169 31571 
33374 33694 33265 31262 
33445 33892 33252 31130 
33387 33885 33146 31223 
33200 33715 32951 31540 
32951 33408 32735 32037 
32687 33050 32547 32651 
32394 32614 32386 33258 
32148 32197 32277 33786 
32016 31876 32283 34147 
31972 31684 32349 34266 
32054 31673 32468 34165 
32234 31784 32588 33855 
32488 32003 32709 33397 
32743 32269 32769 32887 
32961 32553 32789 32377 
33150 32838 32800 31963 
33239 33045 32763 31672 
33260 33226 32767 31575 
33195 33328 32785 31650 
33044 33332 32828 31823 
32925 33315 32927 32103 
32754 33230 33009 32364 
32628 33111 33089 32603 
32570 33017 33153 32814 
32509 32877 33121 32903 
32523 32780 33035 33000 
32546 32702 32882 33050 
32588 32637 32698 33081 
32606 32549 32464 33096 
32583 32411 32210 33120 
32544 32262 32033 33149 
32537 32122 31951 33198 
32514 31993 31964 33201 
32511 31894 32073 33133 
32581 31951 32326 33058 
32679 32115 32648 32901 
32789 32364 32942 32671 
32940 32752 33251 32433 
33053 33160 33442 32155 
33155 33589 33566 31935 
33238 33964 33596 31825 
33212 34127 33472 31768 
33121 34109 33258 31828 
32969 33888 32984 32003 
32740 33430 32658 32284 
32532 32904 32399 32652 
32304 32275 32153 33012 
32077 31649 31960 33333 
31924 31173 31855 33608 
31895 30933 31883 33811 
32012 30986 32032 33895 
32210 31287 32234 33825 
32541 31831 32512 33631 
32916 32515 32821 33350 
33286 33207 33100 32961 
33555 33795 33301 32503 
33790 34277 33532 32120 
33756 34423 33578 31675 
33631 34389 33592 31430 
33331 34084 33471 31295 
32953 33623 33291 31353 
32505 33027 32994 31534 
32103 32448 32677 31912 
31864 31980 32415 32408 
31734 31616 32144 32920 
31744 31420 31925 33396 
31932 31438 31840 33815 
32258 31654 31877 34083 
32631 32006 32016 34167 
33005 32408 32266 34069 
33299 32780 32539 33777 
33416 33065 32765 33320 
33412 33257 32988 32841 
33231 33285 33098 32362 
33011 33261 33190 32057 
32715 33114 33187 31900 
32427 32940 33119 31978 
32235 32802 33051 32283 
32171 32721 32984 32582 
32244 32704 32928 32632 
32414 32726 32915 32259 
32685 32813 32934 31538 
32910 32851 32895 30636 
33132 32901 32877 30076 
33325 32936 32832 30223 
33449 32974 32728 31230 
33455 33020 32586 32955 
33267 33013 32414 34972 
32897 32783 32217 36766 
32720 32124 32096 37906 
32897 30784 32030 38130 
33150 29271 32062 37498 
32449 28914 32178 36080 
29688 31492 32363 33995 
25341 37400 32688 31645 
21701 44406 32961 29086 
22575 48332 33203 26729 
30464 45046 33396 25037 
44121 32975 33505 24393 
58293 15748 33511 25105 
65363 836 33413 27210 
65535 0 33250 30493 
49339 0 33040 34408 
28609 21750 32780 38425 
7659 44975 32552 41685 
117 64622 32347 43627 
0 65534 32180 43772 
65 65535 32036 41992 
16529 65527 32001 38492 
30898 62796 32019 33912 
43358 46099 32097 28954 
53154 32539 32240 24532 
60962 19513 32446 21443 
65321 5585 32691 20230 
65462 258 32945 21176 
65518 100 33169 24064 
64472 21 33414 28439 
45338 0 33615 33610 
24794 13559 33648 38538 
3842 35097 33587 42322 
168 59167 33449 44465 
19 65332 33214 44622 
0 65535 32899 42670 
0 65535 32551 39094 
15782 65535 32252 34612 
35862 65535 32003 29971 
56566 47224 31883 25992 
65323 23797 31817 23222 
65535 1090 31888 22150 
65535 68 32048 22913 
65535 0 32263 25244 
65484 0 32525 28692 
44239 8451 32800 32634 
22989 27326 32939 36288 
2131 49082 33082 39143 
80 64939 33184 40807 
0 65471 33249 41050 
0 65535 33250 39935 
8110 65535 33293 37728 
24115 65535 33282 34857 
41843 55750 33243 31852 
57877 32924 33205 29240 
65339 8190 33132 27358 
65522 209 33004 26522 
65535 40 32833 26746 
64720 17 32608 27915 
44413 13 32382 29774 
24190 8541 32131 31920 
4474 23598 31961 34015 
138 40484 31830 35629 
29 56245 31832 36672 
24 65218 31914 36920 
7143 65492 32115 36492 
17465 65525 32432 35491 
31289 65517 32792 34178 
44380 50110 33139 32763 
54428 31947 33433 31514 
59967 14170 33682 30652 
60105 751 33755 30227 
55049 91 33713 30259 
45955 53 33526 30689 
34505 55 33250 31387 
22885 10201 32975 32275 
13800 22415 32660 33047 
8859 35775 32405 33686 
8838 47851 32165 34012 
13445 56527 32022 34072 
21584 60440 32000 33912 
31047 59008 32012 33549 
40009 53230 32105 33161 
46627 44572 32215 32749 
49994 34700 32414 32445 
49769 25344 32612 32258 
46729 17978 32825 32223 
41692 13404 33019 32265 
35462 12376 33173 32373 
28817 15244 33295 32478 
23052 21698 33408 32601 
19730 29566 33384 32613 
19761 37156 33340 32605 
23220 42441 33235 32559 
29034 44493 33063 32506 
35246 43761 32868 32484 
39496 41540 32632 32494 
40659 39289 32458 32651 
39223 37408 32330 32873 
36774 35224 32207 33091 
34992 31931 32152 33329 
34463 27395 32168 33521 
34207 22665 32213 33580 
32741 20065 32326 33517 
29324 21238 32488 33330 
24776 26349 32627 32956 
21383 33910 32805 32533 
21218 41531 32983 32096 
24960 46373 33093 31687 
31506 46996 33184 31453 
38817 43142 33188 31372 
44938 36004 33150 31537 
48571 27527 33030 31875 
48990 20601 32895 32394 
46021 17244 32727 32952 
39771 18739 32566 33525 
30979 24789 32482 34030 
21062 33576 32429 34302 
13119 41944 32467 34340 
10109 46844 32551 34104 
13444 46938 32686 33643 
22233 42604 32823 33023 
33938 35597 32893 32246 
44119 29199 32972 31609 
49881 25442 33004 31141 
50595 24525 32925 30873 
47656 25549 32834 30935 
43101 27001 32669 31251 
38600 27963 32533 31806 
34642 28389 32405 32484 
30487 29098 32307 33164 
25492 31132 32259 33767 
19880 34989 32322 34238 
14841 40323 32445 34421 
12494 45626 32668 34404 
14186 49173 32887 34097 
20435 49256 33078 33565 
30384 45010 33241 32968 
42292 36575 33300 32329 
53141 26171 33322 31840 
60334 16274 33181 31470 
61684 9659 32947 31346 
56431 7959 32622 31418 
46055 11587 32398 31796 
33328 18812 32202 32256 
21258 27763 32084 32720 
12515 36678 32114 33160 
8060 44532 32261 33475 
7604 51039 32531 33625 
10189 55548 32826 33552 
15202 57504 33093 33295 
22681 56037 33330 32940 
32687 50439 33426 32517 
43963 41340 33418 32180 
53929 30682 33242 31928 
59705 20941 32952 31862 
58963 14325 32613 31974 
51713 11719 32294 32286 
40537 12501 32073 32719 
29903 14876 31956 33155 
23056 17378 31976 33529 
21327 19434 32090 33738 
23498 21739 32391 33839 
26777 25488 32739 33701 
28509 31931 33034 33363 
27824 40669 33264 32882 
25767 50692 33363 32337 
24269 59980 33416 31888 
24771 65262 33347 31521 
27696 65484 33168 31357 
32035 60414 32967 31412 
36340 49211 32690 31620 
39528 35176 32511 32055 
40979 20390 32300 32533 
40823 8726 32202 33083 
39599 1240 32140 33535 
37987 109 32134 33890 
36506 85 32196 34084 
35468 5470 32277 34055 
34875 14322 32498 33948 
34093 25658 32657 33597 
32724 38255 32871 33181 
30440 50405 33075 32678 
27566 59650 33259 32184 
24753 64528 33417 31762 
22996 64263 33514 31455 
23107 59547 33486 31280 
25481 50999 33336 31258 
29557 40426 33151 31460 
34167 29019 32842 31760 
38063 18394 32551 32211 
40326 10112 32251 32723 
40528 5970 32010 33228 
39070 6775 31837 33662 
36718 12215 31828 33988 
34182 20955 31919 34131 
32005 31289 32130 34092 
30724 40629 32410 33887 
30605 47232 32708 33527 
31658 49811 32945 33076 
33736 47855 33108 32582 
36159 41769 33227 32174 
37732 33471 33245 31875 
37503 25665 33188 31695 
34947 21395 33083 31710 
30372 22575 32967 31842 
24918 29132 32891 32080 
20394 38197 32815 32319 
18229 46136 32806 32577 
19121 49810 32795 32730 
22976 48044 32822 32827 
28997 41848 32797 32827 
35823 34319 32776 32795 
42320 27982 32695 32728 
47496 24029 32624 32727 
50545 21713 32465 32722 
51069 19473 32324 32804 
48998 16389 32207 32962 
44749 13074 32135 33150 
38900 11701 32123 33367 
31914 14811 32211 33506 
24496 23667 32360 33528 
17522 36685 32571 33422 
11886 51050 32836 33219 
8837 62927 33053 32809 
9851 65443 33292 32357 
15413 65516 33457 31936 
24762 65289 33536 31569 
35927 49332 33536 31399 
46114 34350 33410 31357 
53059 20745 33206 31537 
55090 11652 32937 31886 
52573 7730 32620 32342 
46997 8494 32315 32876 
40201 12395 32010 33363 
33686 17790 31803 33803 
28513 23059 31702 34080 
24757 27685 31713 34159 
22414 31617 31877 34057 
21506 35292 32167 33814 
22097 38890 32494 33371 
24174 42170 32877 32903 
27366 44684 33246 32394 
31069 45866 33576 31952 
34605 45224 33795 31563 
37305 42810 33881 31358 
38793 39224 33788 31289 
38951 35421 33550 31374 
37880 32428 33233 31656 
35652 30656 32816 32008 
32858 30093 32401 32468 
30332 29939 32069 32960 
28736 29170 31769 33358 
28701 27290 31630 33694 
30322 24326 31684 33956 
32995 21055 31856 34011 
35759 18787 32100 33882 
37765 18716 32402 33622 
38406 21574 32715 33301 
37480 27451 32994 32931 
35176 35450 33123 32502 
32241 43956 33215 32188 
29174 51316 33245 31987 
26511 55875 33166 31845 
24833 56610 33097 31881 
24532 53092 33019 31973 
25804 46012 32928 32085 
28459 36632 32875 32245 
31921 26672 32894 32397 
35334 17775 32899 32514 
38012 11207 32913 32611 
39470 7997 32863 32660 
39998 8192 32800 32725 
39983 11629 32666 32781 
39708 18108 32487 32874 
38995 26888 32261 32997 
37391 36791 32092 33144 
34568 46360 31939 33263 
30804 53971 31902 33394 
26756 58042 31974 33442 
23668 57427 32144 33414 
22518 52443 32464 33323 
23368 44209 32780 33098 
25737 34577 33110 32785 
28515 25736 33406 32452 
30748 19566 33647 32136 
31895 17230 33711 31812 
32420 18524 33654 31640 
33482 21884 33474 31581 
35949 25544 33223 31672 
39668 28312 32878 31847 
43598 29969 32560 32144 
45664 31100 32267 32493 
44654 32648 32010 32851 
40593 34972 31824 33185 
34830 37629 31732 33460 
29517 39247 31791 33680 
26615 38532 31957 33817 
25963 35398 32196 33800 
26353 31201 32483 33675 
26252 28261 32786 33446 
24962 28794 33083 33128 
23378 33126 33330 32753 
23045 39615 33505 32358 
25082 45510 33634 32035 
29125 48019 33608 31717 
33743 45702 33511 31538 
37357 39154 33288 31473 
39703 30364 33007 31536 
41434 21738 32695 31759 
43333 15115 32397 32083 
45314 11770 32127 32471 
46197 11824 31914 32848 
44693 14962 31813 33242 
40181 20792 31848 33602 
33352 28733 31986 33849 
26094 37917 32228 33936 
20809 46489 32542 33914 
17949 53480 32864 33708 
17082 57566 33082 33335 
17687 57858 33274 32926 
19677 53710 33333 32445 
23394 45990 33316 32055 
29004 35879 33134 31721 
35745 25385 32874 31524 
42018 16586 32630 31535 
46200 10908 32424 31730 
47359 9136 32310 32051 
46076 10760 32299 32436 
43714 14997 32429 32863 
41224 21018 32618 33210 
38975 28069 32873 33455 
36334 35387 33108 33552 
32439 42731 33248 33471 
27147 49347 33314 33281 
21212 54258 33237 32991 
16621 55823 33000 32617 
15204 53271 32750 32340 
17815 46514 32415 32113 
23915 36932 32113 31980 
31863 26648 31871 31995 
39039 18911 31819 32188 
43502 15340 31874 32462 
44256 16320 32074 32791 
41684 20628 32383 33101 
37514 25954 32746 33339 
34118 29987 33083 33469 
32880 31975 33406 33474 
33719 32340 33599 33311 
35360 32555 33717 33072 
35989 33823 33610 32675 
34765 36532 33440 32320 
32062 39453 33126 31971 
29338 41180 32782 31771 
27892 40518 32388 31690 
28323 37673 32065 31867 
29954 33950 31803 32139 
31555 31339 31702 32570 
32095 30793 31739 33013 
31276 32123 31917 33423 
29583 34035 32198 33730 
27874 34973 32565 33857 
27168 34090 32978 33756 
27950 31528 33284 33420 
30523 28561 33589 33039 
34522 26350 33716 32510 
39189 25925 33692 32011 
43239 27178 33554 31655 
45365 29312 33262 31466 
44647 31488 32900 31477 
41083 33285 32550 31735 
35409 34738 32231 32151 
29546 36018 32005 32627 
25049 37265 31896 33119 
22856 38223 31902 33535 
22971 38381 32016 33821 
24583 37411 32207 33889 
26741 35369 32442 33758 
28875 32630 32696 33480 
30922 29825 32924 33089 
33105 27608 33104 32636 
35390 26790 33220 32204 
37551 27683 33285 31870 
39063 30048 33289 31682 
39486 33086 33168 31637 
38704 35651 32993 31772 
37060 36633 32807 32049 
34904 35790 32611 32411 
32654 33589 32426 32816 
30477 30966 32281 33194 
28750 29164 32234 33531 
27694 28724 32227 33715 
27751 29655 32313 33749 
29059 31348 32464 33625 
31284 33191 32647 33331 
33328 34931 32837 32946 
34056 36750 32985 32451 
33028 38947 33150 32049 
30633 41256 33226 31675 
28368 42786 33196 31456 
27879 42445 33116 31449 
29780 39408 32984 31644 
33605 33443 32789 31995 
38200 25184 32588 32454 
42083 16381 32414 33006 
44126 9753 32268 33471 
44328 7111 32208 33843 
42737 9714 32183 33991 
39481 17498 32222 33947 
34618 29008 32333 33756 
28370 41931 32459 33402 
21501 53690 32557 32928 
15508 62220 32681 32459 
12048 65405 32837 32077 
12371 65466 32936 31780 
16546 59633 33012 31634 
23732 50256 33121 31698 
32807 37484 33211 31922 
42437 22369 33294 32230 
51203 7102 33335 32567 
57986 249 33321 32869 
61123 65 33181 33031 
59345 23 33021 33156 
51821 6113 32779 33141 
40179 18044 32487 33014 
26796 35320 32202 32863 
14607 52525 31964 32713 
6311 64842 31831 32633 
3154 65469 31750 32587 
4914 65501 31826 32639 
10380 65498 31973 32742 
18418 57793 32230 32876 
28039 45696 32551 33020 
38657 29628 32945 33148 
48630 13697 33281 33158 
56575 743 33567 33092 
60708 107 33735 32917 
59854 50 33756 32658 
54038 30 33640 32380 
45002 9378 33439 32126 
34727 23486 33141 31928 
25104 39533 32824 31822 
17523 54231 32537 31869 
12551 64693 32305 32047 
10500 65451 32124 32319 
11216 65490 31985 32639 
14710 65486 31922 32979 
20905 53182 31918 33326 
29407 38254 31980 33618 
38735 21927 32102 33804 
47356 6302 32313 33871 
53399 209 32543 33763 
55147 52 32769 33524 
51911 24 33045 33159 
44443 7093 33330 32763 
34843 21056 33532 32298 
25823 37266 33664 31888 
20091 51855 33707 31562 
18856 61643 33614 31371 
21559 64388 33437 31354 
26035 60918 33153 31495 
30073 53168 32791 31787 
32273 43393 32453 32191 
32495 33251 32130 32684 
31766 23888 31871 33183 
31685 16174 31743 33640 
33138 9828 31739 33977 
36136 5373 31860 34135 
39763 3890 32099 34150 
42588 6565 32401 33972 
43196 14407 32732 33612 
40782 26645 33019 33161 
35649 41383 33244 32618 
29049 55639 33372 32079 
23091 65073 33420 31661 
19599 65484 33327 31385 
19741 65512 33159 31318 
22803 63396 32907 31449 
27269 48333 32681 31784 
31547 34305 32527 32274 
34908 21555 32431 32802 
37715 11351 32413 33269 
40625 4733 32486 33654 
43730 1763 32603 33832 
46179 2790 32799 33819 
46444 8021 32954 33598 
43472 17350 33054 33209 
37578 29358 33051 32722 
30741 41640 32996 32275 
24899 51936 32827 31876 
21389 58487 32646 31687 
20177 60300 32451 31732 
20281 57262 32252 31926 
20965 50458 32147 32301 
22233 41128 32139 32787 
24672 30789 32179 33224 
28938 21440 32341 33619 
34733 14830 32606 33875 
40535 12487 32872 33880 
44679 14560 33103 33646 
46433 20059 33332 33296 
45902 27058 33462 32814 
43880 33914 33481 32248 
41343 38706 33394 31749 
38599 41174 33276 31449 
35181 41587 33043 31306 
30892 40660 32782 31400 
26095 39028 32525 31707 
21807 37020 32279 32191 
19313 34820 32051 32701 
19229 32531 31893 33229 
21305 30369 31839 33725 
24613 28691 31869 34056 
28198 28024 32011 34219 
31284 28740 32258 34172 
33987 30826 32561 33920 
36655 33691 32917 33488 
39659 36072 33226 32930 
43194 36673 33526 32347 
46542 34603 33756 31832 
48777 30025 33840 31408 
48938 24490 33768 31145 
46273 20455 33559 31087 
40477 20359 33264 31274 
32110 25215 32861 31608 
22272 34150 32467 32110 
12814 44422 32110 32684 
6089 52978 31856 33260 
4480 56521 31673 33703 
9090 54090 31720 34087 
