32368 32312 32272 33786 
32368 32312 32272 33786 
32631 32368 32463 33838 
32954 32531 32726 33742 
33207 32698 32957 33446 
33387 32874 33167 33019 
33449 33026 33292 32510 
33463 33227 33417 32081 
33293 33306 33394 31717 
33028 33267 33265 31490 
32709 33134 33049 31460 
32380 32901 32786 31615 
32106 32637 32497 31962 
31925 32341 32215 32387 
31884 32129 32014 32897 
31928 31963 31870 33342 
32121 31950 31869 33726 
32394 32078 31996 33982 
32717 32321 32252 34047 
33038 32646 32604 33926 
33290 32984 32994 33632 
33383 33236 33295 33142 
33437 33455 33580 32661 
33380 33575 33752 32137 
33213 33529 33721 31670 
32992 33353 33538 31357 
32769 33092 33243 31241 
32553 32766 32839 31326 
32401 32436 32438 31615 
32315 32152 32099 32067 
32294 31954 31859 32578 
32324 31856 31752 33095 
32402 31898 31813 33566 
32527 32092 32005 33942 
32645 32380 32285 34107 
32770 32716 32636 34104 
32818 33030 32935 33870 
32840 33276 33183 33492 
32816 33443 33356 33009 
32792 33494 33422 32513 
32779 33460 33411 32093 
32756 33285 33301 31735 
32723 33013 33082 31518 
32664 32659 32775 31444 
32698 32377 32546 31643 
32710 32114 32329 31946 
32717 31935 32167 32339 
32726 31867 32099 32776 
32717 31901 32100 33182 
32737 32077 32239 33550 
32766 32361 32445 33778 
32776 32666 32679 33793 
32823 33040 32958 33690 
32820 33335 33164 33378 
32825 33589 33346 32983 
32815 33733 33450 32554 
32792 33751 33452 32131 
32746 33649 33347 31817 
32673 33385 33129 31606 
32601 33044 32839 31575 
32577 32670 32546 31785 
32599 32298 32293 32138 
32580 31894 32010 32520 
32645 31671 31919 33008 
32637 31511 31873 33376 
32696 31547 31999 33704 
32726 31716 32213 33853 
32738 32035 32492 33810 
32751 32425 32776 33598 
32721 32824 33009 33252 
32654 33175 33127 32810 
32646 33520 33231 32441 
32617 33723 33230 32115 
32616 33790 33173 31917 
32642 33690 33074 31851 
32664 33484 32951 31904 
32734 33204 32868 32063 
32800 32890 32812 32273 
32885 32573 32796 32499 
32984 32357 32839 32720 
33013 32177 32822 32841 
33014 32078 32797 32881 
32962 32080 32732 32868 
32891 32171 32638 32854 
32778 32323 32502 32818 
32625 32469 32330 32790 
32505 32626 32201 32843 
32374 32724 32085 32919 
32302 32792 32060 33065 
32254 32778 32101 33183 
32299 32764 32277 33332 
32399 32728 32543 33395 
32518 32689 32834 33336 
32635 32646 33097 33123 
32792 32696 33378 32863 
32940 32786 33565 32470 
33074 32948 33652 32076 
33174 33102 33595 31726 
33246 33268 33448 31509 
33237 33349 33182 31407 
33183 33368 32876 31510 
33085 33287 32568 31790 
32979 33136 32343 32233 
32751 32826 32096 32670 
32542 32479 31958 33159 
32361 32167 31918 33625 
32164 31860 31921 33951 
32030 31640 31993 34111 
31941 31569 32131 34092 
31960 31668 32342 33922 
32061 31900 32569 33612 
32252 32224 32819 33208 
32460 32574 33017 32708 
32789 33031 33259 32274 
33104 33450 33445 31867 
33409 33782 33577 31542 
33630 33973 33620 31395 
33773 34023 33599 31403 
33753 33882 33462 31524 
33608 33609 33245 31777 
33320 33229 32934 32085 
32956 32807 32587 32454 
32604 32428 32292 32869 
32262 32081 32007 33239 
31973 31823 31786 33535 
31805 31693 31694 33737 
31744 31678 31723 33823 
31848 31821 31910 33800 
32024 31993 32170 33672 
32226 32167 32434 33431 
32479 32389 32728 33174 
32707 32601 32991 32886 
32857 32765 33176 32565 
33023 32958 33319 32344 
33094 33102 33359 32126 
33150 33251 33359 32000 
33158 33370 33290 31931 
33181 33482 33231 31925 
33164 33523 33119 31944 
33159 33513 33012 31995 
33141 33415 32919 32090 
33137 33278 32831 32242 
33039 33015 32684 32364 
32934 32764 32586 32588 
32773 32465 32468 32833 
32499 32129 32285 33061 
32268 31916 32190 33340 
32039 31744 32082 33554 
31858 31671 32020 33692 
31795 31754 32052 33767 
31837 31901 32139 33703 
32025 32156 32322 33553 
32329 32467 32570 33326 
32682 32791 32833 32984 
33013 33053 33081 32577 
33350 33337 33349 32221 
33598 33539 33549 31884 
33756 33697 33680 31650 
33711 33713 33640 31489 
33591 33665 33514 31473 
33332 33507 33268 31568 
33022 33272 32948 31807 
32663 32941 32560 32128 
32330 32583 32199 32557 
32051 32232 31919 33026 
31830 31877 31694 33447 
31735 31629 31645 33838 
31771 31535 31764 34099 
31911 31598 32021 34191 
32149 31794 32374 34100 
32440 32085 32755 33797 
32766 32497 33164 33385 
33043 32886 33454 32818 
33307 33280 33649 32233 
33503 33617 33703 31683 
33576 33831 33594 31263 
33600 33905 33396 31048 
33449 33772 33058 31016 
33258 33562 32724 31268 
33031 33261 32433 31751 
32742 32863 32182 32331 
32438 32425 32021 32973 
32183 32051 31988 33583 
32006 31770 32053 34064 
31930 31664 32220 34327 
31950 31706 32428 34357 
32108 31918 32683 34138 
32325 32214 32896 33715 
32536 32519 33022 33120 
32795 32851 33105 32516 
33010 33118 33123 31954 
33120 33259 33031 31502 
33171 33299 32890 31280 
33115 33220 32717 31286 
33029 33096 32589 31576 
32890 32916 32484 32004 
32764 32754 32473 32537 
32650 32624 32519 33044 
32600 32561 32642 33502 
32615 32592 32822 33787 
32661 32640 32977 33806 
32750 32765 33131 33651 
32831 32861 33192 33309 
32896 32963 33195 32870 
32897 32987 33079 32390 
32769 32854 32660 31752 
32625 32665 32434 31682 
32485 32451 32215 31857 
32346 32197 32066 32147 
32269 32025 32011 32564 
32282 31957 32089 33019 
32325 31971 32190 33381 
32481 32160 32410 33661 
32712 32499 32696 33782 
32939 32903 32967 33684 
33116 33293 33186 33413 
33264 33635 33366 33029 
33320 33855 33462 32588 
33312 33924 33481 32176 
33173 33771 33392 31816 
32962 33420 33185 31581 
32723 32976 32943 31593 
32435 32419 32608 31732 
32232 31901 32327 32073 
32093 31486 32090 32530 
32008 31229 31906 32966 
32034 31194 31834 33433 
32179 31427 31906 33914 
32414 31915 32123 34308 
32716 32535 32440 34460 
33014 33184 32805 34198 
33206 33738 33135 33339 
33339 34153 33437 32057 
33360 34324 33635 30592 
33262 34244 33692 29390 
33081 33920 33563 28954 
32937 33509 33334 29568 
32826 33083 33005 31157 
32699 32658 32629 33328 
32558 32247 32310 35588 
32589 31600 32062 37296 
32996 30464 31908 38090 
33647 28965 31896 37900 
33701 28169 32005 36807 
31795 29839 32209 34956 
27431 35241 32465 32523 
22701 42717 32726 29976 
21323 48585 33001 27585 
26606 48087 33177 25702 
38597 38664 33294 24793 
53725 21746 33339 25187 
64779 3584 33272 27005 
65535 41 33105 29997 
55040 0 32932 33789 
35638 14580 32677 37693 
14130 37788 32488 41214 
325 61570 32294 43392 
0 65474 32230 43865 
0 65535 32239 42401 
12390 65535 32357 39175 
27257 65477 32527 34636 
41149 50312 32778 29354 
51575 36199 32965 24578 
59772 22949 33144 21026 
65175 9148 33226 19349 
65445 369 33225 19920 
65509 123 33098 22685 
65534 36 32916 27164 
50311 0 32678 32573 
30701 7974 32465 38016 
8903 29029 32303 42755 
262 53507 32208 45712 
34 65183 32196 46487 
0 65529 32313 45104 
0 65535 32451 41713 
11076 65535 32638 36897 
31176 65535 32864 31516 
52061 52394 33052 26563 
65170 29303 33181 22746 
65535 4639 33217 20582 
65535 131 33197 20400 
65535 0 33107 22158 
65535 0 32953 25424 
48062 6798 32758 29619 
27778 22638 32573 34059 
6588 44393 32387 37955 
139 64467 32239 40861 
0 65441 32157 42298 
0 65535 32175 42210 
4100 65535 32272 40727 
20657 65535 32478 38180 
39094 63097 32706 34976 
56090 39256 32946 31810 
65255 14862 33207 29106 
65515 415 33386 27197 
65535 54 33502 26305 
65520 14 33457 26433 
48078 8 33332 27484 
27952 6110 33104 29145 
7769 19335 32810 31103 
203 36391 32514 33020 
31 53371 32244 34639 
18 64965 32039 35654 
165 65479 31934 36105 
14488 65525 31977 36002 
28662 65529 32117 35419 
42391 53656 32362 34588 
53111 35298 32612 33658 
59402 16666 32868 32851 
60242 1273 33045 32247 
55686 105 33125 31885 
46552 53 33133 31812 
35075 48 33056 31908 
23235 8085 32911 32117 
13578 19994 32797 32351 
8014 33551 32712 32512 
7606 46604 32711 32558 
12219 56248 32780 32484 
20472 61060 32871 32253 
30533 60516 33010 32015 
40293 55161 33128 31805 
47917 46261 33175 31690 
51855 36079 33159 31801 
51990 26104 33025 32056 
48870 17755 32787 32469 
43464 12158 32500 33002 
36506 10203 32169 33577 
29302 12427 31896 34076 
22846 18442 31765 34437 
18555 26867 31774 34573 
17591 35572 31888 34413 
20520 42467 32155 34011 
26411 45949 32562 33458 
33182 46185 32985 32787 
38573 44358 33393 32089 
41004 41850 33740 31483 
40202 39455 33916 31059 
37918 36966 33943 30904 
35937 33339 33762 30963 
35160 28258 33435 31213 
35073 22676 33048 31690 
33956 18818 32609 32258 
30790 18788 32187 32812 
26063 23103 31813 33279 
21919 30593 31579 33687 
20680 38829 31515 33981 
23590 44877 31615 34093 
29667 46762 31843 34059 
37063 44074 32184 33906 
43640 37721 32575 33627 
47974 29540 32999 33304 
49088 22288 33374 32924 
46823 18514 33683 32569 
41212 19464 33853 32194 
32751 25072 33868 31847 
22779 33785 33730 31569 
14141 42408 33454 31398 
10045 47806 33144 31387 
12407 48102 32780 31514 
20644 43572 32418 31797 
31933 36182 32107 32144 
42474 28855 31895 32593 
49256 23851 31811 33076 
50724 22195 31830 33523 
48125 23008 31954 33873 
43687 24804 32184 34080 
39227 26367 32429 34103 
35306 27494 32697 33977 
31398 28810 32871 33666 
26670 31302 33008 33269 
21092 35524 33067 32823 
15772 41141 33075 32395 
12528 47028 33064 32045 
13339 51128 33025 31779 
18879 51609 33012 31667 
28463 47464 32998 31664 
40211 38988 33018 31795 
51822 27639 33069 31995 
60095 16512 33080 32219 
62444 8724 33045 32432 
58257 6112 32978 32651 
48524 8891 32819 32813 
35832 15923 32606 32921 
22957 25357 32401 33051 
13298 34893 32170 33134 
7949 43403 31989 33196 
6778 50382 31919 33286 
8846 55413 31948 33359 
13568 57973 32094 33392 
20819 56970 32320 33384 
30735 51838 32628 33346 
42081 43074 32939 33198 
52764 32335 33185 32944 
59811 22214 33386 32635 
60448 15142 33503 32298 
54170 12211 33526 31955 
43386 12865 33418 31633 
32086 15408 33266 31465 
24083 18014 33020 31404 
21290 19959 32765 31534 
22881 21675 32536 31874 
26114 24485 32322 32335 
27989 29574 32147 32886 
27463 37413 32016 33422 
25336 47152 31999 33934 
23407 56942 32044 34268 
23550 63878 32212 34402 
26292 65447 32439 34324 
30893 61233 32725 34008 
35867 51499 32970 33429 
39812 38331 33196 32766 
42034 24249 33381 32060 
42422 12398 33529 31453 
41388 4216 33494 30979 
39641 492 33389 30755 
37761 128 33187 30803 
36168 4998 32926 31139 
34955 12563 32653 31698 
33763 22901 32401 32421 
32117 34882 32183 33153 
29699 46763 32017 33810 
26720 56792 32017 34339 
23815 62749 32090 34616 
21935 63827 32237 34624 
21905 60287 32399 34326 
24204 53036 32593 33866 
28583 42817 32755 33185 
33621 31780 32849 32520 
38197 21076 32951 31949 
41079 12359 32996 31508 
41807 7208 32998 31273 
40591 6724 33011 31277 
38150 11051 33018 31468 
35298 19094 33023 31801 
32718 29065 33042 32192 
30923 38942 33074 32620 
30334 46487 33042 32925 
31190 49892 33029 33182 
33207 48701 32939 33269 
35711 43259 32814 33268 
37632 34938 32611 33148 
37903 26306 32445 33045 
35695 20862 32255 32934 
31158 20762 32081 32839 
25423 26351 31963 32813 
20202 35409 31920 32829 
17121 44523 31977 32872 
17342 49650 32127 32947 
20832 49217 32370 32981 
26836 44001 32677 32981 
34142 36571 33022 32916 
41516 29702 33319 32730 
47618 25352 33597 32539 
51597 22938 33715 32289 
52883 20886 33705 32050 
51386 17900 33572 31874 
47254 14098 33326 31803 
41301 11649 33040 31873 
34049 13094 32689 32021 
26250 20188 32407 32300 
18499 32248 32150 32608 
11743 46934 31966 32949 
7590 59957 31892 33291 
7353 65367 31890 33579 
11898 65512 31969 33786 
20804 65482 32088 33825 
32828 51193 32315 33789 
44073 36358 32507 33602 
52368 22626 32744 33367 
55952 12819 32965 33012 
54472 8239 33155 32582 
49330 8835 33350 32196 
42562 12864 33459 31818 
35916 18439 33528 31532 
30322 23972 33510 31373 
26126 28605 33423 31390 
23249 32325 33279 31554 
21747 35380 33034 31831 
21725 38309 32787 32222 
23167 41030 32505 32671 
25879 43265 32251 33143 
29311 44371 32010 33571 
32783 43924 31881 33916 
35669 41884 31813 34079 
37644 38687 31850 34076 
38473 35212 31990 33897 
38052 32393 32186 33536 
36550 31028 32510 33166 
34221 30833 32814 32679 
31766 31116 33103 32207 
29901 30799 33310 31791 
29433 29106 33461 31546 
30437 25965 33426 31439 
32605 22196 33339 31591 
35104 18985 33168 31878 
37077 17804 32984 32299 
37846 19674 32780 32756 
37145 24777 32608 33142 
35262 32546 32520 33447 
32682 41527 32519 33619 
29907 49964 32537 33564 
27422 56056 32593 33328 
25784 58170 32650 32976 
25297 55850 32686 32607 
26226 49450 32720 32267 
28350 40046 32638 31986 
31371 29159 32551 31885 
34434 19052 32449 31972 
36775 11178 32352 32194 
38125 6587 32313 32547 
38651 5766 32379 32998 
38709 8721 32439 33371 
38812 15004 32616 33652 
38776 23963 32805 33757 
38079 34527 33020 33686 
36162 45235 33184 33426 
32938 54497 33329 33022 
29118 60038 33399 32550 
25733 60816 33400 32121 
23706 56607 33262 31697 
23621 48362 33063 31477 
25178 37616 32743 31386 
27513 26968 32427 31529 
29471 18992 32139 31841 
30499 14931 31903 32286 
30937 14997 31785 32811 
31788 18085 31745 33304 
34200 22418 31901 33789 
38219 26294 32162 34093 
42859 29154 32540 34232 
46180 31322 32939 34126 
46470 33671 33336 33811 
43037 36694 33658 33306 
37345 39787 33837 32713 
31475 41893 33881 32113 
27306 41491 33692 31515 
25644 38184 33423 31135 
25567 33027 33026 30930 
25529 28424 32563 30949 
24569 26897 32190 31285 
23020 29541 31854 31789 
22399 35536 31659 32435 
24081 42008 31664 33120 
28043 46013 31800 33753 
32976 45669 32069 34255 
37268 40662 32374 34518 
40026 32728 32705 34535 
41630 24137 32958 34282 
43018 17082 33125 33820 
44581 12864 33194 33223 
45572 12093 33181 32623 
44666 14506 33134 32080 
40860 19612 32991 31579 
34673 26920 32900 31294 
27609 35794 32839 31198 
21923 44685 32811 31259 
18731 52458 32878 31515 
17809 57675 32912 31831 
18430 59234 32982 32234 
20135 56398 32963 32624 
23179 49446 32923 33018 
27904 39370 32746 33293 
34061 28086 32589 33559 
40418 17675 32393 33721 
45052 10188 32161 33723 
46662 7029 31993 33649 
45666 7829 31930 33478 
43241 11788 31985 33284 
40707 18035 32154 33036 
38606 25552 32374 32735 
36587 33633 32687 32482 
33588 41739 32983 32246 
29068 49271 33259 32059 
23389 55271 33484 31939 
18332 58141 33601 31891 
15756 56743 33626 31901 
17041 50738 33528 31979 
22317 40836 33289 32082 
30166 29273 32986 32261 
37676 19723 32617 32474 
42984 14175 32248 32714 
44640 13601 31940 32979 
42640 17261 31728 33265 
38453 22885 31631 33488 
34567 27969 31777 33714 
32647 30995 32016 33798 
33111 32109 32380 33762 
34839 32450 32765 33543 
35998 33618 33168 33263 
35254 36140 33444 32797 
32812 39426 33686 32339 
29813 41903 33755 31894 
27781 42083 33625 31482 
27732 39753 33373 31253 
29290 36061 33068 31269 
31242 32736 32692 31453 
32392 31285 32349 31843 
32084 31992 32089 32363 
30544 33670 31907 32896 
28677 34795 31841 33414 
27439 34146 31902 33818 
27611 31683 32105 34079 
29531 28240 32354 34116 
33027 25438 32627 33944 
37469 24349 32891 33592 
41856 25231 33133 33137 
44789 27491 33284 32632 
45137 30252 33385 32155 
42390 32650 33374 31764 
37298 34648 33251 31526 
31251 36402 33026 31448 
26028 38118 32761 31590 
23118 39507 32498 31911 
22663 40096 32286 32339 
24023 39412 32159 32819 
26126 37339 32087 33228 
28330 34189 32151 33590 
30337 30704 32348 33805 
32364 27643 32629 33834 
34534 25755 32884 33610 
36744 25702 33141 33267 
38564 27579 33312 32810 
39482 30735 33394 32341 
39287 34011 33364 31950 
38013 36125 33171 31634 
36078 36511 32923 31565 
33858 35121 32624 31681 
31655 32839 32316 31942 
29717 30785 32127 32346 
28266 29776 32031 32792 
27688 30021 32027 33200 
28385 31154 32147 33546 
30164 32556 32341 33739 
32255 33868 32599 33780 
33464 35246 32814 33613 
32976 37143 33025 33318 
30912 39494 33173 32963 
28447 41663 33248 32568 
27226 42565 33254 32189 
28435 40997 33192 31906 
32028 36281 33043 31741 
36774 28990 32845 31743 
41220 20340 32631 31881 
44245 12507 32440 32167 
45320 7695 32275 32523 
44370 8138 32220 32940 
41580 14029 32157 33223 
37106 24459 32252 33477 
30991 37240 32417 33600 
23754 50105 32641 33559 
17010 60141 32911 33410 
12315 65259 33117 33096 
11167 65457 33272 32710 
14301 64584 33349 32309 
20959 54244 33319 31994 
29666 42345 33157 31741 
39234 27809 32935 31670 
48498 11955 32693 31807 
56348 460 32498 32104 
60863 90 32272 32444 
60839 34 32196 32905 
55350 9 32134 33284 
44689 11971 32208 33622 
31189 28866 32354 33799 
18081 46907 32544 33779 
8123 62257 32716 33577 
3196 65418 32834 33237 
3589 65500 32929 32826 
8326 65502 32928 32386 
15925 65439 32911 32069 
25323 50587 32857 31859 
35716 34838 32750 31749 
46100 18243 32759 31882 
55055 2463 32764 32111 
60471 144 32828 32419 
61087 57 32901 32716 
56729 31 32994 32989 
48213 5562 33004 33102 
37544 19225 33069 33217 
27336 35544 33049 33165 
18893 51372 32917 32993 
13095 63625 32736 32783 
10127 65437 32537 32592 
10093 65491 32334 32453 
12906 65502 32153 32385 
18594 58027 32042 32430 
26710 44229 32034 32569 
36438 26973 32113 32770 
45747 9990 32284 32987 
52952 335 32533 33212 
56169 66 32833 33331 
54215 26 33048 33295 
47365 1611 33303 33195 
37608 16184 33438 32951 
27685 32181 33485 32616 
20520 47715 33461 32258 
17852 59131 33343 31944 
19693 64011 33142 31707 
24113 61887 32928 31675 
28651 54761 32633 31726 
31616 45143 32359 32002 
32561 34968 32158 32399 
32148 25189 31958 32844 
31933 17098 31834 33289 
33071 10450 31837 33695 
35844 5629 31956 33992 
39506 3458 32166 34073 
42675 5496 32477 34001 
43746 12539 32797 33677 
41863 24446 33129 33248 
37042 39360 33414 32698 
30454 54583 33670 32177 
23925 65078 33784 31654 
19763 65482 33733 31288 
19100 65516 33594 31109 
21668 65508 33302 31102 
26034 54409 32963 31359 
30519 39168 32545 31765 
34112 24707 32189 32341 
36855 13081 31884 32939 
39609 4884 31689 33523 
42750 582 31648 33996 
45580 95 31779 34298 
46571 4914 32022 34358 
44399 13784 32324 34190 
39209 25757 32683 33854 
32377 38715 32979 33356 
25954 50386 33177 32788 
21835 58294 33309 32251 
20291 61142 33378 31879 
20268 58927 33325 31606 
20901 52513 33239 31561 
21989 42926 33081 31629 
24229 32090 32927 31842 
28232 22174 32798 32108 
33829 14952 32729 32397 
39790 11916 32683 32639 
44571 13560 32668 32833 
46730 19077 32623 32885 
46358 26536 32623 32952 
44309 33750 32573 32942 
41643 39251 32533 32963 
38758 42241 32483 33001 
35374 42839 32424 33066 
31265 41689 32389 33157 
26564 39587 32374 33252 
22202 37069 32414 33322 
19386 34460 32493 33344 
18922 31803 32603 33266 
20809 29456 32734 33105 
24144 27686 32857 32850 
27840 26950 32975 32510 
31246 27701 33086 32172 
34091 29924 33158 31837 
36741 33115 33203 31596 
39621 36127 33170 31473 
42986 37538 33108 31536 
46328 36027 32967 31753 
48622 31690 32799 32128 
48913 25817 32575 32592 
46480 20968 32382 33137 
40831 19705 32151 33607 
32606 23661 32060 34043 
22700 32157 32048 34268 
12971 42769 32136 34310 
5719 52272 32344 34117 
3573 57139 32612 33690 
7734 55764 32900 33125 
