33356 33219 33517 31558 
33356 33219 33517 31558 
33172 32986 33321 31514 
32939 32714 33042 31578 
32684 32448 32735 31799 
32456 32225 32414 32093 
32262 32077 32144 32468 
32134 32014 31932 32862 
32103 32052 31834 33275 
32153 32184 31845 33620 
32294 32386 31976 33891 
32455 32602 32180 33992 
32603 32770 32416 33932 
32736 32886 32673 33727 
32797 32904 32861 33383 
32790 32870 32992 32989 
32751 32804 33073 32573 
32710 32770 33122 32216 
32658 32731 33113 31926 
32686 32781 33126 31771 
32709 32830 33082 31696 
32778 32925 33043 31734 
32924 33067 33051 31901 
33088 33204 33054 32116 
33206 33255 33023 32333 
33311 33248 33002 32580 
33288 33111 32879 32761 
33223 32947 32775 32944 
32983 32655 32549 33044 
32735 32386 32368 33156 
32403 32092 32155 33205 
32108 31861 31987 33226 
31839 31709 31877 33226 
31741 31740 31905 33245 
31759 31864 32009 33217 
31972 32143 32255 33211 
32293 32497 32558 33146 
32682 32903 32897 33012 
33040 33239 33172 32788 
33353 33529 33427 32548 
33559 33732 33597 32295 
33616 33776 33639 32044 
33525 33674 33548 31812 
33335 33484 33392 31677 
33066 33202 33173 31662 
32788 32898 32914 31771 
32533 32597 32671 31976 
32345 32326 32446 32313 
32232 32108 32251 32712 
32173 31915 32058 33113 
32186 31804 31935 33518 
32255 31789 31872 33858 
32351 31856 31880 34079 
32470 32019 31984 34154 
32563 32220 32142 34036 
32651 32491 32384 33757 
32735 32782 32690 33348 
32824 33077 33029 32830 
32913 33335 33352 32256 
33018 33557 33651 31725 
33119 33694 33842 31273 
33190 33746 33889 30999 
33233 33692 33800 30932 
33223 33557 33587 31099 
33136 33309 33244 31474 
32982 32992 32807 32036 
32799 32649 32385 32662 
32645 32351 32041 33370 
32446 32023 31754 33945 
32275 31774 31594 34345 
32139 31608 31583 34503 
32107 31605 31738 34452 
32127 31690 31975 34123 
32228 31893 32282 33656 
32358 32119 32591 33062 
32515 32416 32878 32438 
32674 32724 33099 31925 
32824 33031 33251 31531 
32931 33323 33326 31365 
33032 33619 33357 31413 
33091 33825 33352 31636 
33112 33918 33307 31964 
33137 33909 33281 32359 
33131 33787 33230 32744 
33072 33468 33121 33011 
33024 33077 33012 33170 
32942 32610 32845 33193 
32887 32172 32689 33155 
32791 31776 32494 33034 
32643 31451 32238 32832 
32510 31341 32038 32708 
32394 31420 31901 32672 
32273 31634 31822 32700 
32169 31988 31836 32806 
32089 32338 31922 32907 
32129 32777 32176 33090 
32200 33159 32455 33174 
32367 33511 32806 33198 
32574 33742 33134 33086 
32843 33882 33453 32904 
33108 33880 33678 32653 
33363 33779 33829 32390 
33518 33575 33816 32126 
33594 33302 33701 31926 
33530 32940 33450 31807 
33366 32560 33132 31807 
33121 32203 32767 31932 
32811 31893 32389 32190 
32480 31646 32040 32511 
32170 31517 31763 32864 
31915 31486 31590 33210 
31757 31583 31553 33528 
31742 31826 31666 33776 
31870 32162 31920 33858 
32145 32623 32289 33859 
32480 33110 32716 33686 
32822 33560 33104 33344 
33140 33927 33460 32880 
33419 34151 33744 32407 
33568 34179 33863 31937 
33597 34040 33848 31556 
33450 33653 33629 31260 
33239 33229 33346 31237 
32961 32731 32992 31414 
32685 32232 32616 31770 
32446 31820 32286 32281 
32272 31494 32006 32860 
32197 31364 31848 33448 
32216 31370 31803 33899 
32324 31549 31898 34178 
32459 31835 32053 34216 
32629 32228 32310 34058 
32776 32672 32575 33710 
32871 33119 32824 33215 
32882 33506 33010 32614 
32846 33836 33164 32063 
32734 34081 33345 31392 
32607 33887 33282 31288 
32536 33570 33199 31438 
32466 33115 33002 31736 
32470 32602 32794 32164 
32561 32126 32620 32718 
32684 31712 32445 33246 
32802 31433 32292 33689 
32940 31362 32256 34000 
33042 31466 32271 34101 
33118 31761 32385 33984 
33126 32150 32537 33663 
33088 32613 32724 33211 
32986 33053 32873 32654 
32873 33493 33027 32110 
32721 33777 33085 31624 
32574 33924 33077 31327 
32486 33933 33046 31270 
32393 33739 32920 31416 
32303 33409 32737 31735 
32266 33034 32593 32213 
32274 32628 32471 32768 
32344 32270 32414 33321 
32466 31979 32424 33805 
32574 31766 32438 34063 
32742 31729 32536 34143 
32873 31786 32637 33977 
33014 31944 32748 33635 
33127 32189 32846 33173 
33202 32465 32928 32640 
33233 32788 32991 32158 
33226 33080 33011 31733 
33085 33291 32945 31419 
32960 33479 32908 31371 
32771 33545 32809 31520 
32574 33508 32709 31818 
32359 33349 32576 32217 
32192 33111 32467 32715 
32069 32813 32371 33176 
32018 32486 32309 33576 
32080 32229 32330 33868 
32243 32063 32404 33979 
32465 32010 32551 33889 
32729 32076 32725 33658 
32978 32229 32906 33273 
33152 32419 33055 32779 
33345 32709 33237 32330 
33395 32931 33317 31881 
33342 33073 33304 31541 
33223 33164 33229 31393 
33037 33165 33068 31425 
32845 33118 32857 31644 
32656 32991 32616 32009 
32515 32863 32411 32486 
32397 32696 32226 32976 
32291 32509 32061 33423 
32298 32412 32038 33871 
32331 32382 32080 34169 
32382 32403 32204 34251 
32481 32534 32410 34153 
32610 32739 32675 33833 
32698 32916 32900 33252 
32730 33028 33056 32429 
32799 33121 33187 31589 
32794 33046 33192 30807 
32793 32906 33143 30263 
32772 32663 33037 30041 
32759 32399 32885 30251 
32773 32171 32748 30942 
32784 32019 32628 32023 
32865 32053 32608 33377 
32888 32142 32595 34734 
32955 32420 32692 35977 
32979 32758 32789 36754 
32971 33082 32877 36941 
32925 33383 32928 36475 
32836 33593 32922 35362 
32724 33688 32866 33738 
32603 33622 32737 31845 
32517 33453 32612 30005 
32420 33142 32455 28455 
32367 32746 32318 27479 
32356 32345 32228 27272 
32406 32010 32224 27890 
32504 31788 32308 29213 
32666 31760 32503 31111 
32800 31869 32715 33269 
32928 32117 32946 35308 
33033 32436 33174 36949 
33154 32838 33389 38044 
33142 33105 33446 38268 
33090 33289 33398 37744 
33004 33344 33242 36527 
32840 33268 32974 34802 
32660 33089 32642 32809 
32533 32934 32375 30952 
32393 32734 32140 29371 
32317 32594 32029 28414 
32288 32502 32057 28124 
32320 32470 32207 28560 
32417 32514 32480 29697 
32573 32615 32819 31249 
32761 32732 33151 32980 
32910 32815 33370 34562 
33094 32932 33531 35823 
33221 33003 33528 36439 
33294 33046 33371 36319 
33346 33086 33130 35527 
33283 33033 32783 34064 
33172 32957 32419 32250 
33027 32860 32128 30437 
32827 32713 31942 28944 
32647 32601 31921 28122 
32451 32452 32021 28114 
32285 32348 32253 29061 
32152 32266 32578 30836 
32063 32219 32906 33145 
32021 32220 33196 35675 
32061 32280 33403 37959 
32211 32451 33525 39520 
32418 32640 33502 40081 
32701 32881 33401 39488 
32992 33114 33183 37675 
33318 33361 32954 35012 
33547 33518 32674 31777 
33741 33633 32468 28574 
33764 33587 32271 25776 
33630 33416 32137 23977 
33369 33145 32077 23448 
33011 32793 32096 24288 
32607 32403 32182 26418 
32277 32109 32382 29501 
31990 31873 32598 33018 
31800 31760 32809 36471 
31774 31819 33063 39371 
31902 32033 33281 41285 
32121 32331 33438 41858 
32460 32715 33545 41169 
32819 33086 33541 39313 
33158 33416 33430 36557 
33433 33627 33246 33463 
33597 33707 33009 30459 
33631 33632 32713 27978 
33550 33447 32464 26332 
33310 33128 32215 25735 
33012 32788 32045 26203 
32693 32463 31986 27506 
32417 32190 32025 29408 
32216 32041 32155 31580 
32121 32009 32355 33640 
32080 32040 32555 35237 
32165 32193 32769 36326 
32301 32394 32943 36742 
32495 32630 33093 36583 
32667 32812 33162 35940 
32845 32988 33204 35028 
32971 33100 33200 34002 
33070 33198 33184 33035 
33151 33267 33181 32281 
33198 33297 33164 31785 
33192 33275 33121 31530 
33130 33178 33033 31459 
33063 33057 32931 31558 
32978 32895 32803 31692 
32865 32714 32646 31814 
32773 32570 32500 31921 
32641 32417 32321 31945 
32524 32349 32190 32011 
32436 32339 32130 32113 
32371 32360 32129 32275 
32365 32426 32238 32558 
32394 32507 32412 32914 
32460 32565 32625 33314 
32572 32630 32884 33699 
32681 32658 33085 33999 
32838 32753 33295 34172 
32955 32814 33391 34119 
33055 32920 33408 33917 
33109 33034 33315 33511 
33150 33197 33213 33066 
33143 33330 33031 32545 
33106 33425 32879 32067 
33046 33447 32716 31662 
32966 33375 32599 31442 
32841 33170 32479 31391 
32695 32884 32397 31549 
32553 32535 32339 31871 
32419 32184 32324 32343 
32272 31853 32315 32832 
32179 31616 32351 33297 
32127 31525 32410 33697 
32171 31638 32519 33948 
32340 31946 32710 34031 
32566 32351 32869 33869 
32869 32855 33072 33534 
33142 33355 33210 33066 
33462 33876 33375 32589 
33693 34238 33480 32134 
33750 34372 33482 31737 
33662 34285 33379 31499 
33437 33986 33208 31488 
33072 33485 32949 31666 
32701 32911 32679 32040 
32359 32317 32431 32531 
32110 31783 32231 33059 
31912 31323 32040 33509 
31885 31119 31993 33871 
31997 31149 32059 34042 
32172 31360 32196 33981 
32415 31770 32409 33748 
32667 32291 32636 33379 
32848 32816 32831 32909 
32946 33291 32941 32400 
33041 33759 33052 32043 
33037 34042 33083 31805 
33014 34118 33090 31722 
32980 34017 33073 31855 
32963 33780 33074 32088 
32954 33432 33058 32387 
33011 33064 33089 32708 
33073 32668 33093 32940 
33147 32341 33108 33118 
33178 32098 33093 33139 
33119 31944 32999 33053 
33008 31915 32872 32917 
32817 31984 32702 32765 
32584 32116 32493 32642 
32329 32285 32274 32600 
32108 32472 32095 32645 
31938 32604 31959 32760 
31882 32731 31909 32943 
31961 32858 32002 33170 
32141 32943 32193 33342 
32458 33057 32508 33460 
32785 33117 32831 33402 
33099 33163 33167 33207 
33377 33208 33442 32881 
33579 33235 33640 32464 
33700 33291 33752 32075 
33705 33322 33744 31740 
33501 33222 33534 31447 
33270 33122 33302 31428 
32947 32917 32991 31577 
32588 32644 32635 31911 
32274 32350 32333 32421 
31992 32044 32038 32973 
31808 31766 31801 33510 
31760 31614 31693 33993 
31818 31594 31697 34289 
32012 31755 31818 34382 
32360 32077 32110 34280 
32715 32468 32465 33919 
33086 32927 32872 33390 
33364 33332 33238 32707 
33619 33762 33629 32088 
33722 34032 33873 31526 
33676 34121 33954 31117 
33495 34060 33873 30947 
33192 33811 33615 31038 
32828 33447 33257 31362 
32452 32976 32816 31863 
32137 32476 32378 32441 
31988 32055 32078 33143 
31910 31660 31820 33710 
31977 31423 31714 34122 
32174 31360 31776 34317 
32472 31500 31969 34310 
32755 31795 32226 34054 
33025 32189 32532 33631 
33248 32667 32855 33149 
33344 33094 33090 32588 
33368 33521 33301 32116 
33283 33798 33412 31723 
33133 33941 33439 31532 
32938 33916 33378 31519 
32693 33697 33207 31661 
32462 33375 32989 31977 
32269 32959 32733 32325 
32146 32542 32512 32739 
32118 32152 32359 33140 
32120 31795 32209 33411 
32231 31617 32190 33616 
32401 31630 32248 33662 
32635 31836 32389 33570 
32928 32207 32626 33369 
33164 32618 32833 33028 
33369 33054 33047 32682 
33497 33432 33202 32335 
33529 33684 33278 32041 
33453 33763 33265 31862 
33279 33658 33151 31799 
33074 33431 33001 31926 
32775 33055 32757 32130 
32506 32686 32546 32461 
32274 32354 32363 32821 
32064 32064 32225 33107 
31943 31924 32164 33369 
31931 31930 32221 33533 
31995 32067 32359 33577 
32149 32307 32546 33511 
32320 32551 32716 33308 
32561 32818 32893 33047 
32733 32971 32959 32700 
32922 33065 32994 32404 
33105 33092 32976 32191 
33210 32997 32910 32055 
33301 32905 32857 32071 
33316 32769 32802 32162 
33283 32659 32765 32313 
33264 32655 32817 32536 
33158 32682 32857 32687 
33062 32776 32909 32813 
32929 32903 32967 32864 
32758 33007 32966 32842 
32609 33122 32967 32814 
32421 33112 32862 32730 
32263 33022 32717 32670 
32126 32849 32547 32648 
32005 32568 32324 32665 
31982 32310 32179 32762 
32004 32061 32072 32882 
32096 31878 32050 33010 
32298 31851 32151 33149 
32577 31950 32351 33222 
32896 32212 32630 33232 
33201 32544 32918 33125 
33467 32935 33188 32935 
33629 33312 33380 32652 
33722 33680 33526 32380 
33657 33913 33543 32126 
33472 33945 33445 31925 
33198 33810 33276 31839 
32862 33505 33045 31856 
32504 33044 32754 31989 
32180 32524 32475 32231 
31954 31996 32242 32565 
31769 31486 32004 32871 
31726 31188 31867 33209 
31790 31088 31804 33454 
31955 31262 31872 33652 
32204 31692 32049 33751 
32476 32250 32285 33686 
32769 32894 32613 33523 
33031 33506 32926 33219 
33253 34004 33217 32843 
33453 34321 33497 32435 
33595 34414 33694 32071 
33646 34255 33767 31773 
33606 33871 33719 31569 
33442 33305 33517 31510 
33197 32680 33226 31611 
32904 32073 32872 31852 
32584 31568 32496 32186 
32254 31250 32122 32567 
32013 31177 31842 33009 
31818 31298 31650 33372 
31778 31657 31658 33672 
31853 32138 31802 33822 
32017 32655 32043 33805 
32272 33161 32370 33668 
32486 33492 32669 33360 
32742 33704 32967 33026 
32929 33709 33168 32672 
33069 33572 33293 32382 
33184 33344 33342 32195 
33200 33044 33280 32080 
33184 32741 33154 32068 
33164 32526 33046 32185 
33101 32370 32926 32304 
33020 32303 32824 32408 
32957 32340 32787 32496 
32874 32425 32756 32517 
32839 32586 32807 32546 
32762 32694 32802 32492 
32673 32759 32787 32433 
32581 32775 32725 32422 
32470 32748 32625 32496 
32336 32622 32452 32614 
32251 32540 32314 32868 
32183 32429 32179 33160 
32133 32349 32050 33443 
32201 32380 32043 33730 
32345 32476 32134 33896 
32559 32649 32309 33886 
32830 32885 32598 33720 
33029 33052 32862 33322 
33244 33243 33163 32813 
33365 33347 33426 32230 
33400 33380 33613 31681 
33308 33310 33664 31221 
33122 33155 33588 30958 
32852 32921 33359 30927 
32620 32688 33089 31191 
32401 32433 32738 31633 
32307 32255 32451 32282 
32286 32099 32186 32961 
32332 31988 31986 33570 
32435 31956 31885 34029 
32574 32022 31910 34318 
32701 32161 32006 34386 
32750 32320 32134 34179 
32756 32547 32298 33848 
32692 32755 32480 33380 
32554 32929 32624 32864 
32433 33076 32787 32387 
32383 33249 32987 32020 
32369 33307 33128 31717 
32469 33352 33287 31608 
32673 33353 33426 31617 
32934 33286 33518 31703 
33199 33170 33522 31839 
33439 33025 33456 32001 
33562 32853 33305 32190 
33544 32625 33047 32372 
33376 32418 32742 32587 
33077 32242 32402 32819 
32663 32070 32057 33027 
32265 31999 31802 33287 
31920 31986 31648 33498 
31689 32045 31609 33647 
31671 32189 31743 33737 
31787 32350 31970 33701 
32084 32584 32319 33595 
32435 32775 32675 33342 
32753 32902 32953 32975 
33011 32995 33178 32574 
33194 33054 33337 32191 
33259 33070 33406 31849 
33216 33067 33391 31632 
33081 33037 33306 31575 
32915 33015 33203 31651 
32729 32968 33075 31830 
32621 32939 32965 32105 
32580 32891 32865 32389 
32599 32819 32757 32659 
32714 32768 32678 32916 
32818 32683 32567 33094 
32947 32628 32461 33220 
32970 32509 32318 33210 
32936 32411 32200 33187 
32777 32272 32067 33098 
32611 32193 32020 33038 
32403 32134 32050 32980 
32205 32112 32130 32937 
32082 32172 32304 32919 
32068 32311 32545 32917 
32153 32516 32810 32903 
32315 32745 33045 32837 
32589 33042 33294 32749 
32878 33329 33469 32614 
33155 33577 33568 32442 
33345 33700 33541 32232 
33455 33734 33447 32057 
33430 33600 33231 31891 
33291 33341 32963 31824 
33075 32967 32650 31856 
32786 32516 32333 32017 
32508 32049 32083 32314 
32231 31604 31854 32672 
32010 31281 31715 33046 
31916 31182 31735 33465 
31947 31290 31890 33804 
32128 31671 32181 34012 
32357 32197 32508 34003 
32633 32804 32870 33799 
32910 33418 33210 33402 
33114 33926 33456 32869 
33271 34255 33629 32268 
33353 34379 33690 31756 
33299 34197 33576 31321 
33155 33788 33330 31093 
32954 33207 32997 31101 
32738 32586 32641 31372 
32584 32047 32358 31916 
32438 31585 32103 32519 
32335 31310 31938 33176 
32269 31246 31882 33741 
32301 31433 31991 34171 
32349 31765 32145 34300 
32439 32185 32368 34204 
32551 32680 32630 33843 
32688 33148 32880 33318 
32767 33468 33032 32661 
32894 33728 33185 32067 
32948 33778 33207 31551 
32962 33656 33159 31215 
32911 33401 33034 31126 
32841 33066 32874 31301 
32729 32698 32684 31700 
32638 32383 32537 32305 
32532 32105 32399 32916 
32442 31934 32312 33508 
32426 31910 32324 33975 
32494 32023 32423 34258 
32581 32206 32561 34270 
32705 32435 32727 34014 
32836 32694 32917 33550 
32959 32914 33061 32923 
33033 33055 33146 32223 
33083 33175 33193 31585 
33040 33187 33130 31113 
32953 33154 33014 30888 
32806 33053 32813 30914 
32642 32949 32617 31269 
32464 32798 32391 31819 
32323 32677 32221 32495 
32231 32569 32096 33171 
32209 32507 32067 33789 
32300 32539 32169 34261 
32454 32584 32348 34484 
32650 32643 32570 34435 
32836 32661 32796 34146 
32938 32588 32949 33621 
32987 32462 33049 33011 
32965 32311 33089 32381 
32913 32188 33067 31865 
32798 32077 32983 31481 
32677 32066 32861 31328 
32573 32182 32765 31381 
32547 32448 32714 31632 
32534 32796 32694 31976 
32600 33215 32741 32345 
32699 33617 32806 32709 
32808 33939 32869 32974 
32919 34086 32920 33141 
33004 34044 32902 33188 
33040 33807 32830 33173 
33033 33376 32701 33075 
32940 32809 32517 32971 
32791 32185 32323 32885 
32590 31549 32150 32827 
32400 31072 32059 32833 
32221 30777 32038 32872 
32105 30765 32144 32948 
32080 31040 32343 33016 
32137 31552 32609 33029 
32281 32263 32899 32955 
32519 33031 33190 32838 
32753 33763 33387 32604 
33012 34359 33513 32350 
33224 34712 33530 32092 
33352 34791 33399 31874 
33401 34592 33206 31750 
33376 34169 32967 31751 
33245 33519 32683 31851 
33067 32808 32437 32093 
32855 32062 32232 32407 
32648 31467 32122 32843 
32390 30966 32032 33204 
32179 30724 32008 33557 
32044 30748 32095 33852 
31968 31012 32193 33994 
31946 31461 32330 33982 
32042 32068 32495 33816 
32205 32711 32671 33504 
32435 33346 32858 33096 
32693 33879 33041 32585 
33011 34264 33246 32129 
33240 34405 33387 31667 
33448 34368 33499 31364 
33551 34130 33535 31198 
33567 33735 33478 31198 
33463 33247 33332 31380 
33299 32765 33124 31747 
33055 32273 32832 32224 
32789 31897 32520 32782 
32521 31653 32231 33342 
32245 31525 31948 33777 
32031 31562 31776 34074 
31906 31733 31727 34223 
31853 31942 31776 34127 
31900 32217 31947 33881 
32035 32452 32163 33459 
32195 32639 32394 32994 
32434 32803 32685 32529 
32681 32914 32936 32140 
32888 32958 33147 31816 
33097 33023 33338 31665 
33252 33094 33458 31662 
33381 33242 33560 31826 
33453 33399 33586 32032 
33468 33553 33552 32277 
33431 33689 33468 32538 
33313 33702 33294 32738 
33144 33596 33063 32878 
32909 33335 32787 32954 
32638 32943 32475 32960 
32372 32455 32156 32954 
32130 31934 31881 32934 
31957 31471 31681 32929 
31822 31087 31536 32909 
31810 30921 31540 32941 
31912 30983 31699 32979 
32101 31286 31973 33050 
32361 31812 32343 33104 
32672 32465 32785 33112 
32939 33157 33193 33031 
33170 33830 33561 32908 
33391 34383 33847 32733 
33536 34769 34009 32542 
33538 34823 33951 32277 
33504 34671 33803 32088 
33348 34190 33508 31919 
33119 33512 33126 31835 
32815 32692 32684 31833 
32591 31953 32338 32009 
32344 31274 31996 32245 
32120 30769 31698 32512 
32016 30558 31568 32896 
31979 30612 31550 33277 
32051 30952 31680 33605 
32175 31531 31919 33855 
32406 32321 32304 34008 
32608 33057 32668 33945 
32824 33757 33070 33745 
32965 34257 33386 33375 
33095 34540 33649 32906 
33198 34572 33804 32379 
33261 34371 33838 31898 
33230 33926 33685 31453 
33123 33345 33401 31163 
32984 32729 33035 31072 
32855 32213 32683 31247 
32739 31803 32364 31635 
32586 31519 32073 32135 
32512 31474 31935 32771 
32419 31533 31854 33338 
32416 31789 31945 33887 
32425 32110 32116 34245 
32444 32447 32337 34377 
32517 32806 32614 34310 
32583 33096 32828 33992 
