33236 33293 33399 31684 
33236 33293 33399 31684 
33234 33120 33239 31520 
33145 32862 32993 31519 
32998 32595 32715 31701 
32816 32400 32455 32078 
32588 32224 32215 32501 
32352 32107 32035 32944 
32169 32108 31950 33374 
32087 32214 31999 33738 
32082 32368 32128 33906 
32197 32552 32343 33887 
32397 32767 32601 33722 
32596 32868 32798 33360 
32796 32919 32949 32912 
32994 32916 33066 32509 
33101 32871 33115 32157 
33147 32797 33111 31935 
33093 32709 33060 31852 
32981 32674 32992 31920 
32819 32654 32904 32070 
32740 32780 32916 32366 
32637 32872 32882 32575 
32609 32977 32857 32740 
32650 33128 32878 32877 
32743 33218 32874 32912 
32837 33214 32842 32882 
32922 33138 32770 32781 
32938 32973 32639 32670 
32910 32746 32484 32587 
32787 32454 32312 32557 
32663 32216 32205 32649 
32441 31935 32089 32749 
32277 31776 32079 32941 
32119 31688 32123 33127 
32084 31791 32298 33298 
32191 32025 32583 33429 
32370 32360 32878 33409 
32588 32742 33119 33226 
32884 33182 33364 32971 
33175 33609 33522 32647 
33426 33961 33600 32316 
33586 34149 33549 32002 
33613 34175 33413 31775 
33482 33959 33165 31629 
33220 33547 32856 31639 
32949 33069 32571 31833 
32631 32503 32295 32101 
32317 31916 32055 32488 
32064 31410 31901 32901 
31899 31075 31813 33331 
31809 30926 31815 33688 
31860 31042 31948 33971 
31982 31388 32171 34087 
32180 31920 32464 34024 
32419 32517 32769 33762 
32722 33207 33127 33411 
32973 33811 33381 32860 
33259 34307 33629 32299 
33513 34592 33760 31781 
33643 34592 33734 31321 
33725 34380 33636 31094 
33642 33907 33394 31039 
33464 33283 33077 31232 
33209 32649 32731 31649 
32904 32076 32400 32256 
32548 31581 32101 32877 
32192 31254 31839 33468 
31941 31181 31744 33980 
31751 31255 31749 34253 
31724 31543 31892 34349 
31780 31897 32086 34179 
31934 32261 32323 33811 
32198 32665 32616 33360 
32468 32993 32855 32835 
32712 33235 33009 32310 
32997 33474 33182 31958 
33231 33616 33290 31756 
33412 33720 33376 31727 
33459 33675 33355 31786 
33496 33637 33369 31997 
33435 33469 33300 32196 
33311 33273 33232 32392 
33171 33019 33108 32521 
32997 32747 32969 32620 
32823 32469 32802 32699 
32619 32192 32587 32700 
32413 31950 32342 32720 
32258 31772 32152 32764 
32109 31677 31983 32861 
31970 31659 31835 32964 
31936 31809 31825 33160 
31987 32060 31919 33345 
32137 32404 32123 33516 
32344 32775 32386 33578 
32593 33166 32694 33559 
32873 33521 33035 33420 
33124 33724 33316 33128 
33348 33814 33552 32769 
33543 33773 33731 32397 
33613 33597 33771 31995 
33548 33306 33645 31625 
33404 33001 33438 31427 
33140 32643 33088 31355 
32840 32335 32701 31489 
32528 32093 32335 31813 
32210 31904 31990 32233 
31918 31756 31703 32697 
31798 31789 31640 33271 
31760 31879 31707 33758 
31895 32100 31940 34125 
32141 32390 32289 34278 
32477 32718 32714 34224 
32823 33015 33118 33905 
33109 33244 33424 33332 
33348 33416 33640 32729 
33520 33543 33711 32131 
33549 33567 33608 31619 
33445 33475 33344 31270 
33236 33294 32985 31145 
33017 33103 32629 31310 
32773 32850 32283 31668 
32540 32572 32049 32192 
32392 32334 31965 32811 
32284 32118 31999 33365 
32230 31951 32145 33787 
32260 31914 32410 34036 
32321 31967 32689 34035 
32405 32145 32950 33807 
32534 32429 33156 33442 
32650 32752 33260 32964 
32752 33051 33257 32447 
32845 33313 33162 31999 
32892 33448 32985 31674 
32895 33402 32734 31518 
32917 33277 32532 31627 
32886 33014 32355 31882 
32839 32701 32226 32262 
32792 32398 32195 32723 
32749 32182 32240 33179 
32687 32047 32361 33538 
32695 32104 32597 33805 
32705 32263 32837 33861 
32721 32507 33072 33715 
32741 32782 33252 33401 
32777 33076 33378 32981 
32815 33325 33418 32507 
32844 33491 33356 32066 
32806 33489 33170 31706 
32733 33345 32914 31504 
32641 33090 32627 31499 
32566 32778 32365 31708 
32466 32416 32145 32049 
32418 32108 32016 32465 
32413 31901 31992 32926 
32465 31821 32072 33347 
32573 31916 32250 33697 
32738 32141 32476 33882 
32910 32471 32724 33885 
33066 32817 32952 33725 
33139 33096 33077 33361 
33192 33343 33189 32983 
33155 33494 33244 32563 
33051 33507 33229 32167 
32878 33388 33150 31846 
32651 33135 33013 31628 
32429 32815 32842 31605 
32232 32473 32657 31746 
32126 32188 32511 32036 
32072 31948 32362 32405 
32095 31831 32263 32820 
32230 31893 32248 33232 
32405 32071 32258 33517 
32680 32421 32399 33739 
32962 32844 32580 33775 
33208 33234 32765 33591 
33394 33557 32949 33268 
33483 33752 33120 32864 
33446 33755 33233 32401 
33346 33620 33307 32014 
33146 33302 33287 31711 
32883 32866 33154 31586 
32589 32366 32944 31605 
32363 31974 32713 31848 
32195 31668 32465 32236 
32085 31541 32207 32645 
32101 31652 32081 33124 
32164 31903 32014 33507 
32330 32311 32101 33808 
32486 32745 32244 33884 
32647 33175 32449 33786 
32757 33514 32675 33516 
32829 33700 32877 33154 
32868 33699 33045 32741 
32875 33546 33149 32348 
32847 33218 33174 32031 
32824 32812 33147 31846 
32783 32381 33036 31789 
32827 32071 32958 31925 
32850 31865 32833 32110 
32943 31867 32766 32383 
33040 32058 32748 32652 
33117 32350 32720 32844 
33147 32713 32741 32974 
33109 33081 32758 33011 
32956 33313 32739 32923 
32792 33488 32735 32856 
32560 33477 32677 32763 
32327 33330 32605 32707 
32140 33053 32496 32713 
31982 32687 32359 32759 
31962 32373 32299 32913 
32017 32068 32235 33046 
32192 31908 32262 33213 
32441 31893 32368 33317 
32732 32003 32531 33290 
33025 32271 32751 33188 
33304 32606 32994 32952 
33472 32940 33191 32602 
33592 33298 33404 32283 
33587 33546 33520 31961 
33446 33656 33521 31714 
33207 33597 33412 31603 
32918 33422 33240 31676 
32598 33146 32978 31881 
32309 32796 32672 32190 
32079 32457 32365 32615 
31947 32144 32077 33145 
31871 31886 31810 33678 
31961 31774 31688 34249 
32149 31786 31702 34597 
32361 31889 31832 34515 
32580 32057 32074 33844 
32813 32319 32453 32696 
32986 32631 32871 31311 
33085 32920 33255 30113 
33159 33232 33567 29570 
33295 33620 33808 30044 
33434 34008 33925 31361 
33442 34243 33858 33196 
33271 34184 33616 34967 
33210 33565 33267 36299 
33477 32148 32861 36839 
33852 30228 32459 36547 
33426 29065 32117 35553 
31037 30412 31805 33974 
26548 35285 31677 32038 
22068 42244 31686 29897 
21715 46751 31826 28011 
28175 44745 32103 26669 
40708 34289 32396 26172 
55314 17481 32726 26819 
65390 2 33249 31497 
49925 0 33381 34909 
29626 19172 33387 38352 
8310 42742 33286 41099 
140 64170 33141 42587 
0 65518 32910 42417 
17 65535 32691 40544 
16005 65535 32539 37108 
31234 65273 32443 32615 
44331 47896 32434 27974 
54499 34144 32522 23919 
62364 21218 32665 21181 
65354 7826 32793 20252 
65463 317 32945 21453 
65514 113 32994 24513 
65525 30 32988 28957 
49545 0 32952 34134 
29637 10665 32756 38972 
8210 31865 32620 43018 
249 55626 32452 45297 
30 65252 32267 45515 
0 65535 32179 43747 
0 65535 32152 40241 
11833 65535 32214 35551 
32086 65535 32426 30447 
52719 49589 32654 26038 
65197 26381 32904 22810 
65535 2201 33151 21266 
65535 99 33300 21505 
65535 0 33416 23547 
65490 0 33404 26948 
44321 7248 33289 30914 
23462 25164 33174 34916 
2472 46651 32964 38244 
90 64682 32756 40479 
0 65457 32554 41359 
0 65535 32320 40820 
6634 65535 32120 39075 
22243 65535 32009 36610 
39890 58858 31992 33859 
56475 35521 31979 31136 
65247 11317 32110 29138 
65510 296 32300 27955 
65535 50 32553 27681 
65445 18 32856 28239 
46336 13 33129 29416 
26787 7021 33423 30942 
7383 21227 33610 32429 
198 37952 33688 33615 
34 54183 33678 34386 
23 65037 33532 34587 
5270 65482 33317 34358 
16031 65521 32997 33789 
29681 65520 32626 33077 
43094 50931 32290 32496 
53616 32919 32029 32143 
59569 15025 31864 32120 
60063 1122 31770 32352 
55429 99 31823 32856 
46684 57 31980 33431 
35152 58 32205 33960 
23633 10209 32459 34253 
14543 22303 32682 34220 
9528 35581 32929 33953 
9254 47628 33067 33320 
13578 56404 33183 32612 
21430 60475 33277 31851 
30903 59185 33279 31171 
39702 53536 33267 30761 
46276 45012 33252 30655 
49572 35419 33234 30848 
49491 26217 33191 31308 
46529 18588 33132 31966 
41495 13717 33013 32644 
35383 12447 32860 33296 
28950 14896 32655 33787 
23352 20681 32440 34093 
19870 28348 32202 34161 
19619 35994 32001 34011 
22992 41499 31865 33715 
28734 43812 31792 33351 
34890 43391 31853 32989 
39311 41543 32016 32668 
40753 39556 32290 32465 
39461 37881 32648 32357 
36982 35960 32973 32318 
35110 32937 33301 32357 
34491 28503 33548 32432 
34365 23776 33715 32519 
33146 20707 33751 32536 
29973 21285 33639 32478 
25569 25899 33455 32385 
21979 33099 33203 32255 
21328 40504 32884 32113 
24636 45655 32577 32032 
30837 46636 32319 32087 
37999 43152 32105 32247 
44053 36210 31893 32462 
47798 27980 31816 32823 
48436 20742 31801 33234 
45773 17157 31906 33666 
39877 18360 32110 34018 
31387 24186 32338 34183 
21918 32879 32675 34199 
13875 41637 32984 33981 
10459 47158 33249 33510 
13311 47918 33506 32948 
21774 43974 33683 32284 
33046 37254 33753 31656 
43625 30260 33668 31098 
50040 25630 33494 30764 
51321 23944 33249 30697 
48417 24446 32886 30848 
43656 25821 32536 31316 
38699 26986 32242 32028 
34368 27715 31975 32787 
30148 28694 31829 33562 
25365 30878 31799 34215 
20042 34783 31881 34654 
15169 40145 32062 34809 
12671 45559 32273 34674 
13985 49396 32505 34245 
19754 49912 32717 33638 
29253 46078 32892 32958 
40994 37904 32999 32238 
51966 27443 33092 31704 
59651 17166 33138 31347 
61821 9922 33170 31215 
57640 7525 33182 31297 
47937 10485 33230 31595 
35229 17625 33215 31961 
23008 26645 33200 32343 
13783 35925 33184 32715 
8721 44089 33090 32951 
7688 50670 32931 33065 
9795 55400 32701 33068 
14341 57514 32477 33015 
21231 56199 32227 32904 
30501 50955 31999 32848 
41479 41970 31818 32808 
51928 31025 31744 32866 
58587 21044 31820 33025 
59100 14149 31983 33201 
53097 11403 32234 33344 
42652 12337 32576 33462 
31943 15221 32933 33448 
24454 18344 33250 33285 
21991 20871 33523 33027 
23636 23165 33718 32689 
26764 26334 33771 32249 
28658 31442 33668 31811 
28270 39051 33496 31493 
26188 48245 33243 31302 
24199 57157 32934 31286 
23984 63464 32608 31462 
26212 64703 32298 31821 
30280 60011 32095 32334 
34738 50087 31874 32848 
38355 36914 31741 33386 
40465 22893 31739 33880 
40905 11011 31842 34248 
40132 3198 32030 34419 
38798 219 32311 34393 
37403 95 32606 34125 
36353 5543 32941 33696 
35648 13732 33265 33120 
34926 24346 33550 32488 
33717 36430 33790 31913 
31567 48188 33863 31357 
28634 57758 33789 30983 
25395 63465 33559 30789 
23020 64106 33262 30865 
22382 60314 32897 31176 
23943 52790 32488 31662 
27483 42805 32117 32303 
32264 31243 31817 32998 
36536 20457 31658 33648 
39383 11695 31628 34143 
40383 6599 31796 34463 
39580 6108 32015 34512 
37575 10427 32311 34334 
35130 18595 32617 33935 
32891 28483 32860 33397 
31323 38081 33050 32810 
30830 45513 33186 32267 
31619 49371 33277 31870 
33528 48718 33242 31553 
35964 43921 33222 31493 
37910 36263 33164 31594 
38290 28254 33105 31819 
36377 22880 33052 32087 
32099 22505 32983 32373 
26497 27688 32920 32615 
21363 36164 32849 32777 
18176 44459 32752 32841 
17964 49183 32643 32869 
20837 48533 32514 32861 
26285 43010 32364 32853 
33051 35207 32208 32856 
39806 28295 32075 32924 
45641 23797 32024 33068 
49608 21379 32014 33211 
51205 19642 32109 33392 
50075 17079 32251 33460 
46614 14127 32486 33479 
41354 12514 32783 33391 
34765 14642 33032 33110 
27541 22090 33294 32773 
20116 34430 33529 32380 
13728 48530 33611 31934 
9609 61043 33623 31600 
9127 65390 33506 31378 
13323 65512 33318 31337 
21626 65468 33081 31470 
32366 51293 32793 31780 
42952 36330 32496 32203 
50810 22420 32213 32715 
54301 12223 32006 33291 
52992 7464 31830 33762 
48189 7658 31723 34092 
41810 11445 31746 34251 
35445 16989 31880 34216 
30046 22841 32096 33972 
26162 27883 32421 33581 
23610 32017 32778 33088 
22348 35570 33145 32529 
22493 38907 33488 31977 
24077 42064 33759 31516 
26799 44499 33915 31245 
30146 45702 33887 31149 
33400 45243 33697 31239 
36125 43013 33384 31522 
37848 39475 32991 31975 
38385 35594 32543 32469 
37763 32368 32178 33032 
36033 30366 31829 33491 
33649 29668 31645 33855 
31131 29606 31591 34023 
29402 29256 31710 34023 
29026 27867 31956 33861 
30170 25312 32285 33567 
32471 22108 32634 33166 
35147 19499 32974 32724 
37256 18833 33261 32323 
38140 20931 33441 31955 
37546 25975 33499 31695 
35704 33361 33463 31608 
33036 41819 33295 31629 
30151 49661 33087 31842 
27519 55119 32799 32095 
25661 56993 32559 32458 
24943 54597 32338 32847 
25662 48353 32180 33181 
27728 39399 32134 33454 
30734 29297 32185 33640 
33990 19806 32339 33674 
36724 12331 32590 33579 
38425 8047 32817 33322 
39157 7267 32990 32944 
39421 9899 33128 32560 
39526 15617 33196 32177 
39372 24023 33185 31891 
38420 34055 33049 31712 
36248 44098 32858 31733 
32831 52646 32642 31868 
28849 58030 32474 32184 
25194 58906 32310 32519 
23133 55057 32265 32927 
23062 47430 32266 33259 
24710 37694 32321 33480 
27197 28087 32469 33591 
29480 20635 32654 33588 
30855 16938 32839 33454 
31546 17062 32966 33175 
32567 19852 33053 32864 
34887 23602 33111 32535 
38779 26919 33118 32252 
43131 29130 33015 31969 
45997 30654 32900 31849 
45867 32368 32757 31833 
42399 34826 32614 31935 
36642 37761 32461 32163 
30864 39859 32332 32459 
26889 39869 32281 32829 
25376 37247 32292 33169 
25489 32847 32358 33468 
25690 29036 32513 33675 
24924 28165 32697 33719 
23638 31162 32902 33618 
23153 37051 33053 33312 
24808 43337 33180 32903 
28578 47163 33255 32471 
33208 46636 33268 32030 
37156 41596 33180 31673 
39680 33484 32997 31457 
41198 24458 32761 31452 
42588 17118 32583 31694 
44182 12612 32382 32066 
45279 11422 32225 32509 
44519 13520 32161 33008 
40762 18646 32146 33461 
34735 25924 32240 33806 
27937 34523 32384 33967 
22278 43377 32539 33941 
18849 51292 32670 33709 
17722 56633 32799 33387 
18079 58407 32869 32973 
19562 56033 32890 32546 
22601 49486 32926 32187 
27471 40144 32968 31941 
33754 29598 32963 31762 
40156 19975 32998 31759 
44949 13077 33066 31862 
47008 9708 33089 31991 
46393 9974 33085 32170 
44322 13136 33102 32409 
41925 18257 33020 32607 
39724 24711 32884 32777 
37339 31924 32678 32923 
33980 39293 32499 33081 
29083 46349 32290 33180 
23170 52145 32110 33291 
17741 55337 32000 33350 
14976 54551 31982 33389 
16142 49428 32037 33365 
21228 40814 32167 33262 
28993 30574 32386 33114 
36954 21761 32672 32929 
42605 16757 32941 32670 
44730 16378 33212 32404 
43271 19754 33440 32144 
39567 24856 33598 31946 
35572 29488 33589 31762 
33518 31930 33506 31735 
33608 32306 33270 31783 
34919 31972 32997 31989 
35724 32397 32624 32258 
34859 34351 32326 32671 
32327 37186 32085 33080 
29291 39437 31869 33415 
27376 39907 31855 33737 
27377 38121 31928 33890 
29067 35152 32139 33883 
31218 32635 32452 33716 
32583 31842 32765 33389 
32526 33022 33067 32947 
31143 35027 33263 32411 
29391 36302 33417 31977 
28109 35640 33421 31616 
28075 33040 33323 31434 
29675 29336 33125 31423 
32831 26167 32885 31625 
36952 24636 32627 31987 
41073 25058 32401 32428 
43916 26941 32264 32937 
44279 29451 32187 33390 
41747 31822 32225 33733 
36948 33904 32331 33896 
31293 35850 32465 33823 
26453 37832 32666 33631 
23780 39425 32831 33275 
23414 40155 32971 32847 
24751 39559 33052 32412 
26869 37541 33094 32061 
28846 34404 33007 31777 
30606 30843 32879 31671 
32297 27638 32722 31760 
34205 25615 32563 32006 
36213 25473 32434 32378 
37777 27263 32340 32776 
38618 30335 32339 33166 
38456 33537 32409 33470 
37399 35798 32544 33631 
35784 36362 32734 33630 
34016 35358 32967 33499 
32155 33463 33116 33176 
30439 31741 33226 32769 
29094 30943 33263 32347 
28563 31291 33223 31978 
29089 32254 33073 31711 
30593 33281 32875 31629 
32260 34145 32649 31709 
33078 35123 32447 31983 
32212 36543 32263 32322 
30043 38427 32179 32759 
27774 40137 32149 33170 
26973 40653 32182 33529 
28666 38894 32304 33774 
32615 34349 32471 33844 
37510 27596 32692 33770 
41858 19866 32836 33497 
44653 13217 33010 33137 
45411 9680 33102 32678 
44212 10952 33172 32283 
41253 17210 33166 31935 
36535 27336 33045 31669 
30320 39307 32879 31600 
23112 50924 32697 31716 
16522 59540 32528 31986 
12143 64039 32442 32353 
11326 63854 32405 32755 
14600 59271 32451 33123 
21390 50913 32564 33425 
30153 39586 32712 33567 
39693 25873 32910 33588 
48894 11223 33051 33439 
56555 458 33133 33154 
60849 89 33077 32786 
60554 36 32994 32432 
54871 22 32789 32115 
44212 13458 32593 31949 
31071 29943 32373 31910 
18144 47517 32194 32001 
8394 62442 32125 32262 
3594 65424 32162 32595 
4054 65499 32314 32962 
8611 65497 32517 33261 
16075 65462 32764 33497 
25336 51468 33011 33581 
35847 35950 33241 33508 
46172 19535 33360 33291 
54711 4461 33439 33019 
59806 178 33361 32625 
60151 62 33186 32225 
55637 36 32947 31905 
46966 5467 32608 31652 
36946 18079 32386 31692 
27086 33568 32136 31841 
19056 48787 31962 32102 
13647 60787 31937 32510 
10973 65368 32012 32958 
11139 65479 32188 33405 
14071 65493 32464 33758 
19684 56096 32754 33937 
27754 42467 33077 33946 
36937 26940 33302 33680 
45904 11353 33481 33321 
52653 479 33550 32801 
55439 73 33493 32252 
53131 31 33319 31729 
46309 7150 33086 31402 
36723 17117 32780 31222 
26973 33266 32486 31303 
20180 48677 32255 31632 
18079 59535 32145 32153 
20172 63992 32108 32721 
24677 62005 32128 33278 
29283 55335 32243 33759 
32271 46017 32401 34092 
33029 36402 32568 34167 
32499 27484 32721 34045 
32057 19580 32803 33708 
32833 12764 32810 33230 
35272 7370 32799 32705 
38624 4517 32793 32263 
41576 5439 32769 31898 
42770 11197 32770 31676 
41288 21879 32838 31666 
36890 36121 32929 31791 
30819 50722 33069 32031 
24853 62642 33187 32328 
20946 65428 33270 32606 
20282 65505 33309 32840 
22704 65425 33251 32978 
26752 51699 33067 33012 
30815 37955 32792 32962 
34011 24865 32508 32895 
36408 14033 32190 32793 
38881 6174 31920 32734 
41743 2109 31753 32744 
44375 1970 31698 32784 
45349 6073 31757 32862 
43566 14480 32030 33031 
38761 26270 32367 33163 
32526 38941 32771 33259 
26738 50352 33150 33236 
22973 58300 33469 33129 
21534 61585 33723 32953 
21572 59805 33829 32687 
22160 53735 33802 32421 
22990 44523 33621 32100 
24712 33835 33338 31854 
28018 23456 32969 31668 
32959 15237 32576 31641 
38403 11160 32241 31784 
42803 11585 31928 31989 
45072 16021 31728 32321 
45013 22857 31639 32729 
43386 30314 31681 33185 
41145 36351 31815 33579 
38782 40367 32090 33939 
36006 42224 32436 34136 
32442 42405 32817 34134 
28060 41463 33190 33954 
23852 39866 33497 33588 
20919 37837 33736 33123 
20080 35405 33810 32546 
21511 32779 33791 31964 
24338 30314 33591 31447 
27620 28541 33293 31090 
30632 27965 32932 30951 
33150 28833 32547 31035 
35558 30949 32243 31394 
38228 33295 31963 31902 
41395 34653 31843 32543 
44683 33798 31806 33188 
47325 30360 31874 33781 
48216 25418 32056 34207 
46566 21248 32319 34451 
41992 20192 32591 34437 
34696 23797 32857 34186 
25316 31934 33065 33697 
15704 42427 33241 33127 
8316 51724 33339 32497 
5328 57019 33396 31957 
8029 56408 33322 31460 
