32673 31966 31993 33851 
32673 31966 31993 33851 
32907 32178 32213 33935 
33109 32444 32474 33830 
33275 32738 32766 33574 
33344 33008 33022 33213 
33280 33191 33211 32747 
33197 33357 33386 32352 
33017 33389 33446 31992 
32786 33304 33389 31730 
32544 33135 33241 31623 
32330 32907 33025 31705 
32180 32667 32767 31945 
32140 32454 32526 32298 
32186 32295 32322 32711 
32283 32193 32173 33104 
32387 32138 32075 33410 
32586 32256 32149 33671 
32783 32453 32318 33763 
32938 32703 32547 33663 
33073 32971 32824 33428 
33102 33148 33021 32993 
33109 33260 33189 32535 
33104 33320 33302 32135 
33040 33221 33285 31765 
32943 33018 33147 31556 
32824 32727 32919 31531 
32768 32510 32716 31771 
32735 32330 32520 32143 
32693 32223 32362 32603 
32622 32179 32251 33062 
32578 32274 32255 33498 
32536 32465 32361 33831 
32487 32675 32511 33951 
32427 32875 32687 33884 
32373 33016 32850 33593 
32338 33072 32958 33185 
32392 33094 33047 32709 
32523 33072 33095 32255 
32659 32961 33047 31828 
32830 32835 32949 31535 
32994 32700 32811 31441 
33088 32570 32647 31534 
33153 32518 32522 31849 
33151 32480 32419 32272 
33040 32440 32331 32747 
32909 32463 32327 33271 
32751 32498 32391 33739 
32599 32542 32496 34015 
32509 32623 32680 34113 
32465 32709 32879 34007 
32469 32778 33072 33679 
32501 32843 33213 33182 
32576 32901 33311 32584 
32719 32993 33357 32032 
32800 33032 33248 31500 
32869 33066 33097 31181 
32908 33065 32872 31081 
32892 33027 32612 31201 
32849 32950 32363 31596 
32769 32835 32168 32143 
32685 32695 32057 32769 
32602 32540 32039 33385 
32549 32406 32121 33920 
32508 32279 32270 34245 
32532 32247 32489 34386 
32540 32196 32677 34218 
32568 32218 32833 33868 
32629 32280 32956 33383 
32666 32366 33011 32815 
32714 32501 33017 32275 
32773 32668 33001 31833 
32825 32834 32962 31527 
32854 32994 32917 31424 
32905 33167 32920 31502 
32957 33338 32977 31767 
32962 33415 33008 32050 
32925 33425 33016 32374 
32860 33347 33000 32678 
32783 33239 32949 32954 
32671 33017 32818 33108 
32559 32761 32662 33175 
32519 32546 32507 33248 
32456 32300 32295 33195 
32472 32128 32151 33169 
32480 31996 32030 33114 
32565 31976 32030 33095 
32668 32013 32110 33080 
32762 32117 32284 33062 
32829 32249 32512 33023 
32885 32438 32774 32940 
32879 32645 33047 32816 
32864 32876 33308 32639 
32820 33079 33473 32423 
32759 33249 33562 32174 
32707 33457 33466 31800 
32660 33402 33204 31674 
32655 33319 32901 31744 
32695 33185 32572 31966 
32712 32991 32230 32297 
32725 32778 31952 32735 
32728 32534 31760 33221 
32711 32330 31736 33717 
32651 32115 31822 34074 
32617 31986 32070 34270 
32571 31921 32404 34238 
32572 31963 32811 33967 
32567 32064 33180 33481 
32604 32261 33501 32861 
32707 32573 33758 32192 
32803 32872 33821 31540 
32906 33175 33719 31069 
32963 33407 33455 30794 
32974 33544 33074 30794 
32973 33577 32653 31129 
32926 33481 32245 31711 
32816 33264 31889 32455 
32729 32978 31689 33232 
32631 32674 31665 33953 
32591 32401 31836 34526 
32591 32214 32135 34829 
32579 32069 32489 34811 
32576 32031 32852 34468 
32594 32091 33179 33844 
32656 32275 33444 33064 
32689 32497 33555 32234 
32724 32767 33555 31477 
32750 33023 33417 30899 
32729 33196 33179 30586 
32718 33281 32913 30588 
32712 33265 32656 30920 
32659 33095 32391 31492 
32658 32893 32242 32314 
32603 32549 32077 33057 
32603 32272 32043 33801 
32620 32074 32090 34349 
32669 32005 32201 34675 
32733 32080 32377 34706 
32806 32307 32604 34457 
32922 32657 32857 34006 
32962 32974 33038 33310 
33033 33341 33238 32633 
33062 33612 33373 31943 
33078 33750 33454 31364 
33010 33698 33425 30986 
32906 33483 33321 30869 
32745 33139 33136 30973 
32538 32671 32866 31272 
32399 32289 32658 31841 
32270 31926 32412 32450 
32171 31658 32173 33076 
32140 31565 32006 33629 
32238 31681 31955 34080 
32383 31914 31974 34267 
32615 32283 32128 34308 
32900 32714 32364 34153 
33115 33074 32580 33766 
33249 33360 32790 33290 
33310 33547 32988 32793 
33254 33572 33093 32326 
33117 33493 33167 31972 
32863 33279 33151 31711 
32623 33017 33100 31636 
32395 32753 33031 31693 
32275 32540 32988 31907 
32235 32370 32954 32127 
32261 32262 32913 32330 
32408 32266 32929 32563 
32596 32320 32907 32719 
32783 32429 32859 32821 
32984 32571 32804 32872 
33118 32727 32683 32904 
33215 32892 32568 32976 
33184 32940 32363 32987 
33103 32981 32216 33083 
32927 32920 32063 33152 
32722 32816 32003 33260 
32510 32659 32031 33328 
32352 32541 32165 33368 
32219 32399 32375 33294 
32200 32382 32706 33169 
32220 32374 32985 32906 
32346 32487 33290 32595 
32528 32661 33538 32281 
32749 32881 33692 31990 
32919 33041 33673 31694 
33126 33251 33578 31614 
33246 33351 33355 31636 
33303 33377 33059 31794 
33267 33297 32725 32041 
33140 33130 32380 32391 
32942 32864 32075 32764 
32663 32508 31829 33133 
32420 32169 31710 33487 
32203 31870 31713 33746 
32071 31669 31831 33863 
32040 31657 32056 33887 
32118 31796 32363 33762 
32298 32086 32725 33550 
32549 32512 33091 33273 
32803 32932 33371 32863 
33036 33361 33591 32452 
33251 33741 33722 32060 
33373 33947 33728 31700 
33381 33952 33596 31441 
33305 33791 33393 31332 
33123 33449 33075 31342 
32911 33033 32749 31533 
32693 32601 32440 31890 
32481 32163 32166 32332 
32334 31865 31984 32851 
32231 31665 31872 33324 
32233 31665 31888 33787 
32271 31818 31988 34075 
32420 32097 32183 34226 
32536 32413 32375 34135 
32696 32767 32610 33899 
32774 33005 32749 33475 
32812 33169 32878 32986 
32789 33200 32959 32483 
32761 33132 33043 32047 
32694 32997 33088 31736 
32592 32783 33096 31543 
32598 32666 33165 31593 
32613 32577 33184 31750 
32693 32600 33210 31986 
32832 32686 33183 32300 
33045 32889 33160 32742 
33181 33050 33015 33134 
33316 33231 32870 33494 
33310 33304 32660 33566 
33231 33270 32458 33207 
32983 33066 32223 32377 
32680 32748 32028 31345 
32350 32376 31906 30523 
32100 32041 31892 30302 
31972 31805 31952 30968 
32035 31794 32147 32517 
32126 31941 32405 34501 
32185 32155 32713 36384 
32393 32226 33033 37696 
32952 31766 33282 38060 
33921 30849 33514 37406 
34408 30222 33577 35844 
33293 31501 33553 33690 
29788 35836 33420 31170 
25103 42443 33212 28605 
22466 48265 32961 26271 
25652 48550 32728 24675 
35530 40436 32500 24132 
49308 24876 32339 24907 
61198 6843 32224 27075 
64142 123 32142 30498 
54790 0 32131 34698 
36910 9588 32155 38899 
16103 30992 32192 42454 
516 54312 32290 44712 
0 65304 32462 45151 
0 65535 32653 43483 
10578 65535 32827 39824 
25324 65490 33054 34856 
39191 54216 33272 29318 
50489 40467 33432 24069 
59553 27015 33568 20026 
65210 12987 33550 17983 
65438 633 33435 18364 
65497 149 33190 21041 
65535 56 32896 25668 
55982 0 32562 31376 
39508 1848 32289 37368 
18228 22473 32021 42646 
729 46086 31872 46253 
83 64789 31850 47630 
0 65476 31953 46664 
0 65535 32149 43537 
2816 65535 32401 38804 
23165 65535 32709 33083 
44015 60331 32966 27600 
63559 36684 33111 23240 
65475 12097 33207 20585 
65535 291 33205 19945 
65535 14 33103 21292 
65535 0 33030 24465 
51297 0 32893 28576 
31321 16331 32813 33011 
10190 36805 32764 37050 
246 58699 32776 40075 
8 65332 32848 41699 
0 65524 32907 41682 
9 65535 32970 40280 
15895 65535 32987 37811 
33130 65535 32904 34772 
50358 46454 32784 31792 
64149 22399 32594 29262 
65473 1008 32376 27701 
65535 96 32143 27170 
65535 26 31998 27707 
54142 12 31920 28973 
35165 33 31965 30810 
14941 14193 32110 32721 
565 30262 32365 34281 
61 47165 32689 35280 
25 61605 33039 35618 
31 65407 33349 35305 
10293 65513 33625 34460 
23641 65527 33772 33291 
37515 57731 33788 32116 
49341 42121 33679 31203 
57468 23711 33457 30728 
60620 6971 33117 30710 
58465 220 32721 31174 
51388 63 32295 31995 
40828 52 31930 32984 
29238 5175 31612 33868 
18799 15317 31529 34623 
11570 28400 31550 34999 
8863 41439 31724 34924 
10943 52227 32037 34464 
17224 58979 32468 33697 
25843 60406 32893 32734 
34944 56904 33310 31773 
42746 49738 33657 30961 
47762 40464 33828 30391 
49555 30612 33898 30248 
48141 21763 33781 30468 
44307 15330 33539 31002 
38853 12140 33207 31791 
32558 12821 32833 32666 
26419 17289 32454 33485 
21722 24501 32118 34144 
19812 32872 31896 34562 
21457 39573 31803 34687 
26075 43487 31866 34567 
31908 44331 31994 34177 
36951 43138 32234 33659 
39615 41180 32506 33061 
39474 39309 32782 32492 
37697 37320 33043 32044 
35965 34370 33199 31695 
35230 29954 33260 31526 
35157 24763 33230 31528 
34305 20624 33097 31637 
31482 19658 32908 31900 
26906 22989 32709 32205 
22529 29653 32539 32530 
20589 37516 32443 32850 
22388 43896 32414 33089 
27631 46759 32504 33282 
35001 45027 32675 33405 
41973 39205 32875 33373 
46987 31304 33074 33264 
49236 23710 33223 33086 
48251 18934 33324 32895 
43765 18598 33273 32635 
35884 23218 33103 32415 
26038 31297 32869 32287 
16816 39734 32533 32210 
11161 45661 32212 32235 
11387 47004 31914 32315 
17915 43585 31775 32522 
28365 36972 31770 32782 
38849 30142 31896 32990 
46290 25418 32178 33206 
49068 23703 32530 33319 
47839 24418 32952 33372 
44326 26056 33272 33218 
40619 27459 33556 33004 
37422 28285 33747 32746 
34074 29131 33777 32430 
29712 30977 33648 32116 
24114 34527 33423 31879 
18107 39709 33128 31780 
13699 45243 32766 31776 
12781 49528 32454 31945 
16436 50691 32151 32217 
24519 47547 31947 32618 
35705 39807 31818 33063 
47460 28991 31768 33478 
56715 18135 31876 33864 
61135 9857 32050 34078 
59305 6325 32302 34102 
51699 8208 32567 33921 
40027 14749 32877 33559 
27555 23993 33147 33034 
17129 33812 33387 32436 
10681 42706 33591 31866 
8098 50105 33678 31369 
8706 55619 33657 31034 
11987 58628 33538 30929 
18043 58251 33325 31082 
26948 53633 33021 31472 
37852 45206 32657 32009 
48981 34473 32368 32717 
57247 23781 32100 33375 
59832 15497 31887 33963 
55459 11379 31821 34381 
46161 11073 31823 34517 
35545 13095 31937 34425 
27208 15771 32123 34091 
23373 18219 32368 33582 
23635 20638 32613 32974 
25664 24031 32824 32378 
26959 29474 33005 31843 
26351 37451 33134 31470 
24361 47190 33254 31332 
22630 57077 33325 31397 
22898 64197 33367 31632 
25742 65449 33346 31979 
30515 65380 33327 32364 
35768 54221 33247 32724 
40096 40834 33100 32987 
42467 26516 32937 33172 
42851 13698 32735 33240 
41685 4443 32526 33219 
39615 262 32307 33119 
37293 92 32121 33000 
35306 5535 31958 32873 
33911 10237 31891 32821 
32813 20340 31901 32781 
31655 32308 32016 32820 
30005 44828 32197 32865 
27833 55604 32445 32918 
25514 62642 32718 32924 
23872 64472 32998 32915 
23630 61559 33240 32820 
25203 54604 33405 32644 
28556 44998 33546 32478 
32873 33902 33596 32292 
36871 23201 33529 32112 
39545 14229 33342 31956 
40419 8467 33126 31931 
39514 6970 32818 31991 
37368 10112 32482 32168 
34857 17226 32190 32470 
32650 26557 31960 32839 
31174 36058 31788 33216 
30751 43876 31752 33547 
31572 48496 31886 33825 
33447 48682 32125 33905 
35773 44522 32462 33834 
37694 37178 32834 33568 
38177 28891 33169 33138 
36419 22627 33465 32620 
32321 21340 33659 32100 
26846 25738 33684 31639 
21495 34147 33572 31340 
17923 43223 33315 31206 
17341 49375 32981 31303 
20136 50127 32592 31617 
25711 45421 32271 32135 
33020 37385 32010 32706 
40257 29695 31891 33308 
46453 24164 31889 33798 
50658 21093 32021 34158 
52225 19238 32231 34278 
50865 17083 32499 34164 
46923 14483 32789 33801 
41187 12915 33052 33312 
34286 14575 33241 32716 
26954 21209 33386 32143 
19725 32541 33405 31635 
13366 46580 33339 31321 
9137 59761 33107 31178 
8650 65359 32854 31325 
12573 65509 32573 31699 
20758 65512 32320 32214 
31624 52561 32112 32797 
42709 37487 32008 33350 
51386 22661 32060 33851 
55446 11856 32215 34126 
54558 6451 32448 34160 
49875 6552 32733 33931 
43194 10867 33054 33555 
36128 17472 33296 32976 
30245 24200 33472 32388 
25847 30014 33560 31869 
22889 34363 33490 31439 
21333 37484 33250 31198 
21354 39952 32918 31189 
23013 41888 32604 31470 
25963 43174 32274 31934 
29564 43516 32049 32506 
33171 42516 31881 33050 
36251 40277 31889 33617 
38361 37036 32012 34027 
39225 33699 32252 34218 
38774 31258 32490 34160 
37120 30300 32792 33937 
34514 30657 33005 33529 
31599 31581 33095 32992 
29248 32083 33163 32498 
28313 31055 33126 32043 
29067 28262 33020 31689 
31207 24430 32893 31518 
34031 20756 32815 31547 
36544 18672 32772 31691 
38014 19367 32760 31945 
38131 23515 32850 32283 
36775 30582 32921 32581 
34466 39078 32991 32843 
31611 47466 32986 33003 
28757 53867 32926 33104 
26416 56872 32811 33161 
25069 55626 32631 33160 
25126 50231 32396 33120 
26667 41745 32189 33085 
29294 31552 31984 33035 
32401 21513 31889 33018 
35296 13168 31944 33023 
37396 7873 32076 33007 
38707 6236 32346 32977 
39549 8210 32677 32894 
40163 13552 33011 32736 
40426 21756 33315 32528 
39843 32179 33584 32330 
37765 43344 33708 32110 
34222 52949 33685 31915 
29964 59188 33593 31850 
25852 60840 33337 31848 
23043 57564 33035 31960 
22160 49978 32668 32177 
23215 39615 32338 32504 
25398 29011 32037 32848 
27702 20369 31781 33175 
29471 15428 31661 33495 
30756 14631 31661 33713 
32302 17179 31779 33804 
34944 21274 32011 33767 
38915 25228 32311 33594 
43440 28309 32691 33332 
46753 30628 33058 32969 
47196 33069 33402 32568 
44175 36172 33702 32188 
38623 39597 33890 31885 
32497 42187 33939 31671 
27697 42299 33782 31555 
25459 39227 33552 31618 
25128 33984 33191 31791 
25157 28918 32776 32044 
24397 26674 32336 32377 
22974 28680 31951 32730 
22209 34344 31667 33090 
23465 40785 31498 33345 
27119 45271 31546 33580 
31956 45640 31725 33653 
36345 41565 32021 33620 
39393 34222 32388 33496 
41196 26076 32764 33302 
42627 19043 33088 33051 
44151 14416 33288 32783 
45402 12802 33415 32568 
45052 14214 33423 32403 
41985 18496 33326 32300 
36447 25119 33166 32228 
29825 33396 33005 32201 
23976 42238 32848 32208 
20166 50241 32752 32220 
18518 56225 32768 32282 
18422 58668 32800 32334 
19371 56988 32841 32348 
21692 51154 32861 32381 
25759 41959 32792 32385 
31670 30818 32700 32487 
38081 20345 32572 32654 
43253 12318 32388 32854 
45916 7997 32173 33067 
45926 7681 32035 33337 
44107 10863 31934 33557 
41889 16524 31966 33707 
39888 23699 32099 33739 
37930 31608 32367 33656 
35209 39673 32699 33418 
30982 47319 33052 33062 
25630 53367 33377 32631 
20303 56768 33631 32152 
16762 56375 33770 31748 
16608 51631 33772 31453 
20325 42882 33598 31283 
26863 32447 33328 31334 
34374 22717 32992 31544 
40535 16169 32579 31859 
43785 14273 32250 32329 
43418 16694 31903 32797 
40362 21738 31710 33282 
36488 27013 31636 33698 
33730 30822 31703 34017 
33028 32589 31899 34162 
33955 33054 32219 34157 
34890 33689 32566 33978 
34540 35412 32929 33655 
32581 37994 33257 33211 
29880 40236 33510 32676 
28059 40687 33696 32186 
28047 38748 33697 31667 
29753 35297 33559 31280 
32085 31999 33313 31036 
33765 30515 33003 31019 
33837 31423 32652 31200 
32405 33879 32380 31603 
30141 36050 32145 32124 
28085 36528 32013 32717 
27132 34731 32003 33355 
27898 31339 32089 33926 
30380 27898 32264 34300 
34213 25700 32470 34466 
38501 25360 32678 34424 
42081 26571 32860 34142 
43614 28438 32975 33669 
42473 30310 33032 33086 
38998 31991 33033 32447 
34280 33702 33015 31860 
29726 35634 32929 31348 
26771 37664 32875 31084 
25642 39279 32819 31032 
25931 39912 32780 31222 
26764 39124 32682 31574 
27731 36922 32641 32140 
28628 33675 32560 32732 
29787 30236 32485 33291 
31528 27552 32462 33787 
33734 26395 32455 34073 
36055 27226 32539 34207 
37830 29655 32662 34089 
38705 32498 32788 33753 
38649 34597 32929 33296 
37849 35206 33056 32759 
36489 34253 33150 32224 
34648 32290 33165 31731 
32543 30508 33142 31440 
30375 29680 32982 31312 
28707 30163 32766 31402 
28070 31632 32550 31734 
28605 33373 32309 32160 
29829 34890 32127 32657 
30780 36240 32026 33138 
30686 37668 32009 33536 
29531 39413 32157 33847 
28102 41032 32384 33940 
27799 41636 32672 33840 
29501 40277 32980 33578 
33167 36339 33259 33227 
37817 29872 33436 32782 
42220 21750 33544 32342 
45142 14009 33548 32010 
46028 8962 33410 31787 
44931 8377 33161 31690 
41981 13049 32826 31728 
37216 22676 32487 31922 
30863 35194 32214 32227 
23663 47680 31980 32543 
16805 58086 31850 32891 
11896 64490 31803 33167 
10379 65439 31908 33401 
12979 64917 32118 33560 
19261 55585 32397 33589 
27877 44527 32735 33525 
37514 30615 33043 33340 
47179 15059 33330 33099 
55662 874 33540 32797 
61162 110 33658 32471 
62053 41 33662 32180 
57491 13 33532 31911 
47854 9354 33304 31732 
34924 24991 33048 31671 
21217 43251 32732 31759 
10151 59714 32447 31960 
3925 65358 32192 32269 
2889 65494 32017 32670 
6260 65501 31929 33057 
12869 65495 31926 33397 
21891 55009 32024 33667 
32020 39906 32171 33790 
42475 23296 32367 33766 
51937 7072 32584 33632 
58667 245 32737 33368 
61111 74 32879 33064 
58486 36 32947 32687 
51654 45 33020 32391 
42052 13295 33050 32141 
31789 28857 33100 32023 
22525 45366 33153 31980 
15371 59791 33209 32026 
11152 65351 33276 32151 
10028 65485 33310 32291 
11923 65500 33308 32426 
16723 65454 33234 32515 
24047 50739 33105 32594 
33075 34061 32848 32626 
42314 16344 32537 32649 
49894 1201 32254 32740 
54152 105 31931 32783 
53926 38 31682 32888 
48923 20 31556 33035 
40527 10857 31632 33208 
31232 25675 31848 33349 
23641 41296 32186 33453 
19762 54148 32581 33439 
20083 61512 33010 33377 
23460 62294 33352 33155 
27687 57517 33644 32948 
30651 49230 33738 32657 
31717 39824 33719 32409 
31454 30410 33546 32211 
31148 21749 33309 32074 
31971 14074 32996 31959 
34501 7804 32679 31926 
38223 4191 32480 31999 
41846 4294 32323 32075 
43935 9254 32282 32213 
43300 19270 32332 32353 
39436 33387 32436 32503 
33134 48698 32519 32631 
26434 61646 32635 32843 
21232 65405 32636 32988 
19151 65505 32620 33173 
20491 65510 32607 33403 
24184 55870 32560 33599 
28383 41695 32514 33723 
31994 27727 32473 33741 
35017 15885 32526 33707 
38082 7190 32648 33553 
41637 2025 32780 33246 
45082 983 32906 32805 
47123 4343 33057 32355 
46296 12058 33204 31922 
42155 23188 33279 31517 
35609 36175 33293 31253 
28880 47985 33236 31177 
23712 56706 33081 31223 
20944 60899 32914 31501 
20042 60100 32721 31934 
20173 54616 32500 32441 
20913 45919 32299 32979 
22635 35336 32122 33512 
25973 24766 31981 33934 
31023 16336 31963 34270 
37003 11648 31993 34394 
42238 11844 32124 34330 
45348 16368 32339 34093 
46083 23519 32610 33680 
45011 31220 32922 33179 
43026 37518 33233 32600 
40604 41502 33524 32042 
37748 42877 33742 31563 
33995 42364 33822 31223 
29379 40717 33753 31015 
24640 38604 33563 31033 
20897 36204 33227 31204 
19312 33704 32795 31537 
20080 31217 32369 32014 
22596 29026 31996 32561 
25883 27573 31697 33097 
29147 27442 31552 33621 
32024 28905 31599 34052 
34673 31612 31783 34291 
37560 34619 32089 34355 
40930 36461 32445 34217 
44561 35822 32798 33886 
47608 32273 33088 33442 
49158 26717 33327 32987 
48218 21306 33439 32511 
44115 18800 33440 32081 
36853 21413 33336 31733 
27406 29164 33203 31574 
17255 40005 33026 31528 
8735 50654 32887 31637 
4174 57836 32731 31784 
5928 58592 32664 31996 
