32411 31608 31925 33550 
32411 31608 31925 33550 
32308 31866 31798 34038 
32204 32186 31752 34275 
32158 32566 31845 34347 
32193 32931 32042 34202 
32213 33173 32265 33841 
32293 33327 32533 33374 
32398 33346 32802 32896 
32513 33220 32998 32416 
32651 33041 33161 32049 
32815 32862 33256 31817 
32948 32669 33277 31693 
33133 32600 33286 31780 
33275 32622 33267 31926 
33371 32709 33227 32118 
33414 32832 33179 32322 
33382 32964 33119 32505 
33273 33041 33034 32620 
33107 33050 32926 32698 
32897 32968 32792 32732 
32617 32787 32575 32719 
32383 32571 32386 32774 
32144 32321 32163 32832 
31977 32099 31972 32923 
31872 31943 31830 33051 
31894 31924 31825 33223 
31987 32011 31902 33362 
32203 32253 32121 33486 
32431 32524 32377 33459 
32720 32886 32713 33371 
33011 33247 33066 33144 
33260 33530 33364 32822 
33475 33735 33632 32482 
33584 33798 33784 32135 
33595 33700 33814 31837 
33469 33426 33666 31611 
33235 33045 33402 31554 
32926 32605 33038 31626 
32610 32195 32660 31914 
32285 31808 32251 32275 
32032 31538 31901 32690 
31874 31454 31676 33138 
31819 31518 31590 33518 
31922 31786 31679 33839 
32133 32175 31935 33975 
32423 32667 32292 33941 
32737 33180 32706 33735 
33014 33620 33076 33362 
33254 33948 33410 32866 
33424 34099 33653 32382 
33469 34043 33755 31927 
33387 33746 33668 31552 
33217 33336 33465 31388 
33003 32825 33152 31406 
32755 32309 32793 31631 
32555 31905 32482 32039 
32377 31598 32192 32512 
32294 31502 32007 33029 
32278 31572 31940 33493 
32317 31807 31965 33802 
32455 32196 32163 33960 
32559 32609 32378 33902 
32690 33042 32653 33644 
32794 33415 32919 33275 
32835 33625 33105 32784 
32852 33693 33219 32291 
32862 33619 33267 31913 
32798 33377 33162 31621 
32710 33022 32975 31542 
32632 32628 32731 31658 
32563 32273 32509 31968 
32515 32007 32307 32398 
32544 31921 32245 32925 
32567 31917 32236 33342 
32684 32109 32388 33708 
32839 32432 32649 33924 
33009 32806 32962 33898 
33118 33111 33215 33627 
33174 33354 33433 33211 
33151 33477 33539 32681 
33074 33482 33511 32153 
32901 33292 33291 31638 
32724 33043 32994 31368 
32501 32690 32572 31259 
32378 32403 32220 31463 
32246 32118 31866 31849 
32218 31951 31655 32379 
32266 31937 31643 33003 
32329 31991 31747 33547 
32514 32250 32068 34042 
32670 32526 32442 34250 
32858 32899 32899 34282 
32949 33173 33263 33988 
33019 33421 33584 33528 
33051 33553 33759 32935 
33028 33549 33788 32339 
32976 33422 33669 31796 
32908 33216 33432 31384 
32800 32884 33079 31146 
32745 32569 32723 31160 
32712 32283 32389 31407 
32691 32059 32116 31835 
32638 31862 31882 32316 
32601 31792 31780 32893 
32572 31848 31799 33444 
32515 31993 31915 33901 
32471 32236 32139 34176 
32417 32559 32418 34272 
32406 32915 32726 34146 
32431 33240 33011 33805 
32501 33522 33248 33319 
32639 33728 33436 32772 
32862 33836 33573 32220 
33090 33787 33621 31736 
33227 33518 33504 31304 
33334 33208 33356 31126 
33350 32816 33142 31147 
33239 32387 32848 31351 
33058 32044 32570 31777 
32832 31818 32319 32303 
32558 31710 32110 32860 
32257 31714 31914 33373 
32083 31898 31891 33828 
32030 32183 31975 34117 
32051 32462 32120 34182 
32219 32774 32352 34084 
32420 32997 32573 33779 
32665 33152 32785 33361 
32854 33201 32918 32903 
33033 33197 33009 32496 
33105 33122 33049 32141 
33111 33043 33059 31919 
33044 32972 33043 31828 
32882 32864 33009 31794 
32718 32791 32993 31848 
32635 32806 33045 31994 
32585 32813 33102 32151 
32633 32847 33169 32314 
32703 32848 33170 32436 
32800 32783 33096 32548 
32927 32723 32975 32704 
32971 32584 32731 32837 
32988 32428 32472 33007 
32892 32233 32161 33167 
32773 32107 31918 33359 
32619 32063 31758 33520 
32468 32111 31745 33620 
32333 32255 31844 33635 
32258 32494 32086 33545 
32285 32802 32446 33383 
32376 33088 32825 33079 
32499 33324 33191 32681 
32737 33552 33559 32301 
32920 33636 33786 31919 
33047 33595 33847 31576 
33140 33454 33771 31383 
33150 33206 33536 31358 
33072 32870 33192 31494 
32939 32480 32782 31797 
32796 32127 32383 32249 
32606 31781 32010 32743 
32472 31571 31751 33297 
32393 31521 31656 33774 
32372 31642 31731 34109 
32453 31960 31969 34258 
32561 32364 32277 34173 
32882 33390 33083 33457 
32956 33770 33354 32843 
32980 34036 33534 32242 
32933 34085 33570 31665 
32830 33929 33464 31275 
32705 33601 33257 31101 
32541 33107 32933 31151 
32467 32583 32624 31483 
32469 32060 32376 31992 
32528 31609 32196 32570 
32610 31341 32109 33151 
32707 31247 32110 33658 
32827 31430 32244 34025 
32925 31815 32428 34138 
32999 32351 32678 34056 
33003 32941 32891 33761 
32893 33464 33014 33255 
32800 33914 33119 32740 
32742 34194 33205 32268 
32638 34195 33167 31847 
32537 33908 33036 31553 
32462 33399 32824 31452 
32410 32777 32573 31545 
32448 32207 32402 31881 
32481 31679 32241 32302 
32513 31323 32143 32756 
32588 31213 32162 33209 
32642 31327 32264 33578 
32769 31730 32509 33866 
32840 32225 32771 33886 
32940 32800 33049 33744 
32974 33348 33263 33407 
33039 33825 33444 32983 
33056 34102 33503 32488 
33049 34190 33445 32022 
33014 34067 33287 31662 
32913 33720 33006 31445 
32746 33223 32642 31401 
32612 32713 32346 31614 
32509 32214 32107 32006 
32405 31781 31935 32467 
32347 31501 31877 32977 
32327 31404 31920 33426 
32403 31531 32140 33794 
32527 31814 32415 33992 
32636 32153 32704 33959 
32753 32536 32964 33744 
32789 32847 33105 33388 
32834 33122 33202 32987 
32775 33263 33162 32547 
32766 33389 33141 32244 
32682 33365 32998 31956 
32623 33302 32864 31820 
32605 33222 32781 31832 
32614 33114 32733 31932 
32691 33038 32737 32108 
32778 32935 32775 32297 
32901 32847 32832 32465 
33005 32750 32859 32588 
33130 32690 32891 32720 
33172 32585 32841 32854 
33134 32484 32727 33082 
33027 32383 32580 33375 
32863 32298 32425 33613 
32609 32192 32260 33547 
32350 32102 32140 33109 
32119 32034 32100 32313 
31984 32027 32162 31410 
31972 32099 32304 30859 
32185 32344 32553 30954 
32532 32718 32822 31771 
32932 33220 33115 33170 
33083 33633 33316 34728 
33126 33832 33500 35990 
33323 33404 33579 36599 
33939 32077 33504 36347 
34639 30370 33329 35360 
34072 30011 33074 33808 
30919 32955 32779 31955 
25363 39534 32478 30011 
20341 47202 32212 28187 
20588 50918 31999 26730 
29368 45495 31858 25970 
44542 30372 31846 26256 
60723 9791 31961 27701 
65495 219 32140 30218 
65535 0 32362 33522 
62996 0 32618 37201 
37823 22713 32940 40540 
16647 46976 33203 42862 
476 64971 33416 43703 
0 65535 33579 42697 
0 65535 33598 39862 
14471 65535 33539 35616 
28778 64996 33392 30544 
41164 45952 33142 25406 
50819 30683 32840 21257 
58435 15970 32554 18926 
64107 1129 32301 18801 
65447 196 32058 20941 
65328 85 31916 25159 
51719 0 31905 30675 
34078 0 31972 36526 
13571 14810 32144 41850 
472 37861 32355 45770 
87 63066 32610 47685 
0 65401 32844 47125 
0 65535 32993 44293 
0 65535 33089 39720 
21384 65535 33098 34014 
42884 65535 33079 28258 
63501 44482 33052 23491 
65464 20241 32962 20261 
65535 709 32918 19102 
65535 35 32890 20089 
65535 0 32877 22904 
65535 0 32890 27061 
45858 9420 32958 31826 
24870 30445 32950 36396 
2959 54873 32885 40065 
71 65214 32810 42221 
0 65506 32673 42755 
0 65535 32508 41749 
10112 65535 32311 39411 
28090 65535 32137 36296 
46908 53004 32031 33049 
63292 30022 32027 30202 
65457 5327 32093 28075 
65535 161 32303 27011 
65535 23 32555 27024 
65449 0 32869 27978 
44381 0 33151 29493 
23635 9495 33388 31273 
3038 26091 33605 32992 
104 45347 33639 34261 
16 62831 33593 34908 
14 65423 33410 34972 
7055 65527 33171 34539 
17251 65535 32810 33676 
31615 65535 32453 32772 
44747 51586 32154 32050 
54548 31093 31922 31653 
59428 10468 31781 31665 
58505 292 31770 32090 
52246 63 31898 32780 
41937 41 32155 33588 
29550 39 32436 34290 
17749 9868 32751 34698 
8862 23580 33128 34801 
5337 37941 33389 34405 
7354 50682 33565 33658 
14238 59312 33618 32653 
24615 62290 33624 31609 
35825 59167 33476 30665 
45801 51309 33257 30016 
52652 40506 32964 29742 
55479 28743 32680 29990 
54108 18079 32391 30654 
49510 10227 32138 31624 
42698 6247 31912 32750 
34601 7070 31799 33883 
26141 12858 31773 34834 
19032 22543 31831 35456 
15135 33649 32015 35704 
15431 43531 32284 35514 
19871 50046 32645 34971 
26960 52281 33026 34110 
33944 50956 33388 33084 
38617 47862 33714 32092 
40108 44254 33946 31204 
39172 40337 34039 30577 
37695 35505 33956 30235 
37216 29016 33707 30236 
37737 21412 33339 30531 
37701 14751 32859 31077 
35296 11811 32364 31821 
30236 14459 31897 32601 
24192 22199 31515 33304 
20037 32562 31301 33906 
20118 42527 31300 34339 
24844 48746 31501 34548 
32354 49523 31852 34532 
40234 45067 32294 34292 
46471 37006 32809 33955 
49791 27905 33245 33468 
49549 20671 33608 32963 
45522 18059 33835 32478 
37821 21029 33902 32080 
27363 28667 33781 31735 
16279 38446 33524 31500 
8319 46608 33226 31437 
6869 49927 32890 31480 
12886 47397 32549 31609 
24585 40303 32336 31897 
38249 31328 32184 32220 
49128 23973 32105 32540 
54269 20448 32150 32925 
53576 20475 32216 33232 
49097 22568 32299 33460 
43458 25100 32472 33670 
38357 26941 32606 33768 
33758 28354 32709 33724 
28691 30314 32781 33592 
22592 33802 32831 33371 
15884 39160 32838 33066 
10606 45404 32832 32732 
8912 50971 32857 32456 
12240 53690 32867 32177 
20740 51839 32859 31950 
33317 44674 32886 31830 
46904 33524 32924 31814 
58662 20814 32956 31894 
65118 9973 32977 32055 
65505 3828 32926 32232 
57767 4112 32874 32460 
45147 10094 32802 32724 
30548 19681 32705 32963 
17236 30666 32576 33170 
8273 40968 32485 33332 
4402 49452 32425 33406 
4698 55862 32397 33390 
8145 59846 32437 33347 
14459 60440 32490 33197 
23842 56665 32554 32994 
35587 48507 32623 32796 
48357 37090 32682 32594 
58948 24894 32668 32391 
63838 14985 32735 32317 
60363 9661 32701 32243 
50344 9326 32686 32272 
37662 12082 32738 32368 
26719 15702 32805 32488 
21066 18680 32910 32624 
21069 20847 33003 32688 
24317 23328 33136 32762 
27313 27716 33228 32754 
27907 35003 33277 32714 
25900 45119 33232 32623 
23160 56189 33128 32551 
22010 64802 32913 32491 
23778 65458 32664 32503 
28182 65511 32390 32588 
33780 65263 32137 32732 
38905 48689 31924 32898 
42126 32456 31802 33086 
43216 16896 31820 33278 
42481 4686 31933 33380 
40615 179 32183 33408 
38367 87 32510 33326 
36402 82 32854 33117 
34959 5997 33171 32799 
34000 15262 33479 32481 
32959 27442 33684 32154 
31318 40669 33733 31844 
28923 52476 33661 31691 
25979 60941 33446 31663 
23373 64459 33218 31868 
22013 62672 32899 32094 
22810 56375 32566 32421 
25919 47070 32334 32831 
30481 36050 32119 33153 
35292 24837 31964 33406 
39026 14974 31899 33542 
40821 8033 31917 33596 
40438 5576 31968 33494 
38565 8109 32068 33326 
36110 15239 32270 33175 
33762 25384 32504 32986 
31947 36650 32684 32720 
31294 46068 32969 32579 
31905 51763 33214 32431 
33736 52483 33446 32339 
36313 48080 33619 32253 
38681 39467 33675 32141 
39678 28877 33694 32100 
38032 19991 33547 32008 
33585 16464 33355 32020 
26993 19745 33020 32022 
20129 28824 32650 32107 
14987 40712 32301 32359 
13609 49826 31977 32644 
16308 52855 31713 32946 
22438 49368 31594 33278 
30625 41440 31594 33580 
39394 32595 31772 33841 
47415 25732 32079 33981 
53085 22002 32408 33922 
55814 20069 32776 33702 
55208 18001 33131 33338 
51492 14802 33404 32835 
45104 11513 33554 32298 
37248 10978 33625 31821 
28557 15684 33507 31433 
19874 26384 33309 31261 
11899 41571 33051 31295 
6163 57064 32760 31536 
4093 65294 32505 31959 
6991 65511 32368 32514 
15278 65535 32287 33089 
27312 65490 32281 33561 
40532 48925 32374 33909 
51711 32173 32512 34014 
58287 17951 32667 33893 
58984 8811 32806 33560 
54620 5916 32866 33053 
47332 8052 32916 32553 
39250 13195 32907 32069 
32043 19249 32820 31709 
26332 24759 32692 31524 
22429 28994 32593 31625 
20086 32243 32518 31929 
19412 35091 32488 32359 
20552 38070 32495 32847 
23492 41032 32548 33310 
27491 43356 32678 33683 
31785 44418 32786 33856 
35560 43786 32882 33806 
38341 41506 32936 33562 
39771 38117 32897 33149 
39788 34873 32836 32687 
38441 32680 32766 32260 
35962 31940 32692 31946 
32913 32187 32636 31758 
30085 32402 32600 31739 
28521 31485 32621 31879 
28676 28853 32697 32148 
30528 24726 32798 32456 
33374 20246 32925 32767 
36320 16930 33062 33039 
38187 16421 33106 33163 
38487 19585 33089 33160 
37240 26289 32989 33085 
34788 35421 32809 32924 
31740 45282 32586 32773 
28576 53786 32354 32650 
25988 58725 32182 32626 
24351 59020 32035 32653 
24155 54517 31977 32766 
25603 46034 32027 32901 
28531 34943 32213 33083 
32172 23704 32487 33199 
35593 14108 32803 33205 
38110 7553 33117 33104 
39461 4777 33392 32881 
40006 5921 33563 32544 
40280 10670 33651 32214 
40432 18505 33560 31882 
40162 28736 33374 31661 
38760 40109 33103 31603 
35727 51059 32780 31714 
31426 59154 32463 31975 
26844 62878 32270 32396 
23118 61155 32110 32853 
21288 54325 31992 33258 
21721 43619 31959 33600 
23854 31752 32015 33858 
26581 21353 32156 33970 
28757 14624 32271 33848 
30180 12752 32460 33630 
31364 15267 32615 33287 
33559 20018 32806 32931 
37485 24729 32972 32517 
42776 28163 33166 32189 
47746 30192 33347 31898 
49987 31807 33468 31704 
48087 34184 33540 31645 
42387 37585 33504 31664 
34921 41080 33387 31775 
28175 42873 33193 31945 
24031 41379 32901 32180 
22802 36756 32597 32476 
22979 31006 32306 32810 
22808 27142 32029 33091 
21667 27649 31823 33356 
20631 32852 31735 33571 
21517 40575 31743 33679 
25220 46779 31903 33728 
30907 48678 32132 33651 
36703 45102 32441 33498 
41031 36854 32783 33243 
43459 26587 33097 32929 
44833 17377 33364 32593 
46094 11051 33558 32254 
47203 8477 33653 31954 
46977 9610 33607 31710 
44008 14246 33437 31591 
38013 21636 33159 31580 
30277 31100 32821 31692 
22887 41540 32469 31936 
17677 51627 32175 32314 
15287 59507 31956 32748 
15160 63292 31900 33202 
16406 62304 31967 33604 
19068 56450 32129 33861 
23900 46298 32415 33971 
30872 33586 32699 33845 
38904 20783 32958 33533 
45680 10705 33165 33098 
49467 4807 33284 32601 
49733 3592 33309 32138 
47369 6420 33253 31739 
43949 12336 33037 31453 
40978 20032 32820 31420 
38507 28601 32591 31600 
35654 37489 32417 31986 
31330 46136 32274 32431 
25281 53906 32280 32993 
18735 59104 32320 33439 
13712 60444 32447 33803 
12326 56856 32667 33992 
15605 48356 32812 33906 
23088 36477 32918 33606 
32463 24581 33019 33224 
40985 15644 33028 32729 
46384 11929 33035 32266 
47317 13656 32947 31844 
44184 19260 32796 31513 
39288 25823 32696 31445 
35068 30739 32577 31535 
33278 32993 32499 31849 
33774 33021 32386 32203 
35117 32673 32353 32700 
35281 33518 32387 33213 
33327 35860 32392 33612 
29999 38689 32481 33935 
26980 40224 32594 34058 
25902 39310 32745 33989 
27250 36268 32899 33728 
30044 32765 33013 33321 
32694 30889 33154 32843 
33843 31796 33267 32301 
33023 34874 33321 31824 
30859 38051 33266 31415 
28509 39372 33131 31202 
27109 37850 32961 31202 
27398 33857 32713 31386 
29782 28920 32491 31793 
33801 25003 32277 32262 
38712 23228 32109 32839 
43156 23546 31993 33360 
45675 25202 31978 33789 
44997 27362 32085 34082 
41206 29514 32280 34185 
35421 31868 32535 34095 
29431 34656 32774 33809 
24875 37795 32926 33354 
22880 40662 33072 32881 
23092 42193 33103 32407 
24605 41926 33127 32049 
26397 39626 33044 31763 
28172 35858 32981 31635 
30073 31400 32908 31683 
32299 27589 32832 31808 
34895 25532 32814 32036 
37400 25807 32827 32274 
39233 28174 32871 32505 
39970 31589 32887 32690 
39575 34479 32897 32832 
38331 35669 32844 32924 
36573 34872 32761 32971 
34451 32587 32625 33016 
32024 30049 32458 33077 
29673 28594 32293 33141 
27798 28697 32142 33203 
27037 30164 32065 33248 
27775 32222 32061 33275 
29617 34242 32166 33263 
31328 36022 32312 33147 
31826 38034 32600 32992 
30568 40399 32877 32744 
28326 42859 33171 32438 
26920 44268 33414 32144 
27824 43385 33590 31882 
31333 39335 33645 31690 
36582 32054 33544 31616 
42056 22396 33364 31726 
46077 12501 33033 31922 
47822 5280 32640 32248 
47199 2962 32263 32684 
44386 6935 31972 33169 
39340 17092 31709 33570 
32157 31729 31660 33895 
23959 46961 31789 34038 
15773 60269 32045 33978 
9529 65343 32433 33743 
7065 65472 32871 33348 
9481 65488 33267 32833 
16178 65496 33579 32274 
25792 56030 33789 31839 
36744 40596 33782 31465 
47708 22195 33580 31295 
57664 3017 33273 31365 
64363 156 32855 31614 
65459 40 32454 32031 
65365 1 32116 32535 
52718 4112 31904 33080 
37969 19483 31773 33514 
22150 37935 31876 33873 
8521 55675 32069 33996 
544 65247 32370 33960 
74 65495 32701 33716 
73 65514 33030 33359 
8472 65507 33261 32895 
18319 54813 33412 32422 
29621 38599 33455 32012 
41537 20687 33361 31691 
52833 2834 33133 31535 
61346 162 32870 31594 
64797 66 32544 31792 
62688 29 32300 32184 
55490 17 32108 32599 
44481 13738 32032 33064 
32037 31298 32039 33434 
21108 49509 32235 33745 
12804 64422 32473 33834 
7895 65444 32790 33743 
6541 65503 33105 33475 
8806 65514 33357 33074 
14386 65515 33516 32595 
22852 53507 33577 32153 
33160 35494 33488 31783 
44003 15523 33270 31562 
53208 595 32970 31538 
58559 86 32615 31702 
58680 27 32295 32068 
53188 8 32048 32513 
43084 9925 31880 32989 
31154 25918 31840 33416 
21138 42897 31960 33747 
15537 56931 32169 33913 
15269 64629 32472 33890 
19281 65443 32775 33641 
24825 57910 33009 33259 
29333 47525 33142 32776 
31782 35859 33223 32359 
32382 24809 33221 32033 
32459 15093 33100 31785 
33565 7436 32979 31749 
36287 2145 32844 31871 
40188 168 32741 32087 
44044 208 32706 32401 
46225 8477 32747 32727 
45320 21019 32848 32996 
40751 37242 32896 33111 
33456 54652 32957 33163 
25262 65183 32987 33098 
18597 65490 32908 32930 
15714 65528 32731 32731 
17141 65526 32544 32572 
21573 65478 32322 32491 
26980 48951 32116 32506 
31919 32424 31961 32587 
35832 18327 31953 32806 
39444 7534 32016 32996 
43477 820 32226 33202 
47540 99 32560 33326 
49924 66 32931 33332 
48860 8218 33251 33178 
43882 19835 33549 32946 
36091 33550 33744 32640 
27800 47008 33790 32307 
21637 56894 33672 31980 
18463 61756 33445 31781 
17747 60937 33120 31687 
18279 54983 32732 31762 
19515 45044 32373 31987 
21669 33557 32059 32301 
25578 22303 31858 32711 
31360 13580 31749 33143 
38139 9234 31735 33526 
44002 10530 31846 33829 
47257 16694 32046 33991 
47753 25611 32330 33989 
46281 34695 32651 33823 
43970 41869 32978 33486 
41455 45633 33249 33005 
38508 46212 33514 32492 
34506 44465 33712 32023 
29185 41427 33782 31579 
23449 38074 33720 31297 
18989 34911 33538 31192 
16964 31962 33277 31320 
17717 29183 32933 31631 
20565 26796 32543 32095 
24518 25298 32221 32656 
28265 25223 31921 33164 
31651 26987 31753 33634 
34880 30286 31705 33951 
38539 34202 31828 34120 
42820 36886 31989 34032 
47239 36741 32258 33812 
50981 33258 32585 33509 
52788 27279 32855 33053 
51532 21321 33126 32613 
46231 18748 33340 32185 
37488 21948 33458 31847 
26058 30729 33474 31638 
13917 42899 33427 31612 
3714 54495 33271 31690 
130 61645 33027 31877 
26 61694 32797 32198 
