32693 33551 32884 32870 
32693 33551 32884 32870 
32849 33444 32903 32832 
32999 33210 32897 32736 
33098 32895 32834 32627 
33111 32522 32729 32532 
33060 32175 32594 32545 
32862 31809 32346 32569 
32654 31622 32162 32738 
32408 31553 32000 32941 
32244 31662 31951 33196 
32116 31896 31978 33410 
32127 32258 32167 33581 
32254 32699 32455 33631 
32425 33117 32780 33509 
32627 33457 33064 33209 
32858 33718 33330 32809 
33101 33860 33583 32390 
33291 33836 33716 31971 
33334 33603 33655 31591 
33295 33289 33499 31370 
33178 32934 33263 31339 
32983 32523 32941 31472 
32788 32205 32622 31816 
32577 31963 32306 32247 
32405 31800 32045 32741 
32279 31752 31855 33227 
32211 31807 31745 33680 
32203 31993 31779 34026 
32253 32230 31899 34178 
32358 32553 32124 34177 
32506 32886 32420 33994 
32638 33171 32739 33617 
32796 33425 33083 33169 
32931 33545 33366 32642 
33059 33579 33611 32151 
33159 33477 33755 31697 
33163 33246 33724 31333 
33157 32991 33610 31155 
33084 32710 33373 31146 
33012 32478 33089 31347 
32884 32303 32720 31695 
32753 32230 32384 32183 
32617 32241 32079 32735 
32501 32331 31889 33281 
32388 32441 31784 33747 
32327 32568 31817 34087 
32321 32691 31976 34258 
32310 32732 32176 34196 
32382 32739 32447 33953 
32465 32684 32693 33571 
32555 32599 32891 33121 
32622 32469 32994 32585 
32729 32426 33093 32139 
32816 32451 33141 31799 
32871 32529 33134 31588 
32912 32695 33115 31567 
32972 32945 33122 31700 
32957 33160 33097 31892 
33023 33420 33135 32206 
33051 33545 33124 32493 
33035 33546 33093 32737 
33005 33418 33010 32927 
32905 33147 32852 33009 
32767 32784 32665 33054 
32674 32455 32480 33092 
32523 32110 32255 33059 
32397 31870 32041 33039 
32307 31746 31880 33037 
32290 31779 31824 33075 
32321 31916 31869 33102 
32412 32172 32032 33126 
32537 32461 32298 33126 
32698 32777 32657 33067 
32815 33016 33005 32917 
32866 33156 33294 32650 
32951 33314 33600 32452 
32953 33359 33747 32186 
32919 33347 33770 31944 
32834 33284 33648 31773 
32800 33233 33454 31745 
32752 33137 33148 31826 
32717 33002 32792 31999 
32740 32871 32445 32321 
32776 32693 32131 32729 
32814 32493 31883 33133 
32802 32257 31717 33482 
32774 32063 31684 33765 
32713 31918 31780 33932 
32603 31827 31976 33915 
32498 31847 32251 33753 
32389 31957 32580 33456 
32344 32198 32955 33072 
32345 32503 33279 32593 
32447 32902 33578 32123 
32577 33261 33740 31696 
32722 33557 33746 31396 
32897 33796 33646 31288 
33053 33868 33440 31374 
33136 33782 33114 31608 
33122 33532 32712 31979 
33061 33191 32349 32456 
32962 32810 32060 32968 
32803 32414 31864 33436 
32689 32078 31796 33817 
32591 31844 31875 34055 
32524 31743 32046 34096 
32496 31782 32278 33941 
32557 31936 32587 33656 
32599 32144 32843 33236 
32639 32396 33060 32737 
32700 32720 33258 32285 
32733 32977 33352 31874 
32686 33161 33331 31536 
32672 33309 33267 31398 
32632 33362 33126 31432 
32576 33323 32959 31631 
32539 33201 32757 31985 
32481 32974 32519 32374 
32508 32784 32365 32890 
32537 32557 32222 33337 
32634 32410 32179 33758 
32908 32362 32316 34100 
33067 32455 32504 33984 
33197 32581 32716 33662 
33276 32709 32945 33181 
33277 32804 33126 32616 
33225 32891 33295 32059 
33110 32912 33377 31564 
32863 32871 33323 31196 
32608 32807 33197 31064 
32332 32717 32967 31173 
32137 32660 32699 31547 
32037 32629 32460 32102 
31998 32619 32238 32717 
32069 32608 32092 33351 
32219 32642 32055 33918 
32455 32710 32138 34299 
32697 32748 32280 34436 
32957 32794 32494 34356 
33139 32786 32674 34015 
33221 32736 32815 33473 
33229 32679 32948 32897 
33149 32608 33007 32310 
33017 32559 33046 31821 
32861 32541 33061 31480 
32663 32504 32999 31276 
32563 32572 32991 31320 
32526 32671 32992 31525 
32571 32813 33006 31868 
32649 32918 32978 32213 
32759 33032 32959 32605 
32888 33127 32925 32966 
32897 33109 32784 33209 
32875 33052 32638 33390 
32814 32974 32496 33502 
32690 32840 32333 33496 
32554 32707 32203 33454 
32405 32560 32105 33352 
32318 32435 32104 33218 
32282 32332 32188 33066 
32331 32296 32350 32928 
32453 32289 32570 32770 
32602 32327 32812 32606 
32795 32423 33055 32432 
32976 32535 33231 32264 
33159 32717 33387 32148 
33273 32873 33431 32011 
33306 33011 33396 31930 
33243 33099 33253 31901 
33093 33149 33045 31981 
32875 33109 32790 32142 
32594 32996 32508 32392 
32334 32851 32261 32713 
32140 32695 32095 33094 
32007 32540 31990 33450 
32000 32432 31997 33752 
32095 32378 32114 33905 
32318 32412 32331 33917 
32625 32536 32645 33796 
32955 32675 32963 33487 
33201 32777 33200 33007 
33382 32855 33367 32455 
33500 32941 33491 31967 
33470 32944 33450 31507 
33324 32910 33307 31235 
33113 32857 33101 31190 
32786 32720 32780 31320 
32492 32640 32515 31717 
32221 32554 32273 32260 
32030 32488 32096 32855 
31912 32430 31990 33411 
31952 32468 32024 33883 
32123 32581 32173 34198 
32376 32714 32387 34279 
32647 32843 32626 34107 
32924 32956 32880 33728 
33128 33003 33047 33186 
33281 33036 33192 32629 
33373 33005 33279 32079 
33358 32936 33279 31636 
33233 32794 33170 31373 
33095 32665 33050 31325 
32909 32572 32898 31484 
32671 32462 32710 31803 
32484 32418 32536 32244 
32297 32389 32379 32715 
32184 32427 32293 33177 
32087 32434 32195 33528 
32090 32497 32201 33768 
32187 32609 32289 33887 
32373 32741 32440 33819 
32578 32861 32618 33598 
32791 32954 32793 33259 
32975 33006 32954 32848 
33154 33070 33123 32446 
33303 33087 33262 32093 
33346 33051 33324 31797 
33298 32937 33284 31593 
33190 32821 33188 31588 
33025 32669 33010 31685 
32857 32567 32823 31950 
32654 32486 32598 32258 
32479 32464 32385 32642 
32320 32451 32213 33002 
32219 32483 32112 33345 
32202 32555 32098 33633 
32297 32668 32188 33937 
32395 32720 32314 34130 
32563 32792 32510 34227 
32678 32779 32674 33993 
32766 32735 32835 33368 
32744 32582 32912 32262 
32700 32447 32987 30958 
32615 32318 32992 29828 
32564 32267 32980 29311 
32639 32405 32983 29760 
32831 32719 32970 31097 
33036 33173 32991 33104 
33127 33561 32974 35106 
33304 33688 33019 36697 
33704 33043 33012 37419 
34343 31620 32960 37222 
34484 30262 32860 36175 
32901 30717 32721 34444 
28942 34436 32535 32361 
23834 40758 32372 30115 
20974 46535 32208 28021 
24162 47124 32092 26393 
34758 39073 32096 25660 
49496 23117 32165 26088 
62254 4852 32337 27823 
65534 80 32528 30599 
56240 0 32774 34106 
37823 10872 33001 37725 
16926 32997 33170 40838 
532 57156 33299 42839 
0 65395 33369 43160 
0 65535 33336 41571 
10800 65535 33215 38316 
25923 65492 33088 33901 
39850 53718 32872 28987 
50968 39514 32651 24487 
59634 25898 32473 21186 
65157 12249 32254 19745 
65432 596 32109 20488 
65495 151 32055 23329 
65535 57 32093 27836 
55637 0 32213 33257 
37014 4862 32376 38643 
16086 23698 32632 43008 
588 47202 32920 45717 
73 64893 33170 46305 
0 65486 33343 44664 
0 65535 33471 41058 
7821 65535 33481 35998 
24618 65535 33371 30647 
45346 59102 33202 25781 
64315 35734 32913 22098 
65493 11137 32625 20253 
65535 250 32370 20491 
65535 6 32115 22670 
65535 0 31985 26334 
51951 0 31932 30732 
31883 17684 32031 35258 
10294 39095 32205 39148 
234 61827 32454 41760 
2 65385 32730 42753 
0 65535 33039 42087 
21 65535 33246 39987 
16871 65535 33422 36974 
34618 65535 33450 33531 
52338 44564 33378 30226 
64899 20108 33217 27688 
65493 736 32968 26234 
65535 77 32631 25921 
65535 20 32396 26804 
53068 6 32155 28495 
33605 124 32072 30736 
13284 15721 32062 32955 
414 32304 32200 34843 
49 49434 32438 36111 
21 63567 32742 36582 
31 65451 33046 36261 
11268 65522 33275 35290 
24663 65532 33405 33968 
38501 56538 33435 32602 
50232 40778 33368 31477 
57991 21603 33142 30736 
60573 4169 32838 30521 
57589 145 32519 30842 
49852 56 32256 31612 
39039 47 32049 32559 
27144 5486 31989 33533 
16637 16562 32017 34300 
9563 30218 32199 34733 
7535 43643 32480 34750 
10549 54124 32763 34300 
17657 60080 33033 33519 
27108 60653 33261 32581 
37006 56245 33429 31647 
45383 47897 33471 30853 
50556 37454 33388 30375 
51750 27422 33198 30315 
49559 18895 32942 30666 
44842 12960 32612 31332 
38537 10547 32313 32266 
31396 12204 32064 33279 
24607 17772 31904 34199 
19735 25924 31902 34876 
17927 34733 32040 35214 
19836 41950 32287 35164 
24972 46012 32626 34746 
31718 46560 32974 33958 
37631 44667 33328 33046 
40704 41969 33613 32116 
40609 39426 33729 31262 
38555 37077 33716 30714 
36287 33978 33505 30412 
35118 29496 33180 30492 
34946 24135 32797 30896 
34278 19835 32390 31578 
31804 18623 32039 32390 
27537 21685 31809 33185 
23007 28476 31692 33849 
20856 36830 31798 34323 
22527 43717 32025 34515 
27705 47023 32343 34395 
34762 45662 32707 34069 
41684 40005 33036 33572 
46899 31640 33252 32982 
49129 23499 33338 32431 
48034 18179 33349 32028 
43300 17578 33224 31783 
35309 22182 33024 31708 
25164 30771 32820 31845 
15809 40123 32675 32098 
10168 46977 32569 32388 
10723 49134 32593 32689 
17687 46060 32655 32878 
28848 39249 32776 32964 
40543 31485 32885 32901 
48399 25987 32988 32777 
51127 23586 33009 32628 
49409 23714 32952 32456 
45317 24887 32823 32384 
40806 25838 32590 32394 
36896 26227 32368 32537 
33083 26723 32147 32738 
28411 28503 32005 33006 
22647 32329 31999 33302 
16645 38070 32112 33526 
12169 44742 32325 33638 
11446 50313 32653 33622 
15581 52623 33013 33458 
24210 50338 33311 33113 
35820 43272 33528 32692 
48039 32709 33651 32254 
57993 21266 33650 31874 
62977 11808 33498 31573 
61289 7073 33257 31448 
53507 7743 32914 31461 
41603 13084 32557 31657 
28626 21344 32239 32015 
17386 30727 31983 32443 
9991 39769 31825 32918 
6970 47278 31773 33390 
7342 53273 31863 33808 
10347 57085 32054 34037 
16084 57820 32315 34128 
24949 54438 32624 34030 
36411 46889 32947 33770 
48153 36669 33233 33377 
57430 26054 33452 32878 
61064 17637 33599 32364 
57784 13040 33650 31905 
48658 12183 33544 31462 
37791 13793 33377 31260 
28793 16079 33118 31203 
24260 18078 32821 31345 
23994 19914 32502 31630 
25836 22808 32257 32102 
27008 28011 32065 32605 
26098 35856 31956 33101 
23552 45755 31921 33542 
21190 55983 32011 33914 
20864 63880 32174 34103 
23566 65448 32408 34143 
28725 65493 32667 33992 
34714 55020 32914 33686 
39837 41729 33088 33246 
43104 26969 33216 32749 
44136 13736 33294 32266 
43300 3991 33290 31866 
41132 183 33156 31551 
38576 90 32946 31436 
36277 926 32745 31533 
34489 9977 32563 31806 
33042 20193 32430 32169 
31494 32608 32384 32607 
29503 45468 32441 33043 
27059 56374 32562 33363 
24630 63557 32735 33567 
23005 65431 32928 33605 
22930 62270 33067 33487 
24901 54898 33085 33181 
28671 44460 33040 32801 
33240 32980 32914 32466 
37413 21784 32706 32160 
40191 12559 32520 32038 
40978 6779 32325 32015 
39857 5534 32181 32135 
37470 9119 32111 32364 
34722 16782 32189 32685 
32276 26879 32356 33023 
30661 37239 32565 33283 
30266 45954 32851 33509 
31226 50904 33094 33553 
33390 51044 33277 33450 
36045 46427 33390 33228 
38230 38249 33398 32895 
38875 28863 33290 32490 
37156 21405 33141 32123 
32834 19073 32857 31778 
26995 22975 32577 31603 
21152 31548 32321 31618 
17094 41332 32114 31805 
16135 48367 31959 32094 
18832 50065 31939 32545 
24627 46055 32000 33020 
32145 38833 32171 33464 
39965 31424 32449 33826 
46757 26025 32788 34020 
51399 22942 33080 33975 
53267 20921 33335 33721 
52161 18458 33517 33323 
48446 15124 33574 32803 
42822 12392 33527 32271 
35868 12711 33372 31766 
27993 18389 33102 31384 
20001 29576 32764 31210 
12977 43883 32471 31287 
8091 57791 32216 31588 
6766 65285 32020 32047 
10364 65507 31978 32642 
18797 65526 31972 33188 
30204 56813 32044 33639 
42075 41566 32287 34045 
51522 26258 32548 34192 
56401 14254 32819 34134 
55994 7491 33075 33850 
51121 6496 33233 33365 
44118 9900 33321 32836 
36767 15662 33305 32304 
30422 21859 33189 31849 
25585 27246 32939 31484 
22394 31677 32711 31398 
20850 35181 32499 31550 
20938 38111 32311 31812 
22676 40812 32277 32255 
25697 42987 32322 32721 
29484 44152 32446 33140 
33393 43825 32649 33458 
36624 41981 32898 33641 
38745 38923 33064 33580 
39626 35598 33221 33386 
39097 32925 33269 33055 
37173 31567 33171 32621 
34331 31664 33009 32273 
31218 32341 32755 32000 
28793 32532 32499 31908 
27825 31208 32246 32006 
28681 28016 32053 32240 
31066 23675 31973 32597 
34179 19411 32017 32998 
36924 16750 32153 33334 
38540 17024 32398 33576 
38605 21003 32721 33674 
37102 28160 33012 33557 
34486 37263 33239 33243 
31345 46660 33408 32832 
28255 54355 33476 32374 
25782 58684 33469 31948 
24481 58384 33326 31603 
24792 53563 33142 31491 
26674 44980 32882 31527 
29771 34296 32622 31772 
33352 23116 32370 32165 
36482 13597 32161 32653 
38482 7209 32030 33169 
39369 4469 31929 33597 
39561 5640 31925 33904 
39510 10535 32015 34059 
39271 18976 32239 34061 
38365 29599 32443 33808 
36431 41201 32758 33455 
33254 51735 32999 32952 
29419 59336 33279 32449 
25755 62301 33512 31936 
23579 59691 33641 31514 
23394 52459 33655 31273 
24968 42211 33526 31165 
27466 31189 33301 31253 
29793 21793 33016 31564 
31121 15835 32649 31988 
31580 14348 32349 32546 
31984 16424 32054 33091 
33484 20352 31843 33579 
36771 24498 31772 33997 
41201 27740 31825 34204 
44779 29992 32021 34240 
45785 32111 32257 34046 
43416 34843 32532 33690 
38373 38114 32778 33233 
32462 40812 32954 32686 
28079 41452 33117 32227 
26110 39099 33149 31798 
26111 34452 33148 31545 
26466 29653 33093 31451 
25872 27391 33049 31551 
24197 29427 33013 31792 
22818 35243 32973 32069 
23504 42194 32986 32422 
26706 47140 32994 32724 
31479 47822 33009 32987 
36136 43443 32941 33128 
39355 35324 32832 33194 
41141 26090 32670 33164 
42455 17968 32499 33129 
43837 12455 32259 33016 
45025 10310 32054 32941 
44760 11582 31907 32888 
41752 16043 31815 32834 
36178 23124 31909 32878 
29367 32078 32075 32900 
23350 41710 32382 32948 
19509 50608 32703 32899 
18069 57402 33071 32848 
18342 60497 33392 32711 
19710 59185 33662 32555 
22258 53380 33779 32344 
26477 43886 33739 32131 
32359 32414 33599 31981 
38935 20981 33320 31862 
44178 12225 32955 31830 
46821 7329 32586 31948 
46566 6619 32239 32170 
44347 9546 31945 32486 
41467 15248 31744 32867 
38951 22509 31671 33267 
36674 30510 31726 33617 
33954 38694 31936 33925 
30050 46378 32207 34052 
24953 52857 32553 34025 
19864 56678 32901 33783 
16659 56619 33190 33387 
16811 52208 33466 32912 
20717 43852 33599 32322 
27506 33504 33694 31829 
35264 23461 33590 31330 
41506 16850 33415 31071 
44660 14846 33158 30997 
44179 17237 32860 31159 
40879 22234 32514 31512 
36633 27590 32257 32107 
33515 31240 32052 32739 
32708 32495 31940 33353 
33535 32403 31945 33893 
34512 32581 32046 34242 
34197 34110 32219 34382 
32129 36904 32412 34254 
29353 39488 32605 33903 
27475 40299 32793 33457 
27409 38642 32871 32904 
29135 35345 32915 32384 
31592 32160 32954 32001 
33416 30718 32944 31737 
33644 31771 32917 31627 
32411 34396 32956 31764 
30343 36770 32948 31926 
28522 37345 32993 32163 
27826 35364 33031 32392 
28861 31690 33098 32592 
31590 27802 33124 32692 
35551 25209 33091 32718 
39749 24694 32997 32690 
43031 26018 32842 32656 
44027 28322 32636 32647 
42203 30657 32450 32754 
37934 32644 32219 32863 
32586 34456 32068 33065 
27721 36183 31939 33247 
24661 37836 31947 33437 
23905 38982 32061 33542 
24884 39085 32258 33542 
26652 37934 32509 33407 
28396 35591 32742 33133 
29892 32579 32959 32809 
31361 29485 33118 32421 
33128 27275 33223 32101 
35078 26657 33239 31865 
36926 27896 33215 31760 
38232 30572 33161 31791 
38661 33669 33105 31961 
38151 35999 33024 32174 
36990 36612 32979 32445 
35423 35395 32932 32677 
33635 33028 32895 32873 
31741 30559 32817 32972 
29979 29075 32743 33036 
28761 29074 32623 33039 
28509 30236 32466 32984 
29305 31864 32288 32904 
30702 33527 32128 32879 
31675 35147 31989 32865 
31387 37003 31907 32884 
29815 39200 31952 32966 
27816 41308 32076 33052 
26891 42455 32308 33137 
28130 41509 32584 33136 
31773 37669 32902 33081 
36756 31119 33228 32944 
41644 22790 33532 32743 
45152 14591 33737 32485 
46563 8820 33814 32184 
45815 7583 33739 31909 
42999 12079 33543 31715 
38396 21530 33218 31631 
32184 34041 32868 31697 
24885 46957 32468 31853 
17604 58056 32174 32200 
12059 64864 31904 32568 
10210 65448 31804 33028 
12408 65374 31783 33440 
18258 56275 31842 33770 
26565 45235 31961 33969 
36296 31030 32151 34028 
45899 15464 32394 33975 
54390 1030 32654 33749 
60217 121 32879 33431 
61767 42 33083 32991 
57997 12 33275 32537 
48810 8423 33453 32072 
36296 24127 33591 31711 
22959 42238 33670 31453 
11848 58838 33620 31290 
5222 65332 33492 31288 
3783 65497 33300 31434 
6847 65502 33011 31734 
13042 65494 32655 32089 
21392 55519 32343 32592 
31036 40815 32043 33052 
41152 24533 31800 33502 
50482 8396 31660 33861 
57472 279 31680 34094 
60191 76 31817 34170 
57904 39 32042 34069 
51302 32 32341 33827 
41983 12627 32649 33438 
32017 28061 32930 33015 
22865 44768 33137 32520 
16095 58869 33298 32096 
11953 65324 33386 31788 
10541 65480 33399 31611 
11894 65495 33343 31571 
16222 65376 33271 31682 
23423 49893 33163 31899 
32364 34054 33059 32129 
41813 17122 32979 32432 
50014 1780 32872 32661 
55074 116 32779 32875 
55418 37 32675 33020 
50648 17 32545 33103 
42128 10164 32435 33161 
32082 25113 32258 33162 
23534 41282 32130 33185 
18733 54904 32010 33172 
18688 62488 31987 33198 
22035 63221 32034 33220 
26493 58366 32142 33206 
30026 49973 32324 33145 
31632 39965 32604 33032 
31602 30448 32933 32879 
31243 21959 33176 32610 
32008 14561 33424 32361 
34453 8463 33585 32073 
38185 4493 33639 31841 
42019 3931 33576 31665 
44300 8162 33434 31649 
43795 17614 33205 31737 
40049 31194 32931 31937 
33767 46539 32637 32244 
26525 60511 32375 32661 
20896 65374 32137 33098 
18447 65506 31923 33474 
19675 65512 31818 33791 
23565 57230 31825 33999 
28311 45097 31943 34060 
32513 30505 32139 33943 
35643 18122 32393 33682 
38393 8765 32658 33290 
41489 3009 32967 32848 
44646 1009 33193 32335 
46781 3293 33413 31890 
46275 10110 33559 31556 
42204 20983 33592 31346 
35749 33506 33504 31282 
28783 45614 33342 31405 
23428 55023 33177 31735 
20554 59920 32900 32103 
19854 59831 32646 32535 
20332 55068 32429 33024 
21230 46893 32190 33418 
22928 36794 32057 33748 
26048 26490 31962 33926 
30892 18012 31990 33994 
36892 12971 32075 33874 
42391 12669 32254 33652 
45766 16633 32459 33324 
46620 23398 32700 32939 
45362 30888 32907 32534 
42979 37173 33070 32138 
40161 41132 33158 31824 
37113 42476 33175 31653 
33415 41811 33138 31647 
28991 39936 33031 31779 
24429 37593 32952 32041 
20716 35065 32832 32341 
19044 32615 32756 32701 
19862 30474 32750 33026 
22511 28751 32763 33256 
26052 27798 32781 33351 
29608 28035 32796 33352 
32813 29712 32822 33236 
35595 32568 32816 33018 
38396 35680 32771 32775 
41437 37653 32716 32575 
44690 37189 32626 32445 
47515 33621 32485 32323 
49028 27776 32338 32322 
48258 21706 32256 32430 
44367 18403 32218 32585 
37415 20104 32216 32741 
27956 27191 32319 32914 
17532 37916 32516 33081 
8359 48952 32754 33154 
3125 56881 33017 33156 
4072 58659 33234 33041 
