32418 31828 32024 33203 
32418 31828 32024 33203 
32216 31768 31972 33261 
32075 31832 31979 33324 
32049 32052 32095 33340 
32149 32379 32308 33332 
32307 32757 32558 33229 
32521 33145 32841 33076 
32714 33454 33093 32808 
32944 33719 33360 32560 
33097 33807 33515 32268 
33190 33767 33610 32033 
33165 33544 33530 31812 
33089 33222 33385 31676 
32971 32838 33149 31660 
32872 32466 32920 31785 
32792 32139 32677 31996 
32713 31882 32450 32288 
32667 31754 32273 32675 
32647 31752 32149 33078 
32613 31849 32064 33438 
32551 32016 32018 33740 
32538 32314 32076 33977 
32500 32637 32180 34050 
32482 32945 32340 33972 
32448 33170 32502 33700 
32446 33356 32706 33336 
32513 33466 32945 32878 
32546 33430 33122 32310 
32669 33391 33320 31834 
32805 33284 33447 31425 
32924 33118 33478 31157 
33024 32931 33414 31081 
33126 32744 33303 31241 
33197 32592 33127 31625 
33179 32431 32884 32120 
33125 32317 32630 32695 
33029 32248 32392 33294 
32837 32158 32145 33772 
32651 32156 32005 34152 
32455 32185 31927 34285 
32326 32288 31986 34235 
32231 32435 32110 33970 
32201 32612 32333 33563 
32234 32797 32587 33057 
32304 32965 32845 32484 
32400 33080 33040 31960 
32551 33183 33208 31588 
32677 33203 33269 31374 
32774 33148 33218 31357 
32835 33037 33077 31525 
32901 32927 32913 31884 
32931 32767 32727 32297 
32954 32652 32601 32760 
32987 32550 32505 33167 
33006 32481 32500 33482 
33012 32443 32556 33630 
33071 32509 32725 33663 
33064 32563 32874 33508 
32985 32587 32982 33213 
32903 32665 33071 32900 
32762 32712 33072 32578 
32583 32711 32971 32292 
32437 32713 32819 32138 
32276 32661 32568 32055 
32189 32625 32344 32116 
32163 32591 32136 32267 
32259 32641 32055 32541 
32366 32671 32037 32777 
32516 32720 32136 32984 
32685 32806 32333 33148 
32856 32906 32625 33222 
32994 33009 32946 33219 
33052 33061 33214 33067 
33108 33110 33458 32904 
33123 33101 33601 32690 
33099 33041 33626 32466 
33043 32902 33501 32262 
32961 32711 33267 32126 
32833 32467 32920 32070 
32699 32250 32546 32158 
32573 32083 32200 32358 
32427 31960 31885 32612 
32320 31962 31712 32920 
32260 32066 31700 33235 
32259 32287 31853 33467 
32342 32621 32166 33630 
32435 32937 32510 33600 
32555 33235 32898 33400 
32693 33457 33249 33056 
32850 33595 33511 32645 
33012 33635 33685 32241 
33119 33504 33660 31831 
33187 33276 33514 31552 
33189 32956 33246 31432 
33127 32624 32888 31525 
33049 32352 32569 31837 
32898 32128 32276 32253 
32703 31953 32033 32721 
32509 31900 31910 33212 
32330 31933 31901 33630 
32224 32071 32016 33927 
32186 32298 32239 34049 
32233 32544 32507 33953 
32347 32803 32790 33681 
32507 33016 33030 33274 
32672 33190 33201 32777 
32866 33307 33312 32306 
33016 33341 33313 31922 
33079 33270 33189 31645 
33038 33105 32952 31564 
32960 32912 32704 31677 
32839 32709 32479 31967 
32721 32546 32347 32367 
32591 32398 32277 32769 
32505 32324 32312 33109 
32481 32298 32458 33349 
32521 32349 32680 33452 
32630 32459 32925 33375 
32784 32630 33162 33189 
32912 32777 33290 32889 
33028 32920 33335 32565 
33107 33036 33262 32316 
33064 33068 33035 32115 
32971 33051 32753 32084 
32819 32948 32438 32201 
32624 32781 32151 32419 
32471 32595 31966 32736 
32334 32407 31885 33042 
32297 32285 31964 33343 
32306 32219 32142 33515 
32383 32276 32418 33565 
32540 32460 32782 33474 
32673 32693 33102 33206 
32818 32976 33386 32844 
32905 33249 33557 32434 
32992 33478 33642 32050 
33018 33556 33555 31740 
32983 33489 33359 31545 
32911 33235 33050 31550 
32794 32835 32665 31725 
32699 32390 32305 32074 
32633 31976 32014 32566 
32572 31635 31815 33074 
32516 31464 31738 33555 
32506 31489 31818 33928 
32592 31821 32104 34157 
32681 32270 32462 34144 
32787 32846 32885 33930 
32873 33391 33267 33482 
32924 33858 33564 32909 
32978 34172 33782 32327 
32939 34196 33764 31739 
32851 33975 33572 31298 
32764 33581 33274 31089 
32607 33000 32837 31048 
32499 32406 32384 31331 
32473 31918 32083 31850 
32437 31519 31848 32430 
32476 31342 31761 33071 
32521 31370 31835 33651 
32626 31633 32057 34110 
32737 32050 32386 34324 
32892 32590 32767 34334 
33028 33134 33118 34096 
33048 33545 33327 33590 
33105 33897 33496 33063 
33064 34002 33494 32430 
33016 33941 33418 31918 
32888 33653 33213 31485 
32709 33201 32922 31260 
32537 32692 32618 31273 
32429 32216 32389 31564 
32314 31765 32181 31991 
32246 31467 32054 32485 
32224 31371 32006 33000 
32280 31485 32091 33495 
32402 31810 32279 33829 
32597 32298 32553 34007 
32786 32841 32839 33921 
33124 33779 33328 33211 
33265 34094 33493 32734 
33359 34212 33579 32252 
33335 34072 33498 31820 
33247 33754 33322 31547 
33073 33298 33038 31455 
32872 32765 32715 31583 
32650 32257 32406 31914 
32435 31771 32113 32333 
32285 31497 31935 32823 
32186 31376 31857 33258 
32142 31417 31894 33612 
32238 31696 32111 33869 
32353 32067 32376 33897 
32485 32449 32654 33731 
32620 32857 32904 33470 
32711 33145 33071 33062 
32777 33368 33153 32652 
32842 33511 33195 32321 
32855 33518 33141 32051 
32853 33437 33049 31905 
32855 33309 32959 31926 
32873 33164 32896 32050 
32877 32988 32831 32202 
32898 32838 32813 32398 
32976 32756 32859 32598 
33040 32675 32879 32729 
33062 32600 32883 32765 
33054 32539 32847 32751 
33012 32484 32795 32727 
32866 32393 32668 32678 
32714 32346 32548 32716 
32509 32268 32402 32792 
32303 32209 32254 32935 
32103 32145 32114 33103 
32020 32175 32087 33306 
32074 32298 32161 33491 
32200 32444 32299 33559 
32436 32657 32531 33517 
32682 32867 32773 33310 
32956 33105 33037 32962 
33184 33324 33271 32546 
33382 33534 33479 32120 
33469 33659 33568 31723 
33443 33695 33561 31435 
33349 33656 33472 31375 
33109 33448 33241 31453 
32843 33175 32975 31804 
32564 32839 32679 32399 
32297 32458 32374 33160 
32079 32033 32097 33798 
31950 31683 31888 34095 
31906 31397 31771 33826 
31986 31257 31770 33072 
32132 31252 31870 32043 
32387 31432 32061 31176 
32740 31864 32359 31021 
33163 32495 32713 31622 
33512 33238 33034 32876 
33658 33973 33324 34404 
33644 34443 33592 35713 
33696 34202 33741 36431 
34032 33004 33781 36337 
34248 31280 33656 35442 
33363 30621 33464 34023 
30281 32759 33178 32226 
25197 38320 32839 30238 
20873 45063 32449 28234 
21775 48117 32153 26745 
30008 43428 31899 25904 
43964 30111 31759 26061 
58686 11866 31783 27408 
65441 311 31872 29910 
65535 0 32048 33240 
49173 292 32270 36864 
28501 23811 32559 40258 
7411 47479 32825 42720 
102 64967 32971 43668 
0 65535 33100 42902 
327 65535 33160 40350 
17344 65522 33181 36338 
31768 60998 33157 31444 
44010 45202 33162 26539 
53790 31331 33124 22294 
61446 18152 33118 19713 
65343 4053 33107 19146 
65466 230 33084 20764 
65527 91 33018 24479 
62041 8 32924 29518 
43398 0 32785 35047 
22826 14866 32572 40157 
2043 37219 32407 44130 
141 61496 32199 46267 
5 65387 32001 46238 
0 65535 31900 44146 
0 65535 31852 40297 
16847 65535 31899 35405 
37714 65535 32094 30184 
58599 45891 32355 25611 
65379 21995 32690 22355 
65535 890 33019 20816 
65535 56 33310 21145 
65535 0 33585 23323 
65376 0 33710 26722 
42787 9484 33724 30776 
21824 28639 33634 34832 
1442 50785 33420 38201 
57 65101 33148 40454 
0 65487 32870 41304 
0 65535 32544 40729 
8797 65535 32318 39089 
25411 65535 32023 36565 
43841 54634 31851 33762 
59831 31786 31711 31189 
65386 7272 31756 29273 
65528 199 31865 28169 
65535 36 32046 27961 
65168 10 32322 28559 
43525 8 32687 29793 
23122 9196 33007 31196 
3295 24540 33331 32569 
116 41979 33639 33675 
24 58114 33797 34283 
21 65321 33880 34417 
5939 65507 33744 34026 
17862 65531 33526 33438 
31795 65529 33227 32776 
44788 50254 32834 32205 
54657 31146 32447 31907 
59874 12133 32094 31965 
59399 432 31802 32310 
53695 78 31618 32865 
44029 49 31577 33531 
32361 50 31686 34101 
20718 10470 31971 34476 
11974 23048 32284 34459 
7663 36766 32690 34140 
8419 48923 33025 33441 
13913 57500 33347 32613 
23039 61007 33534 31688 
33398 58783 33594 30928 
42659 52148 33511 30488 
49204 42705 33321 30402 
52102 32413 33067 30703 
51248 22700 32773 31384 
47201 15013 32492 32259 
41308 10917 32342 33203 
34325 10685 32241 33981 
27292 14574 32269 34502 
21408 21916 32392 34728 
18049 31110 32607 34587 
18367 39565 32805 34123 
22271 45286 32943 33403 
28541 47396 33004 32615 
34994 46462 33028 31950 
39524 43720 32951 31410 
40633 40725 32769 31166 
39139 38016 32616 31296 
36755 34849 32419 31651 
35211 30516 32288 32221 
34966 24943 32233 32856 
34856 19513 32209 33397 
33342 17020 32342 33814 
29717 18867 32547 33974 
25115 25059 32810 33877 
21739 33748 33032 33512 
21745 42392 33251 33015 
25629 47884 33408 32457 
32162 48757 33476 31949 
39288 44700 33376 31536 
45179 37034 33188 31344 
48557 27881 32889 31394 
48635 20455 32563 31704 
45202 16991 32250 32216 
38340 18743 31962 32767 
28952 25260 31819 33356 
18768 34390 31796 33863 
11312 42510 31941 34195 
9260 46974 32229 34300 
13896 46366 32568 34114 
23887 41508 33000 33743 
35987 34482 33330 33128 
45910 28521 33596 32471 
51215 25331 33785 31871 
51239 24911 33711 31291 
47752 26133 33522 30966 
42960 27397 33169 30899 
38617 27860 32774 31093 
34716 27775 32363 31529 
30496 28257 32075 32179 
25174 30354 31851 32865 
19009 34708 31791 33568 
13694 40536 31877 34120 
11172 46461 32111 34480 
13015 50386 32403 34571 
19727 50537 32704 34389 
30475 45839 32987 33952 
43031 36794 33215 33350 
54324 25756 33304 32647 
61761 15559 33385 32013 
62939 8881 33334 31460 
57371 7371 33133 31049 
46413 11187 32930 30938 
33370 18581 32682 31064 
21079 27628 32490 31471 
12156 36594 32311 32052 
7486 44562 32222 32716 
6684 51262 32203 33408 
8914 55976 32268 33957 
13773 58092 32422 34318 
21398 56542 32634 34423 
31778 50858 32867 34246 
43805 41373 33051 33808 
54883 30022 33222 33168 
60914 20289 33308 32497 
60113 13967 33358 31887 
52642 11687 33270 31391 
41374 12568 33050 31087 
30576 14912 32797 31063 
24037 17155 32522 31317 
22484 19018 32279 31810 
24285 21259 32115 32423 
26591 25203 31994 33040 
27199 32034 31980 33595 
25641 41605 32137 34071 
23202 52267 32362 34283 
21871 61727 32636 34240 
23061 65384 32926 33974 
26923 65495 33192 33498 
32399 64432 33376 32913 
37724 49648 33451 32321 
41473 34708 33394 31805 
43164 19831 33229 31439 
42888 7726 32967 31312 
41241 461 32679 31425 
38955 96 32385 31742 
36795 84 32150 32156 
35172 5527 32032 32651 
34023 14458 32092 33177 
32864 26007 32231 33551 
31239 39021 32496 33825 
28954 51071 32778 33818 
26281 60247 33078 33656 
23883 64745 33296 33334 
22713 64057 33422 32929 
23457 58351 33387 32461 
26263 49347 33247 32092 
30434 38345 32976 31791 
34923 26894 32681 31693 
38645 16406 32403 31841 
40522 8690 32160 32068 
40341 5559 32000 32396 
38713 7369 32043 32831 
36231 13679 32136 33186 
33730 23179 32353 33489 
31733 34066 32633 33651 
30760 43551 32894 33642 
31063 50008 33138 33482 
32608 52034 33306 33174 
35031 49170 33411 32831 
37532 41860 33377 32439 
38899 32298 33239 32100 
38187 23464 33058 31874 
34905 18547 32772 31741 
29469 19638 32464 31769 
23178 26667 32226 31997 
17987 36748 32019 32288 
15662 45544 31949 32704 
16903 49850 31985 33081 
21546 48401 32130 33413 
28732 42443 32436 33693 
36924 34895 32748 33755 
44401 28752 33056 33636 
50105 25015 33321 33355 
53243 22896 33521 32981 
53357 20645 33565 32515 
50620 17260 33531 32119 
45605 13481 33313 31749 
38977 11750 33053 31585 
31348 14572 32698 31586 
23193 23433 32375 31785 
15476 36996 32132 32127 
9438 51604 31974 32552 
6486 63591 31975 33044 
7935 65458 32053 33449 
14338 65523 32227 33747 
24985 65149 32452 33890 
37120 48299 32711 33839 
48011 32733 32940 33607 
55018 19056 33057 33212 
56846 10049 33130 32739 
53684 6689 33203 32314 
47337 8452 33144 31903 
39934 13337 33030 31636 
33147 19375 32917 31563 
27697 25052 32730 31641 
23839 29764 32592 31905 
21585 33435 32493 32309 
20893 36511 32402 32724 
21798 39393 32410 33176 
24074 41964 32440 33525 
27433 43813 32530 33772 
31263 44354 32695 33889 
34694 43196 32817 33743 
37318 40574 32914 33428 
38890 37183 32999 33026 
39200 33983 33046 32557 
38188 31865 33034 32096 
36032 31251 32950 31716 
33209 31712 32819 31500 
30563 32238 32681 31472 
28946 31733 32546 31649 
28940 29536 32440 32014 
30524 25855 32392 32458 
33094 21623 32398 32944 
35743 18252 32444 33389 
37586 17204 32551 33743 
38027 19489 32661 33949 
36981 25123 32785 33941 
34743 33318 32867 33716 
31886 42547 32923 33378 
28982 50912 32974 32968 
26463 56648 32954 32472 
25019 58272 32964 32059 
24896 55312 32892 31701 
26322 48300 32821 31519 
29046 38529 32740 31517 
32518 27487 32634 31692 
35762 17371 32527 32008 
38046 9953 32459 32440 
39104 5918 32370 32871 
39309 5661 32348 33315 
39203 9238 32403 33692 
39020 16285 32480 33896 
38597 25900 32627 33906 
37319 36968 32790 33724 
34789 47884 32964 33379 
31179 56769 33160 32935 
27366 61368 33275 32424 
24395 60866 33335 31963 
23180 55391 33330 31621 
23888 46045 33199 31453 
26022 34749 32974 31482 
28453 24421 32674 31700 
30277 17138 32434 32152 
31072 14070 32185 32616 
31451 15155 32000 33103 
32583 19021 31926 33532 
35319 23573 31953 33804 
39626 27416 32137 33907 
44020 30090 32349 33777 
46665 32222 32658 33506 
45869 34637 32980 33122 
41661 37557 33216 32650 
35650 40512 33435 32229 
30023 42000 33555 31915 
26478 40696 33526 31700 
25293 36388 33341 31647 
25429 30871 33094 31804 
25182 26740 32761 32059 
23851 26405 32427 32431 
22248 30481 32132 32855 
22036 37494 31940 33266 
24377 44093 31870 33560 
28985 47492 31999 33780 
34235 46020 32197 33755 
38568 40137 32529 33617 
41447 31532 32897 33303 
43199 22926 33204 32867 
44727 16224 33420 32360 
46190 12562 33567 31962 
46608 12133 33563 31627 
44573 14815 33382 31456 
39454 20357 33092 31481 
32277 27971 32762 31723 
25018 36846 32453 32126 
19547 45766 32184 32618 
16719 53443 32015 33114 
16283 58194 31971 33575 
17391 58922 32042 33897 
19805 55310 32234 34027 
23795 47623 32471 33955 
29736 36964 32729 33721 
36775 25506 32909 33318 
43148 15834 33028 32894 
47275 9443 33086 32478 
48242 7110 33052 32101 
46595 8660 32981 31855 
43589 13299 32863 31732 
40564 20000 32768 31744 
38056 27676 32749 31922 
35403 35735 32779 32148 
31767 43661 32821 32382 
26697 50984 32910 32610 
21144 56096 32994 32794 
16820 57747 33034 32894 
15390 55026 33011 32952 
17847 47913 32898 32957 
23810 37667 32762 33004 
31738 26511 32546 33029 
39109 17827 32343 33089 
43846 13479 32130 33116 
44887 14089 31992 33164 
42482 18591 31962 33195 
38167 24677 32033 33168 
34562 29577 32220 33086 
33051 32341 32531 32966 
33667 33217 32874 32790 
35031 33551 33156 32501 
35564 34887 33462 32271 
34210 37413 33631 32051 
31421 40229 33677 31891 
28647 41721 33589 31813 
27310 40789 33380 31820 
28047 37546 33128 31990 
30044 33367 32761 32174 
32003 30471 32451 32486 
32788 29963 32161 32832 
32012 31621 31912 33146 
30170 34099 31746 33425 
28230 35586 31737 33658 
27211 34921 31834 33791 
27816 32271 32042 33779 
30199 28870 32362 33707 
34038 26212 32701 33490 
38618 25386 33064 33188 
42783 26446 33375 32797 
45106 28630 33663 32431 
44608 30962 33792 32049 
41224 32949 33782 31702 
35847 34498 33613 31448 
30058 36003 33354 31373 
25669 37473 33016 31433 
23465 38684 32610 31627 
23486 39173 32274 32007 
24938 38489 32021 32461 
26853 36436 31810 32911 
28667 33494 31741 33365 
30413 30241 31822 33742 
32344 27524 32061 34039 
34506 26033 32311 34121 
36658 26425 32576 34013 
38286 28622 32825 33797 
39024 31767 33029 33463 
38718 34656 33130 33039 
37475 36189 33138 32588 
35734 35956 33147 32212 
33738 34173 33062 31879 
31729 31876 32989 31678 
29888 30149 32946 31599 
28550 29716 32923 31660 
28161 30594 32912 31797 
28989 32157 32935 31970 
30769 33775 32951 32197 
32528 35156 32902 32395 
33246 36613 32881 32650 
32203 38361 32774 32851 
29898 40275 32621 33042 
27731 41759 32464 33226 
27184 41719 32292 33384 
29140 39174 32141 33506 
33294 33641 32049 33592 
38162 25883 32033 33604 
42380 17383 32127 33574 
44917 10269 32271 33434 
45498 6884 32521 33239 
44044 8795 32786 32935 
40702 16400 33030 32560 
35690 28042 33277 32193 
29127 41352 33424 31839 
21867 53805 33481 31562 
15277 63153 33451 31417 
11372 65410 33348 31410 
11241 65470 33176 31577 
15135 64805 32987 31843 
22421 53032 32745 32218 
31597 39925 32506 32639 
41348 24456 32293 33068 
50543 8182 32131 33487 
57881 280 31999 33826 
61800 70 31942 34031 
60580 24 31957 34116 
53875 22 32064 34053 
42478 14433 32256 33850 
28826 31645 32504 33506 
15449 50242 32799 33043 
6406 64303 33121 32564 
2655 65455 33398 32039 
4019 65502 33628 31599 
9256 65500 33725 31267 
17337 63683 33699 31110 
26961 47831 33518 31118 
37432 31858 33247 31333 
47650 15286 32894 31716 
56197 866 32497 32266 
60951 117 32154 32848 
60807 51 31883 33419 
55812 27 31744 33915 
47050 6806 31751 34252 
36425 21029 31892 34387 
26298 37583 32099 34279 
18009 53292 32388 33964 
12416 64684 32759 33536 
9702 65451 33081 32992 
9905 65492 33324 32398 
13117 65500 33537 31904 
19192 57653 33610 31519 
27581 43040 33502 31298 
37240 25899 33280 31280 
46717 8519 32990 31505 
53614 274 32649 31856 
56371 60 32357 32326 
54013 24 32137 32827 
46694 4916 31981 33284 
36656 17531 32011 33662 
26939 33613 32161 33864 
20260 48835 32410 33868 
18212 59531 32737 33718 
20338 63617 33047 33407 
24846 61103 33303 32963 
29181 54036 33459 32526 
31740 44681 33508 32134 
32187 35025 33408 31834 
31511 25666 33151 31630 
31352 17584 32834 31677 
32766 10745 32476 31857 
35856 5596 32182 32192 
39710 3163 31953 32593 
42996 5075 31900 33035 
43942 12664 31963 33423 
41671 25013 32163 33649 
36428 40342 32451 33719 
29582 55491 32779 33665 
23169 65143 33067 33443 
19240 65489 33241 33094 
19034 65516 33286 32703 
22098 65501 33290 32404 
26656 52326 33160 32156 
31183 37290 32947 31996 
34656 23290 32704 31958 
37424 12321 32566 32093 
40363 4741 32521 32302 
43603 917 32533 32541 
46331 1300 32627 32751 
46910 6319 32759 32877 
44224 15600 32905 32961 
38521 27702 32990 32914 
31484 40531 33037 32832 
25254 51565 33013 32739 
21276 58742 32849 32595 
19868 60765 32664 32558 
19947 57816 32444 32593 
20591 50714 32200 32651 
21813 41001 32053 32815 
24260 30062 31975 32990 
28497 20454 32059 33187 
34215 13825 32273 33350 
40137 11599 32595 33416 
44654 14003 32921 33342 
46685 20159 33235 33113 
46303 27897 33500 32820 
44423 35164 33658 32461 
41974 40458 33700 32138 
39163 43119 33592 31855 
35726 43300 33351 31624 
31461 41852 33021 31596 
26587 39571 32651 31693 
22146 37013 32308 31992 
19238 34297 31984 32317 
18668 31526 31744 32725 
20406 29080 31683 33207 
23508 27139 31684 33583 
27112 26320 31838 33909 
30478 26986 32092 34044 
33545 29317 32416 34036 
36545 32662 32817 33866 
39836 35739 33193 33525 
43454 37096 33492 33045 
47019 35669 33720 32510 
49668 31328 33863 31978 
50220 25685 33855 31547 
47847 21245 33688 31225 
42064 20549 33343 31036 
33381 25146 33015 31133 
22520 34354 32587 31407 
12064 45167 32225 31905 
4348 54239 31898 32455 
1999 58393 31709 33086 
