32404 32759 32867 31616 
32404 32759 32867 31616 
32517 32644 32837 31741 
32698 32568 32851 31978 
32926 32530 32899 32248 
33189 32555 32985 32564 
33408 32567 33051 32797 
33565 32603 33090 32964 
33561 32594 33034 33021 
33486 32599 32949 33033 
33260 32592 32768 32976 
32922 32550 32519 32883 
32587 32587 32306 32857 
32205 32563 32054 32812 
31930 32610 31893 32821 
31758 32681 31837 32874 
31746 32764 31910 32965 
31862 32862 32125 33071 
32083 32923 32435 33126 
32376 32966 32797 33126 
32672 32952 33152 33023 
32941 32875 33456 32835 
33153 32787 33660 32604 
33298 32706 33740 32333 
33367 32657 33698 32101 
33338 32610 33494 31880 
33253 32608 33211 31774 
33143 32656 32885 31801 
32964 32670 32496 31914 
32807 32726 32170 32186 
32651 32771 31925 32534 
32522 32759 31788 32930 
32402 32703 31723 33316 
32324 32621 31804 33641 
32304 32563 32023 33886 
32311 32490 32289 33979 
32355 32460 32617 33907 
32411 32453 32936 33662 
32496 32498 33221 33292 
32633 32631 33491 32864 
32771 32804 33647 32370 
32903 32982 33685 31903 
33033 33163 33620 31537 
33092 33243 33403 31280 
33138 33278 33137 31221 
33092 33195 32790 31341 
33051 33065 32469 31659 
32942 32873 32189 32103 
32807 32649 31982 32600 
32694 32458 31904 33151 
32556 32283 31912 33606 
32480 32194 32038 33978 
32408 32140 32217 34140 
32409 32161 32459 34154 
32414 32227 32682 33983 
32452 32354 32879 33675 
32465 32460 32981 33257 
32495 32603 33015 32803 
32544 32769 33016 32368 
32597 32914 32984 31991 
32645 33052 32927 31724 
32724 33172 32910 31616 
32808 33236 32922 31625 
32905 33216 32946 31728 
32971 33117 32974 31893 
33106 33059 33065 32173 
33150 32917 33066 32392 
33167 32784 33041 32600 
33143 32695 32970 32810 
33045 32611 32823 32996 
32870 32532 32585 33111 
32686 32518 32369 33261 
32469 32506 32151 33357 
32268 32462 31954 33416 
32150 32444 31882 33476 
32103 32400 31895 33469 
32182 32385 32064 33435 
32316 32340 32310 33294 
32535 32336 32645 33105 
32748 32340 33001 32820 
32931 32384 33290 32458 
33107 32558 33570 32170 
33199 32774 33716 31874 
33204 33043 33714 31629 
33137 33364 33599 31526 
33015 33651 33386 31551 
32877 33839 33094 31706 
32738 33881 32784 32009 
32607 33719 32446 32368 
32495 33394 32149 32808 
32376 32868 31884 33225 
32325 32309 31733 33623 
32319 31769 31717 33945 
32330 31315 31787 34066 
32400 31078 31980 34053 
32666 31342 32592 33545 
32838 31802 32958 33134 
32993 32363 33293 32643 
33168 33053 33618 32190 
33225 33632 33763 31741 
33226 34089 33790 31418 
33180 34365 33695 31298 
33041 34393 33475 31332 
32836 34170 33142 31542 
32607 33730 32763 31857 
32412 33198 32406 32284 
32279 32625 32126 32744 
32204 32071 31904 33150 
32230 31659 31815 33522 
32351 31458 31853 33790 
32506 31434 31977 33876 
32735 31625 32214 33864 
32927 31951 32482 33740 
33059 32337 32744 33511 
33107 32698 32968 33200 
33055 32997 33133 32850 
32939 33211 33262 32501 
32763 33310 33293 32163 
32601 33301 33274 31907 
32431 33173 33149 31719 
32343 32987 32982 31665 
32322 32784 32776 31738 
32393 32632 32596 31931 
32554 32552 32469 32249 
32716 32537 32368 32610 
32887 32589 32343 32978 
33008 32679 32380 33290 
33095 32801 32457 33522 
33111 32926 32605 33620 
33095 33038 32802 33591 
33000 33075 32967 33397 
32860 33032 33087 33097 
32715 32925 33162 32752 
32567 32763 33155 32386 
32464 32575 33070 32102 
32413 32378 32900 31899 
32398 32209 32689 31852 
32443 32111 32452 31947 
32563 32123 32285 32195 
32690 32201 32205 32530 
32811 32357 32194 32891 
32892 32537 32262 33214 
32943 32788 32450 33474 
32916 32987 32634 33577 
32832 33155 32827 33521 
32684 33247 32952 33347 
32542 33285 33033 33087 
32446 33297 33067 32819 
32349 33175 32998 32496 
32342 33045 32896 32257 
32430 32902 32814 32129 
32566 32724 32738 32066 
32802 32588 32729 32105 
33023 32460 32740 32194 
33219 32364 32778 32313 
33373 32348 32872 32465 
33407 32333 32936 32582 
33332 32392 32988 32702 
33140 32455 32968 32789 
32862 32519 32879 32857 
32544 32601 32737 32944 
32238 32659 32527 32998 
32042 32758 32378 33109 
31938 32789 32194 33135 
31965 32830 32089 33183 
32154 32885 32113 33213 
32366 32875 32163 33154 
32668 32904 32370 33106 
32952 32896 32617 32950 
33172 32899 32903 32770 
33296 32875 33147 32538 
33364 32878 33367 32308 
33323 32897 33514 32098 
33197 32885 33540 31933 
33008 32870 33456 31846 
32772 32812 33251 31852 
32533 32729 32974 31982 
32322 32629 32646 32215 
32166 32500 32327 32548 
32079 32343 32044 32900 
32083 32221 31865 33264 
32141 32093 31773 33532 
32337 32091 31878 33761 
32591 32176 32119 33868 
32869 32344 32444 33787 
33129 32567 32808 33563 
33329 32840 33136 33211 
33406 33089 33382 32731 
33451 33416 33597 32307 
33351 33625 33627 31876 
33159 33738 33516 31556 
32887 33719 33275 31395 
32580 33548 32963 31412 
32289 33249 32621 31629 
32083 32872 32352 32015 
31984 32451 32135 32455 
32017 32068 32050 32993 
32107 31694 32004 33422 
32378 31573 32148 33829 
32676 31582 32346 34018 
32960 31741 32565 34016 
33177 31999 32773 33816 
33323 32374 32966 33485 
33299 32749 33057 33006 
33209 33124 33103 32530 
33029 33456 33093 32092 
32812 33681 33030 31732 
32576 33756 32918 31518 
32400 33707 32814 31496 
32285 33522 32729 31653 
32255 33225 32650 31946 
32318 32883 32594 32333 
32440 32511 32544 32753 
32569 32160 32485 33154 
32713 31897 32454 33516 
32871 31776 32471 33775 
32984 31791 32504 33877 
33039 31927 32576 33820 
33059 32181 32697 33649 
32964 32448 32780 33293 
32847 32762 32915 32884 
32728 33029 33041 32435 
32640 33272 33144 32019 
32553 33371 33165 31632 
32572 33452 33184 31443 
32590 33395 33083 31399 
32683 33308 32938 31595 
32791 33157 32738 32040 
32888 32996 32530 32685 
32940 32823 32334 33358 
32942 32622 32179 33817 
32888 32465 32140 33810 
32759 32286 32165 33265 
32587 32133 32263 32372 
32440 32049 32452 31505 
32329 32019 32639 31047 
32352 32139 32827 31368 
32433 32355 32945 32399 
32536 32687 33025 33866 
32537 32945 33044 35335 
32657 32828 33010 36382 
33191 32018 32978 36698 
34008 30630 32962 36254 
34163 29751 32937 35102 
32370 31241 32923 33423 
28069 36419 32917 31409 
23176 43769 32935 29305 
21494 49455 32911 27318 
26702 48596 32879 25898 
38969 38433 32797 25299 
54878 20033 32656 25915 
65145 1515 32528 27841 
65535 8 32334 30789 
60466 0 32215 34551 
39681 14164 32102 38367 
18193 37619 32125 41724 
650 61444 32168 43755 
0 65476 32346 44141 
0 65535 32586 42616 
10770 65535 32834 39202 
25690 65479 33083 34439 
38942 50595 33280 29239 
49507 35880 33435 24354 
57806 22209 33499 20687 
64161 8052 33438 18846 
65425 329 33285 19283 
65509 123 33054 21993 
64054 34 32725 26376 
46147 0 32458 31877 
26364 7510 32132 37462 
5294 28132 31989 42420 
199 52740 31859 45775 
32 65151 31910 47050 
0 65526 32059 46044 
0 65535 32285 42944 
11371 65535 32623 38345 
31769 65535 32960 32837 
52868 54361 33263 27543 
65199 31257 33516 23216 
65535 6573 33633 20502 
65535 150 33634 19805 
65535 0 33483 21173 
65535 0 33208 24233 
52236 1638 32874 28399 
32378 21349 32522 32980 
11249 43388 32208 37237 
233 64463 31934 40593 
0 65438 31859 42417 
0 65535 31870 42605 
529 65535 32024 41296 
19124 65535 32265 38812 
37697 64912 32581 35584 
55407 40740 32892 32226 
65214 16334 33161 29338 
65515 480 33332 27289 
65535 57 33403 26289 
65535 11 33401 26425 
48766 2 33288 27531 
28587 6413 33121 29319 
8029 18416 32879 31360 
208 35633 32609 33313 
29 53283 32382 34905 
14 65061 32195 35879 
67 65486 32106 36167 
13767 65528 32106 35815 
27760 65535 32212 35006 
41939 55921 32428 33939 
53590 36836 32664 32759 
60188 17315 32938 31881 
61168 1152 33167 31310 
56634 102 33358 31143 
47506 51 33417 31321 
35262 45 33365 31800 
22822 7136 33184 32350 
12520 18968 32958 32950 
6406 32683 32689 33402 
5652 45911 32431 33657 
10369 56092 32220 33629 
18989 60896 32114 33383 
29635 60162 32121 32973 
40104 54496 32219 32520 
48338 45534 32405 32107 
53060 34934 32623 31817 
53688 24921 32817 31720 
50791 16738 32959 31811 
45451 11528 33094 32097 
38478 10040 33167 32479 
30740 12764 33157 32869 
23499 19351 33041 33200 
18484 28198 32890 33411 
16873 37135 32723 33499 
19249 43991 32570 33463 
24804 47216 32405 33296 
31815 46866 32303 33065 
37302 44387 32330 32916 
39840 41324 32380 32733 
39372 38614 32500 32599 
37341 36002 32690 32563 
35581 32481 32884 32533 
35212 27666 33059 32509 
35599 22360 33197 32485 
35066 18558 33270 32422 
32340 18397 33258 32328 
27558 22939 33171 32225 
23154 30808 33019 32133 
21385 39512 32801 32073 
23574 46176 32561 32095 
29202 48653 32374 32257 
36606 45968 32223 32508 
43327 38972 32115 32811 
48006 29795 32113 33165 
49579 21269 32194 33503 
47533 16152 32359 33796 
41613 16553 32577 33927 
32502 22373 32734 33856 
21854 31718 32867 33653 
12439 41400 32946 33291 
7660 48055 32973 32853 
9908 49320 32982 32426 
18610 45337 32974 32026 
30841 38165 32958 31736 
42561 30753 32921 31553 
50397 25592 32932 31554 
52623 23773 32937 31694 
50490 24363 33012 31989 
46193 25654 33020 32273 
41746 26510 33013 32607 
37603 26753 32937 32903 
33278 27210 32799 33116 
27860 29110 32623 33254 
21282 33129 32417 33314 
14726 39016 32207 33303 
10261 45639 32051 33269 
10049 50718 31939 33163 
15101 52212 31954 33076 
24842 48852 32066 32963 
37396 40819 32315 32906 
50318 29392 32613 32829 
60075 17921 32949 32770 
64109 9308 33243 32673 
61216 5768 33491 32560 
52320 7840 33608 32415 
39471 14665 33626 32290 
26212 23908 33486 32138 
15493 33646 33267 32038 
8829 42644 32975 31976 
6367 50249 32681 32018 
7262 56209 32425 32149 
11035 59555 32203 32349 
17604 59132 32045 32607 
27148 54354 31990 32916 
38985 45376 31974 33221 
50892 33787 32044 33501 
59644 22156 32195 33730 
61760 13684 32403 33865 
56649 9553 32632 33809 
46460 9463 32854 33612 
35047 11807 33061 33292 
26295 14933 33283 32907 
22766 17709 33413 32432 
23537 20490 33472 31959 
25957 24463 33447 31562 
27280 30779 33348 31327 
26252 39972 33163 31253 
23587 50634 32910 31376 
21304 60891 32644 31680 
21296 65350 32399 32159 
24389 65492 32212 32719 
29871 65518 32057 33248 
35750 56536 31963 33682 
40677 41283 32015 34040 
43532 25089 32144 34178 
44172 10959 32324 34113 
43001 1075 32565 33846 
40776 107 32787 33421 
38288 82 32971 32910 
36152 1454 33143 32408 
34554 10413 33279 31963 
33119 21128 33303 31596 
31465 33473 33276 31458 
29161 45802 33125 31442 
26385 56092 32960 31654 
23672 62341 32749 32004 
21954 63388 32549 32450 
22122 59339 32350 32900 
24484 51487 32211 33288 
28645 41292 32180 33595 
33568 30304 32216 33735 
38114 19941 32398 33763 
40961 11932 32612 33599 
41649 7762 32844 33300 
40430 8119 33044 32886 
37993 13026 33189 32458 
35129 21475 33250 32051 
32498 31862 33207 31751 
30756 41899 33095 31600 
30361 48959 32901 31640 
31391 51911 32707 31882 
33586 49919 32468 32203 
36276 43353 32301 32591 
38394 33527 32224 33029 
38670 23410 32190 33376 
36441 16849 32286 33650 
31685 16234 32394 33726 
25472 22200 32545 33684 
19356 33002 32700 33469 
15640 43923 32775 33138 
15533 50960 32840 32800 
19144 51742 32851 32461 
25755 46995 32901 32246 
33809 39304 32869 32077 
42055 31727 32853 32012 
49036 26421 32888 32073 
53261 23425 32922 32174 
54506 20973 32983 32325 
52765 17599 33018 32449 
48413 13452 33024 32531 
41879 10512 33020 32620 
34215 11836 32912 32632 
25916 19057 32795 32656 
17563 31654 32602 32661 
10323 46907 32445 32759 
5663 61043 32276 32874 
5347 65399 32123 33012 
10284 65519 32065 33186 
20029 65526 32110 33349 
32450 55531 32229 33449 
44898 39210 32423 33461 
54072 23811 32684 33387 
57859 12769 32928 33200 
56212 7323 33090 32839 
50674 7366 33290 32543 
43161 11334 33396 32163 
35751 16997 33402 31801 
29553 22706 33315 31543 
24958 27496 33146 31447 
21987 31260 32935 31508 
20626 34510 32700 31769 
20926 37498 32458 32144 
22803 40399 32225 32585 
25922 42825 32075 33106 
29772 44148 31982 33599 
33498 43820 32023 33980 
36509 41916 32185 34214 
38439 38882 32398 34210 
39127 35663 32656 33997 
38506 33259 32930 33606 
36543 32158 33109 33000 
33883 32328 33308 32409 
31177 32783 33409 31840 
29263 32364 33355 31319 
28915 30355 33235 31033 
30242 26564 33027 30951 
32769 21992 32804 31159 
35590 17958 32572 31568 
37777 16073 32421 32186 
38557 17484 32299 32855 
37705 22507 32221 33493 
35491 30499 32205 34008 
32503 40102 32300 34355 
29276 49532 32453 34451 
26456 56395 32593 34269 
24601 59378 32767 33894 
24087 57655 32884 33299 
25216 51446 32962 32647 
27936 41702 32988 32008 
31527 30546 32962 31497 
35176 19834 32880 31209 
37939 11211 32719 31112 
39483 5919 32614 31360 
39875 4552 32514 31792 
39650 7144 32449 32326 
39328 13292 32454 32901 
38842 22427 32535 33428 
37738 33495 32734 33827 
35437 44956 32891 33961 
31966 54991 33095 33859 
28120 61218 33253 33575 
24847 62370 33312 33143 
23132 58212 33246 32611 
23445 49726 33118 32145 
25467 38281 32840 31726 
28022 27286 32535 31562 
30122 18760 32287 31680 
31072 14265 32034 31922 
31298 14143 31881 32284 
31949 17391 31895 32783 
34018 21854 31968 33188 
37900 25907 32191 33548 
42606 28820 32531 33784 
46118 30897 32859 33782 
46575 33064 33137 33565 
43463 35989 33390 33255 
37811 39295 33549 32845 
31806 41771 33599 32418 
27519 41781 33525 32020 
25722 38552 33314 31700 
25695 33291 33025 31572 
25673 28447 32688 31606 
24520 26787 32348 31816 
22575 29630 32058 32155 
21424 36110 31830 32579 
22762 43115 31768 33048 
26742 47539 31839 33462 
32063 47240 32028 33781 
36962 42056 32353 33938 
40489 33436 32739 33909 
42663 24126 33105 33678 
44451 16414 33436 33334 
46224 11668 33639 32845 
47342 10375 33710 32360 
46278 12585 33616 31847 
42126 17781 33384 31491 
35250 25374 33030 31289 
27410 34632 32654 31320 
20744 44405 32310 31575 
16771 53010 32023 31975 
15490 58858 31865 32490 
16011 60860 31831 33013 
17920 58363 31947 33530 
21538 51226 32148 33913 
27271 40646 32445 34121 
34534 28838 32760 34126 
41799 17915 33038 33917 
47209 9929 33226 33519 
49410 6099 33343 33026 
48371 6677 33386 32499 
45438 10758 33341 32033 
42027 17165 33187 31648 
38933 24875 32942 31402 
35886 33280 32691 31363 
32140 41593 32432 31530 
27290 49012 32237 31849 
21706 54792 32120 32301 
16806 57687 32091 32791 
14415 56450 32141 33239 
15992 50623 32307 33660 
21501 41238 32559 33900 
29468 30291 32839 33945 
37734 20674 33100 33794 
43880 14869 33285 33457 
46400 14122 33442 33058 
44872 17652 33408 32548 
40763 23313 33297 32080 
36300 28684 33097 31729 
33389 31931 32792 31489 
32890 32927 32505 31492 
33878 32829 32271 31718 
34619 33266 32111 32084 
33796 35138 32015 32489 
31364 38068 32085 32996 
28450 40285 32174 33377 
26856 40450 32383 33717 
27289 38138 32604 33860 
29410 34447 32821 33788 
31989 31258 33008 33548 
33521 30393 33149 33196 
33340 32067 33241 32772 
31704 35009 33243 32338 
29513 37301 33190 31969 
27821 37358 33054 31698 
27538 34785 32877 31626 
29159 30566 32674 31732 
32475 26575 32469 31982 
36846 24230 32308 32332 
41186 24093 32188 32753 
44195 25758 32130 33137 
44450 28198 32166 33441 
41774 30679 32330 33664 
36832 32959 32566 33712 
31156 35143 32804 33557 
26395 37443 33054 33292 
23915 39536 33292 32931 
23783 40764 33442 32532 
25237 40643 33491 32176 
27251 38945 33394 31877 
29106 35901 33200 31708 
30682 32018 32889 31684 
32212 28404 32596 31864 
33949 25898 32324 32160 
35787 25263 32109 32524 
37369 26723 31987 32917 
38251 29767 31947 33241 
38229 33142 32061 33517 
37362 35442 32231 33610 
35967 36008 32495 33624 
34297 34811 32769 33503 
32425 32561 32933 33227 
30616 30559 33069 32931 
29113 29688 33126 32652 
28297 30155 33081 32379 
28632 31575 33028 32231 
30034 33277 32935 32160 
31737 34746 32830 32138 
32761 36208 32811 32219 
32210 37916 32806 32298 
30309 40012 32861 32412 
28108 41883 32902 32453 
27331 42495 32936 32470 
28981 40764 32942 32465 
32923 36088 32896 32474 
37897 28659 32754 32468 
42543 19636 32589 32560 
45462 11358 32420 32720 
46117 6409 32207 32910 
44706 6660 32087 33189 
41349 12692 32024 33439 
36269 23654 32089 33642 
29576 37460 32247 33757 
22174 50896 32463 33717 
15397 61576 32770 33548 
10905 65372 33052 33226 
10161 65468 33323 32796 
13639 65482 33499 32288 
20882 57627 33590 31823 
30059 45276 33542 31438 
39970 29999 33374 31213 
49581 13168 33159 31212 
57589 538 32866 31366 
62511 94 32572 31735 
62462 33 32333 32255 
56776 5 32079 32782 
45976 9983 31915 33349 
32045 26219 31850 33818 
17925 44715 31896 34162 
7141 60873 32025 34330 
1916 65392 32262 34312 
2112 65498 32555 34095 
6672 65503 32882 33710 
14516 65456 33158 33149 
24252 50674 33422 32571 
34802 35071 33611 32016 
45440 18357 33671 31543 
54751 2449 33608 31227 
60972 146 33427 31060 
62218 58 33170 31131 
58221 28 32833 31350 
50113 6975 32516 31765 
39729 17590 32254 32296 
29083 34115 31994 32789 
19852 50932 31890 33336 
13335 63945 31891 33780 
9689 65438 32019 34084 
8980 65492 32236 34241 
11233 65500 32472 34176 
16632 64587 32736 33952 
24744 47625 32980 33592 
34434 30383 33130 33132 
44250 12565 33241 32652 
52299 473 33286 32182 
56590 76 33238 31762 
55741 27 33133 31483 
49683 23 32977 31363 
40173 13313 32799 31435 
29945 29091 32646 31688 
21851 45315 32497 32059 
18326 57524 32409 32501 
19428 62939 32358 32947 
23372 61568 32370 33370 
27755 55077 32435 33686 
30636 45951 32562 33887 
31431 36029 32668 33851 
30926 26709 32813 33630 
30729 18864 32943 33325 
32106 12138 33028 32925 
35280 6817 33078 32491 
39660 3950 33100 32109 
43541 5052 33034 31808 
45199 11264 32915 31656 
43621 22641 32805 31703 
38662 37548 32652 31891 
31501 53123 32520 32208 
24050 64899 32437 32607 
18999 65476 32396 33004 
17654 65518 32381 33319 
20014 65512 32454 33553 
24586 55407 32503 33633 
29669 40092 32620 33577 
33770 25734 32701 33405 
36970 13888 32761 33131 
40004 5379 32748 32807 
43474 685 32784 32552 
46504 97 32745 32303 
47705 4241 32742 32186 
45678 12767 32773 32154 
40310 24710 32830 32207 
32896 38235 32937 32331 
26012 50126 33051 32467 
21378 58419 33139 32563 
19488 61719 33220 32625 
19523 59663 33222 32642 
20435 53033 33161 32632 
21731 43453 32998 32575 
23971 32489 32738 32529 
27839 22214 32471 32557 
33352 14477 32198 32650 
39373 11192 31974 32812 
44060 12757 31808 32977 
46400 18335 31791 33208 
46276 25989 31915 33431 
44465 33657 32186 33587 
41944 39352 32493 33599 
39365 42319 32882 33509 
36327 42769 33225 33247 
32466 41540 33502 32883 
27847 39484 33680 32456 
23241 37227 33780 32049 
19937 34952 33686 31649 
18887 32806 33476 31409 
20154 30801 33202 31335 
23011 29156 32873 31440 
26556 28220 32514 31712 
29914 28523 32225 32182 
32878 30079 31964 32670 
35713 32559 31784 33177 
38813 34929 31692 33642 
42380 35816 31694 33981 
46035 34091 31862 34182 
48995 29644 32100 34186 
50195 23797 32422 34016 
48630 19068 32787 33690 
43587 18248 33147 33213 
35345 23011 33458 32693 
24823 32826 33714 32166 
13973 45002 33877 31702 
5366 55857 33888 31385 
1724 61864 33739 31188 
4848 60601 33458 31170 
