32761 33024 33065 31697 
32761 33024 33065 31697 
32737 32750 32852 31737 
32746 32427 32627 31941 
32724 32100 32390 32266 
32707 31825 32181 32693 
32677 31620 32020 33119 
32644 31588 31949 33539 
32652 31728 32017 33873 
32661 32008 32167 34006 
32746 32457 32478 34012 
32799 32922 32796 33768 
32794 33358 33084 33315 
32832 33804 33381 32833 
32815 34060 33577 32300 
32769 34163 33650 31828 
32649 34027 33531 31421 
32545 33728 33313 31252 
32467 33276 32995 31329 
32409 32684 32607 31564 
32505 32180 32333 32090 
32598 31667 32069 32596 
32727 31315 31913 33127 
32893 31180 31894 33628 
33044 31288 32003 33962 
33159 31623 32227 34077 
33175 32130 32499 33991 
33107 32719 32784 33686 
32956 33295 33037 33247 
32743 33786 33220 32744 
32509 34046 33297 32193 
32359 34131 33338 31802 
32240 33930 33241 31512 
32186 33484 33055 31444 
32254 32952 32838 31610 
32378 32338 32586 31905 
32581 31852 32414 32387 
32782 31504 32271 32919 
32917 31388 32179 33396 
32987 31520 32196 33761 
32998 31883 32301 33955 
33008 32435 32551 33971 
32941 33012 32796 33729 
32813 33483 33004 33287 
32769 33874 33216 32789 
32736 34020 33357 32230 
32745 33976 33396 31745 
32752 33689 33304 31378 
32760 33283 33108 31264 
32760 32778 32834 31369 
32753 32263 32526 31678 
32778 31863 32301 32234 
32700 31496 32061 32752 
32645 31386 31956 33324 
32590 31467 31992 33800 
32513 31719 32113 34080 
32469 32135 32334 34171 
32471 32660 32642 34067 
32489 33178 32920 33750 
32508 33591 33131 33254 
32623 33937 33303 32728 
32781 34105 33404 32205 
32941 34041 33405 31763 
33053 33749 33272 31427 
33107 33281 33062 31283 
33171 32782 32870 31413 
33066 32166 32587 31636 
32946 31711 32386 32073 
32743 31392 32211 32545 
32512 31276 32104 33025 
32299 31411 32082 33494 
32152 31747 32158 33852 
32141 32256 32366 34077 
32201 32793 32593 34091 
32333 33297 32824 33873 
32535 33700 33017 33497 
32807 33969 33205 33031 
33087 34045 33341 32524 
33309 33903 33382 32004 
33441 33602 33329 31585 
33446 33160 33171 31269 
33344 32679 32959 31196 
33161 32236 32721 31340 
32905 31879 32468 31669 
32663 31697 32305 32182 
32412 31673 32178 32741 
32195 31837 32134 33310 
32086 32148 32215 33852 
32031 32481 32320 34150 
32060 32827 32485 34274 
32156 33082 32646 34162 
32307 33234 32779 33848 
32506 33246 32870 33394 
32722 33130 32905 32878 
32912 32920 32905 32377 
33083 32713 32884 31961 
33170 32514 32845 31658 
33247 32445 32852 31586 
33225 32434 32845 31616 
33160 32547 32881 31780 
33097 32776 32969 32032 
32973 32993 33016 32281 
32893 33240 33087 32552 
32811 33396 33120 32768 
32718 33399 33062 32919 
32641 33277 32937 33027 
32531 33006 32722 33075 
32430 32658 32484 33108 
32356 32285 32260 33144 
32281 31948 32061 33181 
32193 31661 31898 33198 
32152 31541 31847 33219 
32195 31629 31945 33251 
32288 31862 32126 33219 
32471 32234 32434 33145 
32685 32680 32785 32986 
32939 33164 33147 32754 
33186 33602 33461 32452 
33408 33919 33691 32155 
33544 34071 33789 31872 
33564 34013 33715 31644 
33480 33795 33520 31572 
33299 33430 33237 31647 
33037 32988 32881 31869 
32724 32492 32530 32162 
32446 32079 32265 32613 
32183 31731 32040 33080 
31933 31454 31865 33422 
31865 31411 31840 33750 
31877 31496 31867 33915 
32025 31758 32013 33935 
32243 32122 32205 33837 
32481 32521 32423 33567 
32727 32975 32664 33279 
32887 33354 32865 32881 
33006 33658 33062 32492 
33118 33882 33290 32184 
33145 33895 33441 31884 
33186 33783 33553 31737 
33170 33490 33575 31642 
33175 33126 33512 31679 
33175 32706 33387 31789 
33168 32322 33199 31974 
33102 32020 32933 32201 
32998 31848 32617 32470 
32839 31854 32330 32782 
32619 32000 32064 33076 
32386 32259 31862 33359 
32189 32578 31784 33602 
32016 32861 31798 33749 
31925 33051 31923 33770 
31912 33131 32126 33672 
32031 33078 32393 33484 
32217 32934 32691 33229 
32448 32679 32911 32901 
32692 32439 33099 32576 
32923 32249 33206 32271 
33115 32162 33260 32026 
33242 32234 33270 31902 
33341 32450 33259 31878 
33366 32744 33219 31937 
33323 33075 33175 32057 
33251 33375 33122 32209 
33137 33604 33068 32374 
33024 33702 33000 32553 
32862 33618 32875 32670 
32688 33392 32705 32760 
32509 33040 32500 32845 
32332 32622 32284 32904 
32215 32230 32121 32995 
32100 31867 31957 33040 
32080 31629 31893 33123 
32117 31574 31925 33204 
32240 31698 32069 33283 
32425 31966 32301 33353 
32618 32309 32576 33338 
32821 32692 32869 33261 
32962 33039 33118 33088 
33061 33348 33318 32824 
33148 33545 33474 32530 
33183 33620 33540 32220 
33150 33539 33489 31908 
33086 33352 33379 31677 
32978 33076 33168 31536 
32767 32537 32676 31732 
32647 32313 32430 32037 
32555 32177 32233 32458 
32403 32086 32031 32907 
32332 32132 31951 33433 
32280 32251 31941 33872 
32259 32403 32025 34132 
32337 32634 32236 34243 
32453 32836 32494 34113 
32611 33007 32783 33763 
32779 33112 33066 33261 
32942 33139 33300 32659 
33116 33118 33486 32065 
33198 33002 33528 31504 
33201 32820 33423 31122 
33170 32647 33259 31002 
33075 32481 33011 31122 
32887 32307 32679 31427 
32764 32306 32451 32035 
32577 32309 32228 32637 
32406 32402 32109 33260 
32267 32567 32081 33815 
32222 32822 32189 34214 
32176 33030 32305 34327 
32273 33280 32534 34270 
32415 33412 32725 33952 
32632 33427 32912 33471 
32839 33281 33015 32865 
33039 33004 33059 32228 
33226 32667 33067 31707 
33332 32321 33036 31381 
33312 31995 32944 31242 
33149 31742 32802 31305 
32916 31691 32668 31614 
32614 31819 32540 32098 
32329 32083 32471 32641 
32077 32440 32410 33186 
31899 32820 32379 33616 
31903 33212 32470 33924 
32052 33519 32589 34005 
32362 33738 32765 33899 
32694 33717 32890 33536 
33113 33601 33039 33097 
33491 33351 33145 32676 
33751 33023 33183 32359 
33826 32655 33132 32181 
33713 32342 33049 32131 
33395 32072 32866 31971 
32918 31910 32646 31588 
32416 31912 32476 31079 
31929 32005 32318 30523 
31585 32212 32222 30320 
31508 32509 32170 30743 
31809 32995 32255 31984 
32181 33446 32328 33734 
32481 33789 32495 35720 
32704 33578 32712 37371 
33332 32273 32885 38139 
34737 29623 33064 37910 
35986 26791 33175 36760 
34801 26875 33249 34901 
28861 33143 33205 32511 
19443 45308 33121 30048 
12236 58228 32969 27706 
15117 63017 32770 25834 
30770 53195 32557 24768 
52150 31060 32375 24853 
65238 6321 32232 26208 
65535 57 32162 28782 
65535 0 32173 32334 
65535 0 32307 36323 
49522 20250 32465 40088 
29257 45266 32752 42939 
7899 64888 32955 44210 
0 65535 33185 43651 
0 65535 33355 41131 
13880 65515 33457 37042 
31238 65340 33384 31935 
47576 51698 33274 26779 
62734 40107 32997 22319 
65311 23567 32714 19491 
65460 1911 32432 18851 
65535 303 32159 20483 
65535 127 32014 24244 
65535 0 31956 29372 
58759 0 32031 35249 
37784 3123 32210 40731 
16653 28451 32443 44809 
634 53599 32691 46943 
151 65147 32897 46801 
0 65417 33044 44418 
0 65535 33145 40169 
61 65535 33151 34845 
27073 65535 33136 29362 
48327 56976 33057 24527 
64829 33535 33018 21177 
65535 8349 32917 19682 
65535 283 32892 20341 
65535 104 32876 22845 
65535 0 32859 26706 
63199 0 32859 31254 
40061 8157 32799 35757 
18200 32874 32737 39540 
772 57872 32601 41813 
0 65253 32495 42599 
0 65423 32342 41778 
0 65535 32200 39706 
9069 65535 32088 36687 
30242 65535 32127 33534 
51584 52910 32211 30572 
65159 29768 32381 28322 
65535 4904 32610 27007 
65535 226 32869 26772 
65535 0 33134 27508 
65535 0 33310 28871 
51856 0 33480 30662 
31863 118 33512 32422 
10238 24987 33466 33937 
174 49967 33322 34904 
0 65038 33105 35270 
0 65487 32879 35109 
0 65535 32616 34499 
16137 65535 32368 33646 
35089 65535 32178 32814 
53486 58267 32058 32199 
65107 34892 31997 31909 
65535 10210 31987 31963 
65535 280 32046 32340 
65387 33 32230 32947 
42731 0 32381 33532 
21759 0 32639 34020 
1454 7625 32910 34226 
85 23331 33151 34052 
1 45637 33392 33530 
0 64640 33537 32713 
560 65463 33649 31844 
17144 65535 33603 30947 
33281 65535 33472 30324 
48607 65535 33244 30026 
59475 56614 32926 30171 
63930 35491 32620 30791 
61860 12216 32273 31730 
53979 342 31977 32819 
41114 48 31772 33953 
25551 3 31724 34899 
9911 0 31801 35511 
353 10284 32014 35739 
26 25450 32301 35485 
4 40844 32602 34789 
11755 52338 32890 33824 
26437 59069 33128 32715 
39962 61717 33304 31721 
49002 61057 33353 30930 
53056 56951 33323 30475 
54032 48266 33240 30410 
54425 34131 33085 30650 
54901 15885 32944 31196 
53264 609 32824 31910 
46321 45 32731 32583 
33656 0 32706 33188 
17733 2969 32678 33560 
3970 20334 32710 33738 
70 39431 32700 33664 
0 55880 32687 33434 
13192 64526 32611 33125 
28935 64960 32527 32873 
43959 54717 32401 32663 
55453 40273 32305 32605 
61088 25393 32226 32685 
60063 14694 32209 32864 
51883 11640 32245 33076 
37617 16690 32376 33266 
19883 27021 32564 33360 
4376 37125 32828 33354 
53 42111 33027 33089 
0 39950 33198 32704 
15608 32296 33330 32259 
35185 23481 33426 31799 
52716 18805 33375 31399 
62149 20639 33289 31199 
61737 27719 33139 31195 
54934 36069 32917 31385 
46432 41910 32684 31832 
39974 42730 32456 32414 
35276 39588 32252 33073 
29632 35190 32024 33649 
21106 32711 31885 34169 
10151 33968 31858 34508 
563 38847 31848 34546 
48 45401 32001 34392 
0 50319 32259 34012 
11493 50626 32575 33462 
29439 44521 32923 32783 
49786 32170 33279 32085 
64967 16519 33610 31498 
65509 2527 33803 31066 
65535 91 33893 30844 
65535 22 33772 30814 
65535 5716 33506 31019 
50460 18649 33164 31487 
31811 32424 32720 32047 
15447 44933 32305 32662 
5293 55168 31939 33267 
949 63144 31645 33749 
1082 65375 31565 34132 
5391 65465 31656 34308 
14210 65515 31875 34279 
27760 65504 32182 34078 
44222 48722 32530 33737 
59739 29944 32842 33311 
65450 12618 33078 32826 
65535 1821 33216 32398 
56523 99 33274 32064 
38849 108 33221 31787 
20810 3388 33124 31668 
10968 5555 33018 31702 
11914 6558 32927 31816 
19542 8790 32893 32012 
27551 15312 32882 32189 
31070 27970 32895 32342 
28900 46197 32958 32508 
23899 64383 32984 32619 
20574 65403 32954 32699 
22165 65524 32844 32757 
28913 65535 32692 32857 
38205 65535 32478 32985 
46143 65481 32265 33162 
50435 44433 32067 33369 
50269 23680 31905 33531 
46574 6683 31834 33642 
40936 190 31921 33689 
35165 62 32111 33625 
30447 59 32391 33401 
27622 7729 32776 33095 
26573 19798 33135 32650 
26643 35209 33512 32194 
26567 51402 33712 31705 
25652 64681 33822 31360 
23870 65463 33807 31199 
21964 65526 33608 31186 
21569 65529 33320 31368 
24003 63616 33006 31762 
29507 44104 32640 32267 
37057 25624 32327 32877 
44475 7941 32025 33448 
49037 256 31825 33950 
49401 68 31700 34256 
45658 34 31705 34376 
39293 320 31819 34299 
32316 15725 32044 34028 
26845 32292 32345 33624 
23633 49449 32692 33121 
22969 63294 33034 32561 
24915 65465 33373 32053 
29354 65535 33646 31601 
35401 65475 33789 31301 
41661 45785 33822 31165 
45927 24154 33726 31224 
45930 4493 33478 31428 
40364 54 33183 31820 
30252 0 32798 32233 
18265 11878 32392 32689 
8287 31119 32094 33199 
3743 49386 31844 33617 
6229 60039 31665 33883 
14952 59536 31725 34072 
27413 50768 31871 34063 
41035 39223 32124 33922 
53516 29754 32420 33633 
63262 24321 32773 33251 
65412 21197 33069 32846 
65476 16695 33314 32423 
65490 8904 33497 32026 
57853 560 33536 31680 
44961 55 33504 31510 
30345 0 33318 31434 
15043 13783 33069 31534 
1213 35714 32753 31760 
129 59905 32438 32105 
50 65391 32210 32568 
10 65535 32034 33037 
6300 65535 31970 33454 
21849 65535 32077 33843 
39822 65365 32304 34064 
56534 42082 32590 34078 
65206 22899 32913 33929 
65526 10884 33161 33524 
61936 7432 33361 33032 
48823 10824 33498 32513 
35906 17833 33480 31997 
25134 24907 33307 31545 
17826 30028 33065 31305 
13418 32937 32737 31250 
11503 34671 32434 31415 
12142 36502 32191 31781 
15839 39138 32045 32289 
22670 42144 31988 32844 
31151 44053 32052 33358 
39682 43730 32236 33819 
46315 40512 32420 34038 
49884 35020 32681 34112 
49957 28568 32869 33949 
47025 23634 33022 33658 
41877 21847 33089 33256 
35408 23678 33084 32811 
28815 28071 33053 32399 
23323 32852 32982 32059 
20649 35263 32897 31797 
21404 34159 32865 31685 
25187 29829 32825 31678 
30849 24065 32864 31794 
36611 19265 32893 31952 
40534 18090 32927 32157 
41520 21910 32924 32393 
39575 30603 32864 32631 
35367 42752 32741 32838 
30061 55887 32561 33028 
24871 65141 32379 33231 
21018 65481 32196 33376 
19361 65531 32046 33493 
20625 65535 32031 33593 
24920 51538 32087 33607 
31940 30395 32249 33536 
39654 9950 32498 33383 
46423 290 32816 33164 
50373 68 33114 32839 
50720 51 33389 32484 
47852 53 33554 32092 
43321 7470 33587 31754 
38541 19443 33551 31529 
33918 34405 33332 31396 
29138 50339 33064 31421 
23656 64398 32770 31619 
18026 65453 32490 31973 
13461 65533 32261 32395 
11607 65535 32088 32867 
13778 64802 31955 33322 
20011 42256 31956 33779 
28371 21476 31994 34041 
36434 4164 32111 34172 
41761 100 32319 34175 
43162 17 32540 33949 
41598 5572 32742 33565 
39925 17267 33003 33155 
40586 29044 33184 32601 
44348 37799 33372 32089 
49306 42507 33492 31624 
51637 44104 33539 31310 
48574 44611 33497 31139 
40049 45117 33350 31146 
28909 45121 33138 31355 
19281 42584 32842 31685 
15022 35703 32569 32229 
16346 25360 32303 32759 
19905 14775 32069 33278 
21958 8997 31877 33695 
20863 12045 31825 34025 
18228 24353 31858 34145 
17970 41348 31978 34064 
22780 57281 32222 33848 
31883 65260 32542 33522 
41838 65535 32855 33071 
48982 52598 33159 32616 
51783 35651 33399 32212 
52218 18013 33502 31888 
52726 4110 33492 31692 
53964 131 33362 31687 
53740 52 33135 31840 
48955 7298 32839 32057 
38566 14979 32573 32372 
24529 29095 32396 32709 
11180 44567 32285 32982 
2693 59675 32314 33187 
1150 65331 32416 33241 
4445 65490 32605 33185 
9625 65525 32797 33016 
15812 65535 32954 32792 
23916 56962 33054 32561 
34847 38389 33067 32404 
47790 17391 32935 32296 
58994 1157 32730 32317 
64704 74 32559 32496 
63165 41 32322 32678 
56057 197 32204 32946 
46263 12001 32133 33180 
38235 22986 32205 33370 
33135 33980 32375 33448 
29453 44192 32615 33380 
24819 53273 32897 33216 
17852 60409 33133 32904 
9482 64095 33321 32537 
3372 62289 33519 32249 
2810 53739 33481 31884 
9652 39121 33383 31686 
22686 20820 33180 31627 
38068 4018 32897 31728 
51034 97 32536 31951 
58347 0 32234 32321 
58158 6099 31893 32695 
51760 20405 31789 33228 
42649 34523 31721 33607 
34997 44245 31841 33909 
31493 47660 32120 34054 
31972 46073 32492 34014 
33863 43026 32908 33756 
34006 41953 33296 33369 
31015 43463 33588 32847 
25924 45556 33767 32306 
21425 44909 33771 31753 
20323 39529 33621 31346 
23092 30547 33310 31110 
28192 21583 32953 31133 
32876 16647 32551 31352 
35139 17954 32210 31808 
34349 24464 31962 32396 
31510 32212 31840 33010 
28359 37227 31827 33545 
26783 37466 31973 34010 
27961 33365 32195 34249 
32328 27577 32496 34290 
39062 23624 32762 34074 
46639 23485 33034 33704 
52507 26939 33209 33187 
54111 32348 33276 32589 
49674 37546 33290 32051 
40093 41298 33211 31617 
28000 43602 33039 31332 
17170 44994 32868 31281 
10993 45513 32667 31424 
11127 44569 32533 31791 
16147 41401 32437 32262 
23233 35700 32351 32724 
29973 28270 32347 33218 
34996 20483 32402 33643 
38286 14342 32496 33920 
40589 11512 32638 33987 
42381 12807 32783 33841 
43455 18471 32938 33548 
43166 27415 33054 33123 
41160 37724 33162 32647 
37682 46399 33200 32176 
33548 51205 33146 31765 
29759 51449 33072 31552 
26697 47863 32888 31481 
24581 42195 32682 31611 
23593 36328 32476 31934 
24128 31353 32291 32321 
26720 27758 32200 32792 
31304 24894 32137 33203 
36786 22687 32171 33529 
40910 21786 32298 33768 
41112 23568 32468 33832 
36615 28705 32663 33734 
28962 36446 32805 33485 
21660 44479 32922 33160 
18499 49786 32990 32809 
21476 49593 33014 32447 
29579 42774 33022 32184 
39869 30332 33005 32015 
49275 15119 32996 31938 
55471 1582 32983 31956 
57393 63 32980 32029 
54736 0 32978 32169 
47877 9753 32928 32293 
37216 27572 32957 32496 
23694 48066 32867 32600 
9553 64722 32767 32722 
352 65451 32619 32833 
53 65497 32441 32932 
24 65508 32246 33019 
6762 65511 32118 33149 
19778 64686 32031 33232 
35324 45517 32035 33345 
50965 24256 32113 33398 
64494 1826 32305 33406 
65421 159 32550 33325 
65517 18 32851 33168 
65535 0 33104 32874 
65535 0 33345 32553 
64404 19690 33547 32241 
41577 42650 33608 31913 
20484 64363 33579 31689 
3057 65482 33448 31592 
86 65535 33208 31613 
55 65535 32938 31793 
2606 65535 32626 32064 
11809 57236 32346 32469 
22298 36995 32078 32889 
34282 14404 31860 33283 
46806 490 31769 33651 
57422 127 31749 33895 
62798 42 31884 34016 
60222 0 32105 33970 
50296 0 32393 33766 
36108 14275 32736 33447 
21304 35712 33091 33046 
9261 59827 33438 32582 
2797 65376 33713 32114 
1795 65529 33800 31686 
4731 65535 33821 31455 
10608 65535 33679 31336 
19152 65535 33398 31365 
30634 49621 33060 31576 
43963 27939 32658 31887 
58112 4137 32353 32373 
65275 211 32024 32807 
65493 52 31800 33272 
65535 0 31700 33660 
65535 0 31743 33949 
65468 10386 31934 34096 
45353 32216 32166 34026 
25919 55774 32473 33815 
11449 65315 32807 33468 
5577 65535 33071 32990 
7433 65535 33290 32512 
13285 65535 33444 32098 
18424 60626 33453 31764 
20430 40491 33356 31584 
19622 22360 33165 31596 
18593 6877 32946 31787 
20467 265 32721 32106 
26711 132 32538 32478 
36562 99 32445 32873 
47219 50 32391 33154 
55528 6 32446 33345 
58546 14393 32605 33430 
54600 34684 32729 33294 
44838 57313 32837 33074 
32083 65296 32915 32773 
20250 65535 32951 32503 
13134 65535 32914 32280 
13017 65535 32789 32168 
18554 65535 32629 32201 
26496 45562 32459 32376 
33698 23686 32317 32636 
38878 5615 32266 32979 
42691 163 32253 33279 
46301 72 32324 33467 
50089 59 32500 33563 
52203 7442 32731 33480 
49956 15718 32949 33244 
41896 32355 33135 32848 
29770 50767 33286 32425 
17357 64903 33397 32048 
8887 65476 33354 31695 
6663 65535 33259 31537 
9695 65535 33090 31540 
14961 65529 32857 31735 
19926 48367 32616 32045 
24482 27733 32404 32487 
30168 8236 32184 32932 
38451 216 31999 33352 
48520 30 31939 33703 
57487 13 31976 33939 
61795 8434 32041 33943 
60150 22433 32265 33857 
53586 37062 32533 33625 
44821 48823 32840 33292 
36828 54859 33143 32879 
30620 54846 33392 32443 
25253 50294 33595 32060 
19534 43201 33676 31704 
13511 35536 33620 31478 
8523 28690 33464 31374 
6837 23738 33230 31444 
9316 20658 32894 31628 
15427 19432 32516 31903 
23478 20044 32221 32322 
31652 22547 31962 32777 
38363 26962 31821 33189 
43633 32984 31815 33578 
48177 39392 31939 33877 
52835 44206 32172 34031 
57441 44488 32479 34029 
61062 39019 32726 33846 
62310 28772 32949 33563 
59502 17276 33052 33173 
51609 9761 33062 32749 
38291 11002 33061 32395 
20970 22589 32975 32065 
2503 40973 32884 31829 
155 60904 32818 31724 
23 65418 32753 31696 
0 65535 32822 31837 
