32890 33356 33406 31486 
32890 33356 33406 31486 
32754 33368 33273 31367 
32634 33310 33075 31458 
32549 33179 32853 31746 
32533 33011 32622 32150 
32532 32790 32381 32612 
32614 32590 32231 33100 
32719 32462 32160 33529 
32842 32403 32189 33806 
32967 32418 32311 33883 
33047 32495 32498 33765 
33047 32586 32682 33450 
33041 32731 32914 33064 
32948 32807 33073 32569 
32825 32863 33175 32112 
32648 32843 33194 31741 
32501 32789 33137 31566 
32368 32683 33002 31585 
32278 32546 32815 31799 
32290 32461 32642 32189 
32326 32367 32467 32634 
32411 32350 32324 33111 
32544 32404 32246 33531 
32687 32537 32241 33816 
32860 32745 32344 33928 
32995 32964 32490 33826 
33093 33153 32653 33519 
33169 33308 32845 33101 
33164 33364 32996 32564 
33129 33326 33100 32072 
33026 33180 33138 31678 
32846 32925 33074 31446 
32630 32598 32942 31421 
32422 32310 32788 31655 
32255 32069 32626 32088 
32144 31915 32484 32598 
32123 31905 32420 33160 
32153 31985 32406 33614 
32307 32198 32494 33949 
32558 32512 32675 34056 
32814 32832 32838 33902 
33045 33106 32973 33492 
33250 33339 33067 32941 
33375 33470 33077 32349 
33427 33519 33026 31797 
33347 33441 32890 31400 
33172 33260 32695 31235 
32948 33048 32524 31376 
32703 32805 32369 31738 
32418 32519 32241 32241 
32217 32312 32241 32911 
32061 32154 32290 33504 
32031 32072 32454 33965 
32098 32081 32655 34208 
32223 32132 32832 34167 
32429 32246 33003 33857 
32663 32407 33127 33346 
32931 32623 33224 32777 
33127 32817 33219 32167 
33259 32989 33137 31651 
33298 33125 33000 31328 
33245 33221 32809 31247 
33119 33254 32617 31457 
32869 33166 32386 31820 
32630 33070 32238 32366 
32399 32908 32138 32938 
32215 32710 32108 33472 
32128 32534 32173 33889 
32185 32426 32359 34096 
32325 32344 32569 34041 
32534 32316 32823 33759 
32781 32372 33079 33325 
33008 32458 33285 32756 
33192 32615 33434 32211 
33300 32770 33487 31743 
33262 32889 33389 31409 
33124 32940 33203 31292 
32922 32984 32940 31433 
32681 32961 32646 31775 
32508 32949 32409 32297 
32323 32824 32175 32819 
32195 32656 32001 33302 
32210 32574 31987 33735 
32304 32501 32061 33990 
32456 32465 32211 34008 
32644 32488 32425 33823 
32874 32581 32704 33524 
33034 32679 32938 33073 
33159 32781 33151 32584 
33193 32873 33292 32119 
33154 32933 33357 31768 
33026 32955 33330 31567 
32836 32902 33177 31541 
32607 32816 32966 31695 
32384 32674 32684 31994 
32247 32580 32465 32419 
32168 32495 32280 32866 
32139 32419 32139 33277 
32227 32437 32114 33616 
32381 32513 32202 33822 
32640 32665 32415 33877 
32895 32805 32660 33714 
33102 32909 32890 33390 
33312 33022 33139 32983 
33417 33076 33314 32487 
33450 33104 33413 32056 
33355 33055 33395 31671 
33152 32947 33255 31456 
32853 32761 32988 31385 
32606 32622 32742 31570 
32368 32490 32466 31933 
32201 32396 32246 32389 
32115 32332 32084 32906 
32128 32336 32035 33411 
32216 32400 32081 33823 
32369 32503 32222 34045 
32545 32648 32432 34078 
32712 32769 32671 33931 
32839 32871 32893 33592 
32840 32863 32994 33097 
32842 32866 33089 32610 
32834 32845 33123 32184 
32791 32802 33092 31847 
32749 32741 32991 31645 
32735 32711 32889 31617 
32758 32709 32801 31743 
32836 32745 32754 31965 
32947 32816 32766 32260 
33061 32884 32803 32558 
33137 32931 32848 32812 
33152 32953 32882 32999 
33110 32931 32884 33120 
32946 32854 32826 33174 
32754 32762 32742 33180 
32537 32636 32625 33152 
32279 32467 32433 33073 
32072 32325 32259 32998 
31964 32242 32127 32958 
31959 32205 32057 32899 
32079 32267 32112 32880 
32299 32408 32272 32857 
32617 32627 32550 32852 
32919 32850 32840 32786 
33156 33015 33086 32619 
33386 33194 33356 32493 
33520 33300 33531 32350 
33525 33297 33584 32189 
33393 33181 33491 32042 
33200 33037 33318 31979 
32953 32848 33071 32012 
32645 32637 32756 32096 
32392 32494 32466 32312 
32203 32390 32233 32594 
32057 32329 32037 32913 
31986 32296 31910 33236 
32031 32336 31910 33558 
32155 32402 32002 33800 
32361 32497 32194 33920 
32560 32560 32397 33858 
32787 32660 32676 33685 
32986 32748 32937 33375 
33133 32808 33169 32927 
33242 32900 33377 32439 
33313 33004 33527 31968 
33305 33080 33565 31522 
33286 33193 33562 31278 
33042 33215 33198 31233 
32882 33159 32930 31511 
32699 33031 32612 31944 
32541 32876 32321 32481 
32374 32643 32053 33062 
32259 32409 31884 33643 
32183 32184 31810 34092 
32162 32005 31869 34327 
32208 31910 32046 34383 
32264 31890 32270 34206 
32390 31992 32563 33846 
32493 32140 32817 33322 
32632 32386 33045 32792 
32769 32698 33215 32288 
32910 33026 33301 31872 
33013 33313 33292 31574 
33117 33562 33240 31472 
33172 33688 33141 31517 
33235 33757 33071 31722 
33234 33680 32990 32007 
33200 33490 32929 32296 
33121 33222 32882 32581 
32998 32867 32828 32794 
32855 32503 32764 32939 
32718 32192 32701 33052 
32512 31909 32561 33079 
32354 31762 32440 33115 
32198 31699 32281 33102 
32105 31796 32143 33135 
32060 31947 32056 33175 
32077 32184 32020 33218 
32182 32463 32088 33264 
32358 32745 32251 33265 
32569 32997 32483 33199 
32791 33196 32762 33057 
33007 33355 33064 32835 
33215 33457 33357 32576 
33369 33485 33580 32286 
33444 33448 33689 32012 
33430 33347 33655 31784 
33360 33206 33513 31645 
33187 33020 33241 31628 
33000 32853 32946 31769 
32760 32648 32601 31978 
32539 32485 32319 32337 
32312 32326 32090 32709 
32084 32130 31889 33090 
31928 31985 31795 33456 
31846 31855 31781 33741 
31885 31835 31912 33965 
32012 31876 32120 34016 
32248 32010 32404 33925 
32573 32271 32746 33721 
32916 32577 33062 33362 
33226 32941 33341 32897 
33492 33311 33554 32421 
33672 33672 33697 31960 
33692 33919 33696 31562 
33609 34032 33594 31308 
33363 33983 33366 31212 
33076 33800 33096 31402 
32741 33465 32757 31837 
32423 33048 32438 32466 
32173 32561 32152 33121 
31999 32036 31941 33561 
31940 31580 31835 33556 
31955 31239 31843 33040 
32059 31085 31960 32234 
32220 31122 32152 31499 
32504 31465 32447 31309 
32846 32037 32714 31836 
33219 32822 33013 33065 
33409 33558 33194 34522 
33425 34164 33344 35877 
33483 34236 33438 36694 
33756 33395 33400 36691 
34099 31747 33237 35838 
33743 30688 33061 34451 
31487 31781 32791 32625 
27207 36039 32555 30642 
22707 42156 32324 28663 
21609 46610 32160 26948 
27059 44870 32110 25888 
38825 35008 32188 25753 
52904 18927 32358 26746 
63271 2596 32596 28907 
63130 21 32889 32139 
50932 0 33103 35755 
31879 16973 33251 39211 
11215 39649 33341 41927 
244 62279 33309 43294 
0 65483 33182 42953 
2 65535 32926 40736 
13765 65534 32669 37056 
28066 65466 32413 32441 
40998 50894 32214 27643 
51587 37133 32054 23433 
60519 23493 32084 20669 
65319 9127 32193 19912 
65455 371 32375 21270 
65512 121 32627 24605 
65535 37 32837 29262 
54858 0 33022 34575 
36140 8299 33119 39639 
15193 28187 33105 43497 
514 51749 33017 45615 
58 65125 32898 45670 
0 65515 32759 43660 
0 65535 32667 39870 
8075 65535 32615 35034 
26760 65535 32661 29958 
47244 53828 32816 25481 
64634 30716 32909 22172 
65508 5646 33052 20668 
65535 143 33127 21152 
65535 0 33084 23383 
65535 0 32977 26957 
47210 2318 32744 31186 
26195 21029 32516 35532 
4656 42571 32240 39116 
126 63552 32008 41437 
0 65416 31918 42295 
0 65535 31951 41678 
2847 65535 32116 39784 
19623 65535 32399 36910 
37187 65046 32771 33734 
54044 41185 33099 30668 
65052 17004 33412 28233 
65496 532 33605 26695 
65535 67 33695 26280 
65535 21 33585 26806 
51480 12 33403 28195 
32076 5201 33107 30031 
12278 17307 32791 32004 
358 34102 32490 33848 
46 50549 32220 35158 
24 63730 32053 35929 
49 65449 31954 36059 
12167 65518 31955 35694 
25560 65525 32044 34953 
38938 55094 32182 34035 
50221 37884 32395 33157 
57643 19860 32652 32475 
60071 4213 32916 32041 
57084 144 33075 31768 
49712 59 33260 31808 
39319 51 33366 31945 
27957 7045 33384 32120 
17915 18790 33401 32334 
11406 32416 33321 32401 
9628 45094 33201 32375 
12456 54943 33020 32250 
18973 60229 32796 32113 
27625 60337 32588 32014 
36762 55443 32387 32037 
43968 47159 32207 32206 
48149 37409 32084 32503 
49095 27664 32038 32901 
47159 19299 32073 33369 
42951 13461 32157 33753 
37164 11120 32309 34035 
30820 12897 32487 34104 
24944 18348 32656 33971 
20894 26213 32827 33668 
19857 34414 32952 33232 
22286 40977 33030 32708 
27336 44473 33134 32255 
33210 44983 33166 31855 
37800 43677 33208 31607 
39810 41703 33200 31507 
39226 39720 33183 31605 
37460 37381 33181 31853 
36026 33827 33123 32126 
35582 28828 33008 32393 
35494 23422 32852 32646 
34272 19629 32690 32883 
30992 19476 32477 33016 
26245 23501 32263 33090 
22090 30623 32093 33142 
20666 38406 31958 33142 
23147 44446 31913 33149 
28895 46561 31948 33150 
35903 44187 32092 33184 
42330 38128 32341 33221 
46759 30220 32600 33219 
48471 22840 32931 33200 
46777 18582 33161 33055 
41824 19161 33411 32916 
33926 24355 33545 32672 
24564 32464 33591 32398 
16048 40834 33544 32111 
11699 46131 33383 31829 
13295 46839 33165 31608 
20553 43044 32895 31514 
30939 36618 32650 31598 
41035 30097 32427 31850 
47358 25839 32214 32193 
48925 24369 32032 32628 
46805 24925 31938 33136 
42893 26123 31898 33636 
39049 26959 31961 34067 
35768 27381 32108 34315 
32317 28153 32313 34344 
27948 30250 32582 34150 
22381 34444 32895 33766 
17002 40079 33152 33147 
13747 45886 33406 32496 
14157 50072 33588 31817 
19065 50890 33669 31256 
27964 47258 33621 30886 
39484 38954 33458 30730 
50578 28086 33199 30870 
58437 17620 32910 31310 
60998 10032 32587 31947 
57373 7251 32296 32686 
48344 9623 32054 33415 
36212 16257 31920 34082 
24058 25171 31891 34511 
14768 34391 31968 34664 
9394 42750 32085 34495 
7842 49816 32316 34134 
9292 54989 32502 33530 
13402 57632 32687 32843 
20191 56653 32826 32186 
29507 51698 32950 31677 
40537 43117 33007 31334 
51074 32693 33079 31263 
58177 22851 33137 31441 
59179 15715 33166 31750 
53663 12636 33249 32209 
43955 12901 33236 32591 
33760 14983 33215 32957 
26553 17388 33173 33212 
23840 19432 33043 33293 
24750 21641 32897 33281 
26742 24995 32689 33151 
27495 30579 32433 32925 
26250 38571 32212 32727 
23852 48071 32027 32581 
22101 57391 31915 32527 
22622 63706 31879 32553 
25749 64628 31917 32638 
30615 60030 32090 32799 
35729 50094 32322 32941 
39835 36696 32592 33058 
42117 22852 32932 33132 
42485 11389 33205 33073 
41497 3668 33412 32923 
39771 448 33557 32714 
37867 1151 33609 32438 
36212 6030 33590 32190 
34810 14301 33444 31997 
33512 24807 33219 31928 
31848 36740 32898 31963 
29623 48379 32569 32161 
26983 57841 32266 32464 
24357 63366 31968 32837 
22747 63764 31792 33219 
22845 59533 31707 33502 
24987 51634 31784 33662 
28823 41388 31967 33643 
33531 30101 32276 33497 
37640 19739 32643 33194 
40258 11605 33025 32807 
40913 7102 33355 32366 
39818 7100 33597 31962 
37569 11670 33713 31681 
34955 19849 33681 31601 
32679 29573 33497 31677 
31183 39069 33204 31954 
30792 46309 32843 32329 
31663 49900 32495 32827 
33534 48819 32163 33282 
35770 43515 31965 33661 
37379 35370 31855 33835 
37406 26997 31891 33822 
35152 21449 32047 33625 
30592 21374 32280 33258 
25224 26929 32551 32786 
20474 35859 32832 32318 
17889 44519 33060 31915 
18361 49474 33212 31632 
21966 48922 33284 31521 
27890 43635 33309 31657 
34893 36033 33243 31894 
41835 28997 33084 32231 
47569 24172 32918 32655 
51152 21350 32729 33079 
51922 19249 32520 33412 
49884 16679 32362 33666 
45467 13828 32229 33754 
39231 12458 32185 33737 
31912 15152 32191 33545 
24696 23026 32301 33283 
17925 35289 32479 32956 
12425 49261 32687 32606 
9356 61607 32939 32302 
9987 65412 33150 32010 
15042 65514 33319 31849 
23978 65409 33382 31755 
34900 50427 33361 31763 
45486 35105 33192 31841 
52840 20908 32968 32031 
55283 11068 32707 32283 
52969 6599 32441 32563 
47345 7220 32189 32860 
40171 11630 32023 33142 
33423 17868 31972 33401 
27954 24292 32017 33559 
24433 29653 32227 33701 
22366 33859 32449 33682 
21780 37220 32747 33619 
22581 40056 33016 33411 
24807 42475 33243 33095 
27971 44066 33398 32761 
31466 44430 33462 32387 
34627 43285 33389 32011 
36995 40734 33212 31697 
38311 37293 32923 31478 
38470 33812 32589 31413 
37481 31369 32310 31575 
35499 30426 32093 31901 
32932 30636 31954 32310 
30476 31211 31944 32823 
28900 31110 32039 33327 
28795 29569 32246 33798 
30226 26594 32517 34066 
32735 22964 32865 34154 
35439 19831 33120 33946 
37551 18696 33374 33583 
38401 20520 33544 33074 
37731 25414 33579 32467 
35824 32778 33514 31907 
33125 41198 33324 31439 
30192 49041 33047 31189 
27499 54668 32721 31197 
25646 56611 32403 31443 
25026 54467 32153 31934 
25792 48459 31933 32468 
27886 39688 31842 33068 
30863 29418 31866 33611 
33912 19857 32001 33990 
36356 12322 32236 34182 
37845 7813 32492 34108 
38602 6763 32746 33842 
38966 9304 32961 33382 
39192 15204 33086 32846 
39195 23792 33202 32401 
38353 33968 33224 31983 
36267 44326 33198 31714 
32997 53318 33170 31633 
29175 58839 33096 31694 
25913 59750 33029 31885 
24058 55937 32969 32133 
23956 48203 32873 32379 
25363 38340 32803 32621 
27459 28275 32722 32825 
29194 20590 32616 32941 
30163 16558 32505 33012 
30678 16308 32368 33027 
31759 18844 32265 33058 
34321 22531 32191 33078 
38289 25763 32147 33116 
42639 28026 32133 33122 
45627 29866 32227 33168 
45731 32084 32386 33205 
42497 35191 32606 33189 
37255 38604 32848 33112 
31832 40960 33047 32928 
28129 40958 33271 32747 
26584 38059 33395 32454 
26409 33375 33472 32170 
26068 29330 33433 31885 
24778 28464 33346 31708 
23027 31437 33136 31599 
22392 37238 32918 31656 
24005 43130 32642 31818 
27953 46455 32397 32143 
32777 45286 32163 32548 
36787 39905 31959 32985 
39382 31940 31851 33419 
41014 23634 31847 33832 
42533 16775 31945 34091 
44220 12761 32151 34191 
45293 11980 32418 34102 
44482 14252 32739 33834 
40928 19298 33070 33403 
35029 26630 33337 32847 
28329 35574 33574 32259 
22955 44522 33694 31691 
19808 52230 33701 31257 
18712 57434 33601 31011 
18945 58980 33367 30937 
20258 56267 33055 31111 
22946 49512 32714 31531 
27397 39753 32347 32063 
33385 28761 32122 32742 
39414 18636 31885 33340 
44041 11250 31806 33926 
45932 7867 31847 34305 
45344 8311 31990 34491 
43282 11846 32136 34371 
41049 17658 32382 34110 
39031 24932 32606 33614 
36932 32798 32799 33073 
33909 40734 32973 32504 
29478 48091 33091 32004 
24095 53895 33194 31640 
19059 56815 33234 31449 
16445 55635 33268 31440 
17415 50048 33264 31582 
22023 41037 33224 31813 
29323 30260 33183 32115 
36764 21127 33102 32407 
42215 15802 32972 32683 
44290 15144 32788 32864 
42998 18354 32590 33019 
39522 23399 32372 33108 
35810 28212 32169 33161 
33572 31343 32048 33211 
33340 32593 31971 33223 
34248 33058 31971 33234 
34764 34045 32071 33243 
33816 36204 32277 33267 
31422 38852 32532 33240 
28827 40539 32785 33174 
27445 40163 33046 33047 
27931 37526 33239 32838 
29926 33716 33355 32544 
32197 30731 33408 32248 
33567 29898 33396 31968 
33360 31273 33243 31668 
31872 33871 33040 31505 
29823 35991 32805 31491 
28214 36235 32549 31631 
27797 34449 32342 31968 
28915 31379 32153 32370 
31648 28472 32072 32897 
35566 26800 32076 33446 
39633 26793 32190 33930 
42708 27969 32395 34263 
43620 29503 32641 34384 
41852 30872 32867 34220 
37795 32065 33070 33816 
32934 33352 33249 33288 
28647 34887 33287 32616 
26070 36626 33310 31999 
25341 38031 33223 31427 
25891 38501 33028 31058 
26866 37743 32803 30926 
27834 35860 32595 31051 
28774 33235 32441 31454 
30080 30508 32293 31998 
32031 28563 32270 32668 
34341 28091 32285 33311 
36597 29208 32339 33848 
38243 31408 32421 34180 
39005 33702 32573 34333 
38783 34976 32707 34202 
37789 34590 32829 33871 
36252 32838 32947 33380 
34247 30494 32984 32794 
31994 28736 33040 32248 
29800 28327 32993 31771 
28343 29411 32915 31519 
27943 31386 32764 31434 
28671 33593 32635 31578 
29912 35611 32507 31898 
30640 37522 32451 32349 
30200 39431 32462 32807 
28872 41335 32550 33209 
27743 42654 32665 33456 
28124 42531 32863 33590 
30659 39926 33023 33501 
34828 34591 33115 33248 
39555 27018 33179 32914 
43465 18535 33137 32550 
45673 11092 33003 32224 
45755 7170 32761 31980 
43912 8498 32519 31920 
40346 15163 32263 32001 
35207 26054 32097 32242 
28663 38803 31972 32528 
21497 51325 32041 32915 
15248 60800 32182 33247 
11444 65285 32433 33501 
11294 65459 32758 33642 
15029 59105 33056 33585 
22131 53286 33293 33386 
31014 41243 33471 33108 
40606 26593 33506 32731 
49627 10871 33394 32340 
56917 416 33223 32029 
60947 83 32958 31804 
60167 31 32681 31709 
54040 17 32416 31755 
43418 12987 32222 31933 
30374 29541 32092 32189 
17597 47547 32069 32540 
8313 62432 32134 32919 
3857 65419 32224 33257 
4331 65498 32404 33543 
8815 65499 32630 33777 
16442 65405 32808 33798 
25699 50440 32985 33703 
35906 34992 33104 33488 
46032 18589 33179 33134 
54920 2749 33247 32742 
60083 143 33259 32324 
60351 58 33205 31939 
55836 32 33102 31607 
47591 5501 32921 31398 
37378 18722 32791 31430 
27420 34815 32623 31598 
19104 50586 32465 31925 
13249 62957 32323 32325 
10226 65420 32245 32824 
10142 65490 32181 33267 
13109 65500 32206 33673 
18984 58161 32314 33969 
27168 44394 32421 34027 
36563 27858 32568 33956 
45688 10902 32697 33700 
52429 404 32771 33345 
55293 72 32831 32939 
53341 31 32835 32501 
46819 1190 32848 32143 
37497 15826 32843 31879 
28235 31293 32876 31734 
21565 46454 32962 31733 
18982 57646 33030 31809 
20481 62904 33141 32013 
24439 61785 33218 32211 
28599 55705 33247 32419 
31279 47019 33225 32628 
32118 37475 33104 32784 
31816 28144 32899 32893 
31685 19617 32615 32981 
32856 12073 32311 33083 
35485 6404 32028 33164 
38900 3551 31790 33217 
41886 4793 31681 33284 
43031 11100 31705 33325 
41371 22618 31907 33360 
36809 37366 32196 33304 
30653 52148 32600 33213 
24689 63823 33007 33019 
20815 65451 33359 32716 
20279 65507 33668 32429 
22836 65447 33837 32099 
26944 51634 33816 31804 
30997 37637 33663 31584 
34101 24373 33395 31527 
36557 13345 33084 31630 
39063 5626 32722 31880 
41939 1733 32356 32206 
44538 1927 32079 32645 
45449 6484 31887 33116 
43421 15142 31752 33501 
38355 27238 31771 33866 
32065 39720 31899 34081 
26309 50600 32090 34105 
22596 57889 32365 33962 
21162 60526 32683 33653 
21263 58281 33026 33248 
21945 51953 33287 32737 
23100 42860 33520 32230 
25237 32523 33642 31753 
28952 22816 33701 31420 
34018 15478 33542 31189 
39242 12378 33339 31181 
43261 13786 33048 31348 
45092 18850 32719 31690 
44791 25886 32427 32198 
43108 32855 32199 32762 
40915 37956 32017 33277 
38546 40711 31965 33733 
35711 41357 32030 34077 
32002 40525 32176 34191 
27533 38905 32356 34115 
23342 37019 32523 33828 
20600 35031 32698 33452 
19979 32923 32805 33002 
21470 30803 32833 32533 
24408 29182 32893 32184 
27557 28423 32863 31907 
30473 29039 32870 31815 
32959 31042 32869 31800 
35536 33981 32905 31900 
38554 36547 32995 32068 
42069 37389 33089 32249 
45682 35486 33187 32428 
48507 30706 33261 32564 
49369 24521 33246 32649 
47446 19653 33172 32742 
42341 18536 32991 32786 
34378 22611 32720 32841 
24280 31516 32426 32947 
14081 42589 32126 33075 
6416 52054 31879 33215 
3575 57112 31743 33344 
