33543 31456 32876 33108 
33543 31456 32876 33108 
33196 31417 32793 32781 
32779 31571 32684 32477 
32331 31880 32524 32214 
31916 32257 32344 32068 
31638 32698 32205 32090 
31518 33096 32093 32242 
31580 33445 32065 32536 
31861 33772 32209 32963 
32241 33915 32405 33358 
32717 33955 32723 33690 
33112 33794 33028 33830 
33464 33532 33312 33760 
33648 33147 33497 33476 
33692 32738 33596 33039 
33605 32362 33582 32527 
33420 32064 33464 32005 
33105 31806 33200 31516 
32778 31694 32881 31210 
32490 31720 32553 31147 
32279 31858 32266 31347 
32170 32045 32048 31782 
32115 32265 31900 32372 
32123 32478 31816 33032 
32204 32710 31891 33693 
32326 32940 32061 34238 
32417 33111 32266 34506 
32583 33315 32566 34571 
32728 33472 32887 34333 
32860 33529 33152 33817 
32981 33531 33391 33133 
33122 33490 33567 32402 
33233 33379 33658 31696 
33263 33177 33588 31096 
33242 32946 33427 30737 
33187 32712 33204 30697 
33047 32485 32919 30931 
32867 32274 32619 31448 
32664 32099 32356 32157 
32456 31952 32142 32913 
32242 31831 31958 33605 
32138 31798 31917 34212 
32106 31836 31960 34546 
32165 31953 32082 34588 
32335 32166 32289 34362 
32577 32471 32558 33921 
32850 32841 32838 33304 
33048 33157 33040 32554 
33214 33506 33208 31928 
33260 33765 33286 31419 
33185 33923 33263 31158 
32994 33919 33128 31162 
32720 33768 32925 31401 
32442 33519 32746 31883 
32235 33184 32602 32462 
32097 32761 32501 33042 
32058 32299 32468 33550 
32230 31926 32569 33922 
32456 31586 32688 33989 
32790 31419 32845 33847 
33136 31408 32989 33486 
33454 31587 33087 32995 
33670 31918 33118 32450 
33736 32354 33055 31967 
33639 32850 32929 31622 
33302 33283 32658 31431 
32922 33691 32443 31542 
32452 33925 32195 31841 
31995 33953 32030 32279 
31689 33809 31975 32825 
31492 33444 31985 33309 
31525 33020 32120 33741 
31756 32548 32373 34005 
32147 32175 32722 34077 
32607 31886 33066 33905 
33039 31719 33339 33506 
33400 31737 33528 33015 
33655 31945 33629 32451 
33802 32309 33660 31997 
33702 32682 33496 31579 
33482 33056 33252 31350 
33164 33399 32934 31321 
32796 33602 32603 31503 
32475 33652 32304 31865 
32177 33488 32036 32280 
31991 33192 31865 32786 
31877 32755 31752 33221 
31915 32339 31803 33653 
32061 31979 31927 33949 
32283 31740 32126 34050 
32546 31686 32402 33997 
32860 31846 32746 33827 
33116 32093 33075 33474 
33282 32421 33352 33014 
33375 32820 33616 32553 
33375 33207 33776 32082 
33249 33518 33803 31658 
33070 33746 33720 31393 
32814 33783 33463 31235 
32601 33694 33149 31309 
32412 33471 32752 31532 
32322 33163 32365 31948 
32325 32770 32010 32434 
32409 32366 31748 32979 
32568 32018 31650 33504 
32708 31736 31654 33888 
32875 31650 31825 34124 
32985 31732 32106 34177 
32976 31930 32423 34013 
32901 32249 32775 33710 
32703 32574 33033 33284 
32479 32902 33232 32824 
32197 33117 33300 32338 
32056 33312 33337 31989 
31995 33354 33264 31745 
32084 33294 33156 31645 
32327 33174 33069 31723 
32691 32979 32958 31872 
33110 32782 32879 32081 
33545 32664 32877 32331 
33843 32566 32850 32539 
33982 32554 32839 32720 
33900 32610 32798 32847 
33611 32692 32691 32937 
33204 32811 32563 33000 
32690 32903 32398 33055 
32204 32969 32259 33151 
31767 32901 32109 33188 
31500 32782 32034 33266 
31425 32596 32046 33299 
31559 32408 32174 33328 
31826 32197 32337 33248 
32186 32075 32575 33105 
32613 32061 32860 32929 
32992 32153 33111 32665 
33338 32379 33378 32416 
33570 32676 33557 32157 
33691 33003 33664 31960 
33632 33271 33601 31777 
33500 33474 33463 31729 
33242 33528 33192 31757 
32981 33499 32895 31938 
32705 33346 32542 32218 
32449 33119 32209 32612 
32221 32808 31922 32984 
32057 32474 31723 33350 
32027 32219 31719 33706 
32034 32021 31820 33896 
32175 31938 32067 33937 
32345 31950 32388 33794 
32587 32095 32781 33521 
32815 32299 33131 33106 
33011 32554 33422 32636 
33229 32883 33658 32209 
33288 33098 33677 31779 
33291 33315 33598 31543 
33198 33437 33398 31474 
33009 33432 33092 31559 
32803 33363 32754 31842 
32600 33182 32429 32197 
32461 32983 32192 32634 
32357 32705 32006 33033 
32373 32470 31976 33423 
32436 32237 32037 33665 
32574 32095 32208 33789 
32699 32017 32420 33714 
32821 32063 32666 33526 
32913 32231 32909 33245 
32896 32418 33050 32852 
32816 32641 33104 32456 
32739 32910 33129 32175 
32576 33082 33009 31956 
32428 33170 32835 31867 
32315 33177 32648 31938 
32295 33119 32534 32160 
32342 32983 32477 32454 
32446 32804 32499 32751 
32639 32634 32600 33032 
32904 32541 32808 33257 
33141 32470 32985 33327 
33367 32499 33149 33284 
33547 32614 33279 33120 
33556 32740 33258 32840 
33460 32888 33168 32541 
33225 33001 32973 32262 
32905 33062 32696 32069 
32514 33045 32393 31991 
32137 32946 32133 32070 
31819 32748 31937 32263 
31655 32538 31879 32575 
31669 32340 31978 32964 
31805 32120 32122 33271 
32129 32059 32430 33553 
32547 32103 32785 33700 
32945 32203 33076 33634 
33333 32431 33326 33412 
33656 32746 33519 33088 
33776 33042 33542 32640 
33775 33371 33508 32247 
33550 33567 33302 31861 
33251 33695 33099 31651 
32858 33681 32849 31628 
32437 33473 32567 31728 
32117 33169 32359 31992 
31903 32782 32194 32371 
31824 32357 32093 32788 
31879 31955 32052 33190 
32054 31664 32073 33541 
32309 31516 32159 33754 
32603 31547 32297 33819 
32875 31735 32468 33681 
33083 32073 32669 33431 
33242 32513 32898 33095 
33274 32967 33098 32690 
33267 33421 33289 32318 
33184 33788 33443 32004 
33043 34002 33517 31777 
32909 34026 33513 31696 
32720 33836 33380 31728 
32606 33518 33194 31909 
32528 33107 32934 32168 
32478 32631 32618 32462 
32541 32241 32351 32827 
32584 31868 32077 33090 
32645 31658 31901 33319 
32734 31625 31861 33492 
32755 31696 31889 33561 
32752 31897 32038 33660 
32700 32156 32266 33751 
32601 32468 32520 33770 
32431 32722 32743 33493 
32278 32959 32938 32872 
32107 33082 33053 31812 
32071 33213 33161 30683 
32128 33265 33192 29817 
32371 33298 33182 29622 
32855 33462 33203 30394 
33381 33603 33181 31927 
33755 33703 33194 33945 
33748 33488 33125 35729 
33808 32702 33080 36975 
34312 31019 32998 37340 
35043 28695 32831 36739 
34822 27637 32660 35436 
31789 30147 32419 33585 
25547 37378 32206 31491 
18686 47263 32018 29376 
16579 54278 31874 27459 
24012 51832 31840 26213 
39982 37529 31861 25816 
59075 15436 32038 26607 
65471 397 32344 28649 
65535 0 32652 31590 
65535 0 32993 35127 
50939 15980 33288 38594 
8234 64209 33723 43018 
56 65535 33765 42849 
0 65535 33658 40875 
11081 65535 33437 37340 
26387 65474 33173 32682 
39165 49761 32839 27857 
48865 34240 32472 23587 
56589 19216 32146 20706 
63070 2271 31865 19752 
65420 245 31694 21017 
65476 114 31644 24310 
52951 1 31755 29036 
35119 0 31982 34455 
13862 7934 32282 39681 
486 31413 32728 43856 
104 56364 33103 46052 
0 65257 33441 46080 
0 65535 33683 43949 
0 65535 33796 39949 
17707 65535 33744 34774 
39082 65535 33521 29446 
60342 51494 33242 24806 
65419 28252 32846 21525 
65535 3472 32510 20206 
65535 87 32172 20956 
65535 0 31947 23568 
65535 0 31827 27447 
49647 448 31860 31986 
29289 24621 31979 36414 
8056 48915 32262 39957 
138 64989 32577 42147 
0 65475 32857 42662 
0 65535 33111 41595 
7732 65535 33324 39158 
26480 65535 33444 35902 
47042 59996 33451 32439 
64601 36482 33308 29329 
65491 11800 33079 27039 
65535 309 32777 25899 
65535 28 32464 26022 
65535 0 32242 27268 
51186 0 32089 29299 
31155 4420 32083 31697 
9546 21885 32181 34041 
202 43284 32391 35801 
3 63833 32688 36831 
0 65424 32991 36947 
18 65535 33239 36266 
13573 65535 33416 34992 
28841 65535 33487 33389 
43411 63172 33410 31835 
54621 39728 33230 30636 
60296 16115 32965 29945 
59231 486 32636 29871 
51854 71 32337 30427 
39520 30 32090 31391 
24748 20 31956 32626 
10552 6856 31924 33787 
597 18263 32004 34708 
63 34136 32230 35233 
34 49515 32515 35230 
8503 61289 32822 34749 
21646 65399 33120 33870 
36701 65506 33383 32795 
50414 57632 33536 31756 
60532 44965 33525 30891 
65102 30417 33378 30380 
65148 15817 33134 30320 
58311 4221 32788 30672 
49345 164 32441 31378 
38521 58 32171 32333 
27093 649 32010 33294 
16611 13769 32013 34178 
9437 28131 32151 34704 
7755 41965 32392 34838 
11730 52716 32748 34640 
19800 58393 33083 34075 
29234 59126 33351 33269 
36677 56524 33504 32436 
40153 52393 33534 31689 
40084 47491 33384 31174 
38676 41152 33103 30971 
38135 32487 32721 31082 
39189 21633 32371 31550 
40254 10880 32033 32188 
38822 4568 31814 32855 
33838 5075 31735 33462 
26734 12708 31858 33924 
20813 25078 32126 34125 
19343 38444 32513 34060 
23452 48319 32941 33774 
31421 52366 33306 33251 
40368 49981 33576 32683 
47640 42511 33758 32165 
51610 32449 33746 31741 
51409 23584 33578 31494 
47056 18946 33321 31527 
38624 20347 32960 31732 
26893 27428 32528 32025 
13816 37998 32204 32509 
3565 47365 31899 32937 
147 52063 31721 33331 
5671 50023 31674 33594 
18893 42123 31785 33746 
35699 31296 32023 33731 
50469 21950 32336 33576 
59140 16903 32722 33345 
60264 16678 33081 33040 
55686 19591 33374 32674 
48756 23466 33659 32387 
42250 26428 33773 32120 
36584 28383 33753 31932 
30728 30380 33615 31837 
23563 33738 33363 31827 
15151 39236 33010 31885 
7698 46139 32635 32005 
3763 52844 32308 32231 
5592 57013 32027 32482 
14147 56356 31856 32785 
27943 49462 31785 33064 
43772 37358 31876 33372 
58759 22379 32062 33594 
65342 8478 32349 33746 
65527 385 32625 33749 
65535 47 32882 33625 
62616 1475 33049 33380 
43854 13789 33151 33087 
26840 26321 33149 32725 
13240 38548 33085 32375 
4886 49213 32981 32090 
1873 57384 32855 31890 
2789 62934 32768 31818 
7045 64953 32735 31851 
14950 62294 32810 32014 
27034 54053 32865 32171 
41378 41352 32931 32361 
54715 27076 33022 32587 
62926 14696 33065 32782 
62434 7283 33018 32927 
53452 5697 32862 32985 
39372 8623 32678 33066 
26162 13124 32456 33093 
18670 16899 32238 33105 
18531 19162 32045 33074 
23491 21011 31948 33059 
29358 24613 31970 33048 
32235 31518 32067 32993 
31203 42078 32309 32977 
27780 54627 32576 32894 
24894 65002 32895 32815 
24992 65459 33168 32679 
28451 65520 33409 32549 
33809 65533 33562 32393 
38958 64396 33620 32251 
42177 44410 33514 32109 
42800 25876 33323 32012 
41202 9836 33058 32020 
38347 422 32732 32082 
35283 97 32418 32251 
32756 83 32113 32482 
31317 91 31905 32789 
30938 9100 31801 33116 
31096 20099 31837 33437 
31001 33277 32018 33690 
30026 46530 32245 33771 
28073 57555 32585 33734 
25822 63326 32953 33533 
24380 63046 33241 33166 
24798 57705 33459 32721 
27557 48589 33553 32248 
32250 37235 33552 31838 
37348 25359 33381 31504 
41189 14934 33162 31404 
42649 7422 32853 31470 
41509 4368 32536 31718 
38395 6935 32296 32140 
34523 14890 32109 32605 
31114 26384 32033 33092 
28747 38911 32045 33507 
27878 49914 32159 33803 
28690 56955 32365 33935 
31208 58127 32622 33909 
34923 53015 32840 33686 
38854 42597 33031 33334 
41492 29262 33170 32908 
41296 16576 33222 32439 
37213 9359 33182 32018 
30061 10904 33072 31719 
21674 20511 32862 31545 
14656 34590 32652 31587 
11330 47966 32451 31834 
12990 55329 32291 32162 
19065 54468 32210 32590 
28083 47219 32227 33049 
38074 37378 32326 33437 
47603 28892 32561 33753 
54972 23887 32799 33831 
59024 21539 33078 33745 
59243 19171 33257 33407 
55721 15209 33372 32949 
48948 10253 33398 32456 
39811 7234 33315 31988 
29373 9989 33088 31605 
18960 20223 32760 31428 
9432 36478 32467 31503 
2062 54954 32214 31825 
113 65230 32008 32242 
43 65524 31937 32789 
8087 65535 31949 33277 
21559 65535 32121 33727 
37307 59044 32374 33981 
51934 40390 32659 34007 
61944 22941 32938 33818 
64693 10880 33162 33410 
60931 5889 33306 32928 
53059 6900 33364 32384 
43688 11775 33317 31891 
34927 17986 33200 31539 
27721 23670 32987 31368 
22584 27824 32777 31441 
19124 30720 32562 31705 
17460 33223 32367 32146 
17862 35952 32239 32655 
20445 39049 32182 33184 
24624 41870 32179 33620 
29562 43627 32275 33929 
34215 43640 32434 34038 
37713 41725 32600 33878 
39851 38424 32818 33569 
40367 34937 33001 33106 
39364 32581 33138 32570 
37070 31985 33227 32063 
33926 32789 33234 31621 
30813 33835 33147 31337 
28735 33687 33016 31262 
28536 31335 32834 31420 
30289 26822 32674 31799 
33360 21174 32517 32285 
36673 16274 32399 32841 
39039 14061 32315 33382 
39621 16072 32320 33824 
38290 22541 32372 34072 
35442 32563 32468 34098 
31760 44082 32538 33920 
27941 54908 32620 33559 
24734 62038 32673 33115 
22635 63756 32694 32628 
22178 59601 32692 32202 
23708 50001 32676 31843 
27141 36961 32692 31687 
31669 23191 32728 31702 
36213 11093 32826 31900 
39668 2645 32964 32128 
41514 138 33078 32405 
42040 79 33237 32716 
41848 5443 33292 32890 
41567 14760 33311 33005 
41035 26959 33251 33029 
39508 40941 33070 32960 
36343 54160 32794 32837 
31590 64464 32499 32733 
26092 65451 32190 32653 
21359 65504 31938 32653 
18719 65508 31772 32720 
18952 52924 31719 32834 
21568 37942 31799 32957 
25313 23594 32043 33110 
28752 12860 32376 33213 
30912 8154 32743 33220 
32227 9091 33107 33143 
34008 13824 33414 32961 
37562 19630 33650 32728 
43154 24429 33745 32441 
48963 27358 33693 32151 
52513 29384 33522 31921 
51583 31878 33253 31763 
45783 35685 32955 31757 
36683 40284 32604 31849 
27883 43543 32308 32082 
22005 43510 32071 32396 
19953 39463 31877 32739 
20531 32928 31816 33130 
21321 27477 31796 33424 
20880 26828 31976 33717 
19692 31877 32161 33840 
19898 40818 32448 33854 
23227 49747 32755 33694 
29515 54171 33017 33422 
36489 51716 33270 33052 
41964 42927 33461 32659 
45041 30468 33584 32251 
46393 17491 33578 31867 
47453 7496 33472 31552 
48686 2308 33265 31394 
49150 2102 33014 31387 
47003 6401 32738 31541 
41053 14781 32482 31875 
31950 26450 32247 32289 
22917 39203 32101 32752 
16212 51859 32033 33222 
12953 62401 32067 33652 
12491 65393 32146 33931 
13715 65486 32337 34094 
16091 65505 32487 34038 
20357 58089 32629 33803 
27211 44086 32719 33409 
36302 27842 32779 32961 
45105 13266 32789 32495 
51012 3360 32793 32098 
52681 147 32828 31819 
50617 81 32866 31671 
46791 4953 32913 31649 
43176 12971 33031 31815 
40542 22577 33165 32071 
38027 32657 33263 32315 
34106 42748 33325 32572 
27912 52148 33325 32781 
19899 59606 33207 32916 
12498 63036 33018 33009 
8744 60884 32764 33042 
10374 52937 32465 33040 
17428 40538 32142 33006 
27782 26711 31860 32976 
38606 15145 31650 32944 
46445 9553 31607 32973 
49423 10645 31722 33008 
47405 16948 31944 33030 
42188 25428 32321 33081 
36919 32338 32744 33052 
34218 35578 33172 32965 
34453 35537 33519 32788 
36168 34221 33769 32546 
36932 33941 33894 32307 
35115 35742 33836 32063 
30981 38729 33641 31878 
26471 40763 33340 31761 
23889 40088 32975 31758 
24408 36464 32597 31890 
27383 31703 32248 32143 
30954 28370 31967 32482 
33235 28283 31764 32857 
33323 31386 31674 33241 
31511 35848 31692 33601 
29065 38818 31855 33878 
27295 38626 32111 34011 
27168 35194 32398 33938 
29303 30014 32737 33735 
33591 25519 33106 33412 
38992 23435 33356 32945 
44284 24081 33598 32459 
47657 26460 33744 32009 
47567 29242 33718 31579 
43547 31795 33586 31312 
36634 34027 33372 31269 
29160 36255 33042 31371 
23305 38774 32706 31675 
20539 41073 32415 32143 
20899 42219 32162 32631 
23226 41282 31949 33124 
26067 38213 31854 33539 
28561 33577 31891 33867 
30665 28358 31977 33970 
32888 23892 32175 33935 
35373 21633 32442 33741 
37743 22352 32670 33391 
39520 25978 32932 33004 
40099 31195 33092 32532 
39494 36358 33249 32185 
37917 39584 33276 31885 
35896 39966 33221 31739 
33752 37876 33109 31773 
31542 34527 32939 31932 
29361 31451 32763 32202 
27604 29782 32653 32581 
26979 29710 32550 32913 
28019 30556 32518 33178 
30434 31605 32577 33325 
33047 32692 32674 33334 
34271 34323 32824 33234 
32838 36889 32906 32951 
29530 40316 32978 32673 
26200 43480 32981 32396 
25063 44770 32887 32171 
27390 42668 32720 32044 
32892 36408 32549 32107 
39493 26743 32351 32273 
45359 15512 32177 32537 
49000 5583 32073 32834 
49924 369 32078 33152 
48044 69 32186 33402 
43497 10581 32432 33553 
36550 25198 32741 33561 
27548 42371 33053 33422 
17632 58716 33338 33177 
8794 65305 33532 32807 
3535 65475 33642 32443 
3666 65491 33594 32093 
9313 65498 33441 31828 
19173 65508 33180 31682 
31474 51732 32861 31700 
44736 32666 32489 31830 
56965 11800 32197 32136 
65131 366 31930 32481 
65465 64 31724 32838 
65524 0 31689 33237 
65535 0 31804 33597 
55429 12338 32053 33867 
37869 31192 32332 33927 
19394 51447 32699 33868 
4505 65065 33068 33618 
134 65499 33406 33250 
62 65528 33661 32788 
92 65522 33814 32301 
9344 65297 33846 31878 
19503 45599 33686 31509 
31347 25631 33413 31308 
43524 5556 33046 31306 
54226 222 32637 31469 
61116 80 32285 31835 
62224 29 31984 32318 
57037 0 31765 32830 
47334 7753 31751 33392 
35291 24396 31812 33801 
23678 44040 32029 34086 
14554 62559 32346 34191 
8894 65416 32655 34084 
7075 65511 32928 33807 
8841 65524 33138 33400 
13920 65528 33224 32919 
22103 60635 33243 32500 
32805 40959 33158 32107 
44306 19672 33036 31841 
54914 952 32918 31733 
62292 114 32786 31708 
64096 28 32754 31840 
59341 0 32792 32033 
48590 8360 32873 32237 
34592 21039 32928 32398 
20780 40210 33020 32618 
11033 57832 33051 32747 
7713 65336 32988 32851 
10640 65524 32834 32947 
17210 65522 32623 33049 
24216 60719 32427 33178 
29213 45498 32201 33268 
31717 30112 31985 33304 
32815 16322 31913 33368 
34298 5114 31953 33355 
37428 230 32094 33264 
42281 109 32319 33112 
47615 76 32649 32919 
51537 47 32987 32691 
51988 10860 33313 32424 
47952 26293 33563 32187 
39699 44967 33721 31991 
28925 63271 33724 31835 
18412 65429 33611 31799 
11502 65535 33374 31870 
10036 65535 33019 32006 
13572 65530 32632 32261 
19994 55453 32253 32581 
27021 37860 31945 32947 
33008 21169 31704 33274 
38011 8514 31679 33573 
43050 635 31813 33781 
48352 101 32049 33811 
52735 69 32391 33724 
54049 5797 32826 33538 
50429 16982 33147 33154 
42493 31556 33443 32738 
32428 46766 33630 32324 
23169 59561 33679 31956 
17399 65352 33557 31680 
15401 65491 33324 31586 
15717 64710 33029 31654 
16931 51328 32697 31888 
18780 37070 32379 32178 
22195 22225 32146 32558 
27825 9784 32020 32956 
35314 2042 32020 33284 
42940 862 32112 33536 
48502 6139 32283 33641 
50467 16472 32515 33634 
49212 28774 32759 33501 
46215 40023 32970 33243 
42826 47936 33116 32924 
39521 51464 33216 32600 
35837 51042 33267 32360 
30870 48098 33175 32115 
24865 44035 33027 32006 
19080 39674 32846 32031 
15430 35386 32604 32099 
15053 31381 32395 32284 
17757 27693 32273 32548 
22172 24640 32201 32794 
26909 22915 32176 32976 
31196 23281 32300 33172 
34721 25939 32515 33257 
38091 30174 32787 33245 
41926 34412 33037 33130 
46435 36617 33259 32941 
51083 35107 33446 32748 
54402 29766 33479 32512 
55078 22551 33425 32367 
51880 16861 33247 32254 
44045 16347 32923 32190 
32547 23044 32629 32287 
18642 35754 32347 32450 
4959 50847 32082 32615 
163 63564 31942 32839 
23 65480 31861 33016 
6 65535 31924 33143 
