33217 32983 33138 31829 
33217 32983 33138 31829 
33191 33141 33080 31600 
33070 33234 32982 31539 
32935 33297 32891 31684 
32761 33269 32786 31987 
32546 33116 32654 32352 
32384 32922 32556 32805 
32263 32661 32468 33224 
32227 32421 32413 33587 
32283 32244 32421 33834 
32397 32157 32461 33864 
32611 32224 32587 33778 
32793 32333 32688 33450 
32999 32573 32836 33059 
33144 32822 32958 32565 
33243 33065 33053 32074 
33244 33249 33086 31670 
33158 33313 33041 31415 
33049 33281 32967 31386 
32858 33108 32822 31518 
32664 32845 32651 31836 
32505 32563 32513 32302 
32369 32286 32390 32826 
32281 32087 32318 33309 
32262 31991 32326 33721 
32280 32011 32373 33968 
32378 32172 32512 34039 
32502 32432 32678 33916 
32629 32730 32818 33617 
32731 32984 32920 33204 
32796 33177 32931 32745 
32850 33306 32920 32346 
32882 33336 32875 32026 
32870 33245 32795 31820 
32840 33071 32714 31745 
32845 32915 32709 31849 
32836 32705 32712 31998 
32846 32536 32779 32210 
32895 32449 32888 32448 
32933 32396 32977 32622 
32981 32442 33074 32764 
32989 32489 33065 32828 
32961 32586 33004 32859 
32860 32663 32845 32882 
32741 32745 32652 32907 
32595 32788 32432 32971 
32399 32782 32195 33020 
32253 32737 32046 33133 
32152 32659 31971 33220 
32115 32593 32010 33308 
32193 32548 32211 33367 
32288 32494 32457 33305 
32498 32527 32797 33181 
32704 32588 33119 32948 
32923 32690 33389 32616 
33143 32855 33596 32292 
33303 33008 33643 31950 
33367 33131 33542 31662 
33393 33245 33351 31564 
33307 33249 33057 31556 
33153 33154 32706 31686 
32997 33040 32437 31996 
32805 32827 32193 32357 
32614 32590 32048 32770 
32435 32338 32001 33173 
32283 32130 32045 33516 
32146 31980 32130 33757 
32071 31925 32275 33880 
32044 31970 32439 33838 
32059 32122 32580 33703 
32158 32377 32732 33495 
32285 32652 32848 33215 
32473 32951 32954 32903 
32977 33471 33192 32297 
33217 33570 33266 32011 
33428 33583 33337 31805 
33617 33511 33407 31681 
33627 33276 33343 31599 
33563 32999 33216 31616 
33416 32726 33046 31743 
33165 32457 32802 31944 
32870 32239 32514 32223 
32533 32103 32218 32568 
32228 32061 31959 32955 
31978 32088 31779 33344 
31851 32205 31735 33715 
31841 32356 31837 33982 
31967 32537 32088 34128 
32112 32659 32364 34086 
32336 32757 32696 33903 
32542 32771 32979 33556 
32677 32741 33170 33094 
32813 32733 33316 32637 
32941 32752 33387 32207 
32997 32763 33343 31826 
33039 32838 33256 31566 
33058 32912 33098 31438 
33136 33058 32997 31488 
33185 33168 32890 31644 
33235 33269 32814 31886 
33277 33316 32761 32175 
33288 33297 32734 32484 
33199 33160 32679 32751 
33035 32954 32602 32984 
32777 32655 32486 33161 
32518 32402 32412 33361 
32201 32120 32289 33453 
31929 31905 32193 33518 
31720 31749 32126 33512 
31672 31729 32143 33486 
31767 31832 32225 33405 
31987 32038 32390 33235 
32317 32342 32618 33059 
32737 32718 32894 32844 
33113 33086 33140 32562 
33443 33462 33365 32289 
33695 33778 33545 32031 
33777 33976 33602 31829 
33705 33990 33547 31694 
33504 33824 33381 31688 
33192 33483 33101 31753 
32819 33018 32744 31935 
32428 32451 32339 32197 
32156 31947 32039 32608 
31925 31489 31780 32988 
31821 31220 31654 33363 
31847 31161 31720 33689 
32018 31363 31952 33926 
32297 31830 32323 34029 
32607 32388 32737 33934 
32907 33007 33135 33662 
33102 33544 33435 33221 
33279 33998 33660 32748 
33342 34233 33729 32215 
33295 34216 33633 31739 
33148 33943 33376 31366 
32987 33543 33068 31236 
32806 33035 32712 31305 
32640 32491 32379 31575 
32507 32011 32115 32028 
32458 31675 31965 32563 
32445 31508 31908 33085 
32489 31557 31970 33578 
32571 31770 32139 33952 
32703 32151 32417 34145 
32759 32520 32676 34058 
32815 32920 32961 33790 
32755 33134 33106 33291 
32692 33292 33235 32777 
32587 33301 33252 32243 
32481 33184 33177 31802 
32410 32985 33026 31521 
32361 32766 32823 31496 
32405 32598 32640 31706 
32509 32515 32486 32083 
32691 32536 32425 32544 
32870 32635 32425 33008 
33035 32768 32463 33369 
33222 32980 32615 33622 
33335 33154 32793 33653 
33362 33228 32953 33484 
33291 33191 33064 33143 
33145 33056 33113 32740 
32939 32826 33083 32316 
32672 32491 32959 31951 
32429 32190 32785 31773 
32203 31903 32557 31760 
32063 31767 32381 31964 
31965 31707 32220 32270 
31972 31846 32131 32697 
32111 32132 32185 33142 
32277 32497 32285 33482 
32530 32946 32482 33716 
32753 33344 32695 33730 
33009 33720 32946 33593 
33199 33913 33112 33248 
33328 33925 33224 32826 
33406 33799 33289 32421 
33411 33522 33276 32072 
33273 33093 33127 31754 
33153 32687 33019 31688 
32946 32235 32832 31738 
32729 31862 32644 31942 
32549 31647 32510 32271 
32385 31545 32386 32640 
32198 31528 32252 32962 
32088 31663 32192 33263 
32039 31944 32182 33506 
32058 32270 32230 33612 
32162 32662 32347 33631 
32305 33077 32503 33520 
32466 33406 32640 33273 
32680 33728 32843 33005 
32898 33906 33032 32668 
33161 33988 33249 32359 
33318 33875 33373 32053 
33436 33636 33433 31805 
33469 33292 33402 31659 
33435 32896 33304 31662 
33311 32450 33116 31784 
33152 32080 32900 32037 
32903 31751 32601 32339 
32670 31570 32346 32746 
32377 31497 32089 33104 
32164 31611 31945 33455 
32017 31871 31919 33731 
31977 32227 32024 33876 
31987 32598 32182 33817 
32104 32976 32408 33637 
32250 33249 32607 33320 
32455 33437 32805 32956 
32650 33463 32938 32545 
32849 33404 33029 32213 
32992 33246 33048 31952 
33079 33018 33036 31819 
33128 32826 33023 31806 
33116 32665 33003 31911 
33105 32624 33030 32130 
33060 32631 33059 32367 
33043 32701 33112 32613 
32990 32748 33119 32788 
32965 32790 33111 32922 
32878 32744 33006 32948 
32805 32677 32861 32967 
32718 32579 32659 32962 
32607 32448 32432 33017 
32488 32317 32179 33133 
32386 32246 31980 33363 
32254 32195 31819 33503 
32212 32262 31816 33408 
32185 32362 31915 32922 
32215 32493 32134 32042 
32295 32658 32438 31072 
32440 32858 32797 30415 
32665 33077 33147 30355 
32999 33384 33465 31151 
33307 33695 33688 32596 
33510 33954 33814 34318 
33534 33893 33788 35803 
33577 33163 33557 36649 
33959 31671 33269 36731 
34180 29814 32845 35977 
33344 29124 32430 34684 
30389 31319 32041 32989 
25646 36854 31761 31117 
21585 43563 31634 29231 
22145 47325 31673 27576 
29781 43664 31879 26513 
43046 31602 32211 26345 
57244 14438 32606 27212 
65155 609 33038 29213 
64735 0 33355 32022 
47393 18 33604 35409 
26984 22664 33657 38605 
6159 46108 33584 41100 
88 64793 33386 42389 
0 65535 33082 42082 
583 65535 32724 40068 
17896 65525 32447 36649 
32512 62730 32228 32340 
45009 46192 32087 27872 
54770 32717 32054 24021 
62482 19648 32157 21518 
65361 5527 32318 20804 
65471 245 32510 22204 
65522 97 32699 25355 
65466 16 32893 29808 
47346 0 32998 34695 
27022 13534 33100 39326 
5163 36064 33159 42984 
174 60562 33121 44804 
14 65361 33054 44623 
0 65535 32934 42539 
0 65535 32757 38917 
14794 65535 32585 34415 
35168 65535 32419 29693 
55847 46641 32291 25712 
65304 23030 32262 23023 
65535 1042 32276 21977 
65535 66 32384 22658 
65535 0 32565 24941 
64884 0 32790 28243 
41444 8910 33053 32007 
20397 27645 33242 35569 
1030 49515 33334 38372 
55 65011 33428 40107 
0 65477 33386 40499 
0 65535 33229 39634 
8528 65535 33021 37812 
24776 65535 32684 35336 
42953 55153 32436 32747 
58815 32466 32171 30491 
65346 8084 32010 28893 
65521 216 31905 28104 
65535 42 31936 28167 
65443 15 32115 29037 
46089 12 32328 30387 
26169 8273 32551 31867 
6557 23005 32827 33311 
176 40027 33003 34384 
32 56269 33140 34977 
24 65265 33239 35083 
7474 65496 33259 34701 
16352 65525 33200 33946 
29912 65520 33176 33106 
42836 50292 33130 32316 
53182 31664 33086 31707 
58998 13425 33043 31416 
59434 611 32958 31423 
54709 87 32866 31703 
45975 53 32733 32161 
34876 56 32598 32683 
23461 10409 32439 33189 
14378 22954 32227 33515 
9483 36328 32026 33642 
9455 48306 31942 33644 
13942 56824 31943 33464 
21712 60445 32009 33163 
31193 58823 32192 32826 
40060 52803 32434 32516 
46728 44071 32820 32340 
50072 34294 33128 32188 
49953 25081 33386 32132 
46948 17603 33626 32199 
41802 13046 33727 32315 
35535 12201 33712 32449 
28931 15172 33549 32549 
23205 21480 33333 32658 
19614 29557 33011 32690 
19326 37487 32693 32718 
22591 42922 32410 32753 
28298 44990 32176 32750 
34394 44179 32028 32777 
38791 41824 31966 32806 
40228 39258 31937 32825 
38991 37140 32003 32898 
36719 34973 32108 33016 
35081 31798 32263 33112 
34680 27390 32420 33208 
34664 22717 32566 33224 
33539 19845 32763 33231 
30349 20719 32967 33158 
25958 25641 33133 32967 
22430 33229 33354 32746 
21786 41095 33528 32479 
24855 46630 33672 32192 
30918 47916 33714 31913 
37886 44418 33642 31679 
43955 37235 33446 31589 
47858 28471 33151 31618 
48780 20915 32803 31830 
46171 16973 32384 32148 
39825 18474 32011 32606 
30843 24805 31727 33113 
20898 33665 31526 33554 
12955 41971 31513 33936 
9942 46745 31650 34118 
13498 46499 31948 34140 
22671 41654 32301 33935 
33979 34771 32682 33580 
43706 28587 32998 33091 
49216 25055 33265 32574 
49839 24470 33429 32096 
46929 25711 33516 31769 
42739 27139 33462 31565 
38955 27891 33348 31591 
35586 28110 33201 31745 
31871 28796 33050 32025 
27025 31030 32927 32325 
21107 35417 32840 32649 
15600 41298 32761 32867 
12585 47072 32724 33015 
13621 50859 32684 33052 
19332 50934 32660 33044 
28961 46268 32555 32940 
40852 37221 32437 32854 
51849 26003 32299 32805 
59480 15406 32178 32818 
61466 8174 32075 32869 
57101 6065 32036 32988 
47363 9304 32073 33105 
35101 16474 32199 33192 
23238 25669 32406 33230 
14291 35116 32691 33169 
9227 43794 32969 32980 
7819 51261 33246 32700 
9409 56828 33508 32374 
13498 59593 33676 32047 
20335 58619 33749 31800 
29914 53291 33648 31601 
41266 44073 33424 31588 
52281 32595 33100 31769 
59333 21723 32733 32128 
59740 14072 32325 32574 
53574 10470 31970 33079 
43364 10338 31677 33522 
33004 12239 31585 33913 
25814 14746 31668 34130 
23453 17236 31895 34122 
24549 20239 32259 33908 
26480 24799 32666 33500 
27015 31818 33060 32941 
25523 41409 33408 32335 
23015 52219 33642 31751 
21496 62066 33709 31299 
22527 65388 33628 31095 
26291 65494 33416 31136 
31684 65420 33110 31405 
37225 51734 32771 31879 
41464 36568 32429 32476 
43516 21275 32160 33099 
43449 8930 31991 33662 
41855 1017 31948 34065 
39509 106 32041 34275 
37111 86 32193 34225 
35177 4860 32432 33952 
33684 13611 32657 33458 
32439 24680 32901 32937 
30802 37044 33030 32312 
28671 48970 33165 31827 
26171 58312 33225 31464 
23853 63343 33142 31227 
22807 63103 33061 31299 
23641 58129 32898 31541 
26371 49691 32710 31963 
30495 39309 32552 32507 
34917 28391 32413 33066 
38530 18525 32318 33588 
40497 11072 32297 33971 
40487 7615 32360 34169 
38922 8751 32497 34116 
36501 14193 32672 33847 
33969 22770 32874 33389 
31914 32664 33029 32795 
30842 41938 33196 32208 
30968 48291 33235 31639 
32364 50623 33238 31296 
34556 48250 33102 31108 
36892 41712 32936 31197 
38320 32240 32658 31492 
37842 23524 32468 32084 
34909 18640 32272 32696 
29926 19591 32142 33303 
24107 26190 32095 33855 
19101 35935 32125 34188 
16506 45164 32249 34312 
17384 50119 32434 34178 
21718 49224 32687 33867 
28382 43733 32945 33364 
36055 36346 33121 32744 
43385 29881 33282 32133 
49148 25636 33383 31622 
52437 22996 33372 31272 
52761 20520 33242 31119 
50289 17103 33014 31190 
45593 13349 32730 31478 
39313 11391 32461 31980 
31908 13862 32241 32590 
23911 22353 32055 33190 
16508 35201 31987 33742 
10451 49728 32040 34113 
7260 62091 32237 34302 
8249 65426 32511 34244 
14265 65518 32857 33957 
24390 65385 33141 33438 
36174 49645 33366 32833 
47001 34477 33516 32220 
54301 20799 33536 31670 
56595 11392 33428 31289 
54039 7334 33157 31080 
47980 8276 32815 31135 
40697 12570 32460 31406 
33842 18327 32165 31886 
28273 23947 31962 32448 
24263 28721 31890 33036 
21846 32651 31953 33568 
20951 36083 32149 33981 
21694 39247 32408 34149 
23856 42055 32690 34118 
27062 44048 32961 33898 
30668 44654 33094 33478 
34087 43634 33174 33046 
36809 40974 33131 32558 
38487 37432 33032 32176 
38835 33891 32809 31847 
37961 31681 32694 31764 
35933 30976 32606 31801 
33298 31461 32609 31928 
30758 32100 32638 32089 
29234 31852 32777 32317 
29319 29931 32953 32515 
30938 26461 33076 32659 
33542 22320 33145 32763 
36212 18857 33129 32813 
38023 17547 32999 32832 
38437 19424 32777 32879 
37269 24742 32492 32937 
34870 32557 32200 33008 
31780 41464 31965 33100 
28578 49721 31815 33191 
25892 55527 31815 33276 
24165 57520 31950 33292 
23998 55040 32253 33258 
25479 48645 32633 33145 
28402 39429 33041 32938 
32044 28989 33379 32656 
35622 19186 33650 32351 
38379 11451 33770 32055 
39882 7045 33739 31839 
40387 6282 33552 31704 
40351 9132 33265 31694 
40044 15361 32883 31782 
39325 24549 32522 32012 
37659 35448 32194 32336 
34759 46154 31938 32668 
30933 54884 31824 33056 
26851 59831 31769 33367 
23662 59875 31862 33665 
22300 54856 32014 33847 
23070 46231 32313 33925 
25325 35786 32596 33826 
28033 25794 32882 33590 
30202 18533 33145 33257 
31413 15262 33362 32837 
32092 16111 33522 32411 
33258 19655 33597 31972 
35788 24030 33552 31595 
39671 27743 33390 31343 
43832 30325 33167 31262 
46252 32137 32887 31370 
45502 34055 32599 31657 
41548 36541 32327 32096 
35748 39154 32115 32586 
30239 40617 31984 33115 
26724 39570 31961 33618 
25684 35731 32023 33990 
25974 30702 32185 34201 
25890 26965 32380 34184 
24647 26806 32592 33948 
22945 30914 32795 33552 
22386 37917 32969 33048 
24270 44528 33094 32500 
28363 47983 33167 31972 
33271 46744 33201 31568 
37410 41017 33146 31304 
40159 32407 33038 31257 
41948 23538 32950 31493 
43470 16505 32772 31828 
45090 12349 32615 32294 
45915 11451 32500 32847 
44483 13734 32376 33349 
40136 19039 32342 33775 
33670 26667 32384 34022 
26814 35723 32485 34028 
21432 44912 32599 33792 
18538 52811 32789 33424 
17740 58069 32925 32882 
18349 59369 33008 32310 
20120 56369 33059 31821 
23394 49269 33059 31489 
28443 39142 32936 31323 
34910 27694 32790 31419 
41216 17487 32653 31773 
45467 10505 32505 32244 
46857 7474 32386 32787 
45768 8311 32328 33347 
43305 12262 32324 33771 
40661 18655 32398 34057 
38403 26296 32563 34087 
35932 34396 32719 33841 
32580 42277 32875 33440 
27977 49357 33022 32916 
22734 54619 33118 32362 
18367 56861 33212 31889 
16478 54871 33183 31515 
18337 48499 33090 31365 
23507 39050 32890 31405 
30659 28694 32692 31676 
37580 20117 32483 32113 
42344 15400 32251 32603 
43807 15314 32098 33135 
41992 18869 32021 33565 
38471 24010 32088 33919 
35135 28491 32249 34068 
33553 31151 32513 33994 
33943 32148 32833 33737 
35136 32645 33150 33309 
35579 34067 33415 32772 
34296 36737 33574 32223 
31657 39804 33621 31761 
28934 41673 33505 31395 
27515 41130 33242 31232 
28079 38145 32926 31309 
29963 34161 32576 31596 
31878 31004 32207 32009 
32850 30181 31989 32583 
32270 31550 31811 33092 
30579 34018 31807 33598 
28646 35608 31916 33951 
27539 35178 32171 34128 
27894 32668 32453 34055 
29996 29252 32817 33858 
33485 26332 33061 33424 
37798 25157 33286 32945 
41860 25994 33448 32459 
44210 28124 33509 32005 
43921 30554 33449 31667 
40876 32672 33280 31481 
35997 34421 33072 31498 
30698 35902 32793 31664 
26464 37290 32499 31980 
24362 38381 32241 32373 
24291 38783 32058 32812 
25504 38157 31971 33214 
27123 36408 31973 33520 
28656 33739 32089 33710 
30109 30744 32329 33768 
31715 28191 32629 33658 
33688 26768 32932 33398 
35772 27001 33169 32982 
37618 28994 33379 32586 
38753 32061 33510 32194 
38875 34928 33508 31881 
38035 36433 33357 31675 
36575 36117 33123 31653 
34717 34228 32815 31788 
32692 31687 32517 32037 
30719 29683 32289 32436 
29031 28919 32070 32813 
28213 29639 31998 33180 
28507 31242 32024 33472 
29802 33127 32219 33688 
31258 34798 32388 33694 
31945 36446 32607 33560 
31195 38292 32810 33326 
29330 40183 32896 32982 
27617 41626 32942 32629 
27458 41689 32927 32343 
29571 39407 32863 32120 
33737 34274 32814 32023 
38666 26780 32781 32050 
42906 18380 32826 32185 
45368 11370 32886 32342 
45868 7885 33003 32521 
44400 9480 33118 32674 
41129 16451 33196 32755 
36002 27761 33219 32765 
29501 40644 33145 32723 
22281 52696 32976 32663 
15781 61650 32733 32604 
11668 65370 32456 32613 
11198 65467 32172 32683 
14788 60347 31946 32829 
21504 51279 31762 32973 
30191 39065 31749 33160 
39726 24485 31914 33342 
48994 9024 32162 33440 
56698 308 32498 33415 
61037 75 32896 33287 
60371 25 33265 33030 
54159 38 33534 32668 
43417 14837 33750 32338 
30266 32005 33813 32018 
17753 49817 33752 31771 
8438 64325 33509 31608 
4316 65453 33211 31644 
5020 65500 32852 31811 
9508 65499 32472 32078 
16629 65373 32139 32445 
25667 49665 31843 32839 
35698 33743 31639 33243 
45776 16985 31602 33623 
54085 1802 31692 33856 
59100 134 31931 34001 
59562 58 32258 33955 
55241 29 32615 33754 
47175 5728 32969 33386 
37497 19147 33345 32953 
27969 35483 33657 32479 
20060 51313 33855 32000 
14478 63527 33897 31567 
11481 65435 33788 31293 
11233 65490 33545 31170 
13914 65499 33201 31284 
19308 57874 32813 31579 
27050 43703 32392 32031 
36157 26970 32051 32590 
45022 10194 31802 33160 
51930 334 31669 33687 
54878 65 31708 34107 
52911 27 31864 34284 
46480 2200 32105 34256 
37294 16353 32383 34025 
28002 32130 32642 33598 
21407 47331 32899 33147 
18981 58507 33039 32569 
20754 63130 33195 32152 
24772 61335 33248 31796 
28815 54904 33250 31591 
31300 46002 33233 31590 
31879 36324 33191 31720 
31411 27201 33169 31967 
31445 18837 33174 32262 
33050 11724 33143 32539 
36218 6325 33068 32740 
40067 3670 32936 32845 
43220 5157 32771 32905 
44202 11816 32562 32922 
42004 23699 32334 32911 
36678 38772 32111 32923 
29535 53932 31902 32931 
22949 64839 31807 33017 
18882 65475 31810 33132 
18494 65513 31933 33282 
21459 65470 32191 33400 
26290 51058 32530 33456 
31037 36419 32877 33390 
34758 23051 33217 33214 
37681 12363 33502 32934 
40572 5031 33664 32561 
43694 1499 33749 32196 
46280 2092 33674 31804 
46805 7283 33516 31508 
44046 16680 33241 31345 
38378 28660 32916 31352 
31399 41245 32620 31556 
25201 51995 32351 31945 
21243 58887 32099 32417 
19860 60635 31931 32985 
20040 57371 31813 33506 
20912 50132 31810 33982 
22314 40327 31912 34317 
24787 29719 32109 34476 
28946 20040 32361 34384 
34482 13535 32655 34048 
40035 11619 32974 33560 
44237 14260 33240 32906 
46180 20476 33483 32222 
45877 28272 33662 31597 
44021 35633 33717 31071 
41617 40829 33685 30792 
38891 43309 33536 30752 
35656 43394 33300 30996 
31564 41777 32987 31466 
26810 39191 32589 32100 
22573 36415 32284 32855 
19839 33573 31991 33574 
19280 30869 31769 34137 
20928 28598 31723 34499 
24031 26983 31775 34601 
27516 26607 31965 34432 
30765 27648 32177 33986 
33653 30213 32452 33388 
36385 33604 32735 32753 
39279 36653 32968 32135 
42592 37882 33166 31661 
45792 36157 33286 31427 
48215 31596 33379 31444 
48838 25594 33389 31667 
46799 20713 33334 32006 
41588 19680 33261 32430 
33338 24046 33146 32806 
23389 32897 33022 33067 
13551 43723 32882 33185 
6259 53056 32748 33143 
4033 57723 32637 33003 
8107 55928 32494 32720 
