32404 32896 33248 32217 
32404 32896 33248 32217 
32570 33177 33296 31787 
32820 33447 33326 31496 
33025 33590 33256 31345 
33142 33554 33068 31324 
33216 33451 32879 31544 
33173 33201 32643 31902 
33066 32921 32425 32368 
32892 32604 32249 32857 
32682 32309 32110 33332 
32524 32110 32095 33761 
32360 31979 32129 33988 
32279 31963 32253 34034 
32239 32005 32397 33882 
32286 32161 32591 33637 
32361 32343 32746 33282 
32458 32547 32870 32889 
32566 32726 32934 32499 
32676 32913 32976 32190 
32762 33044 32980 31958 
32856 33154 32983 31867 
32950 33203 32992 31886 
33002 33187 32986 31956 
33071 33137 33002 32094 
33097 33029 33009 32224 
33113 32942 33020 32370 
33108 32866 33011 32489 
33036 32800 32953 32582 
32924 32743 32852 32655 
32799 32730 32738 32759 
32623 32670 32549 32852 
32469 32606 32364 32968 
32313 32501 32166 33095 
32225 32398 32033 33244 
32222 32317 31988 33391 
32264 32223 32016 33456 
32367 32196 32170 33495 
32509 32211 32408 33427 
32632 32267 32685 33264 
32716 32378 32955 33009 
32717 32469 33140 32663 
32763 32697 33344 32365 
32756 32906 33411 32087 
32738 33087 33359 31850 
32774 33281 33253 31735 
32809 33407 33044 31706 
32927 33498 32885 31837 
33051 33480 32721 32011 
33177 33415 32627 32291 
33270 33284 32590 32597 
33284 33053 32591 32858 
33208 32796 32612 33081 
33044 32513 32642 33236 
32838 32289 32684 33368 
32566 32064 32668 33384 
32291 31900 32595 33351 
32096 31825 32529 33289 
31923 31773 32382 33151 
31872 31815 32272 33013 
31947 31970 32218 32907 
32104 32181 32223 32788 
32365 32502 32340 32699 
32674 32889 32536 32624 
32944 33255 32766 32509 
33177 33589 33007 32410 
33338 33859 33240 32307 
33412 33987 33418 32206 
33442 33986 33551 32169 
33355 33806 33540 32126 
33218 33496 33416 32138 
33043 33110 33195 32186 
32850 32645 32912 32295 
32713 32256 32665 32518 
32593 31914 32432 32757 
32452 31612 32201 32952 
32326 31436 32036 33144 
32228 31425 31965 33326 
32163 31558 31976 33487 
32093 31781 32016 33545 
32092 32096 32144 33539 
32138 32468 32282 33460 
32265 32881 32486 33311 
32437 33246 32677 33085 
32663 33576 32889 32804 
32913 33815 33116 32487 
33187 33940 33342 32207 
33389 33914 33503 31940 
33529 33764 33627 31711 
33575 33524 33639 31590 
33537 33211 33565 31574 
33427 32880 33408 31679 
33210 32493 33135 31894 
32991 32198 32844 32224 
32693 31910 32469 32570 
32429 31752 32148 32997 
32154 31655 31847 33385 
31927 31670 31638 33695 
31807 31841 31594 33927 
31791 32061 31693 33984 
31847 32323 31883 33883 
32013 32620 32171 33657 
32212 32871 32478 33313 
32458 33087 32791 32941 
32705 33233 33053 32558 
32947 33316 33270 32228 
33169 33327 33414 31974 
33383 33323 33532 31884 
33516 33247 33550 31842 
33571 33152 33499 31884 
33559 33051 33412 31992 
33473 32964 33294 32121 
33303 32877 33144 32257 
33048 32765 32933 32364 
32763 32689 32720 32492 
32444 32597 32461 32608 
32168 32499 32238 32750 
31938 32392 32011 32889 
31818 32283 31847 33069 
31813 32190 31764 33275 
31926 32101 31767 33472 
32161 32089 31922 33657 
32464 32120 32155 33765 
32755 32195 32443 33726 
33032 32355 32785 33586 
33227 32547 33086 33270 
33338 32819 33363 32877 
33356 33111 33558 32403 
33308 33449 33694 31957 
33168 33683 33683 31546 
32978 33819 33567 31281 
32806 33811 33392 31217 
32604 33621 33100 31295 
32477 33339 32791 31610 
32386 32922 32446 32044 
32374 32492 32160 32605 
32403 32033 31920 33179 
32438 31625 31760 33702 
32469 31392 31725 34113 
32496 31311 31802 34287 
32566 31476 32043 34325 
32608 31797 32352 34091 
32670 32244 32704 33685 
32723 32727 33035 33136 
32813 33252 33331 32531 
32929 33698 33544 31925 
33029 34012 33654 31444 
33105 34116 33617 31140 
33155 34041 33483 31078 
33095 33724 33199 31183 
33007 33326 32899 31569 
32867 32852 32591 32073 
32720 32405 32343 32666 
32565 31998 32163 33247 
32376 31634 31988 33700 
32294 31515 31990 34059 
32303 31593 32120 34221 
32338 31788 32289 34129 
32448 32101 32506 33854 
32586 32492 32746 33436 
32711 32871 32936 32925 
32820 33199 33068 32398 
32904 33468 33124 31940 
32910 33550 33082 31585 
32877 33517 32997 31467 
32760 33305 32820 31501 
32660 33039 32682 31778 
32567 32737 32552 32155 
32513 32459 32493 32608 
32517 32268 32496 33044 
32614 32203 32592 33426 
32761 32276 32739 33649 
32969 32452 32931 33681 
33155 32700 33091 33562 
33305 32948 33230 33273 
33327 33098 33229 32862 
33254 33180 33147 32466 
33086 33157 32993 32122 
32804 32993 32717 31869 
32493 32775 32446 31792 
32198 32512 32208 31904 
31959 32239 32017 32140 
31847 32069 31955 32503 
31847 31986 32001 32892 
31972 32016 32155 33246 
32232 32225 32432 33529 
32552 32517 32727 33651 
32932 32920 33051 33654 
33243 33259 33265 33437 
33661 33784 33489 32724 
33660 33793 33425 32306 
33568 33633 33295 31996 
33293 33274 33038 31747 
32954 32797 32759 31675 
32549 32245 32457 31781 
32212 31782 32226 32050 
31923 31414 32042 32389 
31787 31317 32005 32835 
31778 31413 32053 33242 
31891 31735 32199 33566 
32141 32245 32442 33765 
32446 32798 32714 33768 
32809 33395 33019 33635 
33110 33852 33232 33310 
33347 34140 33380 32908 
33478 34194 33423 32451 
33516 34040 33368 32037 
33421 33643 33178 31699 
33211 33110 32911 31527 
32996 32567 32651 31587 
32757 32050 32422 31823 
32497 31589 32196 32147 
32328 31380 32098 32591 
32255 31402 32118 33053 
32241 31604 32200 33437 
32278 31964 32343 33700 
32385 32429 32561 33818 
32531 32919 32802 33771 
32622 33305 32968 33512 
32709 33604 33105 33156 
32764 33735 33204 32735 
32808 33709 33238 32343 
32785 33508 33173 31980 
32748 33179 33034 31729 
32720 32821 32854 31651 
32693 32458 32627 31768 
32710 32174 32437 32075 
32726 32005 32278 32575 
32764 31953 32176 33180 
32778 31989 32117 33729 
32834 32186 32201 34038 
32879 32440 32373 33823 
32912 32727 32643 33057 
32882 32963 32910 31888 
32826 33127 33158 30712 
32780 33234 33341 30119 
32791 33294 33436 30337 
32888 33364 33441 31464 
32859 33350 33284 33162 
32758 33248 33065 34965 
32698 32785 32786 36359 
32989 31698 32507 37047 
33590 30022 32265 36907 
33609 28809 32100 35944 
31768 30054 32017 34391 
27606 34805 32046 32426 
22697 42060 32149 30241 
20883 48316 32335 28052 
26185 47993 32589 26374 
38383 38485 32825 25564 
53663 21611 33021 25862 
64962 3246 33184 27469 
65535 34 33281 30295 
62370 0 33253 33787 
40385 13719 33115 37444 
19328 36520 32990 40767 
770 60686 32780 42925 
0 65459 32574 43454 
0 65535 32406 42144 
10132 65535 32295 39100 
24722 65483 32323 34716 
37898 51446 32427 29818 
48366 36964 32579 25143 
56715 23601 32774 21559 
63462 9802 32979 19721 
65409 387 33132 20028 
65501 130 33211 22463 
65445 41 33179 26597 
48896 0 33078 31762 
29159 6818 32892 37191 
8216 27155 32678 41868 
264 51203 32468 45087 
41 65103 32276 46300 
0 65521 32159 45312 
0 65535 32127 42292 
10376 65535 32254 37906 
30266 65535 32376 32756 
51314 54409 32608 27806 
65153 30762 32845 23724 
65535 5046 32973 21164 
65535 136 33054 20699 
65535 0 33067 22104 
65535 0 33006 25068 
52177 2147 32884 29028 
31910 21896 32780 33387 
10766 43849 32711 37285 
247 64374 32715 40175 
0 65433 32750 41648 
0 65535 32855 41622 
466 65535 32979 40197 
18921 65535 33074 37721 
36970 65191 33112 34679 
54585 41071 33112 31627 
65130 16641 33003 29121 
65508 496 32752 27435 
65535 60 32479 26827 
65535 15 32221 27269 
48853 5 31969 28583 
28861 4274 31810 30369 
8494 17868 31802 32305 
223 35007 31953 34067 
32 52642 32225 35329 
16 64941 32590 35960 
66 65479 33047 35910 
13666 65527 33436 35272 
27904 65534 33716 34181 
41749 56394 33878 32989 
53104 39012 33875 31915 
59995 19522 33692 31132 
61278 2191 33347 30769 
57012 121 32955 30868 
48101 54 32520 31306 
36307 47 32188 32058 
23780 6353 31958 32857 
13064 18353 31791 33557 
6996 31933 31830 34070 
6161 44922 31967 34247 
10390 54927 32147 34119 
18650 60256 32404 33799 
29165 59990 32619 33263 
39381 54745 32819 32717 
47448 46137 32970 32224 
52086 35780 33082 31859 
52680 25518 33154 31691 
49907 17443 33217 31733 
44685 12200 33255 31858 
37996 10670 33263 32088 
30603 13358 33272 32356 
23701 19989 33214 32559 
19153 28701 33155 32729 
17924 37483 33002 32782 
20512 44076 32804 32781 
26229 47153 32594 32795 
32748 46734 32391 32851 
37847 44209 32201 32957 
39942 41092 32015 33066 
39079 38236 31958 33256 
36726 35397 31957 33421 
34825 31703 32080 33555 
34311 26723 32249 33582 
34575 21410 32462 33480 
33970 17820 32707 33256 
31276 18114 32914 32906 
26906 22912 33072 32507 
22888 31042 33191 32098 
21654 40016 33270 31779 
24464 46624 33278 31533 
30531 48848 33271 31511 
37884 46137 33239 31649 
44420 39362 33167 31894 
48699 30452 33123 32273 
49645 22276 33038 32643 
47065 17633 32948 33028 
40987 17901 32793 33265 
31979 23201 32606 33416 
21498 32116 32475 33524 
12569 40975 32271 33438 
8200 46984 32119 33321 
10405 47992 31957 33112 
18899 43964 31864 32898 
31132 36713 31908 32768 
42630 29417 32038 32692 
50204 24441 32283 32677 
52407 22703 32599 32700 
50059 23538 32952 32745 
45362 25294 33230 32696 
40651 26830 33534 32705 
36440 27851 33725 32639 
32170 29021 33808 32534 
26918 31462 33737 32379 
20816 35660 33533 32204 
14992 41353 33248 32061 
11339 47212 32889 31962 
11710 51407 32527 31948 
17337 52003 32215 32088 
27147 47681 31945 32324 
39389 38830 31782 32645 
51379 27210 31713 33037 
60320 15442 31743 33424 
63218 6891 31899 33778 
59191 4202 32149 34036 
49427 7243 32441 34109 
36474 14859 32803 34018 
23268 25126 33119 33722 
13294 35540 33417 33275 
7750 44931 33629 32704 
6496 52656 33783 32133 
8603 58262 33789 31545 
13402 60847 33638 31103 
20690 59601 33423 30908 
30554 53822 33091 30912 
42075 44070 32741 31182 
53214 31951 32385 31686 
60365 20665 32092 32355 
60867 12614 31846 33008 
54429 9097 31717 33645 
43445 9618 31744 34187 
31584 12485 31928 34503 
23437 15752 32146 34525 
20714 18587 32445 34341 
22417 21274 32729 33911 
25783 25097 32969 33334 
27863 31129 33128 32727 
27515 39739 33198 32161 
25432 49993 33200 31731 
23441 60120 33115 31464 
23569 65324 33034 31435 
26322 65484 32977 31615 
30934 65486 32921 31889 
36026 53381 32906 32208 
40125 38774 32914 32521 
42370 23826 32971 32777 
42761 10971 33013 32937 
41694 2133 32964 32963 
39854 126 32911 32948 
37878 87 32766 32873 
36219 5984 32586 32816 
34868 11236 32335 32775 
33522 21873 32107 32820 
31708 34121 31901 32899 
29204 46363 31800 33110 
26121 56504 31797 33259 
23127 62836 31956 33399 
21324 63953 32236 33478 
21542 60363 32613 33392 
24140 52999 33011 33171 
28778 42944 33379 32801 
34310 31769 33676 32374 
39164 21261 33910 32004 
42204 12776 33928 31651 
42911 7885 33783 31442 
41461 7679 33535 31438 
38557 12309 33159 31597 
35215 20444 32754 31918 
32130 30217 32330 32350 
29961 39511 31992 32849 
29069 46320 31664 33281 
29828 49276 31500 33696 
31979 47582 31492 33979 
34836 41691 31668 34106 
37217 33121 31918 34011 
37950 24505 32278 33765 
36178 19454 32718 33433 
31964 20084 33133 32985 
26389 26581 33483 32478 
21069 36894 33775 32028 
17901 46833 33906 31642 
17964 52310 33852 31398 
21336 51760 33685 31357 
27196 45860 33380 31436 
34659 37129 33001 31721 
41865 29248 32586 32090 
47745 24031 32269 32548 
51478 20984 32040 33027 
52437 18409 31826 33352 
50667 15156 31782 33655 
46541 11655 31881 33834 
40567 9838 32043 33837 
33371 12368 32267 33685 
25232 21191 32560 33464 
17376 34955 32803 33139 
10882 50332 33018 32791 
7058 63532 33194 32469 
7373 65452 33320 32194 
12905 65524 33364 31988 
22843 65522 33290 31841 
34847 54052 33196 31868 
46141 37932 32983 31918 
54036 23269 32794 32116 
56838 12546 32551 32340 
54635 7676 32415 32688 
48881 7810 32285 32978 
41654 11477 32218 33225 
34534 16851 32227 33399 
28688 22409 32350 33489 
24622 26931 32524 33458 
22041 30695 32748 33288 
20954 34048 32969 33036 
21417 37387 33121 32680 
23454 40639 33259 32372 
26649 43282 33293 32091 
30382 44723 33218 31928 
33932 44493 33052 31872 
36834 42540 32818 31960 
38585 39455 32568 32194 
39116 36161 32354 32548 
38305 33572 32170 32890 
36331 32263 32074 33202 
33584 32057 32114 33473 
30866 32049 32207 33554 
29062 31272 32389 33527 
28772 29017 32605 33349 
30110 25323 32804 33060 
32533 21032 32930 32704 
35293 17614 33049 32401 
37399 16432 33087 32166 
38122 18625 33058 32022 
37336 24269 33006 32036 
35343 32529 32957 32170 
32600 41958 32900 32359 
29624 50812 32829 32569 
27023 57017 32790 32738 
25436 58929 32818 32898 
25103 56249 32812 32951 
26220 49384 32788 32910 
28669 39423 32716 32784 
31927 28295 32643 32651 
35082 18215 32564 32584 
37376 10417 32439 32483 
38600 6009 32316 32480 
38978 5323 32247 32584 
39027 8474 32230 32770 
39044 14974 32268 32970 
38847 24241 32412 33210 
37790 35075 32577 33351 
35367 46246 32777 33413 
31789 55273 32972 33332 
27801 60574 33149 33143 
24544 60992 33295 32849 
22977 56463 33371 32514 
23518 47603 33348 32140 
25594 37010 33217 31825 
28195 26840 33026 31623 
30216 19338 32823 31618 
31247 15724 32621 31759 
31799 16112 32444 32025 
32912 19054 32312 32362 
35598 22769 32249 32760 
39718 25813 32187 33099 
44195 27983 32224 33458 
46603 29695 32279 33696 
45695 31955 32374 33822 
41352 35130 32471 33784 
35088 38586 32530 33616 
29136 40971 32638 33403 
25592 40781 32771 33134 
24637 37710 32857 32770 
25185 33127 32986 32417 
25557 29500 33128 32127 
24823 29329 33270 31874 
23628 33177 33356 31703 
23520 39552 33385 31611 
25757 45679 33333 31602 
29932 48330 33210 31718 
34603 46049 32989 31917 
38273 39228 32707 32181 
40459 29813 32426 32541 
41769 20255 32162 32938 
43032 13100 31932 33310 
44566 9479 31859 33660 
45344 9530 31843 33876 
43886 13136 31957 33963 
39508 19621 32170 33900 
32898 28201 32424 33696 
25970 37877 32683 33378 
20634 47384 32888 32988 
17751 55516 33048 32550 
17246 60266 33217 32229 
18071 60803 33251 31933 
20058 56822 33259 31780 
23651 48477 33206 31700 
29226 37307 33154 31764 
36036 25643 33105 31906 
42481 15636 33030 32091 
46867 9077 32968 32315 
48159 6679 32850 32483 
46708 8325 32728 32664 
43975 12923 32610 32827 
41127 19378 32458 32928 
38611 26873 32307 33019 
35832 34930 32207 33120 
31952 42701 32107 33185 
26693 49741 32098 33275 
20754 54941 32145 33313 
15932 57038 32272 33356 
14130 54763 32445 33329 
16598 48078 32643 33243 
22875 38158 32823 33102 
31288 27523 33006 32910 
39429 18857 33140 32661 
44741 14771 33251 32385 
46085 15609 33298 32108 
43667 20236 33297 31858 
39264 26038 33250 31696 
35163 30609 33088 31594 
33155 32817 32932 31656 
33399 32846 32686 31817 
34738 32277 32470 32141 
35173 32782 32273 32556 
33755 34822 32104 32988 
30842 37582 31986 33406 
27834 39549 31986 33788 
26538 39348 32118 34016 
27353 37062 32336 34073 
29648 34018 32638 33954 
32011 31898 32923 33597 
33167 32035 33217 33156 
32681 34034 33387 32607 
31049 36517 33490 32076 
29114 37699 33464 31622 
27970 36480 33302 31345 
28277 33090 33054 31262 
30299 28756 32755 31390 
33942 25158 32459 31729 
38308 23553 32229 32187 
42326 24064 32074 32703 
44661 26050 32046 33225 
44199 28604 32087 33635 
40835 31148 32243 33889 
35457 33610 32428 33909 
29701 36141 32669 33777 
25244 38651 32916 33478 
23164 40581 33062 33036 
23452 41452 33213 32632 
25143 40660 33244 32196 
27344 38210 33228 31900 
29342 34389 33102 31725 
31036 30311 32911 31753 
32778 26785 32699 31938 
34673 24721 32467 32212 
36627 24824 32304 32599 
38080 26983 32183 32957 
38677 30383 32145 33281 
38329 33770 32236 33537 
37150 35962 32384 33610 
35524 36399 32616 33545 
33730 35265 32863 33322 
31882 33376 33067 32959 
30192 31830 33241 32558 
28976 31272 33359 32190 
28610 31694 33381 31861 
29320 32556 33267 31635 
30980 33368 33071 31604 
32563 34008 32822 31727 
33008 34879 32569 32006 
31766 36466 32375 32452 
29194 38582 32176 32907 
26915 40475 32079 33340 
26529 41008 32105 33724 
28728 39008 32173 33892 
33299 33963 32325 33906 
38686 26478 32539 33734 
43137 18276 32705 33413 
45793 11459 32848 33016 
46240 8217 32891 32546 
44570 10335 32933 32154 
41026 17766 32912 31883 
35631 29041 32882 31742 
28665 41923 32839 31745 
20970 54027 32880 31936 
14293 62610 32915 32150 
10350 65393 33009 32440 
10416 65467 33072 32656 
14846 60238 33153 32875 
22503 50727 33137 32951 
31979 38074 33067 32952 
42016 23027 32920 32915 
51576 6931 32720 32839 
58938 245 32474 32789 
62580 68 32204 32754 
61108 23 31973 32796 
53833 80 31807 32872 
41952 15880 31751 32999 
27890 33333 31890 33163 
14808 51282 32105 33246 
5643 64760 32437 33263 
1891 65463 32830 33185 
3362 65503 33203 32998 
8860 65500 33520 32713 
17122 64994 33743 32388 
27518 48061 33826 32078 
38278 31873 33694 31799 
48624 15090 33453 31657 
56985 860 33096 31650 
61602 113 32704 31820 
61021 50 32385 32100 
55530 26 32129 32475 
46381 7201 32010 32881 
35509 21463 31970 33260 
25312 37985 32032 33549 
17242 53517 32233 33766 
11911 64702 32399 33809 
9504 65454 32589 33722 
10013 65495 32724 33534 
13437 65501 32789 33255 
19669 56496 32791 32933 
28219 41518 32800 32641 
38158 23955 32809 32374 
47433 7037 32835 32158 
54212 227 32891 31996 
56658 54 32947 31857 
53944 22 33069 31833 
46325 6466 33207 31864 
36265 18766 33290 31952 
26518 35205 33327 32095 
19920 50476 33292 32296 
17990 61098 33119 32527 
20366 64519 32905 32823 
24880 61486 32600 33081 
29194 53775 32280 33318 
31723 43877 32045 33571 
32104 33512 31833 33688 
31457 24222 31759 33715 
31357 16178 31850 33669 
32831 9407 32006 33474 
36036 4369 32247 33198 
39908 2364 32498 32873 
43079 4659 32777 32546 
44028 12269 33061 32277 
41817 24815 33273 32067 
36551 40448 33408 31913 
29636 56055 33521 31922 
23087 65216 33526 31924 
19088 65494 33502 32050 
18930 65518 33421 32195 
22083 65506 33286 32336 
26838 54505 33124 32494 
31464 39516 32876 32583 
35152 25012 32613 32711 
37971 13332 32348 32824 
40818 4952 32139 32977 
43878 485 31906 33086 
46385 88 31780 33223 
46750 4528 31736 33339 
43888 13523 31848 33441 
38016 25681 32030 33498 
30860 38878 32325 33500 
24470 50689 32633 33367 
20630 58590 32963 33158 
19398 61260 33239 32862 
19736 58902 33507 32556 
20636 52278 33694 32236 
22029 42470 33720 31889 
24642 31462 33650 31642 
29040 21474 33489 31533 
34912 14339 33231 31543 
40939 11532 32903 31704 
45483 13449 32533 31996 
47351 19152 32214 32377 
46677 26670 31904 32787 
44523 33957 31749 33275 
41748 39346 31697 33702 
38757 42280 31771 34010 
35306 42969 32030 34199 
30953 42005 32341 34172 
26024 40146 32729 33941 
21449 37807 33118 33526 
18629 35263 33436 32977 
18304 32630 33687 32382 
20346 30104 33813 31844 
23982 27966 33734 31348 
27890 26893 33502 31056 
31380 27358 33183 31021 
34419 29375 32787 31230 
37271 32369 32367 31622 
40530 35259 32077 32256 
43976 36407 31872 32883 
47278 34791 31786 33468 
49504 30505 31879 33950 
49662 24997 32109 34256 
46799 20653 32375 34302 
40825 20319 32677 34145 
32033 25115 32932 33808 
21578 34260 33081 33298 
11273 45265 33150 32784 
3983 54428 33127 32315 
2290 58449 33097 31994 
7049 56040 32976 31732 
