32682 33238 32794 32794 
32682 33238 32794 32794 
32581 33165 32579 32631 
32496 33013 32360 32517 
32394 32771 32135 32464 
32364 32542 32007 32581 
32390 32333 32001 32821 
32405 32120 32046 33086 
32462 31991 32193 33360 
32538 31955 32414 33596 
32658 32045 32705 33696 
32764 32185 32954 33592 
32867 32412 33179 33303 
32949 32672 33348 32867 
32994 32917 33403 32320 
33036 33152 33386 31762 
33022 33320 33279 31309 
32970 33422 33116 31058 
32897 33446 32929 31059 
32813 33406 32745 31303 
32727 33309 32580 31794 
32640 33135 32444 32418 
32525 32874 32298 33108 
32423 32594 32206 33752 
32361 32327 32162 34277 
32330 32078 32152 34566 
32345 31883 32195 34613 
32405 31779 32269 34374 
32535 31807 32419 33920 
32694 31948 32595 33301 
32879 32218 32824 32639 
33046 32553 33055 31980 
33185 32944 33296 31440 
33207 33271 33442 31048 
33181 33556 33541 30917 
33073 33728 33536 31018 
32903 33767 33428 31309 
32715 33662 33223 31769 
32528 33419 32927 32289 
32404 33102 32611 32866 
32314 32717 32279 33356 
32365 32396 32066 33794 
32432 32065 31867 34035 
32527 31814 31779 34082 
32670 31746 31845 34014 
32792 31801 32007 33767 
32899 32009 32264 33442 
32958 32312 32595 33049 
32973 32655 32946 32644 
32908 32987 33252 32243 
32770 33183 33435 31891 
32655 33331 33553 31736 
32492 33288 33476 31674 
32379 33180 33300 31819 
32334 32992 33065 32051 
32334 32746 32743 32325 
32478 32600 32513 32737 
32643 32473 32324 33027 
32846 32435 32224 33262 
33041 32462 32249 33348 
33233 32605 32385 33343 
33344 32768 32592 33201 
33318 32894 32786 32925 
33216 33008 32963 32621 
33010 33054 33061 32324 
32770 33055 33079 32134 
32492 32960 33007 32042 
32217 32776 32818 32064 
32048 32600 32637 32278 
32008 32439 32470 32610 
32035 32273 32316 32962 
32175 32175 32246 33291 
32413 32163 32265 33552 
32703 32265 32395 33706 
32972 32430 32565 33653 
33207 32664 32776 33435 
33355 32921 32989 33101 
33365 33127 33137 32640 
33291 33318 33263 32203 
33137 33392 33307 31827 
32928 33346 33270 31581 
32670 33186 33129 31491 
32445 32959 32928 31591 
32294 32680 32686 31860 
32251 32437 32459 32275 
32253 32208 32231 32730 
32298 32049 32036 33164 
32435 32023 31982 33588 
32591 32106 32012 33886 
32757 32307 32175 34035 
32864 32547 32398 33944 
32961 32832 32694 33718 
32998 33060 32989 33319 
32992 33255 33271 32832 
32948 33348 33481 32304 
32897 33345 33603 31855 
32828 33233 33603 31525 
32696 33008 33418 31343 
32611 32766 33165 31373 
32585 32576 32870 31634 
32538 32360 32493 31986 
32592 32291 32198 32481 
32650 32269 31961 32996 
32699 32289 31801 33443 
32757 32397 31804 33805 
32827 32550 31966 34012 
32823 32683 32192 33983 
32824 32823 32528 33813 
32770 32919 32838 33460 
32690 32978 33123 33007 
32643 33034 33345 32545 
32651 33080 33523 32168 
32617 33041 33525 31813 
32655 32998 33459 31624 
32667 32878 33264 31590 
32699 32730 33023 31694 
32751 32600 32766 31951 
32768 32437 32490 32265 
32748 32290 32233 32611 
32711 32185 32031 32963 
32669 32152 31921 33299 
32615 32179 31925 33559 
32561 32274 32013 33701 
32572 32465 32232 33758 
32597 32673 32490 33642 
32679 32929 32802 33429 
32779 33169 33099 33107 
32905 33397 33365 32736 
33028 33553 33549 32349 
33140 33629 33652 32020 
33137 33541 33582 31740 
33081 33363 33432 31604 
32938 33067 33161 31613 
32733 32704 32839 31759 
32541 32361 32531 32076 
32370 32060 32267 32458 
32246 31841 32061 32851 
32182 31708 31935 33187 
32217 31768 31937 33484 
32377 31956 32073 33682 
32552 32214 32234 33712 
32735 32509 32419 33619 
32903 32812 32611 33407 
32994 33044 32732 33122 
33027 33218 32799 32801 
33012 33323 32858 32497 
32955 33359 32909 32284 
32894 33363 32993 32190 
32766 33230 33025 32112 
32702 33103 33138 32180 
32642 32927 33234 32256 
32664 32795 33359 32396 
32699 32659 33426 32502 
32752 32529 33395 32563 
32810 32459 33278 32590 
32835 32404 33042 32574 
32837 32405 32736 32581 
32802 32427 32390 32595 
32728 32477 32052 32650 
32632 32522 31781 32745 
32524 32562 31617 32900 
32402 32669 31780 33273 
32425 32729 32057 33423 
32500 32792 32431 33506 
32640 32858 32846 33468 
32803 32920 33237 33328 
32982 32977 33559 33085 
33140 33040 33787 32783 
33221 33037 33851 32412 
33258 33022 33797 32067 
33133 32927 33544 31758 
32957 32809 33219 31594 
32699 32633 32811 31557 
32431 32472 32407 31715 
32194 32328 32058 32023 
32036 32249 31836 32431 
31970 32177 31712 32869 
31990 32169 31718 33300 
32212 32304 31932 33715 
32529 32504 32244 33976 
32894 32762 32608 34038 
33249 33032 32964 33890 
33527 33286 33267 33550 
33709 33488 33517 33091 
33699 33552 33599 32521 
33566 33532 33591 32016 
33248 33340 33409 31554 
32859 33068 33126 31306 
32449 32724 32808 31264 
32115 32410 32504 31487 
31888 32139 32267 31909 
31795 31955 32125 32436 
31823 31839 32057 32978 
32002 31872 32134 33512 
32286 32019 32304 33918 
32640 32284 32551 34124 
32938 32549 32752 34092 
33125 32804 32876 33825 
33212 33005 32905 33380 
33211 33188 32886 32906 
33132 33301 32839 32447 
33020 33370 32785 32088 
32841 33303 32695 31802 
32724 33227 32700 31706 
32608 33063 32703 31742 
32620 32930 32808 31930 
32654 32728 32915 32136 
32794 32623 33082 32453 
32916 32506 33191 32718 
32996 32428 33232 32908 
33036 32410 33212 33069 
32988 32416 33091 33138 
32834 32412 32851 33105 
32626 32455 32577 33052 
32398 32503 32296 32992 
32189 32540 32047 32914 
32064 32593 31899 32890 
31990 32573 31810 32830 
32083 32619 31900 32846 
32291 32696 32124 32900 
32560 32743 32414 32913 
32892 32864 32809 32943 
33147 32923 33126 32864 
33381 33027 33444 32764 
33516 33141 33673 32632 
33522 33185 33732 32447 
33407 33193 33645 32267 
33188 33133 33429 32097 
32907 33001 33110 31979 
32624 32846 32783 31937 
32415 32695 32501 32045 
32260 32514 32250 32222 
32179 32345 32092 32462 
32152 32165 31997 32740 
32215 32081 32006 33068 
32310 32033 32077 33372 
32432 32064 32197 33623 
32550 32171 32337 33787 
32657 32341 32492 33799 
32763 32586 32649 33724 
32838 32831 32805 33545 
32895 33080 32944 33344 
32951 33285 33074 33123 
33044 33484 33243 32941 
33090 33548 33368 32547 
33149 33568 33477 31915 
33133 33446 33504 30941 
33026 33187 33422 29844 
32893 32906 33268 29015 
32757 32614 33032 28905 
32712 32438 32768 29781 
32719 32371 32461 31553 
32719 32432 32184 33958 
32599 32483 31945 36393 
32540 32347 31826 38283 
32791 31654 31829 39156 
33344 30325 31905 38888 
33579 29190 32074 37589 
32266 30009 32331 35478 
28589 34114 32591 32796 
23877 40783 32801 29940 
21403 46931 32995 27265 
24851 47944 33144 25166 
35548 40340 33264 24091 
50282 24845 33351 24390 
62707 7080 33395 26146 
65535 135 33367 29128 
57897 0 33302 32991 
39233 10692 33262 37210 
18212 32632 33133 40814 
706 56194 33009 43254 
0 65359 32792 43970 
0 65535 32600 42761 
9377 65535 32401 39724 
23961 65494 32205 35348 
37793 53996 32036 30340 
49062 39819 31969 25589 
57972 26196 31922 21868 
64597 12700 31997 20026 
65417 668 32146 20333 
65490 155 32343 22738 
65535 61 32601 26880 
55428 0 32866 32114 
37171 2246 33118 37347 
16418 22394 33349 41845 
616 45621 33517 44797 
80 64753 33611 45781 
0 65476 33583 44533 
0 65535 33461 41392 
3685 65535 33250 36865 
23039 65535 32954 31768 
43665 62135 32643 26948 
63837 37762 32307 23154 
65477 13176 32005 21093 
65535 327 31817 20992 
65535 17 31732 22773 
65535 0 31808 26203 
54867 0 32019 30359 
34851 15858 32355 34674 
13746 36379 32689 38321 
379 58507 33107 40916 
15 65325 33431 42003 
0 65520 33673 41532 
0 65535 33733 39670 
13939 65535 33667 36907 
31070 65535 33472 33732 
48898 47271 33142 30642 
63044 23910 32773 28249 
65452 1264 32398 26828 
65534 104 32089 26535 
65535 27 31887 27267 
54503 12 31843 28880 
36167 19 31898 30878 
16174 13086 32117 32977 
662 29116 32370 34677 
62 46640 32707 35845 
23 61724 33033 36292 
29 65410 33257 35960 
9774 65515 33417 35100 
22872 65530 33451 33907 
37041 63600 33371 32606 
49388 43684 33190 31503 
57729 24750 32925 30848 
61039 7381 32645 30658 
58955 228 32372 30959 
52009 65 32137 31590 
41352 49 32062 32533 
29532 6815 32116 33453 
18691 14415 32245 34161 
11067 27543 32497 34564 
8058 40906 32807 34583 
10043 52207 33109 34197 
16372 59166 33321 33450 
25252 60705 33444 32567 
34876 57185 33488 31719 
43123 49672 33330 30968 
48625 39819 33086 30522 
50499 29614 32802 30491 
49017 20800 32506 30818 
44968 14362 32229 31462 
39258 11273 32056 32354 
32686 12090 31980 33252 
26208 16919 32022 34087 
21328 24645 32185 34691 
19168 33337 32403 34943 
20554 40774 32661 34866 
25187 45263 32973 34518 
31561 46206 33175 33824 
37320 44498 33341 33019 
40406 41742 33390 32229 
40430 39078 33349 31582 
38288 36571 33180 31141 
35725 33478 32913 30955 
34291 29167 32613 31080 
33985 24133 32369 31454 
33527 19917 32197 31997 
31524 18606 32118 32569 
27694 21620 32171 33124 
23518 28461 32304 33511 
21407 36943 32559 33760 
22767 44423 32809 33753 
27627 48440 33049 33552 
34657 47637 33243 33200 
41564 42200 33345 32816 
46859 33799 33325 32428 
49450 24979 33240 32190 
48610 18419 32978 32021 
44081 16461 32702 32052 
36293 19946 32432 32249 
26338 27575 32191 32524 
16645 36747 32055 32844 
10319 44069 32015 33127 
10071 47190 32129 33345 
16322 45195 32297 33388 
26929 39619 32580 33334 
38304 32994 32856 33142 
46795 27889 33081 32812 
50472 25607 33266 32469 
49488 25842 33383 32189 
45837 27030 33376 31953 
41609 27851 33269 31864 
37855 27842 33077 31878 
34211 27625 32847 32081 
29893 28352 32581 32349 
24399 31028 32347 32710 
18382 35811 32161 33060 
13500 41777 32010 33343 
11800 47410 32036 33612 
14672 50381 32132 33723 
22189 49278 32326 33685 
33002 43550 32591 33512 
44945 34147 32868 33208 
55448 23180 33102 32782 
61506 13872 33365 32404 
61166 8751 33531 32061 
54665 8719 33525 31740 
43806 13306 33408 31559 
31269 20985 33212 31565 
19900 29987 32912 31704 
12183 38534 32604 32014 
8378 46132 32353 32434 
7870 52290 32119 32836 
10002 56508 31964 33226 
14909 57861 31935 33552 
22747 55296 32046 33795 
33301 48567 32238 33845 
44951 38720 32472 33743 
54895 27861 32731 33533 
60024 18461 32969 33191 
58091 12763 33161 32788 
50344 11128 33292 32395 
40002 12324 33377 32077 
30780 14698 33348 31814 
25483 17114 33240 31694 
24463 19453 33019 31694 
25846 22553 32769 31859 
27037 27649 32528 32150 
26343 35246 32307 32505 
23868 44977 32097 32834 
21159 55370 31983 33164 
20322 63660 32014 33441 
22385 65435 32165 33596 
27112 65502 32418 33619 
33170 58297 32710 33472 
38987 44967 33045 33247 
42964 29979 33319 32925 
44678 15928 33516 32574 
44305 5253 33594 32267 
42421 251 33533 32024 
39717 90 33277 31829 
37096 91 32984 31828 
34929 7940 32650 31953 
33207 17498 32349 32223 
31512 29143 32058 32496 
29491 41606 31867 32780 
27048 53174 31861 33098 
24574 61292 31955 33353 
22762 64609 32179 33512 
22383 62869 32444 33516 
23973 56855 32769 33420 
27479 47439 33069 33197 
32007 36488 33252 32858 
36440 25443 33363 32542 
39728 15857 33398 32264 
41083 9084 33260 32030 
40474 6432 33041 31944 
38361 8558 32780 32019 
35641 14869 32530 32222 
33050 24057 32371 32540 
31146 34062 32260 32849 
30426 43067 32296 33165 
31052 48996 32394 33362 
32948 50536 32586 33440 
35518 47431 32797 33348 
37931 40431 32996 33111 
39021 31513 33090 32736 
37929 23590 33158 32366 
34337 20037 33131 32038 
28782 22268 32982 31777 
22680 29584 32769 31688 
17851 39118 32560 31811 
15809 47037 32383 32115 
17366 49938 32239 32520 
22198 47263 32178 32967 
29264 40615 32191 33403 
37243 33004 32322 33774 
44719 26850 32514 33972 
50247 23344 32771 33973 
53129 21393 32994 33730 
53026 19362 33149 33325 
50224 16448 33253 32827 
45061 13399 33238 32248 
38411 12717 33151 31782 
30829 16626 32971 31445 
22774 25864 32669 31289 
15208 39064 32446 31430 
9171 53398 32251 31755 
6398 64386 32113 32184 
8269 65472 32123 32721 
15068 65520 32267 33239 
25706 58120 32479 33642 
37750 45805 32765 33890 
48599 30223 33060 33880 
55355 17118 33310 33691 
56727 9015 33432 33302 
53453 6715 33447 32861 
47130 9046 33304 32368 
39777 14237 33050 31948 
32983 20358 32746 31696 
27423 26051 32395 31627 
23482 30618 32109 31769 
21208 34113 31924 32068 
20562 37063 31869 32464 
21580 39830 31971 32911 
24011 42250 32168 33328 
27536 43902 32490 33643 
31336 44197 32798 33756 
34837 42919 33080 33674 
37520 40280 33294 33434 
39092 36968 33420 33075 
39307 33855 33408 32613 
38164 31975 33332 32218 
35858 31498 33165 31869 
32986 31967 32961 31683 
30353 32252 32723 31641 
28861 31380 32541 31786 
29058 28761 32374 32045 
30772 24752 32231 32365 
33399 20400 32129 32724 
35998 17253 32103 33107 
37675 16654 32117 33417 
37974 19546 32212 33652 
36742 25916 32355 33769 
34421 34589 32567 33780 
31497 43989 32784 33612 
28540 52280 32988 33340 
26145 57644 33198 32969 
24750 58811 33355 32545 
24884 55463 33461 32130 
26537 48067 33452 31731 
29427 38015 33340 31426 
32923 27117 33178 31291 
36171 16993 32940 31336 
38348 9532 32638 31538 
39453 5521 32409 31967 
39701 5274 32175 32446 
39596 8917 32028 33022 
39299 16102 31940 33534 
38598 25886 31986 33964 
36957 37079 32133 34224 
34070 47930 32322 34246 
30218 56590 32539 34036 
26446 60923 32765 33694 
23630 60150 32878 33155 
22637 54545 32960 32602 
23611 45466 33021 32118 
25917 34583 33023 31728 
28438 24789 32988 31526 
30360 17943 32965 31521 
31384 15205 32953 31666 
32127 16297 32953 31914 
33663 19959 32996 32254 
36657 24125 33004 32543 
40879 27627 33041 32830 
44851 30032 32980 32971 
46792 31926 32885 33051 
45345 34183 32730 33042 
40721 36998 32544 32997 
34581 39697 32327 32903 
29086 40906 32164 32863 
25794 39352 31991 32822 
24880 35036 31901 32794 
25181 29884 31953 32869 
25013 26455 32094 32948 
23832 26925 32330 33031 
22509 31672 32648 33102 
22643 38958 32979 33091 
25271 45423 33247 32997 
29854 48410 33455 32835 
34833 46603 33589 32623 
38796 40518 33614 32395 
41235 31818 33518 32162 
42767 23033 33309 31948 
44193 16258 33059 31825 
45563 12316 32752 31806 
45919 11549 32472 31894 
43870 13946 32221 32122 
38829 19269 31988 32425 
31976 26892 31852 32783 
25131 35911 31840 33192 
19999 44947 31884 33517 
17410 52700 32063 33815 
16882 57788 32312 33920 
17799 58913 32602 33872 
19985 55756 32930 33671 
23831 48508 33196 33320 
29543 38502 33445 32878 
36542 27396 33604 32398 
42860 17809 33665 31979 
46947 11195 33579 31621 
48029 8408 33394 31441 
46553 9256 33084 31371 
43763 13286 32778 31543 
40916 19239 32449 31852 
38289 26460 32184 32250 
35336 34162 31971 32664 
31345 42037 31871 33117 
26177 49116 31868 33464 
20849 54239 32020 33757 
16780 56152 32231 33893 
15593 53867 32465 33820 
18279 47252 32752 33618 
24498 37439 33005 33297 
32068 27447 33179 32905 
39018 19604 33262 32496 
43461 15805 33238 32123 
44388 16470 33146 31865 
42076 20427 32953 31699 
38184 25498 32737 31771 
34908 29530 32567 31987 
33511 31590 32449 32283 
33978 32144 32407 32652 
35064 32566 32466 33027 
35167 34112 32584 33295 
33609 36895 32751 33462 
30921 39846 32942 33445 
28473 41356 33076 33262 
27544 40388 33151 32943 
28581 37086 33147 32560 
30672 33104 33017 32146 
32503 30507 32836 31853 
33087 30300 32601 31722 
32173 32153 32360 31786 
30286 34595 32171 32020 
28331 35903 32047 32416 
27368 35075 32044 32925 
27942 32325 32130 33391 
30243 28916 32330 33807 
33941 26333 32605 34034 
38324 25512 32873 34046 
42136 26582 33078 33807 
44007 28687 33257 33458 
43160 30887 33284 32933 
39731 32763 33221 32402 
34686 34257 33092 31904 
29559 35628 32888 31501 
26002 37004 32710 31312 
24591 38119 32588 31331 
25096 38531 32522 31524 
26687 37965 32559 31901 
28477 36263 32655 32327 
29951 33735 32772 32783 
31203 30939 32849 33150 
32610 28575 32915 33444 
34272 27396 32950 33656 
35955 27832 32862 33692 
37258 29800 32717 33580 
37795 32464 32549 33428 
37458 34666 32351 33205 
36381 35459 32162 32924 
34898 34578 32068 32690 
33293 32467 32080 32494 
31680 30140 32206 32360 
30238 28701 32420 32306 
29233 28766 32704 32269 
29076 30232 33019 32295 
29927 32396 33301 32321 
31447 34599 33548 32390 
32790 36490 33635 32433 
32963 38253 33617 32461 
31623 39990 33445 32486 
29383 41619 33205 32534 
27605 42497 32903 32597 
27632 41696 32574 32671 
30078 38320 32283 32748 
34257 32315 32071 32848 
38919 24307 31949 32968 
42695 15831 31882 33045 
44791 9151 31931 33153 
44867 6436 32051 33208 
42999 9289 32237 33243 
39361 17465 32436 33226 
34072 29421 32656 33191 
27527 42776 32869 33086 
20563 54813 33067 32926 
14656 63555 33238 32721 
11647 65419 33381 32497 
12406 65469 33476 32255 
16991 59532 33517 32031 
24435 51935 33492 31841 
33646 38781 33383 31722 
43498 22874 33199 31725 
52189 6931 32940 31824 
58718 242 32653 32032 
61523 66 32357 32354 
59214 23 32074 32714 
51460 338 31857 33134 
39567 16332 31694 33449 
26053 33504 31750 33802 
13933 50843 31875 33950 
5828 64234 32124 33992 
2850 65457 32379 33816 
4832 65498 32727 33588 
10380 65495 33002 33231 
18398 58121 33214 32818 
27923 46380 33363 32405 
38628 30262 33454 32064 
48495 14171 33425 31820 
56394 774 33354 31701 
60573 113 33194 31685 
60012 50 33047 31787 
54629 28 32903 31956 
46088 8147 32744 32138 
36216 22291 32695 32414 
26725 38662 32647 32643 
18946 53943 32604 32838 
13464 64842 32530 32958 
10670 65460 32462 33097 
10797 65492 32413 33256 
13773 65499 32348 33372 
19553 55877 32298 33480 
27601 40861 32241 33511 
37255 23388 32206 33481 
46217 6755 32264 33431 
52518 220 32373 33266 
54704 53 32514 33006 
52068 22 32754 32729 
45101 5822 32960 32356 
35782 19785 33252 32069 
27157 35814 33448 31794 
21653 50397 33593 31638 
20429 60120 33673 31628 
22760 63259 33601 31723 
26850 60218 33440 31971 
30237 52930 33154 32263 
31734 43737 32826 32639 
31365 34165 32426 32974 
30304 25268 32028 33299 
30061 17139 31703 33573 
31723 10104 31498 33733 
35092 5155 31419 33753 
39214 3333 31547 33667 
42551 6028 31843 33508 
43598 14004 32248 33249 
41440 26933 32721 32915 
36423 42281 33247 32611 
29919 56962 33711 32307 
24021 65244 34087 32074 
20614 65494 34233 31844 
20663 65517 34172 31700 
23595 65395 33943 31700 
27728 49747 33549 31795 
31502 35079 33045 31966 
34365 21589 32491 32215 
36767 10758 31988 32550 
39425 3667 31599 32895 
42534 495 31371 33208 
45089 1593 31327 33487 
45618 7307 31519 33713 
42913 17316 31845 33810 
37202 30255 32238 33733 
30621 42883 32661 33586 
25072 53257 33030 33339 
21786 59469 33304 33013 
20709 60638 33452 32656 
20969 56939 33521 32364 
21716 49440 33481 32125 
22967 39540 33365 31972 
25436 28981 33213 31907 
29599 19774 33081 31949 
35171 13683 32951 32055 
40723 12138 32845 32180 
44667 15134 32786 32336 
46290 21404 32759 32480 
45706 28904 32698 32588 
43752 35659 32636 32670 
41173 40365 32542 32747 
38267 42409 32419 32851 
34707 42221 32258 32942 
30368 40655 32138 33100 
25627 38418 32058 33275 
21403 35917 32023 33413 
19076 33557 32121 33592 
19040 31298 32264 33620 
21184 29440 32525 33623 
24615 28204 32840 33481 
28382 27939 33114 33157 
31772 29043 33396 32787 
