32543 32706 32652 33225 
32543 32706 32652 33225 
32833 32551 32790 33476 
33118 32419 32929 33574 
33328 32319 33020 33483 
33456 32284 33054 33275 
33444 32279 33009 32966 
33273 32292 32877 32627 
33042 32361 32695 32360 
32746 32439 32490 32178 
32414 32499 32262 32130 
32158 32579 32115 32222 
31967 32629 32043 32421 
31935 32702 32103 32718 
32012 32755 32258 33016 
32185 32802 32480 33223 
32412 32867 32742 33347 
32711 32958 33037 33359 
32976 33046 33283 33215 
33189 33138 33431 32947 
33294 33185 33470 32587 
33350 33233 33430 32252 
33301 33190 33275 31954 
33155 33081 33045 31755 
32977 32925 32786 31734 
32737 32668 32489 31849 
32552 32430 32269 32151 
32393 32201 32082 32567 
32271 31983 31959 32985 
32208 31865 31935 33404 
32233 31853 32036 33761 
32322 31978 32243 33983 
32458 32206 32535 34006 
32621 32493 32851 33833 
32769 32774 33122 33425 
32871 33047 33320 32912 
32994 33312 33478 32357 
33077 33495 33502 31801 
33093 33566 33410 31349 
33054 33545 33218 31118 
32968 33422 32958 31113 
32871 33244 32692 31355 
32742 32997 32439 31790 
32648 32750 32253 32387 
32550 32499 32132 33020 
32489 32262 32076 33577 
32510 32148 32159 34072 
32549 32077 32280 34304 
32602 32074 32461 34320 
32658 32121 32650 34098 
32697 32222 32846 33669 
32722 32363 33018 33104 
32729 32504 33108 32503 
32738 32677 33177 31981 
32717 32828 33156 31604 
32648 32898 33010 31371 
32615 32978 32857 31387 
32577 33024 32647 31580 
32597 33073 32498 31989 
32613 33056 32374 32406 
32687 33066 32349 32879 
32762 33049 32400 33270 
32844 33018 32519 33520 
32943 32991 32706 33612 
33033 32968 32921 33546 
33068 32889 33093 33308 
33069 32795 33221 32996 
32993 32674 33243 32641 
32888 32557 33206 32346 
32722 32412 33039 32115 
32550 32301 32820 32048 
32362 32204 32540 32063 
32258 32179 32309 32264 
32222 32195 32126 32532 
32236 32271 32021 32833 
32363 32399 32055 33124 
32548 32545 32178 33331 
32746 32702 32389 33416 
32958 32895 32669 33412 
33123 33048 32937 33236 
33182 33173 33145 32930 
33229 33301 33337 32634 
33210 33437 33467 32338 
33106 33462 33452 32057 
32926 33407 33323 31870 
32735 33278 33123 31834 
32493 33008 32817 31879 
32289 32689 32505 32079 
32169 32365 32253 32442 
32098 32018 32046 32838 
32113 31759 31946 33264 
32236 31627 31978 33618 
32402 31647 32107 33847 
32652 31851 32376 33915 
32902 32161 32698 33774 
33142 32561 33040 33453 
33313 32994 33314 33014 
33361 33349 33466 32440 
33413 33698 33569 31945 
33300 33856 33465 31497 
33118 33840 33249 31234 
32859 33650 32918 31173 
32614 33384 32572 31386 
32393 33017 32273 31803 
32201 32602 32041 32340 
32115 32230 31946 32999 
32065 31881 31947 33579 
32148 31723 32115 34068 
32268 31699 32350 34305 
32505 31873 32670 34370 
32739 32131 32976 34171 
32934 32442 33188 33700 
33120 32805 33360 33140 
33224 33121 33407 32501 
33264 33370 33364 31906 
33205 33487 33207 31407 
33099 33494 32987 31160 
32873 33304 32660 31059 
32679 33052 32398 31265 
32468 32741 32167 31673 
32270 32400 31974 32181 
32155 32128 31927 32784 
32153 31977 32021 33391 
32249 31994 32239 33902 
32412 32123 32520 34171 
32670 32408 32894 34248 
32899 32708 33199 34056 
33160 33087 33491 33714 
33297 33354 33611 33165 
33363 33561 33639 32600 
33326 33615 33528 32053 
33149 33472 33271 31584 
32847 33172 32918 31296 
32591 32842 32598 31278 
32350 32468 32288 31467 
32178 32124 32036 31830 
32105 31869 31881 32274 
32196 31797 31874 32821 
32333 31832 31934 33319 
32578 32066 32141 33725 
32825 32383 32391 33971 
33068 32768 32708 34028 
33227 33370 33204 33491 
33138 33526 33346 33032 
32981 33552 33411 32573 
32774 33444 33390 32163 
32488 33148 33209 31802 
32250 32792 32968 31630 
32119 32425 32714 31690 
32104 32128 32493 31932 
32206 31936 32307 32270 
32430 31914 32237 32675 
32706 32028 32230 33025 
33035 32312 32355 33320 
33331 32684 32555 33456 
33541 33102 32795 33466 
33580 33411 33002 33267 
33451 33607 33155 32957 
33217 33655 33255 32618 
32872 33518 33251 32295 
32467 33194 33093 32057 
32100 32757 32843 31932 
31894 32346 32608 32031 
31809 31958 32344 32247 
31853 31675 32123 32558 
32064 31602 32017 32943 
32356 31707 32020 33296 
32727 32018 32188 33577 
33079 32454 32458 33715 
33347 32922 32758 33653 
33492 33370 33051 33403 
33504 33740 33301 33021 
33380 33929 33445 32585 
33204 33954 33505 32193 
32927 33732 33416 31830 
32658 33378 33232 31610 
32404 32905 32952 31546 
32250 32432 32668 31671 
32213 32033 32427 31978 
32221 31700 32190 32324 
32298 31538 32022 32728 
32423 31550 31962 33136 
32525 31677 31968 33468 
32660 31979 32129 33766 
32740 32312 32327 33914 
32789 32682 32603 33898 
32795 33004 32869 33717 
32718 33251 33064 33366 
32739 33505 33281 32985 
32774 33666 33413 32557 
32864 33755 33501 32142 
32955 33727 33467 31756 
33092 33616 33367 31501 
33162 33405 33164 31387 
33215 33133 32936 31455 
33156 32784 32634 31651 
33077 32457 32405 32017 
32924 32164 32226 32475 
32671 31872 32055 32925 
32431 31692 32010 33351 
32213 31610 32050 33703 
32058 31652 32164 33907 
31996 31800 32344 33968 
32021 32012 32526 33848 
32160 32349 32739 33655 
32333 32657 32852 33300 
32557 32990 32931 32907 
32776 33316 32958 32513 
33009 33596 32967 32188 
33161 33747 32962 31951 
33222 33782 32928 31834 
33219 33685 32937 31821 
33181 33520 32997 31953 
33052 33224 33044 32124 
32955 32927 33131 32335 
32865 32633 33185 32529 
32781 32342 33168 32666 
32755 32161 33117 32776 
32707 32006 32939 32793 
32694 31974 32709 32812 
32638 31978 32419 32798 
32609 32075 32152 32832 
32555 32204 31918 32914 
32489 32360 31768 33047 
32419 32507 31732 33183 
32339 32617 31830 33320 
32337 32768 32092 33493 
32318 32853 32404 33595 
32372 32962 32802 33709 
32440 33066 33172 33702 
32583 33177 33520 33473 
32730 33254 33746 32819 
32900 33319 33838 31747 
33125 33393 33844 30465 
33243 33323 33620 29205 
33366 33245 33332 28642 
33450 33118 32976 29045 
33525 33006 32606 30501 
33511 32920 32301 32746 
33210 32694 31983 35154 
32818 32241 31770 37297 
32591 31300 31654 38573 
32743 29901 31666 38809 
32830 28551 31785 37987 
31882 28776 31995 36334 
28939 32066 32277 33955 
24713 38388 32657 31259 
21933 44977 33004 28528 
24049 47738 33326 26143 
32735 43140 33637 24590 
45947 30707 33799 24213 
59046 13957 33865 25273 
64665 879 33786 27730 
58929 0 33583 31231 
43251 8839 33314 35343 
22947 25749 32949 39270 
2767 48993 32557 42389 
33 65037 32232 43994 
0 65535 31940 43654 
6654 65535 31731 41411 
20432 65505 31678 37565 
34552 56121 31782 32736 
46571 42212 31960 27638 
55936 29396 32193 23263 
63124 17125 32449 20529 
65379 4195 32694 19810 
65473 222 32898 21294 
65523 86 33062 24744 
56487 9 33138 29630 
41905 0 33221 35112 
21597 17374 33254 40066 
1502 39378 33282 43765 
123 62834 33293 45613 
10 65404 33297 45299 
0 65535 33261 42830 
0 65535 33180 38760 
18941 65535 33087 33783 
38989 65535 32921 28704 
59216 43910 32695 24387 
65397 19310 32471 21570 
65535 662 32197 20676 
65535 51 31934 21763 
65535 0 31770 24569 
60441 0 31685 28566 
37684 11981 31796 33153 
16256 30930 31949 37377 
544 51893 32252 40612 
39 65109 32623 42393 
0 65488 33024 42549 
0 65535 33377 41088 
12181 65535 33672 38379 
28618 65535 33829 35011 
45681 50164 33859 31544 
60074 27715 33732 28522 
65382 4304 33515 26439 
65520 148 33180 25478 
65535 37 32830 25830 
54611 21 32441 27187 
37103 25 32141 29321 
18126 11449 31894 31748 
1423 26168 31753 34045 
85 42452 31713 35878 
29 56597 31773 36977 
31 65127 31990 37337 
9412 65484 32207 36875 
22218 65514 32536 35865 
36135 57612 32826 34373 
48285 42901 33166 32906 
56987 26658 33422 31597 
61030 11634 33632 30684 
59862 793 33706 30185 
53594 88 33679 30213 
43770 58 33533 30664 
32222 4863 33242 31336 
21580 15095 32988 32219 
13622 27790 32682 33000 
9843 40612 32384 33592 
10700 51470 32155 33914 
15804 58681 32022 33947 
23668 60877 31949 33688 
32293 58214 31975 33310 
40015 51762 32108 32885 
45305 43094 32279 32474 
47556 33843 32510 32221 
46772 25195 32717 32093 
43540 18305 32919 32173 
38847 14381 33041 32373 
33403 13784 33122 32668 
27948 16577 33116 32952 
23530 22251 33038 33165 
21509 29300 32944 33332 
22590 35595 32818 33298 
26616 39710 32726 33175 
32197 41135 32689 32982 
37336 40511 32647 32655 
40400 39242 32745 32421 
40409 38237 32821 32170 
38262 37524 32913 32028 
35624 36312 32999 32006 
33927 33682 33028 32091 
33421 29593 33021 32277 
33044 25515 32920 32515 
31355 23394 32745 32756 
27946 24703 32534 32973 
23937 29322 32332 33107 
21421 35804 32150 33192 
22247 41461 32044 33180 
26582 44353 32053 33104 
33128 43379 32165 33026 
39928 38706 32345 32868 
45337 31628 32615 32763 
48083 24340 32914 32696 
47732 19229 33166 32639 
44329 17911 33384 32631 
38083 21030 33472 32609 
29777 27990 33504 32639 
20859 36704 33432 32646 
14073 44293 33256 32635 
12304 47801 32988 32563 
16350 46534 32684 32479 
24967 41307 32403 32450 
35291 34254 32143 32420 
44029 27900 31961 32455 
48455 24244 31874 32523 
48306 23569 31941 32689 
45126 24740 32100 32877 
40898 26447 32318 33035 
37063 27936 32663 33228 
33549 29185 32981 33287 
29849 30889 33256 33260 
25356 33708 33451 33099 
20429 37871 33577 32900 
16339 42701 33569 32618 
14801 47051 33460 32328 
17323 48885 33205 32059 
23947 47059 32899 31905 
33516 41213 32551 31883 
44154 32206 32281 32043 
53356 22127 32094 32339 
58730 13431 31997 32686 
58330 8807 32001 33056 
52120 9379 32097 33363 
41801 14548 32278 33561 
29951 22710 32517 33633 
19428 31781 32707 33519 
12221 40293 32847 33267 
9174 47172 32897 32907 
9778 52123 32929 32577 
12979 54994 32944 32292 
18326 55223 32909 32099 
25829 52258 32926 32068 
35430 45688 32927 32122 
46028 36278 32954 32248 
54516 26740 33038 32480 
58482 19070 33129 32705 
56205 14879 33157 32832 
48276 14409 33113 32887 
37547 16531 33012 32859 
27870 19338 32800 32714 
22615 21528 32596 32588 
22181 22845 32394 32490 
24743 24096 32152 32406 
27695 26677 32001 32432 
28919 31812 31931 32541 
27938 39458 31982 32766 
25933 48321 32131 33035 
24705 56371 32376 33310 
25523 61276 32671 33503 
28532 61226 32980 33609 
32693 55629 33234 33541 
36610 45749 33434 33311 
39362 33685 33554 32980 
40528 21799 33530 32530 
40379 12037 33454 32113 
39259 5768 33233 31709 
37788 3369 32910 31445 
36442 4560 32565 31376 
35421 9087 32251 31517 
34614 16669 31992 31846 
33594 26807 31834 32324 
32084 38021 31866 32942 
29800 48501 31963 33482 
27067 56609 32221 33956 
24550 60979 32553 34222 
23206 60990 32953 34267 
23830 56639 33259 33973 
26575 49230 33513 33511 
30733 39657 33591 32898 
35232 29183 33566 32269 
38785 19222 33399 31674 
40399 11723 33091 31247 
40018 8203 32733 31085 
38198 9346 32380 31180 
35722 14677 32084 31519 
33332 22934 31933 32078 
31456 32335 31894 32698 
30582 40650 32024 33350 
30850 46071 32219 33840 
32299 47716 32474 34119 
34577 45334 32798 34210 
36877 39349 33060 34004 
38060 31725 33245 33591 
37226 25382 33367 33079 
34070 22770 33378 32517 
29198 25193 33293 31981 
23975 31857 33138 31595 
19946 40100 32888 31385 
18566 46280 32628 31421 
20160 48056 32390 31699 
24297 45027 32195 32125 
30091 38892 32060 32624 
36563 32140 32006 33116 
42548 27225 32101 33569 
47202 24409 32269 33828 
49914 22676 32523 33879 
50255 20512 32816 33703 
48079 17269 33081 33341 
43807 14265 33336 32895 
37934 13698 33496 32425 
31145 17736 33568 32021 
23965 26809 33484 31719 
17161 39697 33271 31588 
12067 52680 32971 31668 
9869 62388 32651 31935 
11662 65433 32344 32291 
17708 63398 32079 32702 
27147 52906 31892 33096 
37609 40084 31813 33398 
46648 27048 31911 33610 
52148 16626 32121 33673 
53109 10613 32360 33563 
50120 9496 32696 33375 
44585 12331 33009 33072 
38525 17353 33245 32707 
33036 22997 33412 32361 
28660 28167 33475 32082 
25370 32520 33432 31889 
23279 35903 33260 31781 
22435 38736 32992 31809 
22968 41224 32666 31936 
24925 43249 32407 32253 
27857 44279 32176 32591 
31230 43893 32042 32976 
34310 41957 32014 33316 
36647 38792 32139 33626 
37952 35059 32343 33772 
38160 31716 32605 33759 
37294 29581 32900 33604 
35547 28940 33117 33263 
33372 29383 33286 32834 
31397 29997 33333 32364 
30252 29849 33305 31934 
30313 28384 33164 31581 
31519 25831 32925 31409 
33488 23054 32709 31442 
35415 21193 32504 31687 
36566 21346 32322 32043 
36584 24278 32240 32526 
35401 29826 32217 33028 
33409 36965 32247 33477 
31088 44437 32335 33812 
28930 50618 32520 34020 
27221 54050 32673 33976 
26370 53869 32865 33785 
26573 49923 32991 33380 
27929 43008 33086 32946 
30216 34286 33105 32443 
32899 25309 33057 31987 
35354 17355 32921 31637 
37021 11879 32763 31514 
37810 9285 32609 31579 
38010 9776 32450 31803 
38070 13304 32367 32169 
38170 19604 32342 32591 
38049 28399 32421 33060 
37097 37943 32536 33409 
34997 47063 32724 33611 
31883 54059 32908 33626 
28479 57466 33065 33435 
25714 56439 33169 33101 
24448 51321 33210 32708 
24831 43227 33147 32309 
26395 34054 33008 32005 
28215 25825 32801 31862 
29568 20133 32564 31874 
30263 18036 32362 32101 
30887 18952 32160 32399 
32540 21685 32104 32827 
35671 24601 32069 33142 
39977 27000 32180 33433 
44075 28789 32377 33586 
45897 30517 32647 33593 
44497 32832 32939 33442 
40183 35736 33109 33078 
34660 38644 33316 32699 
29747 40201 33426 32296 
26960 39306 33404 31965 
26219 36163 33259 31725 
26239 32212 33019 31659 
25781 29638 32750 31773 
24500 30144 32473 32037 
23280 33931 32219 32383 
23647 39397 32021 32774 
26231 43862 31941 33154 
30392 45190 32005 33497 
34642 42414 32187 33727 
37751 36175 32427 33789 
39659 28155 32747 33695 
40973 20805 33017 33458 
42513 15655 33246 33105 
44156 13527 33415 32724 
44809 14455 33478 32326 
43096 18209 33403 31930 
38652 24083 33228 31639 
32460 31520 33014 31528 
26291 39613 32739 31531 
21843 47223 32530 31751 
19612 53158 32330 32072 
19177 56045 32187 32464 
19909 55276 32139 32898 
21664 50709 32170 33323 
24884 42988 32319 33677 
29877 33262 32479 33891 
35793 23612 32641 33903 
41116 16193 32804 33778 
44359 11906 32859 33460 
45036 11067 32869 33070 
43728 13161 32825 32660 
41594 17461 32757 32273 
39717 23105 32699 31997 
38148 29444 32648 31839 
36133 36173 32680 31842 
32810 42843 32762 31960 
27985 48857 32875 32150 
22505 53166 33023 32397 
18352 54281 33175 32651 
17161 51392 33279 32828 
19757 44583 33251 32902 
25551 35430 33184 32954 
32901 25974 32982 32892 
39409 19046 32693 32784 
42964 16644 32418 32728 
43004 18370 32143 32683 
40186 22714 31922 32691 
36253 27510 31804 32740 
33186 30916 31830 32885 
32288 32054 31964 33046 
33403 31793 32272 33240 
34974 31614 32614 33316 
35514 32801 32960 33317 
34264 35331 33232 33156 
31749 38341 33485 32945 
29283 40141 33610 32631 
28297 39759 33602 32291 
29036 37572 33498 31990 
30789 34794 33261 31724 
32413 32942 32981 31602 
32985 32811 32700 31652 
32166 33941 32446 31852 
30463 35082 32256 32168 
28689 34960 32105 32556 
27687 33054 31995 32966 
28059 29791 31921 33341 
30127 26627 31986 33699 
33521 24653 32076 33910 
37676 24623 32271 33975 
41491 26353 32522 33878 
43555 28983 32773 33594 
43029 31754 33071 33234 
39924 34183 33327 32797 
35169 36255 33528 32312 
30220 38081 33633 31892 
26484 39523 33628 31560 
24853 40166 33511 31407 
25128 39523 33279 31400 
26471 37521 32973 31557 
28014 34426 32605 31846 
29440 30825 32280 32239 
30788 27566 32003 32669 
32325 25486 31834 33101 
34155 25080 31768 33451 
36046 26601 31858 33717 
37549 29697 32049 33880 
38220 33329 32344 33874 
37903 36365 32641 33728 
36839 37894 32975 33506 
35232 37492 33203 33146 
33424 35540 33368 32721 
31655 33083 33459 32353 
30018 30941 33414 31992 
28879 29798 33270 31739 
28637 29637 33006 31584 
29550 30175 32720 31622 
31254 31046 32477 31827 
32781 32276 32264 32109 
33118 34148 32140 32481 
31856 36761 32107 32859 
29581 39818 32207 33247 
27745 42214 32406 33553 
27792 42593 32671 33711 
30208 40147 32979 33745 
34297 34649 33175 33524 
38787 27050 33321 33207 
42417 18854 33384 32795 
44178 12565 33292 32360 
44088 10001 33131 31996 
42261 12231 32846 31712 
38856 19360 32522 31613 
34097 29743 32258 31727 
28180 41245 32074 32005 
21814 51668 31971 32361 
16391 59148 31987 32778 
13455 62614 32180 33230 
14093 61592 32432 33588 
18254 56488 32731 33791 
24999 47841 32984 33798 
33232 36162 33162 33622 
41921 22201 33258 33343 
49699 8107 33240 32970 
55542 293 33101 32577 
58097 70 32951 32244 
56121 28 32733 31980 
49203 6498 32586 31865 
38689 18770 32495 31909 
26697 35908 32491 32030 
16026 52725 32569 32247 
9054 64846 32702 32466 
6842 65465 32877 32694 
8982 65496 33003 32827 
14216 65495 33072 32886 
21482 60447 33080 32928 
30147 46750 32957 32872 
39457 30572 32771 32823 
47921 14705 32538 32805 
54370 1140 32308 32828 
57235 113 32109 32879 
55675 51 31989 32982 
49807 34 31988 33094 
41454 9300 32148 33231 
32293 22994 32382 33270 
24192 38399 32669 33192 
18231 52445 33016 33041 
14657 62756 33277 32758 
13610 65412 33539 32471 
14791 65482 33671 32177 
18231 61492 33657 31886 
23850 50746 33518 31684 
31396 36706 33261 31650 
39963 20872 32934 31789 
47344 6570 32577 32038 
52164 225 32228 32403 
52904 55 31920 32780 
49168 30 31706 33169 
41532 9054 31650 33554 
32348 23152 31727 33801 
24259 38952 31970 33925 
19519 52784 32289 33883 
19140 61720 32690 33694 
22425 63931 33101 33424 
27086 60222 33438 33023 
31139 52647 33674 32604 
33292 43405 33802 32212 
33532 33714 33769 31851 
32835 25046 33539 31544 
32746 17669 33245 31446 
34029 11499 32897 31467 
36607 7044 32525 31626 
39696 5462 32268 31981 
41901 7861 32052 32343 
41976 15029 31952 32764 
39374 26413 31942 33161 
34440 40049 32063 33549 
28496 53148 32265 33836 
23251 62821 32513 33983 
20560 65433 32769 33956 
21065 64920 32951 33746 
24064 54191 33088 33432 
27998 42504 33120 33019 
31570 30420 33085 32578 
34361 19882 33005 32184 
36751 11794 32834 31845 
39436 6906 32682 31681 
42442 5270 32531 31673 
44828 7146 32477 31846 
45178 12791 32473 32097 
42520 22042 32540 32424 
37509 33243 32755 32844 
31481 44481 32905 33126 
26402 53614 33088 33318 
23359 58982 33235 33402 
22142 59706 33272 33293 
21979 55818 33229 33090 
22156 48431 33092 32821 
22862 38853 32845 32522 
24871 28662 32561 32284 
28786 19497 32293 32147 
34144 13326 32072 32146 
39529 11351 31935 32275 
43431 13628 31955 32540 
45037 19026 32033 32831 
44617 25952 32232 33135 
42946 32572 32488 33371 
40804 37830 32832 33540 
38300 40990 33102 33512 
35143 42384 33361 33358 
31072 42402 33518 33071 
26553 41524 33589 32703 
22564 39945 33548 32280 
20408 37816 33399 31946 
20477 35144 33103 31644 
22565 32336 32793 31582 
25717 29785 32479 31693 
28962 28061 32182 32010 
31711 27724 31960 32435 
34056 28791 31817 32895 
36405 30839 31813 33347 
39187 32820 31938 33737 
42393 33466 32174 33941 
45348 32006 32526 33972 
47162 28577 32918 33792 
46895 24489 33234 33371 
44112 21936 33503 32872 
38585 22902 33672 32315 
30887 28312 33720 31835 
22232 36827 33619 31478 
14203 46055 33364 31316 
8855 53135 33015 31374 
8106 55658 32647 31672 
