32963 33409 33253 33388 
32963 33409 33253 33388 
33200 34117 33387 32991 
33417 34654 33468 32581 
33517 34934 33448 32172 
33445 34864 33267 31799 
33298 34505 33029 31589 
33047 33868 32713 31544 
32775 33093 32417 31672 
32482 32252 32145 31942 
32254 31500 31981 32330 
32093 30936 31913 32759 
32014 30624 31930 33149 
32063 30604 32064 33519 
32231 30895 32311 33793 
32497 31486 32632 33927 
32717 32163 32909 33813 
32960 32887 33188 33607 
33089 33470 33348 33226 
33194 33952 33450 32821 
33166 34157 33410 32367 
33069 34151 33270 32000 
32877 33909 33027 31722 
32667 33554 32760 31648 
32473 33150 32500 31749 
32352 32781 32309 31989 
32305 32471 32196 32335 
32345 32292 32198 32729 
32472 32242 32309 33068 
32623 32245 32449 33282 
32836 32358 32683 33397 
33036 32482 32898 33338 
33172 32566 33053 33139 
33270 32633 33163 32870 
33259 32611 33164 32585 
33141 32563 33092 32357 
32959 32470 32938 32208 
32693 32363 32724 32169 
32465 32323 32549 32305 
32260 32360 32401 32532 
32137 32459 32309 32813 
32111 32663 32289 33073 
32184 32904 32343 33288 
32339 33166 32465 33395 
32557 33415 32634 33373 
32798 33588 32829 33227 
32992 33620 32975 32960 
33129 33555 33097 32656 
33223 33374 33184 32345 
33205 33105 33187 32073 
33082 32729 33087 31859 
32936 32370 32954 31812 
32735 32025 32743 31887 
32593 31795 32568 32140 
32424 31598 32339 32439 
32369 31575 32198 32812 
32354 31687 32120 33183 
32426 31905 32159 33488 
32544 32232 32290 33685 
32711 32663 32522 33748 
32890 33142 32813 33670 
32953 33503 33032 33360 
32997 33817 33258 32985 
32971 33973 33398 32561 
32895 33975 33458 32149 
32738 33765 33366 31791 
32596 33454 33201 31598 
32469 33025 32936 31558 
32412 32591 32646 31710 
32440 32223 32393 32059 
32512 31876 32140 32418 
32640 31703 32009 32862 
32787 31672 31977 33267 
32893 31742 32024 33555 
33008 31975 32221 33760 
33064 32253 32459 33796 
33093 32601 32746 33703 
33043 32914 32992 33453 
32911 33144 33151 33071 
32780 33346 33290 32671 
32677 33481 33366 32307 
32541 33465 33305 31962 
32427 33353 33173 31725 
32282 32915 32764 31720 
32245 32622 32516 31927 
32308 32435 32365 32297 
32370 32250 32233 32667 
32462 32136 32154 33037 
32618 32137 32198 33393 
32800 32230 32317 33648 
32996 32377 32495 33753 
33184 32577 32714 33691 
33349 32819 32952 33506 
33403 32978 33086 33118 
33432 33161 33223 32720 
33353 33265 33259 32302 
33174 33261 33200 31933 
32925 33174 33080 31696 
32610 32993 32888 31625 
32295 32769 32690 31731 
32013 32501 32509 31985 
31825 32251 32371 32358 
31765 32104 32301 32776 
31836 32054 32295 33159 
32030 32128 32348 33472 
32325 32314 32448 33649 
32697 32597 32572 33667 
33102 32943 32744 33569 
33416 33223 32841 33296 
33660 33463 32941 32953 
33736 33556 32993 32576 
33694 33543 33024 32244 
33507 33359 32992 31997 
33173 33014 32894 31852 
32744 32577 32761 31823 
32359 32195 32672 32039 
31973 31806 32530 32310 
31675 31525 32424 32631 
31574 31493 32381 33017 
31636 31622 32378 33301 
31888 31987 32480 33541 
32282 32482 32635 33617 
32732 33048 32830 33528 
33158 33572 33000 33272 
33524 34002 33157 32928 
33794 34264 33294 32556 
33911 34319 33356 32190 
33822 34099 33303 31878 
33556 33677 33145 31688 
33156 33075 32850 31623 
32729 32452 32562 31760 
32367 31893 32327 32065 
32040 31421 32106 32468 
31806 31106 31925 32851 
31738 31047 31910 33263 
31836 31247 32039 33589 
32054 31652 32276 33805 
32334 32186 32567 33836 
32611 32744 32846 33681 
32816 33220 33033 33400 
32988 33625 33191 33076 
33070 33858 33235 32724 
33087 33913 33219 32420 
33065 33794 33120 32171 
32985 33526 32978 32007 
32929 33223 32849 31977 
32887 32916 32740 32017 
32885 32662 32692 32131 
32952 32520 32739 32313 
33010 32425 32780 32438 
33014 32381 32819 32509 
33025 32412 32881 32590 
32939 32427 32866 32633 
32803 32435 32812 32679 
32619 32407 32694 32744 
32410 32363 32533 32836 
32213 32299 32357 32951 
32043 32243 32196 33095 
31960 32245 32086 33273 
31978 32297 32074 33417 
32123 32455 32181 33525 
32328 32660 32379 33505 
32617 32918 32647 33398 
32948 33218 32957 33209 
33230 33457 33204 32849 
33498 33671 33439 32487 
33707 33829 33614 32167 
33759 33788 33625 31840 
33646 33590 33497 31580 
33427 33287 33302 31484 
33097 32869 33016 31532 
32698 32375 32689 31691 
32309 31921 32391 32032 
31944 31522 32115 32407 
31678 31259 31885 32840 
31564 31209 31774 33278 
31588 31319 31737 33649 
31776 31651 31855 33947 
32078 32147 32058 34106 
32470 32720 32369 34112 
32868 33285 32711 33940 
33236 33801 33074 33622 
33527 34155 33380 33173 
33682 34298 33617 32624 
33731 34248 33749 32054 
33677 34031 33772 31588 
33509 33635 33655 31235 
33263 33158 33429 31081 
32926 32595 33077 31085 
32619 32085 32727 31355 
32352 31687 32373 31806 
32117 31430 32072 32348 
31988 31361 31862 32942 
31934 31456 31755 33487 
31973 31702 31792 33937 
32105 32073 31939 34173 
32285 32448 32166 34211 
32467 32811 32419 34044 
32645 33097 32665 33705 
32826 33319 32899 33292 
32941 33396 33029 32823 
33031 33391 33125 32414 
33081 33329 33172 32093 
33088 33210 33165 31895 
33086 33085 33156 31842 
33032 32965 33110 31856 
32976 32886 33094 31969 
32900 32834 33066 32119 
32824 32812 33038 32259 
32782 32842 33019 32425 
32704 32800 32923 32490 
32660 32762 32810 32569 
32626 32658 32681 32642 
32607 32496 32503 32737 
32559 32251 32300 32820 
32521 32015 32114 32955 
32485 31821 31982 33131 
32446 31701 31909 33302 
32455 31756 31965 33488 
32481 31936 32117 33598 
32526 32262 32339 33603 
32638 32734 32676 33539 
32723 33221 32976 33310 
32805 33647 33253 32947 
32867 33997 33451 32531 
32969 34221 33624 32135 
33004 34201 33637 31758 
33024 33994 33543 31543 
32998 33606 33343 31573 
32975 33139 33111 31857 
32868 32558 32802 32179 
32744 32021 32535 32433 
32556 31603 32307 32397 
32289 31452 32070 32008 
32257 31633 31917 31504 
33060 31548 31853 31254 
35331 29981 31871 31559 
38917 26238 31983 32565 
41834 21572 32161 34083 
40396 19764 32417 35777 
31445 25559 32740 37138 
16236 40050 33046 37679 
951 59604 33347 37316 
0 65392 33554 36056 
0 65535 33687 34140 
19177 65535 33701 31837 
40737 65535 33588 29496 
61871 44048 33367 27329 
65535 19512 33067 25656 
65535 445 32712 24761 
65535 0 32345 25023 
65415 0 32052 26553 
44499 12804 31828 29231 
26192 26721 31767 32879 
11619 38527 31762 36890 
835 48657 31950 40665 
138 59298 32212 43380 
55 65233 32523 44557 
0 65468 32880 43892 
10089 65535 33094 41155 
29390 65535 33338 36905 
50529 65535 33432 31769 
65016 41095 33420 26580 
65480 16510 33249 22166 
65535 536 33022 19343 
65535 0 32787 18705 
65535 0 32548 20406 
65535 0 32384 24138 
46930 9734 32314 29263 
26614 32754 32397 35028 
5345 57514 32486 40316 
3 65324 32665 44412 
0 65535 32895 46539 
822 65535 33038 46360 
23351 65535 33163 44050 
44326 65535 33191 39964 
64242 48336 33101 34715 
65481 24449 32920 29291 
65535 1336 32674 24695 
65535 0 32419 21548 
65535 0 32216 20356 
62568 0 32044 21170 
39595 0 31991 23780 
18122 12150 32031 27711 
670 34597 32271 32220 
17 58799 32564 36479 
0 65336 32861 39813 
0 65535 33155 41804 
7303 65535 33366 42181 
23871 65535 33550 41022 
41682 65535 33550 38631 
57540 47125 33409 35497 
65312 23654 33139 32204 
65535 1145 32796 29314 
65458 88 32459 27271 
47598 3 32176 26400 
28034 0 32012 26655 
7978 0 32004 27925 
221 11187 32146 29824 
41 29247 32402 31993 
20 48697 32753 33977 
22 64578 33047 35410 
11938 65471 33288 36183 
26777 65535 33454 36212 
42831 65535 33416 35501 
56645 65466 33278 34385 
64947 43488 33006 33113 
65480 20521 32637 31900 
65492 969 32347 31103 
54778 94 32053 30716 
41123 33 31934 30901 
26568 26 31916 31467 
13952 7826 32088 32336 
5172 16621 32379 33211 
1712 31366 32694 33931 
3922 46003 33060 34389 
11176 57778 33374 34448 
21787 64007 33593 34121 
33206 63519 33712 33515 
43587 56835 33626 32679 
51171 45517 33432 31882 
54690 31711 33090 31170 
53809 18045 32669 30768 
49060 7592 32261 30744 
41789 1903 31924 31107 
33549 1562 31656 31742 
26057 6277 31584 32544 
20689 15218 31726 33441 
18362 26399 31995 34171 
19262 38203 32425 34670 
23002 48799 32891 34798 
28717 56586 33354 34568 
35123 60480 33754 34033 
40388 59917 33956 33236 
43415 55417 33974 32417 
43709 47822 33794 31629 
41632 38303 33458 31080 
37956 27987 32973 30764 
33807 18993 32509 30839 
29531 12839 32083 31216 
25255 10851 31748 31813 
21413 13347 31621 32547 
18985 19299 31667 33298 
19492 26279 31812 33852 
23929 32198 32145 34264 
31567 35751 32498 34378 
40435 37259 32850 34222 
47014 37909 33171 33806 
48898 39044 33424 33290 
45863 40915 33550 32697 
39925 42626 33563 32150 
33998 42706 33460 31668 
30400 40131 33213 31354 
29443 35693 32971 31320 
29266 30785 32683 31499 
28158 27109 32437 31883 
25630 25464 32187 32328 
23053 25811 32050 32876 
22577 27231 31988 33358 
25385 29052 32069 33791 
30768 30804 32215 33976 
36600 32606 32445 33991 
40649 34542 32749 33817 
41535 36246 32997 33421 
39892 37336 33213 32926 
37226 37356 33352 32352 
35089 36130 33416 31851 
34102 33777 33374 31475 
33853 30785 33216 31290 
33568 27766 33027 31362 
32599 25351 32779 31623 
30948 24275 32544 32074 
29054 25195 32348 32626 
27457 28460 32197 33175 
26513 33653 32119 33674 
26260 39895 32140 34000 
26765 45679 32237 34129 
28175 49286 32378 34040 
30687 49407 32551 33728 
34317 45431 32743 33264 
38351 38274 32896 32733 
42142 29344 33055 32240 
44747 20215 33140 31800 
45530 12552 33172 31491 
44273 7631 33165 31436 
40997 6559 33057 31528 
36038 10032 32883 31787 
29695 18190 32706 32180 
22425 30346 32539 32673 
15138 45148 32430 33170 
9742 59587 32311 33546 
8384 65336 32328 33845 
12226 65501 32422 33921 
20975 65527 32596 33828 
32707 65524 32778 33559 
44967 51271 32962 33107 
54237 32804 33108 32643 
59581 14522 33206 32189 
60891 676 33211 31814 
58985 106 33092 31574 
54424 55 32893 31521 
47335 28 32689 31682 
37116 7479 32471 31998 
24068 22479 32292 32400 
9637 41520 32200 32872 
365 60308 32155 33252 
47 65377 32248 33599 
9 65530 32386 33770 
7525 65535 32623 33817 
21972 65535 32838 33617 
37433 54852 33020 33318 
50768 34581 33169 32959 
59489 13300 33277 32579 
62795 408 33273 32205 
61103 61 33208 31934 
55587 37 33056 31792 
47080 48 32816 31756 
36794 11901 32567 31878 
25945 26184 32343 32142 
16113 42341 32165 32474 
9502 56870 32052 32810 
7243 65216 32078 33151 
9567 65495 32193 33400 
15603 65521 32395 33538 
23961 59135 32701 33577 
32470 45212 33005 33471 
39882 29116 33262 33227 
45442 14454 33448 32919 
48727 3011 33567 32606 
49508 149 33558 32329 
47712 77 33390 32044 
43818 57 33109 31863 
38669 8328 32786 31820 
33348 20863 32448 31924 
28856 35736 32151 32139 
25903 50037 31946 32460 
24862 59939 31860 32793 
25593 63593 31930 33137 
27674 60744 32072 33381 
30434 53292 32331 33553 
32829 43586 32627 33584 
33519 34817 32865 33473 
31849 28566 33048 33240 
28120 25301 33152 32955 
23798 24379 33162 32655 
21036 24792 33148 32430 
21733 25400 33009 32200 
26365 25648 32868 32094 
33818 25360 32779 32094 
42119 24685 32753 32212 
48721 23906 32761 32335 
52385 23289 32817 32491 
52814 22977 32854 32583 
50543 23273 32931 32699 
46131 24475 32967 32747 
40021 27183 32929 32739 
32204 32074 32820 32701 
23127 39256 32679 32691 
13919 48097 32478 32693 
6378 57149 32271 32743 
3074 63716 32148 32881 
5024 65445 31996 32951 
12534 61006 32018 33121 
24640 49807 32138 33244 
38369 34000 32365 33318 
50873 16827 32644 33293 
60085 1877 32960 33213 
63982 103 33225 32991 
61988 43 33440 32712 
54788 52 33586 32402 
43957 11549 33620 32108 
32094 24548 33520 31875 
21532 37833 33331 31732 
13575 49539 33045 31696 
9056 58077 32761 31818 
8221 62556 32474 32050 
10937 62391 32195 32360 
16875 57532 31964 32723 
25185 48599 31793 33097 
34910 36632 31733 33435 
44591 23221 31783 33686 
52636 10505 31960 33871 
56956 1423 32213 33887 
56622 87 32531 33757 
51596 40 32886 33506 
42651 9758 33219 33101 
31742 24338 33583 32707 
21542 40435 33822 32285 
13762 55359 33915 31887 
9781 65044 33860 31572 
10276 65485 33651 31394 
15127 65516 33321 31390 
23078 62163 32932 31540 
32606 46331 32486 31835 
41935 29953 32091 32236 
49629 14384 31780 32705 
54413 2157 31577 33172 
55150 99 31551 33563 
51981 41 31654 33839 
45481 6468 31926 33968 
36734 19084 32209 33891 
27024 34616 32570 33706 
18008 49515 32890 33406 
11341 60680 33151 33053 
8009 65362 33350 32721 
8676 65486 33439 32409 
13379 59071 33480 32182 
21421 47796 33361 31959 
31394 33954 33264 31898 
41871 19269 33121 31881 
51429 5881 33027 31988 
58757 203 32906 32097 
62258 61 32812 32237 
60803 33 32716 32363 
54379 8797 32610 32497 
43731 23170 32490 32609 
30614 40191 32376 32750 
17384 56817 32261 32890 
7159 65267 32156 33043 
1635 65483 32098 33237 
1519 65507 32086 33397 
6627 65513 32153 33535 
15635 61670 32288 33596 
26484 44681 32478 33568 
37747 27000 32701 33431 
48112 10200 32921 33172 
56343 361 33094 32817 
61482 78 33284 32419 
62127 51 33401 32054 
58212 75 33432 31700 
50164 12231 33395 31496 
38992 26482 33333 31459 
26907 41790 33180 31542 
15841 55669 32997 31798 
7581 64880 32769 32119 
3604 65476 32506 32533 
4800 65515 32287 33005 
10995 56683 32024 33395 
21046 42523 31853 33718 
32706 27473 31772 33939 
43509 14414 31792 34013 
50809 6075 31946 33922 
53631 2782 32195 33697 
52284 4027 32518 33350 
48311 8615 32912 32951 
43232 15718 33262 32445 
38365 24477 33589 32012 
33579 34510 33813 31658 
28203 44895 33848 31402 
22271 54142 33763 31312 
16955 60179 33490 31381 
14823 60974 33175 31657 
17508 56091 32804 32051 
24811 46568 32406 32478 
34493 35060 32070 32971 
42971 24331 31803 33404 
46935 17646 31725 33787 
45365 15832 31736 33944 
39857 18472 31908 33987 
33325 23644 32170 33867 
28522 29059 32480 33595 
26762 32607 32769 33208 
27362 33603 33043 32762 
28818 32433 33246 32310 
30078 30347 33375 31928 
31017 28696 33406 31640 
32354 28571 33302 31525 
34523 30147 33151 31607 
37052 32855 32898 31786 
38868 35857 32640 32110 
38893 38196 32450 32567 
36965 39064 32301 33007 
34186 38479 32244 33380 
31886 36935 32252 33632 
30813 35436 32394 33739 
30631 34805 32602 33680 
30163 35508 32798 33428 
28509 37229 32991 33046 
25853 38926 33130 32640 
23488 39144 33192 32235 
23182 36673 33125 31871 
26207 31409 33018 31714 
31955 24648 32801 31691 
38498 19017 32605 31890 
43619 16548 32407 32196 
45732 18114 32255 32570 
44514 22842 32171 32957 
40780 28851 32167 33288 
36160 33919 32269 33554 
31907 37216 32472 33684 
28736 39076 32683 33609 
26972 40551 32940 33417 
26413 42166 33119 33058 
26861 43680 33233 32643 
27959 44174 33283 32271 
29263 42656 33251 32017 
30475 38771 33044 31810 
31673 33234 32821 31826 
32980 27485 32550 31991 
34594 23149 32351 32340 
36365 20761 32193 32715 
37725 20330 32119 33082 
37956 21465 32171 33359 
36527 23930 32344 33511 
33580 27642 32592 33477 
30059 32619 32886 33276 
27084 38546 33151 32938 
25606 44430 33326 32512 
26124 48783 33459 32166 
28395 49781 33403 31837 
31834 46448 33203 31673 
35780 39067 32906 31711 
39654 29134 32587 31983 
42686 19200 32313 32400 
44062 11869 32072 32889 
42877 9937 31930 33348 
38964 14020 31917 33707 
32763 23166 32050 33922 
25552 35247 32302 33913 
19009 47380 32604 33711 
14728 57112 32940 33328 
14193 61490 33217 32850 
17492 59857 33411 32333 
24231 52385 33508 31888 
33399 40260 33475 31536 
43597 25249 33316 31386 
52321 10759 33049 31425 
57571 567 32719 31678 
57810 76 32386 32085 
52919 43 32092 32555 
43965 6667 31926 33083 
33121 19186 31855 33540 
22419 34798 31961 33869 
13426 51349 32206 34031 
7125 64824 32559 33986 
4377 65437 32941 33731 
6093 65513 33278 33323 
12841 65535 33531 32813 
24252 65535 33667 32296 
38271 53643 33665 31843 
52223 31217 33497 31493 
62192 8437 33162 31321 
65437 194 32770 31378 
63909 17 32392 31655 
54054 13 32075 32074 
41814 7757 31851 32609 
28775 21954 31760 33125 
16285 38740 31839 33573 
6060 55503 32087 33930 
405 65220 32397 34054 
44 65513 32734 33968 
7229 65535 32988 33648 
20032 65535 33196 33246 
35376 50629 33282 32783 
49900 28181 33281 32361 
60454 4692 33179 32005 
64570 137 32988 31816 
62572 34 32763 31760 
55891 27 32640 31898 
45647 193 32554 32131 
32997 14993 32563 32419 
19936 31324 32674 32696 
8342 49586 32821 32911 
1021 64716 32949 32998 
49 65474 33052 33001 
6406 65535 33069 32907 
18643 65535 33013 32813 
33508 65535 32837 32659 
47847 44780 32588 32592 
58821 21958 32322 32595 
64361 1939 32098 32694 
63478 98 31889 32818 
57242 46 31862 33002 
46669 48 31963 33193 
33326 6777 32200 33307 
19673 19105 32596 33400 
8462 34267 32987 33303 
1731 50018 33376 33097 
891 63373 33640 32760 
5727 65450 33822 32413 
16284 65535 33807 32012 
29646 65535 33619 31719 
43997 51789 33293 31534 
56873 31464 32928 31536 
64984 11842 32518 31696 
65497 361 32193 32085 
65463 38 31885 32483 
52242 25 31761 33014 
37189 8420 31687 33447 
21609 21651 31837 33909 
9686 35452 32083 34169 
3928 46525 32358 34208 
4518 53084 32683 34066 
10176 54588 33022 33741 
18865 51734 33262 33207 
28324 46340 33432 32625 
36772 40345 33550 32080 
43530 34622 33558 31576 
48332 29452 33426 31211 
51019 24725 33246 31065 
51133 20569 33009 31120 
48436 17614 32759 31396 
42941 16734 32537 31851 
35236 18816 32382 32405 
26512 24033 32268 32993 
18681 31484 32173 33517 
14138 39242 32190 33976 
14662 44264 32260 34221 
20170 45138 32355 34273 
29059 41684 32443 34101 
38760 35562 32588 33760 
46218 29404 32705 33293 
48993 26279 32844 32796 
46477 27377 32891 32231 
39869 32255 32939 31767 
31444 38722 32945 31465 
23862 44195 32902 31368 
19631 46390 32857 31485 
19314 44626 32790 31764 
22309 39657 32736 32169 
27066 33033 32704 32639 
32191 26324 32730 33108 
36356 20907 32777 33463 
39499 17272 32875 33704 
41762 15511 32930 33690 
43585 15930 33041 33568 
44524 18521 33075 33236 
44006 23161 33023 32814 
41371 29396 32907 32358 
36533 36405 32759 32006 
29963 43326 32586 31793 
23464 48821 32352 31716 
18702 52349 32182 31884 
16580 53734 32078 32215 
17220 52683 32053 32634 
20259 48935 32138 33115 
24936 42431 32304 33566 
30537 33842 32523 33857 
36584 24261 32763 33944 
42365 15574 33014 33821 
46781 9806 33214 33473 
48425 8657 33346 32986 
46835 12067 33396 32428 
42594 18702 33436 31942 
37196 26283 33356 31516 
32543 32780 33228 31303 
30104 36872 33037 31294 
29633 39023 32855 31512 
29678 40468 32615 31888 
28606 42671 32406 32428 
25662 46181 32200 32988 
21868 49940 31980 33489 
19345 52100 31846 33905 
19974 50625 31820 34151 
24202 44613 31885 34189 
30829 34816 32074 34033 
37393 23985 32323 33653 
41783 15712 32708 33234 
43395 11794 33079 32719 
43085 12472 33470 32235 
42210 16108 33752 31762 
41792 20666 33941 31449 
41581 24523 33921 31284 
40498 27679 33755 31335 
37291 31439 33461 31533 
31540 37105 33046 31847 
24238 44615 32573 32221 
17519 52444 32164 32704 
