32724 33050 32908 32011 
32724 33050 32908 32011 
32784 32701 32910 31924 
32873 32403 32948 31962 
32930 32180 32996 32039 
32964 32099 33061 32176 
32969 32127 33077 32327 
32962 32299 33105 32520 
32913 32524 33041 32685 
32839 32749 32909 32832 
32693 32880 32664 32913 
32575 32961 32410 33014 
32488 32959 32171 33125 
32428 32861 31972 33204 
32357 32646 31815 33217 
32396 32483 31858 33292 
32456 32315 32004 33280 
32530 32218 32258 33216 
32618 32222 32575 33096 
32714 32357 32950 32922 
32809 32565 33279 32680 
32924 32879 33563 32436 
33001 33202 33708 32178 
33057 33483 33733 31996 
33107 33681 33634 31885 
33091 33699 33407 31853 
33035 33566 33099 31897 
32933 33281 32770 32058 
32786 32892 32436 32269 
32628 32415 32146 32536 
32488 32011 31941 32866 
32297 31612 31770 33124 
32180 31429 31731 33390 
32120 31440 31820 33593 
32151 31662 32014 33731 
32263 32063 32283 33772 
32462 32532 32618 33683 
32667 33038 32947 33453 
32881 33474 33233 33091 
33093 33801 33475 32694 
33320 33987 33691 32301 
33429 33933 33737 31887 
33452 33715 33674 31568 
33341 33338 33450 31373 
33181 32933 33193 31382 
32932 32492 32846 31550 
32640 32135 32507 31889 
32412 31925 32228 32354 
32172 31798 31982 32839 
32038 31835 31858 33317 
32017 31987 31848 33717 
32083 32211 31945 33958 
32270 32500 32134 34046 
32490 32766 32384 33920 
32765 33012 32671 33672 
32964 33126 32884 33264 
33094 33165 33051 32767 
33224 33199 33222 32340 
33219 33133 33297 31931 
33133 33008 33293 31625 
32990 32890 33222 31516 
32830 32769 33101 31592 
32667 32669 32932 31830 
32530 32575 32741 32183 
32441 32530 32569 32637 
32412 32497 32425 33091 
32384 32436 32298 33428 
32467 32475 32298 33719 
32570 32526 32368 33827 
32671 32595 32496 33724 
32744 32663 32643 33442 
32822 32779 32837 33095 
32827 32820 32947 32609 
32819 32838 33019 32110 
32841 32881 33071 31748 
32849 32887 33047 31510 
32868 32900 32986 31521 
32841 32855 32831 31663 
32873 32853 32718 32054 
32866 32838 32570 32506 
32844 32804 32453 33000 
32779 32754 32351 33470 
32751 32739 32353 33861 
32676 32700 32401 34033 
32599 32633 32496 33989 
32518 32572 32627 33734 
32491 32540 32799 33365 
32466 32479 32944 32845 
32447 32430 33023 32309 
32484 32424 33067 31852 
32514 32438 33014 31515 
32572 32460 32901 31403 
32623 32528 32761 31511 
32710 32638 32618 31835 
32781 32752 32496 32259 
32849 32872 32443 32749 
32925 33003 32447 33210 
32991 33103 32524 33575 
33087 33233 32701 33838 
33127 33284 32860 33820 
33131 33276 33015 33626 
33066 33179 33092 33258 
32977 33075 33146 32841 
32817 32882 33074 32374 
32650 32676 32963 31982 
32485 32474 32788 31745 
32318 32262 32582 31657 
32220 32124 32400 31795 
32149 31998 32237 32040 
32177 31976 32183 32430 
32264 32023 32201 32860 
32432 32124 32314 33276 
32628 32295 32484 33594 
32864 32543 32708 33781 
33070 32812 32928 33755 
33210 33059 33086 33543 
33326 33338 33223 33234 
33302 33514 33232 32792 
33233 33654 33212 32336 
33076 33690 33114 31937 
32876 33599 32948 31653 
32637 33394 32738 31543 
32408 33082 32514 31617 
32227 32730 32335 31896 
32117 32323 32214 32286 
32089 31940 32149 32777 
32120 31633 32161 33245 
32227 31455 32255 33650 
32437 31472 32445 33925 
32705 31665 32704 33992 
32957 32009 32953 33860 
33178 32427 33182 33483 
33327 32885 33345 33013 
33358 33298 33394 32437 
33321 33650 33377 31897 
33168 33865 33231 31458 
32954 33892 32995 31225 
32707 33773 32707 31214 
32521 33571 32461 31495 
32376 33297 32266 31961 
32265 32928 32096 32515 
32236 32561 32037 33129 
32282 32232 32086 33693 
32378 31984 32230 34103 
32523 31809 32426 34271 
32681 31763 32670 34206 
32836 31834 32918 33911 
32918 31948 33085 33374 
33001 32212 33237 32808 
33013 32479 33290 32190 
33026 32810 33313 31713 
32913 33012 33145 31331 
32779 33168 32936 31187 
32639 33249 32693 31327 
32556 33260 32462 31700 
32465 33173 32255 32219 
32435 33034 32123 32788 
32437 32887 32071 33328 
32519 32772 32170 33801 
32642 32703 32381 34069 
32791 32709 32683 34112 
32878 32707 32949 33874 
32960 32762 33216 33448 
33007 32812 33413 32891 
33034 32879 33522 32314 
33015 32904 33499 31809 
32936 32860 33336 31432 
32795 32743 33058 31263 
32686 32623 32752 31385 
32539 32439 32400 31707 
32440 32270 32106 32207 
32380 32125 31892 32743 
32391 32078 31827 33285 
32467 32125 31887 33745 
32568 32244 32057 34017 
32730 32466 32347 34064 
32880 32763 32699 33916 
32966 33025 32990 33552 
32973 33232 33195 33079 
32928 33388 33338 32612 
32844 33465 33381 32197 
32688 33404 33282 31875 
32565 33288 33142 31756 
32488 33111 32977 31803 
32420 32859 32779 31947 
32426 32629 32656 32218 
32532 32447 32601 32531 
32686 32314 32620 32791 
32825 32213 32643 32950 
32975 32213 32707 33032 
33098 32275 32755 33010 
33167 32383 32765 32890 
33181 32544 32739 32744 
33107 32705 32658 32630 
33002 32852 32555 32574 
32609 32966 32324 32675 
32404 32964 32282 32857 
32252 32902 32293 33053 
32171 32830 32395 33244 
32188 32751 32563 33376 
32297 32694 32789 33399 
32455 32631 32989 33282 
32656 32607 33194 33066 
32857 32600 33328 32744 
33036 32648 33386 32396 
33188 32721 33379 32059 
33232 32788 33252 31774 
33196 32851 33071 31604 
33094 32937 32855 31620 
32929 32987 32611 31811 
32726 33001 32410 32106 
32513 32944 32229 32482 
32323 32792 32075 32898 
32197 32610 32003 33318 
32170 32423 32009 33680 
32207 32209 32062 33871 
32339 32056 32188 33895 
32530 32005 32382 33763 
32792 32099 32659 33524 
33015 32299 32933 33173 
33224 32628 33217 32762 
33310 32960 33444 32337 
33327 33329 33620 31988 
33244 33609 33679 31726 
33074 33776 33621 31624 
32845 33771 33442 31653 
32611 33614 33178 31900 
32392 33304 32842 32290 
32259 32919 32503 32811 
32170 32480 32178 33336 
32125 32031 31894 33627 
32163 31751 31777 33525 
32192 31710 31729 32834 
32353 32039 31809 31837 
33156 32396 32070 30951 
35061 31556 32350 30546 
38345 28591 32688 30930 
41703 23864 33022 32182 
41873 20576 33271 33868 
35617 23127 33430 35558 
22426 34257 33493 36879 
6226 51920 33405 37393 
100 65128 33233 37039 
0 65535 33002 35922 
11113 65535 32786 34234 
32113 65535 32538 32065 
53410 47974 32445 29811 
65341 23559 32397 27555 
65535 924 32478 25833 
65535 0 32557 24934 
65535 0 32728 25260 
51333 9755 32809 26808 
32504 24999 32931 29711 
16540 38055 32953 33435 
4630 47661 32859 37334 
211 56431 32748 40831 
83 64896 32635 43256 
17 65407 32451 44029 
8452 65535 32354 42956 
22094 65535 32264 40036 
42398 65535 32308 35773 
63131 46353 32399 30782 
65392 22356 32555 25932 
65535 929 32754 22016 
65535 3 32930 19855 
65535 0 33128 19837 
65535 0 33269 21905 
55109 6426 33346 25784 
34689 28109 33373 30898 
12616 53502 33288 36417 
223 65203 33090 41047 
0 65535 32865 44310 
0 65535 32568 45620 
14918 65535 32337 44905 
35505 65535 32087 42158 
56633 48904 31948 37955 
65312 25527 31920 33120 
65535 1647 31975 28367 
65535 102 32188 24569 
65535 0 32445 22174 
65535 0 32799 21602 
45434 0 33107 22788 
24674 10277 33412 25474 
3517 31427 33576 29091 
85 54960 33678 33034 
0 65255 33623 36660 
0 65530 33462 39304 
158 65535 33200 40737 
17503 65535 32895 40813 
34849 65535 32554 39599 
51514 47043 32288 37450 
63140 23631 32064 34799 
65482 1149 31945 32125 
65445 98 31917 29832 
50846 15 31984 28256 
33118 0 32168 27602 
13782 0 32366 27873 
501 11235 32575 28857 
69 27684 32754 30345 
29 45498 32916 31999 
23 61154 33026 33496 
9729 65408 33103 34678 
23849 65524 33176 35324 
39435 65535 33197 35378 
53821 64399 33255 35005 
64065 42907 33258 34261 
65459 21741 33237 33298 
65502 2335 33199 32395 
60741 112 33135 31693 
48462 43 32947 31281 
34439 37 32780 31274 
20838 5549 32549 31553 
10102 17311 32368 32086 
3856 31597 32189 32701 
3192 45434 32024 33261 
7647 56093 31930 33665 
15916 61983 31935 33896 
26134 62085 32066 33871 
36277 56629 32247 33621 
44668 46706 32501 33173 
49696 34738 32802 32681 
50872 22908 33076 32170 
48469 13540 33343 31807 
43286 8104 33527 31597 
36539 7227 33575 31570 
30031 10754 33569 31778 
25106 17484 33417 32080 
22528 26117 33224 32465 
22612 35267 32985 32872 
25172 43507 32695 33171 
29762 49679 32482 33436 
34987 52627 32300 33553 
39606 52298 32168 33534 
42360 49046 32050 33384 
42673 43655 32042 33220 
40590 36756 32053 33009 
37026 29575 32134 32819 
32888 23080 32292 32705 
28828 18576 32516 32645 
24966 17153 32765 32601 
21428 19346 33008 32565 
19038 24396 33225 32506 
19140 30253 33422 32440 
22739 34886 33555 32356 
29712 37027 33572 32231 
38420 36768 33480 32099 
45803 35525 33288 32026 
49035 35054 33028 32039 
47327 36073 32728 32141 
42019 37929 32417 32342 
36028 39153 32186 32666 
31781 38325 31991 33003 
30291 35341 31905 33353 
30268 31364 31952 33675 
29762 28089 32101 33903 
27713 26677 32314 33946 
24743 27314 32564 33813 
22919 29189 32815 33535 
24010 31165 33041 33139 
28073 32599 33175 32624 
33627 33593 33331 32179 
38304 34365 33316 31686 
40317 35205 33273 31407 
39444 35907 33112 31283 
36971 36118 32919 31379 
34508 35542 32699 31678 
33116 34029 32508 32156 
32873 31649 32333 32683 
33173 28925 32284 33264 
33175 26454 32269 33716 
32597 25004 32358 34052 
31502 25258 32516 34145 
30263 27670 32703 34004 
29160 32230 32897 33638 
28424 38246 33052 33125 
28233 43929 33134 32537 
28789 47892 33168 32002 
30299 48740 33116 31577 
32788 45879 33001 31340 
35993 39496 32796 31317 
39178 31181 32620 31566 
41598 22449 32458 31992 
42628 14907 32311 32500 
42064 9876 32257 33055 
39896 8166 32253 33558 
36360 10489 32297 33882 
31641 17118 32460 34013 
25854 27620 32640 33911 
19619 41043 32858 33630 
14297 54892 33036 33183 
11847 64969 33162 32711 
13682 65467 33216 32229 
20128 65518 33171 31832 
30132 65522 33026 31604 
41021 53553 32834 31635 
50043 36110 32625 31825 
55690 18226 32439 32159 
57609 2334 32327 32586 
56494 140 32311 33025 
53137 67 32337 33352 
47833 41 32491 33566 
39958 7189 32682 33582 
29302 17343 32903 33441 
16628 34827 33051 33090 
4184 54007 33194 32690 
143 65186 33238 32293 
26 65499 33184 31979 
255 65535 33029 31794 
15681 65535 32823 31827 
31000 65468 32577 32040 
45294 44386 32374 32423 
55963 23068 32197 32847 
61710 4264 32102 33295 
62501 140 32112 33650 
59123 45 32207 33826 
52210 38 32431 33819 
43043 7148 32660 33588 
32633 19858 32913 33223 
22505 35037 33129 32756 
14357 50065 33296 32257 
9695 62105 33394 31836 
9370 65424 33381 31495 
12954 65508 33287 31380 
19220 61209 33107 31440 
26585 48268 32870 31647 
33665 33734 32628 32058 
39712 19378 32357 32506 
44073 7514 32133 33023 
46349 398 31983 33510 
46458 94 31913 33881 
44569 64 31969 34118 
41045 5965 32129 34185 
36763 17785 32391 34081 
32785 32338 32668 33766 
29793 46926 32976 33348 
28182 58229 33286 32833 
27998 63748 33512 32276 
29173 62565 33668 31757 
31138 56204 33665 31310 
32952 47057 33532 31031 
33479 37989 33284 30940 
31907 30982 32982 31092 
28121 26694 32618 31446 
23580 24977 32312 31996 
20189 24653 32049 32592 
19934 24788 31880 33240 
23689 24695 31815 33810 
30735 24298 31930 34287 
38860 23712 32119 34517 
45861 23259 32372 34529 
50295 23083 32614 34286 
51740 23235 32867 33870 
50425 23615 33001 33278 
47050 24482 33054 32643 
42024 26477 33085 32108 
35244 30305 33043 31633 
26870 36502 32964 31328 
17802 44945 32893 31243 
10026 54134 32883 31333 
5740 61599 32864 31542 
6429 64986 32941 31896 
12358 62478 32995 32261 
22743 53583 33064 32626 
35263 39313 33045 32892 
47196 22880 32993 33125 
56372 7516 32831 33270 
61017 241 32656 33383 
60159 56 32402 33413 
54105 48 32170 33427 
44693 8002 31979 33381 
33944 19410 31871 33343 
23827 32109 31885 33268 
15801 44133 32027 33148 
11022 53664 32254 32974 
9809 59620 32556 32769 
11908 61615 32919 32543 
16942 59360 33240 32289 
24353 52991 33450 31997 
33476 42996 33614 31813 
42665 30997 33615 31691 
50455 18771 33553 31723 
55193 8525 33334 31806 
55745 2443 33086 32015 
51608 2015 32778 32306 
43833 7638 32487 32624 
34017 18450 32252 32983 
24164 32271 32051 33290 
16168 46255 31960 33584 
11410 57638 31910 33742 
10916 63661 31979 33840 
14512 62980 32127 33797 
21303 56339 32315 33641 
29955 45127 32526 33371 
39085 31316 32792 33054 
46982 17826 33019 32632 
52214 7452 33231 32243 
54044 1841 33413 31893 
52117 2073 33499 31593 
46839 8276 33479 31387 
39031 19722 33414 31364 
29782 34258 33231 31455 
21237 48240 32989 31708 
14446 59513 32703 32056 
10617 65257 32461 32537 
10355 65475 32237 33034 
13898 58734 32064 33526 
20541 51590 32003 33911 
29254 38450 32045 34167 
38665 23874 32136 34207 
47491 9857 32323 34095 
54680 411 32503 33774 
58681 81 32633 33291 
58669 46 32777 32801 
53980 7159 32842 32278 
44848 17114 32890 31856 
32968 33270 32886 31525 
20809 49531 32892 31427 
10764 63085 32929 31505 
4782 65418 32982 31741 
3882 65494 33039 32048 
7897 65507 33144 32414 
15605 65468 33197 32719 
25455 50064 33236 32997 
36111 33017 33151 33121 
45948 15951 33030 33190 
53806 1855 32867 33218 
58795 119 32593 33120 
60150 59 32301 33001 
57225 47 32023 32879 
50262 8701 31823 32823 
40413 21536 31688 32763 
29195 36468 31714 32782 
18491 50802 31895 32826 
10036 61972 32185 32874 
5533 65410 32559 32922 
5702 65501 32981 32943 
10539 59035 33301 32801 
19329 46643 33605 32671 
30419 32290 33812 32515 
40864 19366 33849 32316 
48743 10035 33704 32119 
52578 5292 33437 31975 
52301 5017 33103 31943 
48872 8352 32718 32006 
44129 14219 32369 32171 
39245 21973 32103 32439 
34405 31120 31872 32701 
29314 41035 31768 33027 
23603 50445 31774 33332 
18469 57040 31886 33586 
15718 59176 32083 33743 
17171 56047 32340 33779 
23342 48040 32616 33653 
32212 37702 32908 33439 
40594 27667 33169 33109 
45509 20542 33409 32732 
45366 17692 33538 32280 
40968 19161 33604 31890 
34985 23414 33512 31555 
30120 28409 33346 31379 
27795 32242 33139 31378 
27729 33837 32866 31546 
28693 33067 32572 31874 
29622 30984 32353 32316 
30359 28846 32182 32811 
31469 27802 32029 33249 
33656 28582 31996 33664 
36432 30957 32027 33927 
38692 34261 32174 34028 
39192 37274 32303 33919 
37660 39200 32513 33659 
34866 39388 32698 33279 
32395 38195 32886 32853 
31097 36410 33030 32396 
30911 35133 33170 32018 
30734 35020 33223 31702 
29419 36164 33184 31536 
26848 37724 33109 31546 
24056 38357 33002 31743 
22781 36685 32811 31998 
24592 32263 32644 32406 
29568 26096 32543 32906 
35918 20352 32395 33264 
41630 17299 32366 33593 
44936 18129 32425 33797 
45013 22360 32529 33778 
42313 28339 32676 33604 
38074 33864 32823 33273 
33724 37551 32908 32814 
30195 39633 32959 32348 
27898 40833 32965 31928 
26876 41893 32890 31630 
27011 42861 32757 31522 
27897 43000 32644 31650 
29003 41464 32500 31928 
30089 38004 32397 32312 
31084 33085 32374 32809 
32129 27911 32360 33244 
33520 23992 32465 33646 
35217 21829 32588 33864 
36747 21480 32735 33884 
37397 22553 32888 33718 
36558 24704 33002 33350 
34304 27827 33083 32950 
31304 31971 33150 32495 
28539 37002 33121 32049 
26965 42330 33028 31692 
27193 46509 32896 31525 
29034 47790 32742 31558 
31920 45371 32562 31773 
35280 39300 32393 32113 
38513 30698 32224 32528 
41136 21647 32148 33010 
42337 14859 32115 33428 
41541 12633 32212 33755 
38337 15640 32346 33876 
33111 23407 32609 33845 
26746 34040 32856 33601 
20642 45113 33065 33147 
16720 53875 33337 32728 
15839 58301 33486 32235 
18439 57398 33541 31822 
24438 50954 33498 31547 
32823 40009 33300 31445 
42000 26775 33044 31561 
50196 13620 32702 31836 
55446 3313 32376 32233 
56175 131 32075 32675 
51960 52 31878 33163 
44000 6619 31766 33532 
34134 18402 31846 33801 
24271 32962 32024 33893 
15849 48460 32265 33779 
9722 63169 32578 33545 
6705 65396 32853 33197 
7592 65500 33042 32764 
12993 65535 33194 32417 
22802 65535 33272 32132 
35507 57157 33268 31972 
48690 35715 33197 31919 
58708 13552 33110 32039 
63233 407 33017 32203 
61507 36 32919 32400 
54547 20 32848 32592 
44111 5607 32799 32700 
32172 18263 32781 32786 
20453 33794 32739 32771 
10378 49685 32711 32736 
3787 63162 32646 32663 
2544 65452 32576 32625 
7820 65535 32441 32596 
18599 65535 32335 32669 
32338 51034 32267 32828 
45724 29482 32220 33004 
55880 7964 32246 33212 
60873 202 32356 33417 
60163 46 32507 33508 
54718 35 32650 33455 
46012 196 32819 33317 
34956 13882 32920 33004 
23047 29044 33020 32676 
11984 46619 33060 32307 
4615 62884 33113 32055 
2880 65419 33084 31818 
7658 65535 33063 31746 
17935 65535 33057 31812 
31336 65535 33022 31959 
44836 49093 33012 32215 
55637 27077 32983 32519 
61353 8042 32935 32789 
61608 226 32861 33015 
56541 59 32691 33107 
47333 55 32550 33202 
35103 4916 32346 33176 
22256 15645 32185 33147 
11371 29412 32058 33098 
4261 44381 31925 33004 
2512 57818 31970 33004 
6297 65251 32046 32981 
15239 65511 32283 33013 
27329 65527 32562 33010 
40678 51336 32898 32986 
52904 33887 33199 32866 
61719 16434 33502 32739 
64627 2603 33687 32504 
60738 86 33766 32255 
51064 34 33652 31952 
37898 8129 33435 31741 
24290 20463 33176 31675 
13390 33572 32815 31703 
7463 44986 32483 31915 
7396 52276 32233 32279 
12238 54720 32027 32698 
19720 53072 31964 33165 
27974 48949 31994 33576 
35553 43851 32094 33874 
41679 38725 32237 34012 
46028 33655 32360 33945 
48461 28755 32515 33753 
48856 23945 32641 33449 
46981 19707 32723 33072 
42734 17016 32782 32658 
36361 17040 32878 32298 
28738 20445 32963 31983 
21943 26385 33098 31836 
17585 33201 33229 31771 
17181 38723 33368 31799 
21279 41120 33472 31900 
28779 39698 33492 32022 
37132 35794 33458 32207 
43678 31596 33289 32364 
46331 29540 33052 32536 
44320 30935 32705 32698 
38404 35554 32346 32897 
30843 41292 31971 33073 
24133 45934 31720 33299 
20328 47466 31587 33500 
20293 45202 31610 33647 
23541 39611 31781 33722 
28514 32499 32060 33710 
33544 25498 32416 33581 
37569 19790 32758 33336 
40231 16106 33069 33003 
41787 14576 33287 32586 
42692 15343 33448 32203 
43000 18184 33507 31891 
42268 22828 33468 31651 
39944 28910 33387 31580 
35715 35570 33240 31589 
29878 42239 33095 31760 
24094 47737 33005 32060 
19706 51513 32880 32361 
17660 53305 32770 32653 
18250 52829 32692 32947 
21072 49666 32576 33164 
25489 43716 32446 33303 
30782 35558 32316 33364 
36460 26217 32152 33336 
41867 17525 32030 33278 
46037 11393 31953 33211 
47662 9571 31951 33142 
46143 12231 32028 33065 
42073 18158 32236 33031 
36806 25264 32501 32964 
32256 31559 32819 32868 
29730 35907 33167 32757 
29408 38000 33486 32609 
29786 39191 33681 32373 
29253 41016 33810 32184 
26924 44076 33758 31951 
23491 47974 33625 31831 
20907 50734 33373 31767 
21032 50416 33052 31822 
24492 45851 32671 31957 
30273 37606 32351 32251 
36270 27647 31985 32564 
40401 19424 31751 32949 
41942 14902 31603 33310 
41575 14578 31608 33671 
40671 17113 31712 33907 
40283 20571 31930 34014 
40455 23440 32257 33939 
40160 25631 32678 33789 
37995 28355 33091 33448 
33345 33107 33437 32995 
26879 40202 33723 32494 
20416 48325 33939 32038 
16526 54293 33951 31612 
