32671 32716 33087 31654 
32671 32716 33087 31654 
32873 32796 33097 31639 
33073 32905 33091 31695 
33272 33035 33094 31830 
33453 33195 33111 32014 
33530 33299 33090 32212 
33504 33330 33032 32427 
33373 33288 32910 32632 
33101 33126 32719 32824 
32753 32868 32473 33016 
32390 32569 32219 33191 
32073 32291 32014 33382 
31841 32033 31867 33551 
31719 31836 31812 33655 
31749 31752 31877 33708 
31903 31790 32081 33699 
32139 31915 32356 33549 
32452 32169 32711 33321 
32783 32477 33065 32978 
33053 32814 33357 32549 
33313 33195 33620 32142 
33467 33517 33742 31712 
33525 33742 33724 31388 
33517 33860 33601 31234 
33415 33801 33385 31259 
33261 33610 33101 31436 
33020 33298 32737 31784 
32789 32926 32398 32263 
32601 32587 32147 32831 
32360 32222 31909 33345 
32171 31917 31753 33809 
32053 31756 31763 34146 
31989 31711 31858 34323 
31973 31770 32032 34266 
32029 31920 32298 34044 
32164 32151 32626 33657 
32361 32452 32966 33172 
32585 32733 33242 32629 
32862 33043 33499 32112 
33109 33274 33625 31644 
33348 33472 33663 31344 
33534 33579 33601 31223 
33622 33589 33431 31276 
33448 33279 32852 31796 
33236 33062 32546 32208 
32990 32854 32305 32687 
32722 32659 32123 33143 
32409 32450 31962 33478 
32168 32307 31931 33761 
31993 32223 32005 33887 
31920 32195 32155 33886 
31898 32143 32318 33727 
31972 32143 32521 33499 
32079 32132 32672 33194 
32229 32141 32795 32854 
32438 32218 32916 32585 
32637 32320 32961 32328 
32879 32506 33044 32184 
33083 32699 33096 32077 
33281 32945 33166 32076 
33428 33172 33207 32083 
33520 33419 33262 32136 
33567 33652 33303 32205 
33513 33792 33278 32260 
33393 33830 33185 32318 
33210 33768 33044 32392 
32936 33571 32800 32475 
32610 33245 32507 32593 
32305 32842 32233 32768 
32010 32354 31962 32962 
31820 31892 31813 33218 
31720 31485 31742 33459 
31723 31191 31785 33627 
31878 31110 31943 33741 
32137 31240 32236 33742 
32462 31553 32584 33594 
32819 32032 32977 33310 
33114 32549 33284 32915 
33370 33111 33546 32473 
33529 33628 33697 32011 
33580 34047 33721 31615 
33539 34289 33629 31334 
33400 34340 33430 31232 
33237 34234 33194 31334 
32981 33909 32864 31581 
32712 33442 32532 31980 
32466 32929 32242 32529 
32228 32356 31991 33073 
32055 31836 31830 33591 
31960 31424 31771 34018 
31920 31160 31807 34244 
32012 31130 31966 34297 
32146 31259 32188 34107 
32382 31611 32522 33777 
32621 32048 32841 33257 
32860 32536 33157 32671 
33104 33072 33465 32153 
33209 33470 33604 31626 
33305 33820 33662 31310 
33332 34022 33621 31170 
33263 34049 33426 31232 
33175 33955 33197 31503 
33054 33717 32887 31914 
32906 33357 32548 32350 
32826 32997 32294 32894 
32677 32537 32047 33327 
32620 32184 31969 33725 
32487 31825 31912 33891 
32442 31652 32038 33945 
32379 31632 32224 33809 
32309 31723 32444 33522 
32289 31952 32703 33195 
32267 32203 32925 32805 
32247 32459 33066 32411 
32301 32727 33156 32123 
32368 32932 33138 31917 
32465 33056 33025 31835 
32615 33147 32874 31909 
32788 33166 32699 32082 
33038 33196 32589 32396 
33236 33145 32505 32689 
33409 33091 32510 32958 
33518 33039 32606 33153 
33538 33012 32794 33266 
33409 32918 32947 33169 
33217 32881 33124 33013 
32931 32817 33230 32750 
32622 32794 33251 32483 
32287 32728 33140 32232 
31998 32622 32913 32050 
31861 32537 32663 32079 
31815 32408 32368 32208 
31854 32217 32046 32413 
32071 32103 31884 32789 
32325 31986 31796 33146 
32621 31967 31878 33471 
32943 32076 32113 33706 
33171 32237 32407 33737 
33366 32528 32794 33634 
33413 32836 33138 33330 
33385 33145 33432 32899 
33276 33444 33623 32417 
33118 33696 33712 31956 
32910 33807 33618 31563 
32739 33807 33439 31394 
32561 33647 33133 31390 
32423 33366 32768 31576 
32326 32991 32404 31983 
32307 32591 32120 32509 
32288 32150 31897 33077 
32292 31757 31797 33610 
32326 31457 31826 34023 
32382 31312 31969 34202 
32483 31378 32223 34159 
32629 31634 32550 33902 
32770 32061 32885 33449 
32872 32526 33137 32808 
33025 33107 33398 32231 
33141 33606 33525 31684 
33191 33989 33544 31305 
33238 34234 33486 31160 
33189 34212 33299 31211 
33111 34026 33056 31505 
32980 33635 32756 31959 
32826 33143 32474 32525 
32648 32600 32237 33110 
32460 32059 32053 33607 
32306 31611 31985 33970 
32164 31309 31990 34123 
32119 31243 32124 34070 
32137 31387 32342 33813 
32245 31721 32579 33398 
32362 32159 32801 32885 
32552 32660 33005 32355 
32766 33164 33164 31946 
32944 33551 33220 31641 
33070 33789 33187 31555 
33104 33796 33051 31635 
33130 33646 32897 31942 
33047 33335 32692 32307 
32996 33018 32578 32769 
32869 32643 32451 33153 
32819 32384 32479 33509 
32747 32191 32539 33631 
32727 32186 32689 33609 
32686 32241 32827 33347 
32648 32398 32960 32964 
32645 32636 33075 32560 
32642 32862 33124 32184 
32575 32965 33016 31850 
32522 33013 32847 31715 
32476 32981 32639 31802 
32485 32882 32449 32077 
32487 32696 32276 32456 
32523 32511 32175 32905 
32551 32318 32140 33316 
32607 32180 32195 33600 
32697 32179 32364 33743 
32820 32292 32589 33714 
32964 32522 32845 33511 
33075 32800 33076 33161 
33141 33047 33221 32703 
33229 33356 33369 32344 
33207 33505 33379 31979 
33112 33540 33307 31745 
32954 33437 33146 31685 
32698 33160 32897 31760 
32424 32808 32604 31960 
32199 32440 32354 32294 
32015 32110 32148 32690 
31924 31870 32031 33089 
31918 31735 31988 33412 
32028 31763 32057 33631 
32293 31970 32288 33728 
32578 32253 32550 33648 
32935 32642 32874 33442 
33234 33006 33151 33084 
33459 33341 33373 32654 
33633 33646 33525 32292 
33628 33753 33500 31938 
33520 33733 33363 31724 
33287 33538 33121 31681 
32961 33205 32802 31783 
32633 32808 32492 32000 
32332 32390 32230 32346 
32132 32060 32083 32815 
31954 31765 31963 33290 
31928 31678 32005 33816 
32036 31809 32199 34185 
32158 32016 32423 34104 
32290 32371 32680 33486 
32426 32944 32923 32398 
32711 33612 33103 31088 
33738 33711 33233 30120 
36073 32072 33287 29862 
39511 28051 33265 30534 
42090 22801 33112 31993 
40339 20476 32931 33861 
31623 25258 32681 35607 
16919 38689 32462 36866 
1593 57270 32293 37301 
0 65348 32175 36869 
0 65535 32166 35718 
18505 65535 32225 33993 
39889 65535 32381 31884 
61346 40079 32657 29645 
65535 15392 32895 27581 
65535 279 33117 26013 
65535 0 33299 25361 
65458 0 33376 25895 
45494 14536 33399 27775 
27148 29071 33278 30646 
12564 40752 33055 34211 
1372 49915 32799 37880 
139 58914 32506 40963 
53 65244 32277 42938 
0 65457 32125 43227 
10062 65535 32000 41641 
28428 65535 32062 38510 
49680 64333 32198 34085 
64955 38236 32386 29309 
65469 13513 32613 24905 
65535 398 32812 21681 
65535 0 32971 20256 
65535 0 33075 21007 
65535 0 33066 23753 
47403 12964 32953 27956 
27291 36301 32891 33055 
6066 60814 32801 38098 
17 65400 32731 42342 
0 65535 32743 44833 
105 65535 32796 45298 
22104 65535 32887 43677 
43220 65535 33021 40239 
63424 42396 33126 35676 
65455 17838 33148 30703 
65535 563 33113 26217 
65535 34 32954 22833 
65535 0 32718 21235 
60682 0 32448 21558 
37982 0 32161 23638 
16030 18208 31945 27229 
437 41590 31812 31565 
8 63905 31843 35745 
0 65438 31997 39181 
0 65535 32297 41441 
9350 65535 32658 42126 
25397 65535 33074 41350 
42693 62041 33427 39220 
57487 37635 33704 36268 
65255 12563 33854 32938 
65535 315 33788 29800 
58498 41 33617 27466 
43186 1 33289 26144 
24376 0 32941 25977 
5233 3550 32541 26863 
163 18270 32214 28598 
40 35703 31941 30736 
23 53000 31805 32979 
231 64965 31754 34894 
15522 65490 31868 36318 
30675 65535 32065 36964 
46097 65535 32321 36898 
59054 52578 32626 36213 
65328 32269 32911 35029 
65494 11542 33176 33664 
65501 349 33349 32335 
55423 62 33507 31298 
42044 37 33503 30606 
27409 43 33467 30373 
14950 11124 33331 30525 
6301 24447 33144 30973 
2834 38685 32945 31654 
4831 51483 32721 32381 
11400 60104 32522 32993 
20904 63179 32321 33423 
31489 60420 32200 33680 
41373 52112 32063 33671 
48215 40680 32037 33539 
51387 28266 32080 33295 
50681 17248 32203 33033 
46523 9542 32373 32779 
40289 6544 32585 32605 
33376 8174 32821 32525 
27223 13619 33025 32501 
22956 21844 33167 32520 
21438 31287 33283 32612 
22697 40271 33294 32708 
26296 47464 33211 32759 
31307 51829 33040 32757 
36678 52824 32843 32756 
40760 50638 32694 32771 
42643 45938 32559 32746 
42066 39587 32485 32703 
39416 32395 32474 32641 
35695 25656 32546 32590 
31717 20381 32668 32543 
27828 17742 32810 32523 
24041 18510 32898 32464 
20856 22623 32942 32430 
19373 28502 32949 32470 
20745 33943 32832 32505 
25720 37177 32680 32573 
33433 37635 32537 32690 
41753 36098 32407 32861 
47397 34348 32299 33006 
48259 33958 32275 33150 
44621 35164 32339 33250 
38612 36858 32452 33267 
33201 37502 32624 33222 
30245 36111 32807 33101 
29722 33165 33002 32943 
29765 30023 33111 32693 
28756 28271 33232 32507 
26261 28358 33241 32257 
23736 29971 33206 32108 
23294 31907 33097 32000 
26075 33318 32936 31975 
31262 33916 32723 32017 
36860 34052 32515 32176 
40518 34150 32327 32414 
40991 34393 32184 32698 
38890 34559 32069 32956 
35843 34351 32035 33217 
33450 33558 32110 33463 
32381 32027 32261 33592 
32391 30022 32508 33647 
32539 27924 32752 33507 
32251 26335 33040 33273 
31370 25874 33270 32929 
30253 27128 33453 32545 
29298 30513 33585 32183 
28723 35430 33561 31859 
28573 41043 33413 31631 
28927 45881 33177 31590 
29938 48424 32856 31692 
31825 47483 32522 31984 
34517 42981 32238 32372 
37594 35697 31975 32776 
40428 27073 31840 33166 
42281 18679 31832 33512 
42544 12178 31939 33717 
41195 8706 32149 33759 
38378 8819 32409 33634 
34281 12948 32657 33355 
29093 21220 32898 33044 
22802 33365 33054 32641 
16879 46866 33160 32348 
12610 59624 33206 32146 
11746 65329 33178 32024 
15566 65495 33150 32076 
23895 65521 33082 32210 
34537 65270 33018 32353 
45035 47370 32973 32543 
53051 29707 32968 32724 
57322 12396 32921 32791 
57968 484 32842 32766 
55777 97 32721 32705 
51594 57 32619 32621 
45222 32 32464 32529 
36120 8310 32282 32466 
24441 23177 32174 32528 
11235 41810 32106 32655 
721 59928 32062 32819 
64 65366 32132 33059 
16 65523 32291 33300 
7538 65535 32572 33524 
21665 65535 32809 33556 
36815 55576 33088 33522 
49892 35985 33291 33298 
58697 15500 33455 33001 
62411 672 33496 32590 
61395 76 33428 32146 
56559 42 33276 31768 
48864 45 33043 31497 
39178 11315 32814 31431 
28638 25182 32563 31522 
19047 40681 32380 31798 
11975 55070 32258 32212 
9010 64627 32190 32731 
10279 65474 32151 33211 
15101 65509 32171 33671 
22052 56065 32266 34023 
29627 42258 32398 34196 
36585 27598 32563 34172 
41995 14587 32739 33951 
45635 4504 32911 33544 
47203 199 33072 33048 
46507 78 33204 32475 
43728 66 33304 31917 
39465 10640 33324 31439 
34886 23786 33262 31129 
30927 38701 33134 31038 
28278 52270 32977 31179 
27128 61504 32763 31527 
27559 64079 32576 32069 
29124 60287 32397 32674 
31220 52223 32263 33273 
32860 42670 32174 33790 
33016 34046 32200 34205 
30921 28142 32241 34359 
27058 25292 32383 34338 
23018 24653 32537 34077 
20851 25070 32723 33658 
22018 25525 32824 33074 
26915 25598 32982 32485 
34408 25168 33098 31933 
41991 24475 33174 31490 
47861 23809 33205 31251 
50831 23278 33146 31167 
50890 22988 33012 31273 
48621 23080 32830 31604 
44565 24010 32622 32077 
38981 26516 32446 32630 
31743 31326 32276 33153 
23318 38716 32196 33646 
14841 47813 32179 33994 
8220 57168 32302 34173 
5697 63968 32515 34160 
8363 65451 32761 33935 
16019 61197 33023 33527 
27083 50416 33234 33018 
39409 35229 33323 32429 
50828 18184 33421 31939 
58542 3501 33304 31507 
61402 128 33141 31300 
58951 49 32860 31253 
51985 55 32557 31423 
41854 10540 32318 31841 
30842 22799 32126 32329 
21172 35495 32052 32867 
14014 46834 32059 33351 
10103 55469 32195 33758 
9698 60634 32425 34014 
12760 61373 32686 34040 
18683 57751 32932 33880 
26836 50043 33126 33531 
36141 39239 33242 33100 
45177 26798 33311 32652 
52445 14698 33280 32210 
55985 5686 33128 31841 
55044 1520 32933 31625 
49750 3292 32663 31563 
41240 11049 32464 31748 
30993 23593 32275 32032 
21545 37867 32187 32439 
14453 51197 32149 32817 
11037 60715 32221 33195 
11791 64306 32436 33526 
16477 61257 32669 33673 
23941 52607 32929 33682 
32781 40125 33126 33459 
41499 26295 33300 33144 
48658 13712 33401 32761 
53025 4625 33383 32342 
53719 1148 33291 32017 
50665 3697 33085 31775 
44498 11937 32797 31671 
36297 24414 32496 31783 
27206 39072 32250 32056 
18877 52755 32030 32417 
12940 62596 32003 32895 
10129 65408 32001 33281 
11034 65487 32145 33624 
15714 58588 32390 33824 
23272 47033 32635 33773 
32418 33092 32887 33610 
41761 18362 33045 33286 
50172 5039 33180 32928 
56416 180 33206 32527 
59169 61 33164 32181 
57479 37 33060 31925 
51179 8863 32896 31793 
41234 22848 32754 31813 
28986 39571 32652 31953 
17162 55542 32626 32208 
8365 65152 32629 32454 
4076 65470 32717 32731 
4844 65501 32802 32947 
10298 65507 32845 33061 
19368 57476 32890 33134 
29654 43192 32843 33088 
39958 26037 32772 33025 
48972 9889 32646 32966 
55761 361 32497 32910 
59403 79 32323 32819 
59143 52 32239 32807 
54822 126 32189 32795 
46864 12828 32243 32799 
36259 27100 32384 32834 
24695 42819 32588 32832 
14869 56147 32828 32801 
8034 64820 33055 32696 
5366 65472 33251 32580 
7447 65504 33395 32443 
14194 54615 33442 32278 
24211 40831 33388 32150 
35106 26667 33219 32089 
44684 14822 32981 32096 
50894 7157 32663 32201 
52895 4264 32388 32454 
50949 5540 32104 32735 
46494 10051 31911 33059 
41326 16753 31820 33355 
36333 25229 31862 33576 
31608 34948 32074 33717 
26628 44890 32367 33694 
21446 53582 32750 33515 
17468 58738 33113 33184 
16549 58991 33417 32745 
20046 54091 33659 32309 
27406 45123 33727 31878 
36527 34388 33649 31563 
43598 25085 33402 31401 
46293 19224 33054 31450 
44013 17747 32688 31721 
38374 20025 32308 32126 
32189 24544 32009 32626 
28108 29068 31816 33147 
26825 32129 31760 33579 
27579 32960 31879 33909 
28895 31867 32083 34019 
29987 29848 32414 33935 
30910 28263 32751 33667 
32417 28060 33034 33238 
34823 29611 33244 32728 
37615 32700 33368 32218 
39392 36265 33393 31799 
39062 39088 33318 31525 
36812 40425 33177 31472 
33795 39953 33007 31583 
31408 38148 32806 31891 
30396 35939 32614 32267 
30412 34556 32465 32723 
30167 34511 32314 33121 
28740 35681 32210 33466 
26209 37069 32156 33691 
23852 37184 32184 33805 
23616 34833 32259 33736 
26434 30056 32392 33541 
31827 24238 32584 33262 
38048 19512 32787 32890 
43025 17867 32985 32460 
45147 20174 33205 32121 
44090 25182 33368 31842 
40780 30947 33437 31642 
36523 35655 33434 31619 
32423 38480 33315 31699 
29239 39856 33111 31907 
27346 40666 32840 32188 
26716 41528 32551 32535 
27147 42295 32315 32942 
28133 42079 32069 33273 
29320 40210 31953 33577 
30403 36515 31941 33757 
31325 31817 32043 33810 
32442 27248 32233 33716 
33856 23817 32408 33445 
35649 22157 32658 33169 
37170 22040 32845 32804 
37571 23147 32979 32431 
36374 25294 33070 32139 
33739 28496 33117 31960 
30477 32793 33119 31867 
27741 38080 33111 31914 
26561 43162 33090 32065 
27237 46785 33085 32276 
29506 47481 33083 32522 
32738 44417 33043 32716 
36295 37757 33008 32878 
39536 28905 32891 32908 
41881 20513 32779 32916 
42707 14801 32629 32871 
41397 13620 32476 32816 
37477 17811 32290 32745 
31545 26327 32133 32719 
24890 36840 32002 32746 
19069 46985 31953 32806 
15643 54408 32027 32937 
15495 57330 32155 33056 
19036 54884 32394 33166 
25744 47452 32715 33232 
34510 36177 33018 33201 
43822 23139 33273 33032 
51818 10960 33489 32836 
56464 2161 33623 32606 
56238 102 33658 32347 
51107 77 33520 32069 
42592 10570 33318 31883 
32478 23348 33062 31808 
22629 38304 32767 31815 
14327 53807 32489 31969 
8748 65007 32222 32205 
6382 65444 32021 32529 
8050 65511 31893 32897 
14501 65535 31855 33284 
25354 65535 31896 33603 
38355 50101 32026 33822 
50813 28342 32256 33918 
59740 7080 32533 33875 
62839 170 32835 33684 
59767 22 33100 33321 
51970 24 33370 32894 
41369 8862 33564 32398 
29741 22568 33710 31973 
18259 38708 33702 31543 
8817 54346 33600 31304 
3489 65014 33381 31244 
3796 65496 33081 31377 
10380 65535 32721 31695 
22338 65470 32397 32219 
36416 44506 32093 32763 
49045 22462 31866 33298 
57706 2087 31780 33787 
60851 108 31813 34107 
58624 37 31961 34223 
52020 36 32183 34106 
42491 5947 32435 33798 
31277 18544 32724 33370 
19579 34606 32886 32805 
9360 52130 33044 32292 
3455 64998 33146 31919 
3796 65481 33172 31671 
10548 65535 33156 31634 
22139 65535 33127 31773 
35686 64991 33101 32011 
48607 41617 33085 32346 
57832 20393 33058 32654 
62063 2936 33067 32940 
60756 113 33035 33071 
54503 53 32976 33097 
44142 55 32885 33001 
31803 8059 32755 32844 
19299 19944 32566 32668 
9089 34315 32398 32555 
3205 49045 32208 32519 
2858 61480 32029 32549 
8190 65408 31917 32705 
18074 65524 31889 32915 
30670 64026 31966 33148 
43910 46406 32186 33379 
55679 28170 32455 33486 
63073 11478 32815 33496 
64232 609 33133 33314 
58899 52 33425 33009 
48308 37 33637 32611 
34537 11128 33767 32221 
21064 24324 33720 31810 
11359 37279 33588 31562 
6955 47570 33348 31452 
8066 53463 33020 31496 
13476 54642 32677 31726 
21413 52010 32346 32110 
30009 47007 32051 32567 
37372 41666 31862 33096 
43092 36480 31679 33519 
47067 31745 31699 33909 
49071 27204 31812 34135 
48885 22852 32018 34191 
46270 19412 32308 34051 
41298 17727 32628 33729 
34478 18746 32984 33283 
27029 22744 33302 32748 
20497 29043 33615 32212 
16935 35434 33772 31701 
17476 39876 33780 31311 
22250 40867 33671 31105 
29896 38307 33454 31119 
38154 33545 33119 31310 
44171 29208 32731 31673 
46004 27809 32380 32201 
43239 30239 32088 32774 
37085 35679 31894 33319 
29728 42055 31803 33794 
23514 46937 31851 34109 
20493 48272 32000 34226 
21224 45632 32217 34165 
24819 39881 32476 33895 
29779 32644 32731 33490 
34597 25617 32999 33040 
38360 19795 33179 32526 
40761 16113 33319 32086 
42151 14592 33373 31707 
42838 15241 33307 31465 
42881 18055 33190 31416 
41678 22810 32985 31510 
38705 29020 32757 31751 
34000 35700 32539 32123 
28203 42025 32368 32542 
22627 47303 32275 33003 
18593 51067 32224 33397 
17216 52827 32269 33704 
18591 52284 32450 33905 
22023 49061 32615 33868 
26806 43230 32822 33709 
32351 35149 32957 33350 
38208 25944 33074 32919 
43413 17845 33127 32457 
47054 12589 33106 32018 
48036 11464 33018 31676 
45877 14403 32845 31474 
41140 20269 32687 31498 
35613 26673 32545 31715 
31115 31870 32420 32052 
28910 34924 32354 32494 
28744 36231 32335 32965 
29246 37170 32415 33466 
28674 39110 32507 33795 
26403 42632 32670 33982 
23223 46822 32824 33954 
21054 49796 32916 33684 
21727 49558 33002 33296 
25695 44954 33013 32776 
31552 36990 32978 32273 
37192 27884 32868 31822 
40792 20534 32745 31554 
41871 16799 32586 31463 
41269 16881 32442 31611 
40430 19270 32322 31908 
40316 22136 32338 32383 
40663 24216 32438 32887 
40225 25769 32585 33339 
37688 28252 32796 33664 
32545 33079 33027 33804 
25903 40175 33243 33742 
19671 47825 33369 33470 
16187 53273 33404 33076 
