33539 33461 33050 32080 
33539 33461 33050 32080 
33539 33428 33092 31701 
33387 33278 33045 31480 
33170 33053 32954 31463 
32902 32788 32823 31642 
32622 32501 32673 32006 
32383 32239 32518 32477 
32177 32020 32387 33007 
32062 31880 32303 33484 
32036 31840 32289 33840 
32107 31926 32376 34029 
32243 32086 32479 33991 
32424 32303 32630 33768 
32592 32542 32738 33380 
32776 32822 32848 32904 
32896 33044 32885 32382 
33009 33275 32922 31985 
33040 33397 32880 31686 
33032 33463 32836 31586 
33029 33476 32840 31703 
32980 33396 32830 31935 
32932 33268 32857 32252 
32851 33087 32874 32564 
32807 32916 32945 32889 
32758 32695 32957 33086 
32736 32489 32963 33202 
32680 32262 32888 33173 
32675 32101 32831 33098 
32611 31940 32680 32932 
32557 31856 32511 32772 
32521 31861 32347 32655 
32489 31977 32225 32612 
32445 32134 32105 32606 
32480 32441 32137 32719 
32513 32756 32220 32830 
32557 33069 32378 32932 
32633 33365 32598 33007 
32725 33609 32853 33015 
32789 33711 33060 32905 
32906 33733 33256 32769 
32988 33619 33394 32568 
33105 33433 33460 32381 
33147 33127 33412 32173 
33134 32792 33273 32050 
33051 32404 33041 31977 
32941 32075 32786 32075 
32742 31815 32501 32274 
32510 31622 32225 32532 
32263 31554 31993 32855 
32079 31631 31869 33206 
31981 31832 31877 33522 
31999 32126 32022 33732 
32157 32524 32278 33825 
32403 32928 32622 33724 
32682 33291 32934 33435 
32992 33636 33245 33028 
33249 33866 33458 32515 
33507 34008 33625 32050 
33605 33987 33611 31624 
33575 33819 33438 31368 
33447 33538 33194 31333 
33154 33092 32829 31476 
32822 32597 32469 31825 
32511 32154 32224 32359 
32195 31701 32015 32897 
31959 31396 31946 33439 
31832 31248 31979 33846 
31870 31317 32156 34085 
32035 31594 32415 34115 
32302 32030 32691 33912 
32611 32521 32935 33533 
32918 33025 33125 33036 
33160 33491 33228 32514 
33366 33867 33271 32045 
33464 34053 33223 31662 
33416 34037 33098 31488 
33236 33805 32891 31457 
32993 33440 32666 31630 
32696 32998 32462 31975 
32428 32530 32305 32406 
32226 32104 32234 32890 
32052 31720 32179 33301 
32049 31583 32272 33669 
32173 31638 32459 33901 
32376 31842 32689 33920 
32632 32152 32914 33731 
32907 32553 33147 33428 
33154 32956 33316 33017 
33297 33265 33370 32521 
33342 33509 33341 32095 
33270 33592 33214 31719 
33091 33516 32987 31493 
32860 33348 32733 31444 
32634 33098 32481 31594 
32387 32767 32228 31858 
32277 32507 32112 32270 
32235 32287 32058 32732 
32296 32165 32106 33184 
32387 32088 32184 33551 
32559 32151 32367 33836 
32766 32312 32616 33968 
32933 32522 32854 33921 
33057 32744 33067 33720 
33080 32907 33196 33359 
33044 33032 33285 32937 
32932 33082 33280 32473 
32797 33062 33209 32076 
32586 32924 33021 31730 
32413 32742 32797 31549 
32320 32582 32589 31574 
32299 32452 32420 31764 
32345 32362 32302 32051 
32476 32366 32254 32404 
32694 32487 32348 32826 
32910 32657 32499 33159 
33101 32859 32676 33424 
33252 33069 32901 33579 
33310 33233 33069 33571 
33249 33298 33163 33410 
33139 33323 33227 33201 
32900 33199 33149 32878 
32612 32957 32944 32536 
32388 32732 32759 32302 
32216 32484 32541 32166 
32103 32232 32315 32107 
32070 32019 32132 32148 
32162 31963 32087 32328 
32360 31994 32134 32559 
32599 32137 32281 32808 
32856 32375 32508 33015 
33075 32632 32762 33161 
33238 32917 33013 33218 
33300 33146 33213 33150 
33281 33314 33349 32997 
33189 33403 33410 32811 
33044 33418 33386 32591 
32863 33316 33277 32374 
32639 33121 33058 32181 
32465 32912 32816 32077 
32351 32696 32574 32072 
32329 32540 32376 32200 
32313 32367 32160 32382 
32332 32247 32026 32642 
32399 32192 31979 32948 
32412 32112 31952 33212 
32488 32122 32058 33459 
32567 32184 32231 33640 
32663 32295 32470 33685 
32790 32482 32764 33609 
32899 32649 33029 33342 
33035 32887 33316 32994 
33120 33085 33502 32526 
33250 33350 33699 32107 
33266 33499 33730 31689 
33220 33569 33649 31418 
33115 33557 33470 31320 
32966 33462 33203 31432 
32729 33225 32817 31683 
32496 32933 32397 32123 
32326 32613 32049 32658 
32176 32272 31747 33177 
32107 31981 31592 33662 
32104 31732 31550 33966 
32205 31642 31691 34113 
32383 31684 31965 34069 
32597 31850 32312 33816 
32822 32114 32696 33445 
32974 32413 33004 32985 
33033 32710 33241 32507 
33033 33355 33494 31898 
32915 33539 33463 31772 
32809 33662 33387 31821 
32672 33645 33232 31927 
32594 33547 33069 32134 
32624 33424 32960 32396 
32678 33210 32840 32588 
32767 32973 32747 32725 
32884 32744 32691 32795 
32969 32490 32623 32804 
33019 32252 32545 32796 
32993 32046 32437 32752 
32913 31918 32324 32766 
32761 31851 32194 32819 
32598 31870 32100 32931 
32420 31987 32069 33094 
32281 32153 32089 33258 
32212 32391 32227 33398 
32223 32664 32445 33483 
32289 32924 32702 33423 
32440 33188 32998 33280 
32602 33366 33245 32993 
32791 33500 33447 32637 
32998 33583 33572 32274 
33165 33566 33594 31930 
33253 33446 33486 31634 
33282 33260 33289 31504 
33255 33035 33050 31527 
33157 32787 32791 31690 
32993 32509 32509 31973 
32803 32265 32284 32335 
32615 32091 32130 32792 
32382 31921 31971 33182 
32225 31850 31910 33563 
32101 31849 31917 33860 
32061 31931 32007 34021 
32109 32095 32175 34034 
32228 32301 32411 33892 
32428 32588 32710 33638 
32650 32866 33009 33263 
32846 33110 33249 32757 
33076 33376 33493 32287 
33281 33614 33670 31839 
33390 33741 33715 31478 
33376 33715 33595 31219 
33273 33631 33395 31159 
33142 33445 33133 31308 
32929 33170 32805 31599 
32717 32830 32474 32056 
32521 32473 32178 32555 
32370 32151 31959 33102 
32277 31866 31822 33587 
32256 31669 31801 33955 
32293 31613 31898 34178 
32411 31711 32109 34239 
32544 31895 32378 34095 
32680 32182 32671 33826 
32794 32518 32958 33463 
32849 32851 33157 33124 
32842 33155 33271 32807 
32768 33392 33306 32441 
32662 33557 33267 31937 
32462 33625 33126 31170 
32268 33745 32920 30258 
32394 33879 32733 29490 
33457 33313 32590 29260 
36023 30875 32498 29874 
39633 26169 32500 31370 
41959 21213 32578 33496 
39496 19927 32698 35718 
29974 26328 32845 37509 
15069 41031 32956 38423 
877 60479 33021 38273 
0 65438 32990 37125 
0 65535 32879 35267 
21992 65535 32701 32941 
43359 64348 32503 30451 
63763 36522 32291 28057 
65535 11287 32149 26105 
65535 135 32085 25012 
65535 0 32105 25016 
64223 15 32254 26326 
41455 16414 32484 28848 
23641 30867 32767 32371 
10022 42359 33042 36256 
603 51639 33232 39844 
117 61016 33407 42449 
45 65293 33485 43568 
0 65480 33459 42891 
13522 65535 33302 40375 
32926 65535 33100 36358 
54187 59002 32835 31470 
65189 33849 32519 26559 
65500 9131 32261 22636 
65535 163 32039 20312 
65535 0 31894 20003 
65535 0 31893 21871 
64871 0 32002 25668 
42177 17973 32217 30825 
21120 41747 32527 36207 
1119 64210 32866 40975 
0 65458 33158 44369 
0 65535 33433 45880 
8986 65535 33593 45223 
26322 65535 33630 42475 
47830 60968 33517 38024 
64779 36816 33283 32932 
65499 12103 32949 27886 
65535 318 32621 23793 
65535 11 32301 21225 
65535 0 32064 20596 
52792 0 31939 22014 
32789 102 31928 25033 
11650 21992 32044 29127 
273 44670 32275 33604 
0 64566 32539 37701 
0 65470 32824 40832 
0 65535 33052 42404 
12050 65535 33238 42359 
28331 65535 33322 40780 
45164 56502 33361 38068 
59165 32620 33261 34627 
65333 7446 33096 31169 
65519 197 32853 28220 
54177 31 32601 26313 
38214 0 32344 25586 
19844 0 32151 26062 
2352 6019 32042 27570 
113 21128 32115 29896 
35 39165 32244 32399 
25 55954 32482 34682 
6432 65235 32758 36357 
19685 65504 33076 37250 
35134 65535 33295 37212 
50577 65535 33516 36419 
62580 49434 33551 34969 
65425 29263 33475 33305 
65499 9463 33274 31697 
65499 271 32941 30425 
54863 57 32622 29764 
40938 38 32291 29732 
26531 99 32005 30279 
14324 12748 31847 31272 
6081 26191 31852 32512 
3024 40131 32012 33714 
5162 52110 32240 34598 
11792 60141 32547 35060 
21022 62508 32862 35064 
31033 59162 33096 34582 
39908 50991 33242 33784 
46183 39721 33245 32789 
49034 27394 33171 31849 
48192 16774 33027 31152 
44303 9794 32848 30800 
38704 7411 32688 30812 
32787 9480 32612 31180 
27842 15143 32604 31800 
24854 23231 32680 32510 
24231 32445 32795 33167 
26043 41129 32904 33672 
29757 47901 32967 33878 
34566 51767 33036 33870 
38989 52228 33004 33611 
41925 49663 32869 33220 
42527 44720 32641 32744 
40820 38371 32459 32393 
37253 31241 32234 32147 
32913 24520 32064 32101 
28704 19507 31972 32234 
24910 17272 32032 32515 
21557 18444 32171 32821 
19089 22767 32439 33141 
18431 28719 32741 33329 
20956 34278 33079 33388 
27082 37440 33345 33222 
35534 37836 33529 32914 
43855 36483 33593 32499 
49166 35145 33548 32086 
49594 35105 33360 31726 
45417 36502 33084 31506 
39073 38088 32780 31510 
33692 38267 32486 31731 
30820 36318 32206 32080 
30093 32871 32030 32601 
29703 29401 31938 33156 
27998 27268 31912 33699 
25017 27190 32013 34143 
22420 28561 32185 34375 
22137 30305 32373 34317 
25239 31755 32654 34088 
30729 32668 32922 33635 
36453 33359 33142 33006 
40057 34221 33317 32295 
40596 35261 33485 31717 
38809 36070 33493 31204 
36306 36260 33400 30882 
34492 35579 33266 30825 
33784 33884 33024 30995 
33810 31468 32765 31428 
33700 28849 32522 32022 
32956 26649 32309 32683 
31578 25614 32149 33333 
29951 26355 32036 33884 
28530 29376 32045 34277 
27626 34194 32119 34414 
27389 39602 32267 34346 
27878 44297 32463 34069 
29220 46708 32671 33632 
31551 45866 32841 33053 
34819 41634 33005 32496 
38372 34777 33125 31965 
41343 26995 33211 31583 
43081 19623 33236 31387 
43132 13965 33187 31356 
41472 10952 33069 31498 
38228 11353 32905 31814 
33718 15599 32699 32202 
28122 23687 32505 32646 
21895 34919 32353 33100 
15971 47655 32213 33431 
12024 59715 32202 33716 
12039 65360 32293 33832 
16886 65497 32454 33751 
25800 65519 32657 33525 
36599 55647 32879 33178 
46720 40073 33069 32758 
54246 22536 33228 32340 
57610 6546 33283 31988 
57467 233 33257 31775 
54779 84 33097 31669 
50178 54 32905 31769 
43337 39 32672 31981 
33533 12499 32454 32326 
21198 28956 32258 32701 
8580 47632 32175 33085 
359 64363 32139 33382 
46 65446 32212 33589 
17 65533 32374 33675 
10723 65535 32640 33649 
25259 65535 32861 33450 
40265 52800 33078 33155 
52496 32901 33238 32805 
60115 13090 33298 32440 
62651 454 33274 32126 
60623 69 33097 31898 
55050 44 32855 31801 
46776 108 32571 31864 
36813 12958 32335 32073 
26275 27403 32213 32439 
17065 42984 32145 32781 
11071 56363 32200 33073 
9229 64849 32417 33340 
11484 65479 32685 33455 
17081 65400 32989 33448 
24376 52887 33210 33217 
31646 39633 33405 32948 
38014 25826 33450 32596 
42826 13632 33380 32301 
45776 4295 33208 32081 
46534 193 32879 31931 
45163 76 32557 31981 
41989 147 32255 32176 
37792 12026 32017 32461 
33572 25455 31902 32859 
30135 40574 31898 33213 
28121 53694 32030 33490 
27690 61729 32279 33659 
28631 63363 32603 33669 
30499 59214 32913 33494 
32610 51297 33166 33150 
33938 42128 33377 32733 
33365 34370 33470 32301 
30550 29348 33488 31951 
26167 26846 33369 31680 
21947 26027 33148 31564 
19999 25866 32925 31639 
21802 25558 32694 31899 
27314 24738 32459 32250 
34880 23545 32237 32632 
42407 22382 32116 33073 
47977 21545 32056 33465 
50757 21197 32073 33745 
50725 21438 32160 33909 
48549 22344 32325 33888 
44606 24279 32535 33720 
38931 27940 32772 33434 
31430 33852 32963 33016 
22572 42181 33166 32558 
13858 51998 33347 32151 
7788 60662 33437 31779 
5959 65292 33420 31504 
9319 65487 33327 31392 
17423 59790 33134 31392 
28884 46972 32909 31592 
41253 30383 32639 31916 
51773 13598 32437 32378 
58603 745 32245 32842 
60462 81 32109 33318 
57209 46 32088 33749 
49613 2887 32160 34049 
39720 13610 32306 34187 
29377 25981 32498 34158 
20385 38359 32635 33894 
13964 49010 32762 33511 
10633 56734 32801 33000 
10721 60502 32808 32496 
13987 60125 32810 32042 
19980 55465 32776 31670 
28227 46856 32772 31452 
37541 35472 32817 31425 
46213 23264 32887 31534 
52723 12297 33026 31826 
55591 4700 33177 32173 
53961 2241 33288 32518 
48022 5880 33361 32861 
39056 15220 33306 33094 
29198 28283 33183 33276 
20288 42408 32948 33343 
13984 54742 32626 33338 
11401 62654 32308 33295 
12928 64164 32016 33218 
18071 59271 31771 33124 
25698 49196 31672 33053 
34409 35890 31693 32952 
42740 21955 31878 32892 
49361 9830 32166 32808 
52922 2227 32540 32717 
52896 207 32953 32598 
49268 4585 33278 32417 
42617 14585 33569 32253 
34145 28453 33737 32106 
25432 43092 33773 32009 
17788 56076 33695 31976 
12476 64668 33495 32024 
10480 65457 33224 32147 
12204 65493 32865 32353 
17520 57449 32516 32618 
25297 45085 32192 32909 
34441 30539 31936 33196 
43541 15716 31757 33441 
51627 2585 31729 33655 
57144 126 31790 33734 
58957 51 31969 33713 
56376 36 32223 33548 
49334 11210 32546 33324 
38883 25832 32888 32986 
26565 42400 33174 32532 
15173 57552 33484 32159 
7165 65284 33671 31798 
3801 65480 33743 31549 
5450 65502 33682 31424 
11489 65506 33499 31469 
20465 54909 33223 31670 
30947 38827 32848 31990 
41370 21783 32488 32404 
50239 6682 32203 32910 
56679 229 31961 33341 
59855 71 31813 33678 
59052 51 31799 33909 
54085 5338 31902 33922 
45596 16117 32106 33829 
34887 30530 32369 33589 
23723 45479 32632 33270 
14028 58243 32831 32875 
7393 65249 33025 32538 
5194 65488 33139 32254 
7837 65439 33172 32044 
14921 52865 33214 31990 
25000 39035 33168 31976 
35887 25063 33100 32017 
45393 13650 33087 32181 
51420 6692 33077 32331 
52894 4789 33055 32463 
50723 6747 32991 32554 
46380 11567 32896 32604 
41354 18419 32776 32634 
36317 26939 32588 32637 
31379 36605 32433 32713 
26097 45950 32230 32792 
20828 53672 32087 32918 
16987 57845 32004 33118 
16506 57109 32005 33315 
20671 51366 32140 33543 
28442 42164 32290 33630 
37247 32103 32551 33644 
43864 23771 32848 33531 
45834 19088 33060 33218 
42944 18803 33287 32857 
37285 22020 33441 32438 
31577 26825 33506 32011 
28018 31304 33478 31639 
27130 33924 33353 31402 
27979 34081 33162 31303 
29185 32321 32937 31409 
30100 29805 32674 31670 
31038 27888 32433 32104 
32708 27497 32208 32575 
35323 29037 32038 33117 
38045 31996 31924 33604 
39503 35322 31921 33988 
38886 37960 31974 34177 
36494 39125 32150 34218 
33557 38659 32386 34054 
31384 37086 32697 33751 
30590 35421 32998 33265 
30546 34756 33286 32728 
30104 35508 33560 32216 
28398 37281 33716 31736 
25704 38848 33716 31332 
23624 38697 33600 31151 
23883 35829 33371 31157 
27159 30454 33007 31300 
32817 24237 32639 31686 
38885 19374 32276 32188 
43449 17780 31999 32748 
44961 19962 31788 33262 
43416 24791 31725 33731 
39842 30126 31820 34058 
35564 34399 32076 34235 
31596 37023 32327 34157 
28609 38632 32625 33907 
26924 39963 32858 33485 
26581 41466 33062 33036 
27158 42649 33135 32563 
28361 42698 33185 32164 
29602 40834 33105 31833 
30808 37082 33059 31685 
31865 32333 32966 31679 
33121 27818 32949 31825 
34725 24509 32940 32011 
36488 22864 32980 32270 
37766 22727 33038 32517 
37765 23795 33073 32721 
36050 25790 33005 32802 
33060 28917 32912 32872 
29700 33214 32749 32876 
27121 38357 32528 32888 
26213 43153 32281 32893 
27178 46097 32024 32898 
29647 45882 31866 32966 
32973 42002 31801 33048 
36515 35048 31877 33154 
39679 26549 32049 33227 
41975 18824 32390 33300 
42526 14360 32777 33283 
40787 14920 33166 33201 
36608 20364 33442 32984 
30684 29508 33660 32718 
24280 40223 33768 32427 
18845 49992 33705 32088 
16032 56319 33498 31764 
16719 57705 33250 31581 
20788 53723 32903 31487 
27810 45015 32582 31575 
36583 33036 32331 31838 
45643 19549 32088 32189 
52748 7675 31924 32625 
55915 534 31860 33129 
54273 71 31858 33580 
48300 142 31968 33994 
39391 12317 32155 34238 
29235 26031 32411 34300 
19924 41498 32680 34149 
12812 56638 32964 33800 
8437 65230 33232 33291 
7403 65467 33450 32703 
10565 65524 33599 32057 
18375 65535 33613 31447 
29716 65535 33561 31047 
42608 46780 33387 30833 
54082 24507 33123 30852 
61334 3986 32832 31169 
62252 104 32501 31679 
57335 23 32217 32338 
48367 32 31996 33025 
37192 11302 31846 33660 
25478 25482 31879 34222 
14533 41633 32040 34589 
6386 56488 32261 34632 
2718 65208 32519 34437 
4962 65512 32764 34006 
13232 65535 32942 33394 
26129 57703 33058 32735 
40216 38622 33093 32120 
52024 16966 33068 31652 
59328 676 32984 31382 
61064 73 32888 31303 
57704 35 32807 31421 
50215 36 32788 31714 
40254 8861 32819 32095 
28787 22509 32881 32443 
17332 39015 32962 32747 
8084 56116 33047 32987 
3352 65254 33095 33115 
5052 65509 33044 33138 
12932 65535 32923 33095 
24979 65535 32732 33041 
38347 59479 32489 33001 
50138 38045 32225 32978 
58350 16902 32011 33016 
61279 996 31899 33118 
58793 85 31867 33178 
51649 54 31985 33215 
41018 62 32184 33177 
28777 9890 32525 33098 
17067 22234 32896 32911 
7940 37004 33224 32603 
3620 51422 33531 32274 
4770 62755 33717 31953 
11161 65439 33763 31714 
21611 65528 33684 31605 
34439 58101 33505 31655 
47253 42368 33152 31786 
57590 24615 32790 32077 
63292 8947 32425 32488 
62677 345 32051 32887 
55898 45 31751 33286 
44002 174 31618 33675 
30012 13572 31583 33892 
17618 26578 31725 33972 
9310 39028 31975 33883 
6621 48574 32332 33688 
9269 53686 32747 33403 
15894 54314 33172 33008 
24371 51485 33526 32567 
32688 46983 33831 32200 
39746 42055 33963 31869 
45017 37243 33926 31621 
48299 32493 33698 31465 
49561 27523 33369 31475 
48458 22766 32963 31619 
44883 18891 32499 31869 
39187 17105 32108 32210 
31919 18193 31797 32577 
24512 22345 31655 33018 
18594 28413 31617 33379 
16029 34671 31789 33713 
17874 38674 32026 33907 
23760 39315 32333 33954 
31960 36811 32624 33828 
39960 32849 32879 33591 
45261 29767 33044 33230 
46034 29746 33150 32876 
42324 33203 33186 32518 
35686 38998 33175 32207 
28345 44854 33127 31978 
22749 48425 33074 31847 
20493 48237 33047 31841 
22014 44057 33020 31893 
26090 37363 33013 32044 
31076 29766 32978 32190 
35692 22923 32958 32362 
39083 17839 32919 32540 
41184 14870 32803 32680 
42322 14264 32646 32766 
42821 15879 32451 32859 
42559 19494 32261 32942 
40992 24746 32073 33034 
37635 31068 31923 33111 
32524 37760 31881 33220 
26510 43945 31957 33364 
21358 48622 32138 33448 
18112 51599 32381 33467 
17509 52618 32735 33427 
19352 51308 33057 33261 
23145 47283 33314 32947 
28143 40884 33577 32620 
33699 32643 33703 32266 
39392 23940 33736 31937 
44322 16542 33607 31621 
47443 12276 33373 31438 
47627 12256 33057 31379 
44774 16036 32734 31530 
39870 22009 32444 31841 
34529 28023 32142 32216 
30619 32562 31921 32705 
28967 35094 31783 33231 
29006 36182 31714 33692 
29146 37330 31771 34048 
27968 39821 31943 34259 
25196 43754 32175 34275 
21952 48078 32476 34074 
20617 50446 32850 33708 
22459 48995 33160 33195 
27314 43342 33451 32630 
33548 34764 33688 32050 
38912 25847 33795 31540 
41932 19174 33777 31173 
42352 16436 33590 30993 
41443 17330 33315 31041 
40579 19958 32973 31292 
40375 22566 32604 31739 
40312 24423 32273 32292 
39103 26220 32001 32913 
35563 29403 31786 33461 
29855 35053 31725 33917 
23232 42548 31753 34169 
17919 49832 31969 34290 
