32699 33048 33169 32198 
32699 33048 33169 32198 
32776 33002 33138 31855 
32811 32878 33024 31600 
32863 32757 32881 31547 
32908 32647 32746 31664 
32936 32576 32629 31956 
32918 32488 32524 32304 
32856 32438 32450 32699 
32776 32412 32408 33094 
32650 32370 32387 33431 
32554 32402 32421 33700 
32475 32461 32506 33835 
32442 32558 32605 33801 
32467 32714 32733 33663 
32535 32875 32844 33379 
32612 33024 32927 32985 
32763 33200 33036 32575 
32925 33354 33136 32172 
33061 33414 33189 31801 
33153 33378 33194 31547 
33176 33263 33124 31436 
33129 33061 32997 31480 
32991 32794 32819 31693 
32825 32500 32615 32047 
32645 32252 32445 32508 
32440 32017 32260 32959 
32289 31883 32140 33395 
32194 31833 32091 33736 
32179 31894 32107 33924 
32289 32106 32259 33983 
32435 32365 32450 33856 
32609 32647 32652 33597 
32779 32923 32866 33284 
32879 33113 32993 32880 
32926 33233 33059 32482 
32988 33353 33129 32220 
32981 33359 33134 31993 
32953 33315 33113 31895 
32903 33229 33053 31863 
32833 33092 32964 31899 
32775 32970 32903 31990 
32756 32853 32877 32134 
32746 32731 32838 32291 
32751 32616 32817 32446 
32752 32502 32754 32595 
32750 32401 32679 32751 
32742 32332 32586 32911 
32707 32277 32477 33087 
32681 32267 32376 33262 
32637 32269 32301 33410 
32612 32340 32274 33537 
32549 32405 32259 33574 
32549 32530 32346 33556 
32525 32661 32454 33413 
32571 32843 32639 33206 
32615 32991 32820 32893 
32696 33134 33000 32541 
32780 33251 33170 32199 
32882 33293 33291 31923 
32958 33284 33347 31748 
32942 33140 33272 31655 
32879 32899 33089 31667 
32801 32676 32875 31885 
32715 32456 32642 32178 
32639 32297 32432 32548 
32582 32226 32286 32939 
32550 32216 32210 33267 
32560 32291 32226 33490 
32642 32466 32370 33616 
32721 32664 32578 33595 
32833 32854 32827 33454 
32877 32977 32996 33165 
32909 33041 33135 32843 
32919 33075 33208 32557 
32883 33017 33175 32302 
32806 32901 33043 32143 
32701 32774 32843 32111 
32564 32609 32584 32159 
32474 32524 32379 32336 
32420 32470 32206 32542 
32425 32488 32139 32756 
32470 32533 32146 32906 
32611 32683 32304 33068 
32766 32805 32522 33099 
32923 32907 32770 33045 
33019 32949 33003 32914 
33063 32907 33176 32730 
33082 32853 33335 32588 
33014 32737 33390 32444 
32883 32595 33327 32336 
32760 32509 33205 32344 
32616 32438 32990 32361 
32520 32445 32766 32470 
32487 32554 32537 32635 
32498 32715 32358 32839 
32509 32864 32193 33015 
32498 32939 32054 33129 
32508 32992 32016 33222 
32536 33018 32077 33289 
32574 32963 32236 33265 
32584 32812 32413 33154 
32665 32684 32687 33014 
32739 32530 32958 32805 
32811 32381 33187 32529 
32897 32305 33374 32261 
33016 32349 33509 32029 
33078 32445 33506 31844 
33083 32600 33398 31713 
33088 32832 33240 31751 
33027 33044 33009 31881 
32934 33216 32729 32134 
32837 33356 32505 32539 
32689 33327 32283 32952 
32530 33182 32117 33376 
32379 32939 32023 33740 
32286 32661 32032 34013 
32264 32393 32120 34109 
32299 32165 32261 33993 
32409 32063 32472 33729 
32539 32068 32680 33289 
32724 32203 32907 32787 
32869 32401 33088 32217 
32964 32638 33202 31705 
32997 32874 33251 31348 
32953 33020 33189 31192 
32852 33084 33033 31262 
32768 33080 32888 31596 
32650 32960 32679 32048 
32590 32816 32539 32617 
32576 32682 32469 33197 
32590 32551 32446 33691 
32673 32535 32541 34019 
32762 32579 32679 34089 
32870 32700 32848 33934 
32948 32868 32996 33545 
32981 33049 33063 33038 
33021 33263 33113 32535 
32971 33353 33014 32031 
32875 33328 32840 31676 
32740 33145 32611 31516 
32449 32459 32181 31880 
32340 32051 32076 32294 
32296 31704 32099 32777 
32282 31496 32203 33194 
32357 31495 32425 33551 
32522 31738 32730 33768 
32665 32108 32979 33740 
32842 32638 33233 33555 
33021 33235 33425 33228 
33126 33741 33466 32779 
33184 34129 33405 32335 
33201 34299 33272 31965 
33075 34143 32967 31650 
32977 33837 32705 31621 
32787 33290 32409 31774 
32584 32645 32156 32055 
32411 32030 32008 32504 
32249 31490 31958 32977 
32142 31154 32004 33420 
32154 31097 32196 33778 
32228 31284 32437 33925 
32430 31758 32779 33875 
32678 32351 33103 33613 
32928 32975 33332 33160 
33129 33522 33463 32577 
33315 33985 33530 32033 
33387 34175 33457 31562 
33336 34123 33277 31301 
33177 33811 33001 31243 
32947 33344 32708 31462 
32676 32819 32407 31903 
32454 32302 32180 32454 
32277 31908 32041 33096 
32173 31660 31980 33655 
32189 31673 32042 34083 
32309 31878 32222 34305 
32473 32199 32458 34266 
32664 32570 32687 33974 
32869 32977 32947 33492 
32946 33221 33079 32821 
33049 33422 33227 32192 
33066 33442 33291 31641 
32988 33276 33267 31246 
32831 32981 33147 31068 
32675 32643 32973 31146 
32546 32329 32777 31516 
32435 32052 32556 32055 
32411 31947 32375 32694 
32434 31966 32228 33314 
32501 32120 32131 33830 
32658 32442 32183 34206 
32801 32819 32297 34321 
32917 33174 32487 34184 
33006 33486 32707 33813 
33049 33700 32982 33285 
33027 33743 33181 32649 
32991 33667 33373 32049 
32887 33417 33452 31505 
32753 33068 33422 31172 
32656 32691 33304 31091 
32574 32290 33094 31235 
32512 31949 32810 31610 
32475 31691 32491 32140 
32511 31622 32218 32748 
32565 31697 31997 33348 
32646 31916 31888 33813 
32750 32251 31923 34136 
32823 32603 32051 34206 
32869 32970 32282 34093 
32832 33265 32546 33745 
32776 33471 32815 33305 
32674 33530 33028 32825 
32532 33432 33136 32333 
32459 33281 33217 31976 
32411 33046 33196 31760 
32431 32782 33138 31692 
32494 32542 33037 31763 
32673 32407 32988 31969 
32793 32299 32878 32165 
32953 32306 32837 32396 
33088 32393 32823 32596 
33198 32554 32838 32759 
33222 32722 32835 32838 
33180 32849 32799 32848 
33053 32916 32707 32839 
32910 32958 32597 32916 
32726 32914 32444 33084 
32517 32777 32274 33364 
32385 32679 32177 33740 
32239 32516 32086 33916 
32134 32408 32107 33712 
32011 32421 32193 32994 
32038 32740 32375 31943 
32568 33021 32641 30873 
34213 32311 32895 30231 
37278 29565 33174 30347 
40753 24914 33380 31230 
41795 20928 33513 32748 
36720 22292 33558 34389 
24766 31971 33514 35680 
9036 48802 33340 36306 
220 64774 33127 36233 
0 65535 32866 35479 
8346 65535 32516 34147 
29528 65535 32269 32530 
51257 49570 32053 30704 
65222 25864 31854 28914 
65535 1725 31798 27500 
65535 0 31841 26766 
65535 0 31966 26974 
53076 7376 32186 28333 
34785 22375 32532 30762 
18915 35720 32870 33875 
6650 46168 33171 37104 
288 55455 33477 39988 
92 64720 33729 41891 
22 65389 33812 42290 
303 65528 33803 40963 
19539 65535 33606 37946 
39597 65535 33338 33811 
60551 49692 32968 29169 
65345 26326 32543 24798 
65533 2041 32198 21620 
65535 41 31891 20140 
65535 0 31683 20849 
65535 0 31631 23621 
57146 142 31782 28032 
36937 24886 31998 33281 
15840 49261 32292 38576 
400 65051 32596 43002 
0 65523 32896 45881 
0 65535 33102 46593 
12658 65535 33231 45079 
32652 65535 33309 41651 
53441 52304 33308 36866 
65211 29114 33269 31464 
65535 4285 33164 26312 
65535 139 33104 22250 
65535 0 33032 19939 
65535 0 32937 19660 
48124 0 32887 21364 
27955 8080 32748 24619 
6800 28659 32723 29025 
130 52496 32605 33726 
0 65175 32478 37991 
0 65521 32338 41114 
13 65535 32187 42798 
15517 65535 32125 42969 
32291 65535 32067 41616 
49179 49569 32161 39143 
62048 25308 32300 35870 
65457 1581 32524 32592 
65486 112 32767 29702 
51920 16 32994 27523 
34750 0 33159 26339 
15514 0 33338 26222 
623 10575 33428 27030 
73 27258 33444 28560 
29 45251 33377 30351 
24 61128 33262 32171 
8760 65399 33062 33671 
22698 65522 32893 34818 
38657 65535 32680 35398 
53148 65264 32507 35505 
63815 44133 32310 35175 
65450 23219 32142 34639 
65502 3661 32031 34027 
65231 134 31983 33487 
50144 43 31983 33109 
36002 35 32065 32906 
22181 5985 32253 32877 
10966 16225 32510 32917 
4294 30194 32842 32969 
2978 44211 33158 32854 
7001 55505 33479 32605 
14951 61872 33726 32232 
24982 62360 33810 31702 
35164 57234 33783 31247 
43640 47704 33629 30877 
49059 35350 33273 30666 
50622 23254 32885 30756 
48587 13507 32480 31179 
43714 7712 32105 31872 
37286 6551 31842 32709 
30684 9868 31690 33628 
25450 16678 31686 34428 
22595 25455 31839 34993 
22418 34878 32107 35279 
24748 43428 32376 35178 
29101 49835 32687 34760 
34380 53161 32948 34091 
39249 53077 33128 33222 
42356 49984 33246 32380 
43030 44608 33297 31650 
41323 37818 33288 31129 
37911 30472 33215 30825 
33763 23653 33180 30838 
29455 18671 33081 31014 
25438 16871 33014 31396 
21749 18591 32937 31837 
19108 23271 32902 32333 
18647 29084 32815 32765 
21692 34058 32716 33114 
28320 36520 32590 33361 
36793 36495 32466 33529 
44427 35297 32309 33584 
48515 34629 32162 33556 
47780 35465 32078 33521 
43008 37419 32026 33413 
37142 39011 32076 33348 
32747 38781 32187 33236 
30887 36380 32367 33111 
30642 32766 32619 32977 
30045 29459 32885 32772 
27891 27866 33161 32556 
24808 28201 33428 32349 
22622 29636 33606 32125 
23239 31192 33660 31919 
27126 32253 33636 31786 
32957 32806 33499 31751 
38148 33249 33255 31789 
40682 33870 32945 31918 
40277 34621 32633 32141 
37963 35162 32363 32454 
35313 35035 32082 32757 
33601 34058 31894 33078 
33084 32271 31774 33360 
33113 30018 31793 33616 
32808 27693 31829 33736 
31925 26100 32006 33816 
30514 25872 32234 33776 
29063 27686 32495 33589 
28170 31587 32860 33444 
27772 36905 33138 33135 
28007 42475 33407 32777 
28902 46742 33625 32400 
30609 48303 33763 32025 
33207 46271 33786 31683 
36410 40864 33675 31425 
39667 33143 33483 31303 
42201 24578 33187 31308 
43329 16821 32835 31463 
42763 11117 32486 31810 
40517 8633 32161 32267 
36887 10000 31891 32782 
32063 15568 31712 33307 
26300 25111 31668 33777 
20101 37700 31741 34123 
14415 51825 31942 34297 
11418 63691 32216 34271 
12713 65443 32507 34012 
18800 65511 32791 33617 
28443 65521 33017 33112 
39245 55582 33114 32538 
48841 38878 33248 32106 
55200 20717 33248 31701 
57663 4482 33211 31502 
56935 180 33162 31474 
53966 72 33107 31570 
49033 44 33068 31795 
41608 151 33040 32067 
31240 15209 33007 32349 
18897 32337 32998 32629 
6549 51148 32916 32820 
230 64955 32811 32964 
33 65479 32656 33056 
36 65535 32467 33151 
13816 65535 32254 33190 
28830 65535 32032 33225 
43216 47133 31868 33278 
54270 25783 31801 33309 
60532 6429 31847 33326 
61924 179 32023 33321 
59011 49 32270 33198 
52985 39 32618 33038 
44516 5374 32969 32768 
34612 17502 33330 32504 
24629 32556 33647 32218 
16122 48194 33856 31975 
10890 61107 33892 31744 
10072 65390 33802 31648 
13141 65505 33590 31677 
18953 65243 33243 31779 
25984 50409 32852 32008 
32921 35565 32395 32280 
38739 21135 32035 32708 
43013 8868 31719 33101 
45471 587 31504 33463 
45878 100 31463 33783 
44176 63 31558 33970 
40796 4928 31792 34016 
36707 16021 32173 33938 
32825 30454 32640 33730 
29869 45257 33057 33340 
28300 57227 33453 32856 
28166 63669 33814 32354 
29245 63278 34001 31880 
31094 57432 34003 31460 
32903 48367 33816 31179 
33682 38977 33511 31098 
32446 31085 33064 31211 
29113 26303 32603 31533 
24610 24192 32176 32024 
21157 23833 31844 32562 
20561 24141 31668 33118 
23703 24406 31621 33602 
30066 24414 31768 34010 
37826 24219 32025 34213 
44939 24024 32337 34241 
49408 23947 32646 34077 
50899 24050 32944 33798 
49743 24209 33109 33354 
46670 24748 33216 32932 
41852 26244 33192 32459 
35433 29650 33164 32102 
27603 35428 33066 31799 
19132 43420 32974 31614 
11584 52388 32891 31535 
6988 60260 32885 31570 
7075 64511 32885 31682 
12315 62978 32889 31860 
21845 55302 32910 32087 
33602 42220 32904 32373 
45338 26211 32793 32616 
54948 10210 32683 32955 
60074 397 32503 33252 
59998 67 32316 33495 
54995 48 32158 33717 
46407 5725 32067 33868 
35832 16682 32063 33870 
25259 29685 32099 33714 
17041 41845 32263 33489 
11810 51922 32502 33189 
9900 58812 32804 32818 
11331 61810 33103 32399 
15895 60497 33383 32017 
23047 54812 33563 31687 
31812 45501 33630 31510 
40981 33631 33568 31447 
49056 21053 33343 31501 
54449 10159 33080 31748 
55766 2935 32701 32077 
52388 1470 32309 32479 
45269 6185 31977 32921 
35753 16289 31720 33326 
25854 29760 31647 33659 
17301 44424 31751 33891 
12192 56310 32019 33948 
11187 63009 32393 33844 
14228 63263 32855 33612 
20502 57402 33263 33230 
29023 46471 33582 32761 
37939 33235 33807 32362 
45796 19909 33846 31977 
51328 9061 33672 31678 
53556 2740 33356 31537 
52037 2223 32965 31572 
47102 7675 32516 31730 
39681 18200 32125 32005 
30991 31761 31837 32370 
22468 45751 31686 32737 
15366 57698 31693 33112 
11148 64694 31868 33409 
10475 65460 32181 33658 
13441 59226 32522 33731 
19634 52868 32904 33705 
28204 40118 33203 33488 
37542 25907 33412 33187 
46512 11925 33491 32836 
53814 837 33427 32472 
58244 99 33221 32127 
58704 46 32943 31889 
54511 2013 32632 31796 
46134 15070 32373 31872 
34869 30494 32215 32073 
22748 46744 32154 32363 
12293 60907 32223 32693 
5489 65378 32390 32994 
3777 65488 32649 33240 
7066 65504 32945 33373 
14307 65505 33162 33338 
24138 52808 33296 33174 
34781 36149 33332 32929 
44535 19362 33217 32624 
52523 4593 32969 32315 
57872 170 32680 32083 
59697 64 32383 31983 
57465 48 32141 32038 
50966 6762 31979 32206 
41662 18929 31977 32513 
30690 33651 32075 32850 
20030 48238 32278 33177 
11511 59946 32586 33464 
6475 65346 32887 33609 
6102 65492 33143 33592 
10389 59775 33369 33443 
18637 48639 33468 33127 
29143 34901 33466 32755 
39794 21546 33344 32336 
47899 11638 33145 31976 
52055 6139 32853 31704 
51988 5063 32498 31593 
48770 7621 32213 31701 
43872 12979 31977 31959 
38826 20296 31829 32299 
34168 29207 31855 32755 
29549 39083 32018 33199 
24565 48612 32256 33555 
19783 56100 32623 33811 
16997 59308 33013 33855 
17915 57325 33342 33684 
23168 50524 33601 33375 
31485 40689 33713 32940 
40013 30225 33645 32415 
45343 22153 33477 31979 
45538 18161 33110 31612 
41324 18374 32697 31435 
35136 21717 32324 31496 
29680 26357 31995 31775 
26861 30321 31741 32143 
26820 32285 31713 32654 
28147 32221 31881 33176 
29478 30720 32101 33598 
30570 29065 32452 33908 
31831 28321 32794 33961 
33912 29211 33123 33851 
36670 31707 33374 33556 
39058 35076 33502 33130 
39812 38248 33507 32621 
38379 40242 33396 32129 
35434 40389 33178 31719 
32396 38885 32882 31482 
30470 36516 32541 31410 
29952 34515 32304 31617 
29875 33682 32049 31948 
29112 34423 31951 32434 
27134 36030 31957 32957 
24603 37148 32044 33417 
23268 36484 32281 33816 
24684 33142 32611 34025 
29057 27808 32907 33955 
35292 22339 33206 33702 
41218 18882 33411 33256 
44941 18954 33548 32721 
45494 22546 33569 32168 
43074 27924 33430 31679 
38916 33129 33197 31373 
34354 36794 32855 31244 
30413 38801 32520 31410 
27719 39804 32219 31784 
26463 40707 32008 32305 
26410 41668 31905 32886 
27221 42160 31890 33389 
28491 41387 32024 33833 
29779 38714 32252 34077 
30843 34514 32522 34104 
31874 29738 32784 33908 
33166 25594 33039 33527 
34891 22906 33204 33039 
36754 22032 33337 32531 
37917 22622 33397 32074 
37638 24298 33337 31683 
35706 26954 33206 31477 
32574 30718 33000 31445 
29266 35590 32746 31596 
27024 40974 32512 31945 
26540 45455 32312 32361 
27793 47603 32151 32794 
30367 46261 32064 33198 
33654 41187 32099 33541 
37136 33000 32220 33783 
40088 23972 32402 33804 
42024 16530 32696 33730 
42179 12830 32930 33453 
40086 14286 33161 33099 
35650 20702 33289 32661 
29454 30887 33369 32225 
23123 41957 33327 31859 
18169 51499 33181 31624 
15907 57322 32978 31559 
17084 58063 32742 31679 
21839 53225 32534 31969 
29388 43528 32340 32324 
38407 30878 32230 32739 
47161 17528 32183 33141 
53673 6143 32164 33418 
56235 291 32284 33678 
53860 61 32452 33752 
47219 6370 32632 33668 
37883 14454 32780 33413 
27885 28412 32937 33091 
18792 43788 33002 32696 
11811 58855 33061 32351 
7549 65297 33041 32089 
6898 65481 32946 31932 
10557 65532 32818 31924 
18812 65535 32712 32071 
30654 65483 32628 32317 
43708 43691 32569 32605 
55307 20707 32573 32875 
62030 1423 32604 33059 
62393 69 32717 33168 
57111 19 32831 33120 
47913 71 32926 32941 
36619 13525 32995 32722 
24645 28534 33014 32475 
13726 44742 32952 32267 
5746 59190 32848 32175 
2446 65340 32675 32202 
5310 65528 32522 32380 
14181 65535 32364 32644 
27377 55781 32269 32986 
41292 35919 32222 33292 
52873 14014 32280 33532 
59747 436 32409 33646 
60976 60 32558 33561 
57254 34 32756 33352 
49541 35 32950 32998 
39355 9998 33081 32542 
27732 24245 33257 32177 
16283 41191 33282 31789 
7225 58372 33269 31564 
2945 65320 33158 31516 
5319 65521 33005 31699 
13893 65535 32749 31984 
26274 65535 32502 32419 
39636 55326 32289 32930 
51306 35020 32123 33414 
58973 14266 32026 33795 
61547 521 32075 34032 
58535 70 32224 34051 
50997 52 32451 33853 
40196 83 32743 33488 
27850 11263 33017 32977 
16119 24262 33227 32405 
7227 39515 33451 31913 
3224 54235 33503 31477 
4912 64681 33418 31255 
11884 65482 33275 31271 
22699 65535 33025 31498 
35561 57250 32735 31900 
48497 41468 32475 32468 
58696 22712 32214 33008 
63755 6944 32067 33529 
62417 205 32028 33949 
54894 38 32072 34130 
42935 796 32191 34084 
29012 14113 32398 33860 
16697 27328 32624 33443 
8871 39801 32816 32912 
6837 48795 33002 32382 
9945 53377 33187 31966 
16552 53591 33277 31622 
24709 50650 33271 31474 
32780 46124 33171 31489 
39802 41150 33068 31766 
44972 36308 32867 32129 
48274 31532 32660 32569 
49560 26758 32491 33064 
48487 22206 32335 33450 
44887 18736 32288 33760 
38756 17499 32292 33850 
31437 19413 32417 33782 
24008 24211 32571 33514 
18403 30638 32773 33140 
16290 36599 32952 32679 
18635 40094 33093 32207 
25226 39816 33174 31823 
33548 36382 33159 31584 
41180 31838 33074 31536 
45730 28690 32935 31665 
45759 28791 32732 31939 
41455 32604 32547 32340 
34405 38674 32394 32811 
27102 44545 32275 33230 
22029 47881 32255 33619 
20379 47479 32294 33881 
22194 43453 32436 33957 
26308 36985 32582 33830 
31345 29656 32782 33568 
35830 23076 32952 33152 
39037 18289 33083 32681 
41063 15521 33147 32199 
42246 14826 33089 31758 
42866 16279 33024 31515 
42634 19700 32865 31451 
40930 24899 32658 31571 
37450 31193 32513 31943 
32323 37765 32429 32416 
26528 43782 32379 32928 
21432 48602 32405 33388 
18353 51892 32554 33787 
17927 53038 32703 33927 
20059 51725 32931 33887 
23876 47599 33059 33556 
28778 40870 33141 33095 
34299 32293 33185 32576 
39768 23294 33162 32082 
44460 15694 33004 31645 
47118 11576 32801 31444 
46772 11836 32553 31438 
43633 15916 32385 31742 
38602 21995 32235 32161 
33538 28017 32149 32665 
30093 32618 32199 33234 
29039 35197 32324 33722 
29471 36592 32510 33999 
29683 38221 32701 34077 
28360 41193 32906 33950 
25323 45396 32988 33569 
22194 49360 33014 33091 
21069 50866 32968 32571 
23213 48327 32897 32102 
28176 41688 32810 31761 
34072 32508 32713 31536 
38903 23683 32683 31564 
41433 17693 32744 31766 
41653 15889 32799 32057 
40911 17497 32907 32402 
40417 20592 32999 32734 
40575 23479 33055 32998 
40677 25560 33093 33219 
39279 27468 33002 33248 
35484 30861 32864 33224 
29432 36554 32676 33122 
22496 43927 32444 32977 
17221 50579 32209 32842 
