32251 32215 32281 32355 
32251 32215 32281 32355 
31892 31766 32027 32886 
31618 31386 31842 33396 
31501 31168 31739 33809 
31590 31162 31771 34108 
31847 31365 31899 34244 
32225 31777 32121 34170 
32658 32297 32417 33919 
33112 32915 32763 33536 
33458 33486 33076 33026 
33721 34034 33395 32497 
33813 34371 33623 31957 
33765 34551 33780 31582 
33539 34439 33781 31312 
33214 34125 33668 31243 
32854 33603 33439 31378 
32470 32953 33084 31616 
32166 32280 32697 31990 
32011 31713 32351 32457 
31925 31264 32006 32914 
31971 31042 31762 33316 
32145 31086 31680 33652 
32363 31344 31711 33814 
32635 31794 31892 33848 
32881 32339 32170 33721 
33073 32898 32502 33525 
33144 33330 32809 33195 
33143 33638 33097 32857 
33062 33778 33315 32528 
32925 33729 33430 32250 
32745 33534 33427 32072 
32551 33221 33294 31987 
32413 32888 33091 32015 
32322 32566 32855 32152 
32354 32352 32655 32363 
32466 32279 32534 32611 
32613 32272 32446 32795 
32790 32372 32446 32906 
32999 32567 32545 32951 
33172 32768 32687 32921 
33260 32949 32821 32814 
33253 33028 32910 32636 
33159 33046 32974 32503 
32970 32951 32934 32409 
32707 32743 32808 32363 
32447 32513 32663 32441 
32252 32323 32527 32610 
32115 32184 32379 32836 
32044 32096 32246 33026 
32154 32197 32243 33276 
32343 32379 32316 33433 
32609 32647 32463 33511 
32885 32944 32653 33466 
33075 33165 32822 33255 
33210 33352 33002 32971 
33261 33446 33135 32627 
33241 33473 33262 32295 
33092 33346 33283 31951 
32925 33179 33252 31725 
32691 32899 33114 31585 
32508 32623 32959 31645 
32380 32356 32776 31860 
32296 32099 32546 32171 
32322 31957 32380 32614 
32391 31911 32223 33076 
32484 31925 32107 33478 
32639 32084 32109 33831 
32825 32338 32208 34020 
32961 32627 32371 34004 
33064 32929 32602 33825 
33091 33165 32831 33433 
33048 33328 33061 32954 
32940 33416 33245 32424 
32816 33436 33366 31939 
32670 33358 33388 31559 
32552 33242 33314 31366 
32443 33068 33134 31333 
32401 32876 32892 31520 
32445 32723 32644 31904 
32552 32595 32451 32416 
32675 32458 32286 32923 
32798 32352 32206 33418 
32926 32292 32218 33805 
33037 32286 32322 34025 
33080 32310 32463 34029 
33066 32356 32638 33853 
33002 32425 32800 33502 
32880 32479 32916 33039 
32759 32583 33024 32576 
32641 32690 33103 32154 
32535 32800 33112 31791 
32395 32852 33013 31542 
32355 32949 32920 31530 
32341 33029 32773 31698 
32385 33110 32627 32054 
32476 33167 32507 32503 
32574 33145 32382 32973 
32674 33068 32322 33396 
32791 32963 32334 33720 
32928 32846 32447 33892 
33011 32684 32591 33816 
33116 32567 32818 33585 
33135 32456 32988 33172 
33134 32400 33160 32692 
33115 32450 33320 32230 
33018 32478 33353 31808 
32897 32554 33311 31522 
32744 32634 33191 31492 
32582 32668 32986 31626 
32433 32685 32718 31941 
32366 32711 32482 32421 
32324 32697 32233 32911 
32329 32661 32042 33350 
32416 32697 31979 33739 
32540 32729 32000 33945 
32679 32811 32148 33961 
32811 32921 32376 33775 
32888 33003 32623 33395 
32950 33120 32932 32966 
32944 33170 33165 32499 
32963 33206 33391 32108 
32884 33105 33439 31783 
32800 32937 33380 31643 
32654 32641 33178 31676 
32583 32376 32954 31925 
32514 32088 32673 32262 
32510 31896 32454 32701 
32545 31804 32305 33094 
32624 31849 32248 33391 
32744 32051 32319 33549 
32920 32438 32522 33574 
33060 32879 32773 33403 
33135 33297 32988 33049 
33132 33661 33152 32651 
33089 33939 33254 32295 
32954 33995 33236 32005 
32768 33877 33080 31876 
32574 33573 32832 31908 
32400 33162 32551 32120 
32267 32229 32124 32900 
32277 31802 32017 33275 
32392 31546 32069 33560 
32516 31448 32217 33696 
32654 31498 32445 33632 
32842 31782 32777 33457 
32982 32136 33079 33097 
33083 32565 33326 32698 
33156 33027 33510 32306 
33162 33418 33549 31940 
33115 33722 33477 31714 
33003 33850 33257 31641 
32852 33804 32980 31754 
32692 33621 32663 32005 
32523 33338 32366 32395 
32382 32968 32095 32804 
32281 32576 31917 33219 
32297 32269 31901 33608 
32412 32066 32050 33897 
32519 31913 32254 33945 
32667 31889 32546 33804 
32848 32020 32918 33520 
32954 32193 33197 33083 
33014 32450 33419 32590 
33057 32740 33552 32125 
33018 32993 33510 31675 
32898 33189 33309 31396 
32790 33322 33074 31341 
32657 33330 32744 31461 
32571 33292 32457 31809 
32520 33162 32235 32288 
32496 32947 32100 32815 
32547 32732 32092 33327 
32675 32567 32217 33792 
32808 32440 32409 34077 
32937 32376 32628 34143 
33015 32357 32833 33982 
33054 32441 33008 33674 
33012 32538 33105 33227 
32921 32681 33153 32730 
32768 32819 33140 32206 
32550 32878 33012 31730 
32366 32897 32861 31430 
32250 32889 32715 31366 
32184 32794 32541 31476 
32195 32648 32387 31775 
32315 32520 32331 32245 
32458 32350 32286 32733 
32677 32265 32364 33234 
32871 32230 32469 33632 
33086 32320 32655 33916 
33288 32558 32894 33999 
33392 32854 33086 33859 
33402 33173 33236 33506 
33322 33490 33305 33049 
33202 33763 33340 32556 
33004 33876 33265 32093 
32758 33776 33093 31698 
32467 33482 32833 31477 
32245 33073 32607 31494 
32095 32558 32364 31722 
32026 32027 32186 32090 
32071 31583 32105 32536 
32172 31285 32063 32991 
32352 31186 32128 33393 
32574 31313 32257 33688 
32832 31710 32481 33842 
33057 32238 32711 33746 
33254 32859 32959 33545 
33350 33443 33143 33156 
33364 33951 33272 32755 
33295 34252 33331 32367 
33134 34308 33286 32071 
32890 34113 33155 31922 
32576 33651 32931 31871 
32261 33048 32653 31995 
32053 32435 32444 32276 
31978 31902 32326 32619 
32034 31521 32282 32957 
32194 31344 32320 33203 
32495 31437 32458 33352 
32868 31774 32676 33379 
33235 32259 32901 33258 
33489 32755 33072 32984 
33592 33223 33159 32637 
33560 33646 33207 32339 
33345 33814 33106 32070 
33016 33799 32944 32025 
32639 33589 32724 32201 
32233 33218 32458 32554 
31937 32787 32260 32980 
31742 32333 32124 33140 
31671 32012 32091 32924 
31758 32002 32192 32322 
32237 32289 32418 31617 
33563 32193 32668 31120 
36241 30608 32934 31204 
39836 27029 33173 31989 
42342 22862 33363 33339 
40238 21709 33458 34931 
31214 27491 33406 36190 
16596 41148 33276 36783 
1819 59079 33034 36562 
0 65387 32745 35617 
0 65535 32428 34080 
19738 65535 32127 32210 
41107 64179 31930 30219 
62142 36154 31838 28328 
65535 10504 31875 26750 
65535 114 32061 25957 
65535 0 32331 26127 
65086 6 32719 27483 
43525 16026 33102 29903 
26514 30380 33454 33089 
12793 42206 33687 36674 
1825 51724 33806 39966 
146 60900 33783 42303 
52 65288 33571 43151 
0 65473 33275 42347 
11017 65535 32829 39702 
30089 65535 32440 35690 
50877 57382 32081 30974 
65042 33210 31795 26275 
65480 8457 31630 22451 
65535 190 31657 20204 
65535 0 31837 19972 
65535 0 32136 21937 
65535 0 32449 25668 
45044 16686 32825 30652 
24325 40081 33119 36019 
3144 63598 33347 40925 
0 65442 33428 44551 
0 65535 33421 46287 
2967 65535 33295 45793 
23268 65535 33106 43226 
43831 62844 32905 39022 
63788 37714 32745 33808 
65470 12539 32658 28536 
65535 333 32634 24133 
65535 17 32652 21171 
65535 0 32693 20070 
55164 0 32784 21010 
34495 352 32799 23754 
13309 21943 32791 27674 
345 44369 32734 32141 
10 64474 32624 36445 
0 65465 32453 39941 
0 65535 32315 42152 
10486 65535 32182 42714 
26386 65535 32160 41785 
43122 56104 32228 39607 
57857 31829 32368 36446 
65188 7168 32632 33178 
65526 202 32869 30101 
57140 35 33133 27732 
41593 4 33375 26316 
23105 1 33535 26096 
5448 7054 33584 26892 
168 21906 33540 28470 
43 39155 33381 30424 
28 55450 33128 32417 
7918 65198 32844 34206 
17394 65498 32498 35402 
32396 65533 32217 36008 
47307 65513 31972 35976 
59570 48411 31813 35449 
65341 28580 31761 34599 
65490 9556 31812 33637 
65453 285 31967 32789 
53975 60 32252 32205 
41114 40 32567 31901 
27397 278 32967 31954 
15663 13215 33275 32164 
7639 26616 33589 32505 
4488 40400 33779 32789 
6384 52229 33851 32946 
12720 60215 33811 32934 
21672 62615 33618 32704 
31436 59471 33326 32328 
40284 51523 32955 31890 
46682 40292 32506 31489 
49624 28287 32135 31328 
48904 17999 31852 31410 
45139 10994 31646 31716 
39408 8232 31593 32224 
33038 9814 31708 32888 
27506 15046 31940 33591 
23955 22608 32258 34200 
22819 31177 32595 34586 
24165 39363 32899 34690 
27679 46005 33138 34507 
32394 49882 33292 34048 
37197 50782 33403 33467 
40770 48821 33395 32766 
42239 44554 33340 32093 
41327 38802 33250 31552 
38601 32513 33104 31174 
35026 26550 33034 31085 
31176 21847 32914 31154 
27357 19495 32810 31396 
23740 20348 32735 31794 
20819 24017 32655 32226 
19524 29101 32551 32602 
21124 33764 32470 32969 
26262 36296 32311 33197 
34002 36320 32221 33399 
41698 34825 32138 33496 
46783 33551 32127 33563 
47421 33707 32169 33573 
43845 35325 32245 33536 
38215 37323 32418 33489 
33513 38053 32641 33413 
31226 36767 32908 33284 
30914 33902 33122 33071 
30844 30777 33296 32788 
29413 28886 33433 32485 
26569 28701 33450 32169 
23861 29731 33388 31857 
23290 31065 33263 31607 
25979 32053 33062 31462 
31066 32551 32844 31454 
36265 32911 32647 31598 
39439 33455 32452 31869 
39735 34193 32275 32211 
37807 34820 32144 32655 
35239 35018 32085 33167 
33470 34364 32019 33581 
33050 32968 32059 33961 
33400 30975 32149 34167 
33665 28803 32314 34231 
33166 27032 32522 34079 
31993 26449 32787 33806 
30517 27495 33035 33339 
29273 30513 33255 32806 
28497 35197 33463 32240 
28279 40576 33583 31718 
28612 45008 33594 31344 
29629 47185 33523 31124 
31512 46150 33332 31106 
34269 41677 33045 31284 
37449 34573 32714 31637 
40294 26524 32379 32132 
42095 18907 32103 32659 
42379 13041 31902 33187 
41030 9903 31804 33633 
38172 10279 31850 34000 
34025 14761 32016 34153 
28876 23148 32244 34090 
23030 34711 32496 33864 
17433 47720 32766 33527 
13498 59812 32960 33088 
12973 65346 33067 32637 
16982 65496 33147 32265 
24972 65517 33111 31970 
35098 57678 33049 31822 
44889 42947 32974 31816 
52252 25491 32910 31940 
55975 8849 32896 32140 
56308 308 32923 32374 
54182 89 32973 32566 
50118 55 33031 32695 
43929 32 33050 32749 
34872 10845 32988 32691 
23505 26454 32920 32635 
11259 44733 32750 32570 
1197 62317 32577 32570 
69 65410 32323 32586 
21 65529 32109 32737 
9506 65535 31925 32913 
23484 65535 31852 33179 
38302 53748 31910 33453 
50664 33997 32058 33650 
58728 14177 32328 33770 
61969 513 32663 33732 
60590 71 33026 33526 
55744 42 33284 33118 
48137 97 33538 32646 
38720 12794 33668 32115 
28563 26856 33675 31599 
19194 42407 33598 31216 
12603 56074 33394 30994 
10083 64714 33154 31014 
11633 65477 32865 31266 
16399 65396 32538 31700 
22940 53223 32258 32324 
29979 39672 32021 33035 
36060 25697 31789 33682 
40904 13390 31675 34260 
44157 4030 31677 34635 
45539 187 31812 34778 
44784 76 32041 34627 
42193 560 32357 34225 
38416 12443 32725 33599 
34472 25960 33129 32866 
31230 40713 33446 32033 
29286 53989 33754 31320 
28725 62240 33879 30753 
29384 64124 33900 30489 
30811 60028 33735 30456 
32439 51912 33434 30722 
33481 42275 33049 31300 
33023 33941 32653 32085 
30609 28120 32255 32902 
26694 24978 31896 33670 
22731 23947 31673 34327 
20624 24022 31637 34751 
21883 24301 31677 34855 
26673 24399 31896 34681 
33812 24241 32183 34229 
41151 24013 32510 33596 
47022 23890 32873 32854 
49877 23908 33174 32127 
49998 24103 33414 31549 
47936 24542 33551 31151 
44090 25651 33531 30967 
38647 28231 33375 31025 
31736 32966 33144 31347 
23587 39961 32843 31816 
15536 48455 32574 32405 
9449 56694 32359 33015 
7164 62399 32164 33501 
9963 63167 32131 33867 
17489 58074 32212 34013 
28121 47260 32353 33929 
40025 32330 32618 33718 
50532 16475 32871 33345 
57417 3392 33032 32855 
59585 127 33142 32399 
56806 53 33188 32016 
49894 248 33090 31705 
40202 12472 32931 31615 
30063 24639 32756 31699 
21072 37123 32548 31926 
14551 48138 32400 32268 
11196 56372 32342 32686 
11090 60992 32282 33042 
14168 61421 32329 33368 
19941 57638 32443 33564 
27723 49899 32594 33602 
36572 39215 32773 33523 
45253 26779 32946 33322 
51805 15242 33062 33000 
54921 6574 33125 32677 
53788 2647 33122 32381 
48427 4396 32982 32089 
39942 11991 32806 31935 
30150 23960 32603 31927 
21255 37486 32422 32050 
14802 50001 32280 32262 
11942 58817 32249 32558 
13068 62065 32307 32848 
17939 58951 32457 33105 
25288 50659 32671 33287 
33854 38934 32912 33329 
42038 26017 33145 33241 
48481 14419 33287 33029 
52222 6284 33389 32794 
52317 3345 33312 32466 
49002 6107 33154 32213 
42858 14221 32890 32047 
34993 26194 32590 31995 
26484 39953 32294 32101 
19083 52354 32091 32351 
13767 61174 31976 32667 
11423 64641 31951 32997 
12571 62635 32083 33324 
17204 55541 32295 33518 
24453 44748 32578 33584 
33175 31780 32882 33523 
42091 18262 33116 33270 
49898 6109 33290 32945 
55551 224 33384 32556 
57701 67 33354 32190 
55723 42 33246 31896 
49533 9517 33053 31667 
39803 23605 32849 31651 
28259 39876 32640 31762 
17485 55042 32460 32010 
9408 65052 32370 32390 
5507 65462 32282 32776 
6360 65497 32223 33161 
11651 65504 32232 33527 
19860 57869 32275 33764 
29556 43881 32390 33932 
39301 27504 32521 33886 
48045 11780 32681 33677 
54597 577 32853 33359 
58013 92 32967 32879 
57858 55 33105 32382 
53904 148 33217 31914 
46366 12826 33297 31532 
36507 26697 33311 31316 
26069 41342 33253 31271 
16682 54277 33081 31391 
10000 63103 32893 31716 
7101 65435 32638 32169 
8863 59524 32425 32713 
14845 52828 32228 33246 
23882 40414 32069 33673 
33975 27496 32030 34009 
42882 16688 32043 34112 
48870 9603 32147 34040 
50826 6983 32305 33814 
49308 8149 32486 33451 
45566 12121 32636 32991 
41018 18326 32767 32533 
36605 26393 32925 32146 
32422 35245 33007 31856 
27858 44324 33072 31691 
23080 52059 33168 31729 
19169 56629 33223 31832 
18263 56519 33319 32056 
21439 51581 33356 32300 
28241 43080 33334 32489 
36476 33186 33239 32656 
42845 24765 33076 32780 
44844 19924 32838 32837 
42222 19118 32525 32862 
36783 21732 32240 32918 
31048 26057 31926 32926 
27528 30154 31718 32996 
26687 32656 31609 33073 
27695 33072 31673 33192 
29166 31723 31854 33293 
30363 29727 32201 33403 
31435 28209 32579 33402 
33100 28067 32966 33290 
35621 29657 33343 33099 
38326 32635 33617 32768 
39859 36005 33779 32396 
39349 38749 33800 32035 
36942 40060 33696 31702 
33712 39649 33446 31454 
31242 38016 33144 31381 
30133 36082 32810 31476 
29948 34818 32469 31728 
29548 34836 32167 32147 
27983 35915 31918 32636 
25576 36944 31785 33163 
23574 36544 31705 33608 
23709 33848 31765 33993 
26949 28921 31943 34228 
32503 23346 32181 34256 
38605 19223 32477 34097 
43258 18306 32828 33770 
45071 21026 33141 33268 
43873 26216 33434 32706 
40551 31914 33672 32154 
36354 36435 33793 31629 
32356 39140 33775 31230 
29199 40466 33582 30952 
27418 41282 33351 30952 
26838 41961 32991 31134 
27304 42322 32611 31531 
28420 41597 32250 32111 
29636 39125 31960 32739 
30588 35070 31741 33331 
31356 30228 31688 33869 
32278 25824 31775 34248 
33603 22803 31935 34387 
35377 21578 32195 34313 
36852 22038 32467 34028 
37171 23712 32739 33589 
35883 26321 32948 33063 
33223 29897 33097 32551 
30106 34447 33225 32128 
27673 39719 33289 31811 
26941 44507 33308 31650 
28026 47448 33268 31624 
30566 47316 33221 31704 
33853 43391 33154 31879 
37209 36174 33099 32118 
39965 27436 32993 32315 
41746 19353 32861 32489 
41988 14239 32692 32645 
40254 13768 32543 32801 
36191 18355 32362 32892 
30451 26837 32171 32983 
24181 37269 32051 33103 
18847 47122 31979 33215 
15929 54389 32002 33356 
16500 56826 32116 33455 
20506 54000 32294 33488 
27409 46348 32511 33449 
36130 35212 32775 33353 
44988 22444 33009 33136 
52291 10555 33216 32818 
55942 2609 33392 32481 
54909 172 33482 32119 
49484 3564 33486 31802 
40716 12580 33416 31563 
30646 25508 33268 31459 
21256 40065 32972 31464 
13754 54687 32701 31685 
8863 65055 32413 32070 
7271 65452 32153 32542 
9745 65519 31936 33052 
16625 65535 31815 33531 
27328 65535 31831 33939 
39978 47786 31990 34184 
51606 25704 32254 34202 
59589 5001 32604 34004 
61641 131 32983 33631 
57939 25 33281 33085 
49974 28 33523 32486 
39338 9849 33646 31905 
27643 24159 33606 31422 
17071 39795 33476 31206 
8636 54722 33178 31162 
4221 64987 32865 31386 
5482 65500 32523 31801 
12768 65535 32267 32357 
24550 58981 32075 32933 
37861 40387 31952 33437 
49924 18743 31976 33835 
57746 852 32103 34030 
59797 82 32275 34002 
56901 40 32513 33789 
50244 37 32751 33410 
40937 8279 32931 32934 
29666 22309 33095 32427 
18649 38823 33207 32021 
9513 55837 33235 31726 
4569 65239 33207 31619 
5613 65504 33089 31677 
12899 65535 32913 31902 
24348 65535 32714 32246 
37201 60441 32550 32682 
48812 39091 32412 33130 
56967 18086 32288 33461 
60151 1583 32286 33713 
58105 96 32360 33787 
51549 55 32470 33643 
41696 57 32642 33351 
30085 9110 32805 32916 
18549 21690 32986 32425 
9699 36281 33097 31964 
5033 50763 33133 31578 
5626 62269 33091 31373 
11357 65430 32985 31379 
21304 65527 32844 31604 
33372 58331 32692 32051 
45532 42976 32541 32582 
55651 25597 32424 33170 
61572 9784 32327 33695 
61454 464 32336 34133 
55171 51 32337 34283 
44355 123 32403 34196 
31432 12878 32489 33868 
19279 26041 32644 33372 
11182 38504 32769 32767 
8343 48176 32902 32143 
10528 53644 33031 31623 
16344 54684 33133 31276 
23991 52189 33159 31103 
31505 47763 33131 31207 
38052 42632 33030 31514 
43099 37492 32879 32017 
46535 32391 32653 32562 
48262 27311 32458 33191 
47786 22572 32230 33654 
44937 18873 32085 33994 
39873 17203 32070 34140 
32989 18429 32168 34064 
25735 22625 32346 33758 
20052 28715 32643 33343 
17449 34762 32940 32838 
18845 38659 33175 32269 
24198 39368 33429 31851 
31866 36792 33487 31472 
39304 32802 33450 31341 
44243 29646 33280 31410 
45177 29330 33034 31681 
41974 32437 32732 32084 
35799 38041 32420 32569 
28980 43799 32143 33040 
23651 47591 31947 33446 
21337 47922 31885 33722 
22389 44496 31961 33839 
25852 38476 32162 33767 
30304 31365 32416 33560 
34519 24671 32728 33231 
37664 19351 32982 32808 
39766 15893 33175 32385 
41089 14644 33298 32080 
41859 15513 33277 31852 
41997 18483 33152 31779 
40972 23327 32928 31849 
38243 29610 32689 32083 
33879 36236 32472 32392 
28594 42375 32339 32746 
23603 47388 32293 33048 
20170 50848 32357 33255 
19068 52397 32528 33346 
20386 51703 32776 33328 
23420 48420 33000 33139 
27630 42636 33199 32885 
32554 34627 33307 32608 
37514 25914 33296 32339 
41999 18168 33147 32147 
44990 13222 32866 32027 
45684 12349 32572 32107 
43558 15399 32253 32273 
39425 20836 32000 32533 
34787 26738 31832 32816 
31323 31398 31812 33065 
29945 34278 31988 33341 
30146 35641 32212 33411 
30525 37053 32569 33437 
29596 39630 32932 33295 
26969 43551 33248 33047 
23688 47798 33506 32712 
21795 50233 33636 32349 
22767 49164 33646 32053 
26643 43924 33467 31798 
32183 35497 33184 31698 
37102 26476 32799 31757 
39965 19841 32453 32002 
40589 16811 32115 32352 
40002 17161 31844 32723 
39551 19558 31759 33183 
39812 22103 31825 33563 
40236 24055 32016 33830 
39589 25922 32306 33899 
36696 29158 32673 33792 
31398 34759 33020 33470 
25055 42080 33299 33032 
19727 49308 33516 32536 
