32786 33420 33132 32144 
32786 33420 33132 32144 
32868 33460 33207 31797 
32886 33361 33177 31580 
32845 33156 33059 31539 
32806 32885 32899 31709 
32710 32543 32693 31990 
32693 32305 32584 32440 
32640 32057 32470 32852 
32627 31934 32449 33243 
32645 31921 32497 33515 
32725 32063 32633 33646 
32832 32336 32829 33612 
32932 32667 33013 33392 
32983 33008 33127 33043 
32994 33302 33166 32622 
33006 33570 33148 32277 
32913 33623 32972 31934 
32788 33528 32728 31763 
32626 33280 32442 31754 
32491 32951 32203 31940 
32361 32568 32002 32246 
32310 32220 31941 32666 
32326 31985 32004 33098 
32379 31859 32190 33471 
32507 31901 32468 33734 
32646 32065 32789 33848 
32785 32339 33129 33716 
32928 32658 33417 33457 
33042 32989 33601 33061 
33086 33221 33627 32576 
33105 33384 33559 32096 
33085 33439 33374 31690 
33000 33369 33077 31457 
32828 33140 32671 31346 
32674 32888 32329 31527 
32497 32585 32027 31875 
32345 32339 31824 32378 
32226 32116 31712 32919 
32151 32013 31738 33474 
32218 32091 31970 33981 
32349 32269 32277 34270 
32549 32518 32657 34323 
32773 32763 33022 34113 
32982 32984 33336 33643 
33166 33145 33583 33019 
33299 33251 33706 32324 
33366 33265 33718 31678 
33336 33207 33592 31180 
33208 33091 33337 30892 
33007 32919 32991 30860 
32784 32775 32625 31133 
32555 32647 32293 31664 
32356 32555 32029 32354 
32217 32471 31866 33069 
32114 32394 31805 33715 
32140 32375 31897 34235 
32233 32349 32091 34501 
32389 32342 32351 34493 
32572 32364 32627 34242 
32707 32346 32843 33750 
32804 32352 32998 33161 
32868 32412 33090 32572 
32908 32536 33147 32048 
32891 32699 33129 31634 
32865 32885 33077 31446 
32846 33096 33015 31437 
32864 33312 32968 31583 
32910 33514 32959 31874 
33036 33658 32984 32514 
33088 33564 32998 32791 
33054 33311 32937 32976 
32956 32937 32819 33064 
32810 32505 32678 33107 
32633 32072 32506 33123 
32431 31692 32315 33089 
32242 31443 32141 33079 
32108 31341 32005 33063 
32061 31445 31962 33094 
32079 31681 32000 33094 
32207 32076 32145 33098 
32427 32573 32414 33107 
32691 33083 32735 33044 
32919 33550 33026 32876 
33148 33948 33304 32681 
33349 34187 33550 32439 
33429 34210 33659 32194 
33399 34031 33635 31968 
33305 33701 33510 31807 
33133 33274 33295 31763 
32940 32774 33023 31830 
32669 32234 32674 31969 
32500 31822 32398 32261 
32385 31552 32199 32646 
32226 31349 31977 32982 
32136 31313 31846 33308 
32140 31466 31854 33641 
32177 31747 31935 33873 
32290 32127 32143 33982 
32395 32530 32351 33915 
32556 32980 32638 33726 
32697 33383 32894 33366 
32847 33732 33134 32923 
33019 33994 33352 32467 
33188 34108 33530 32021 
33308 34063 33601 31631 
33363 33846 33577 31357 
33336 33467 33435 31220 
33235 33016 33215 31260 
33109 32565 32974 31500 
32944 32150 32710 31919 
32741 31813 32463 32423 
32523 31570 32226 32969 
32265 31418 31983 33434 
32124 31498 31889 33873 
32027 31689 31874 34151 
32020 31984 31948 34227 
32099 32343 32116 34107 
32276 32753 32368 33822 
32511 33161 32657 33383 
32736 33490 32916 32866 
32931 33711 33132 32340 
33121 33835 33316 31893 
33213 33767 33381 31569 
33166 33534 33311 31392 
33061 33176 33159 31425 
32922 32779 32981 31647 
32776 32390 32774 32009 
32673 32095 32629 32451 
32631 31917 32552 32889 
32612 31845 32517 33237 
32659 31956 32583 33514 
32735 32196 32700 33633 
32801 32509 32834 33590 
32850 32840 32943 33405 
32819 33113 32970 33085 
32743 33318 32900 32742 
32668 33419 32801 32439 
32548 33334 32596 32178 
32447 33118 32370 32043 
32394 32834 32182 32060 
32372 32482 32032 32185 
32426 32196 32007 32426 
32565 32053 32131 32763 
32718 32005 32338 33041 
32863 32103 32602 33255 
33018 32364 32940 33388 
33129 32692 33253 33368 
33153 33028 33495 33241 
33085 33297 33620 32987 
32970 33473 33625 32664 
32814 33525 33533 32355 
32611 33387 33293 32029 
32494 33182 33042 31856 
32391 32863 32710 31766 
32379 32558 32432 31861 
32427 32282 32165 32074 
32521 32091 31963 32425 
32607 31978 31834 32819 
32705 32008 31802 33250 
32793 32147 31891 33641 
32840 32346 32069 33912 
32863 32576 32309 34005 
32864 32823 32635 33927 
32818 33001 32939 33611 
32757 33101 33214 33156 
32739 33173 33485 32644 
32728 33189 33676 32115 
32680 33108 33725 31605 
32666 32998 33633 31253 
32662 32897 33436 31127 
32670 32791 33142 31225 
32673 32694 32778 31527 
32731 32676 32473 32055 
32785 32671 32204 32649 
32830 32642 32001 33259 
32841 32602 31891 33783 
32856 32561 31924 34166 
32845 32496 32038 34309 
32826 32464 32244 34242 
32734 32399 32431 33910 
32714 32472 32710 33479 
32625 32531 32892 32884 
32554 32630 33034 32261 
32544 32804 33154 31783 
32512 32903 33162 31411 
32518 32984 33136 31265 
32535 32994 33045 31316 
32603 32967 32959 31624 
32650 32877 32848 32093 
32699 32747 32735 32616 
32763 32600 32662 33178 
32776 32452 32586 33654 
32806 32370 32549 33992 
32820 32357 32559 34087 
32863 32455 32639 33968 
32868 32604 32689 33610 
32915 32846 32781 33124 
32924 33065 32823 32523 
32991 33334 32916 31989 
32984 33476 32906 31490 
32966 33523 32884 31237 
32901 33421 32822 31214 
32766 33150 32695 31419 
32617 32786 32576 31840 
32452 32356 32465 32421 
32328 31966 32394 33056 
32228 31646 32354 33632 
32184 31493 32366 34058 
32259 31558 32469 34294 
32378 31766 32591 34250 
32578 32155 32758 34004 
32754 32577 32896 33540 
32918 33041 32996 32991 
32994 33427 33017 32388 
33050 33725 33007 31889 
33050 33885 32927 31535 
33004 33856 32848 31409 
32929 33661 32730 31450 
32849 33382 32679 31697 
32775 33032 32646 32069 
32740 32679 32695 32485 
32699 32330 32749 32838 
32680 32053 32822 33088 
32672 31872 32880 33228 
32683 31829 32926 33253 
32699 31903 32920 33210 
32699 32065 32845 33126 
32676 32272 32719 33149 
32652 32539 32571 33275 
32578 32755 32395 33359 
32455 32901 32236 33230 
32288 33041 32132 32723 
32207 33365 32154 31951 
32346 33747 32260 31064 
33260 33591 32445 30455 
35607 31733 32686 30473 
39141 27538 32973 31320 
41777 22423 33204 32820 
40058 20427 33398 34541 
31481 25614 33478 36000 
17069 39237 33495 36844 
1883 58250 33376 36800 
0 65379 33165 35928 
0 65535 32927 34431 
19790 65535 32614 32542 
41208 65518 32346 30536 
62203 38976 32089 28563 
65535 14369 31894 26937 
65535 222 31804 26008 
65535 0 31808 26068 
65362 0 31951 27321 
43687 15040 32187 29730 
25648 29378 32485 32956 
11704 40899 32824 36581 
1210 50255 33192 40008 
133 59423 33520 42466 
55 65247 33740 43451 
0 65464 33848 42674 
11994 65535 33843 40039 
30814 65535 33637 35856 
51549 62314 33326 30903 
65076 36408 32959 25979 
65479 11697 32516 21879 
65535 253 32103 19443 
65535 0 31774 19142 
65535 0 31604 21207 
65535 0 31559 25157 
45463 14938 31712 30476 
24759 38305 31970 36185 
3511 62498 32294 41377 
0 65419 32644 45301 
0 65535 32998 47214 
3929 65535 33236 46689 
23604 65535 33392 44000 
44199 64809 33443 39582 
63966 39646 33431 34107 
65473 14584 33297 28506 
65535 407 33158 23846 
65535 24 33010 20707 
65535 0 32856 19482 
56223 0 32781 20360 
35233 0 32731 23089 
13595 19946 32689 27138 
355 42376 32636 31686 
11 64047 32610 36070 
0 65444 32542 39577 
0 65535 32485 41847 
9842 65535 32320 42524 
25955 65535 32276 41751 
42802 59043 32266 39762 
57112 35340 32224 36922 
64996 10715 32291 33838 
65523 279 32421 30958 
56565 39 32577 28650 
41769 3 32806 27303 
23766 0 33037 26936 
6048 8116 33245 27462 
183 19116 33384 28648 
42 36822 33470 30219 
26 53915 33499 31889 
6456 65041 33423 33285 
17098 65489 33227 34269 
32376 65532 32987 34727 
47927 65535 32729 34751 
60652 50409 32474 34418 
65373 30696 32212 33873 
65494 10995 32026 33358 
65502 339 31902 32976 
56161 63 31860 32825 
42556 39 31902 32856 
28300 60 32045 33111 
15886 11835 32296 33435 
7166 25041 32613 33695 
3455 39060 32914 33761 
4990 51374 33218 33577 
11205 59961 33505 33149 
20474 62977 33698 32489 
30977 60023 33812 31754 
40067 52109 33746 31037 
46565 40991 33537 30503 
49617 28901 33262 30283 
48963 18122 32870 30369 
45106 10542 32480 30890 
39197 7468 32132 31731 
32895 8870 31875 32744 
27494 13935 31732 33733 
23989 21505 31716 34585 
22967 30268 31860 35174 
24499 38975 32071 35393 
28177 46107 32337 35211 
33042 50448 32617 34689 
37917 51651 32840 33891 
41522 49892 33035 32998 
42911 45747 33161 32164 
41845 39899 33284 31514 
38749 33235 33327 31109 
34707 26811 33312 30961 
30522 21634 33275 31068 
26591 18877 33231 31371 
23009 19356 33158 31782 
20042 23024 33067 32200 
18808 28529 32948 32536 
20531 33586 32789 32770 
25777 36588 32610 32901 
33675 36957 32452 32985 
41910 35489 32264 33014 
47645 33901 32110 33042 
48589 33708 31999 33111 
44883 35148 31962 33224 
38948 37028 32026 33388 
33640 37775 32189 33575 
30765 36438 32385 33682 
30165 33467 32628 33693 
30111 30197 32903 33571 
28913 28244 33169 33325 
26345 28229 33374 32934 
23841 29724 33546 32476 
23334 31648 33594 31955 
25933 33125 33535 31479 
30999 33845 33364 31128 
36357 34083 33128 30989 
39797 34248 32827 31080 
40325 34507 32490 31401 
38453 34718 32181 31946 
35557 34539 31947 32660 
33318 33665 31801 33362 
32376 32069 31775 34000 
32470 30062 31937 34479 
32721 27943 32188 34678 
32597 26374 32559 34601 
31914 25968 32936 34250 
30822 27309 33247 33587 
29822 30704 33538 32874 
29001 35609 33640 32089 
28644 41180 33659 31448 
28767 45786 33460 30937 
29753 48097 33192 30759 
31696 46902 32852 30875 
34486 42219 32496 31278 
37605 34915 32199 31872 
40373 26435 31992 32579 
42079 18462 31904 33288 
42306 12303 31967 33902 
40966 9214 32142 34290 
38165 9642 32344 34382 
34206 14123 32662 34284 
29097 22505 32944 33919 
23020 34269 33132 33324 
17100 47696 33277 32710 
12971 60260 33348 32146 
12406 65349 33298 31672 
16408 65497 33171 31394 
24528 65521 32963 31321 
34921 61345 32695 31477 
45262 44555 32474 31852 
52805 27001 32290 32330 
56668 10143 32162 32835 
57080 362 32127 33321 
54930 92 32183 33681 
50719 56 32362 33902 
44450 33 32597 33894 
35611 9528 32882 33713 
24120 24559 33094 33315 
11634 42741 33326 32899 
1033 60966 33450 32411 
66 65392 33486 32002 
19 65526 33361 31668 
8393 65535 33141 31511 
22313 65535 32862 31594 
37239 55173 32549 31815 
50358 35360 32268 32185 
58974 14767 32004 32580 
62419 624 31905 33036 
61206 77 31876 33376 
56349 43 31973 33609 
48637 54 32188 33715 
38797 11857 32479 33673 
28306 25946 32804 33497 
18977 41073 33039 33190 
12377 54763 33228 32867 
9619 64033 33329 32572 
11069 65467 33369 32367 
15969 65398 33282 32236 
22687 53530 33124 32187 
29917 40402 32973 32241 
36364 26683 32780 32310 
41503 14536 32687 32428 
44928 5110 32586 32488 
46227 302 32535 32491 
45477 84 32579 32481 
42831 118 32586 32397 
38938 11699 32638 32368 
34608 25425 32648 32340 
31081 40239 32678 32439 
28729 53284 32645 32612 
27808 61721 32582 32832 
28318 63746 32528 33138 
29973 59618 32460 33431 
32074 51552 32432 33678 
33577 42203 32434 33809 
33397 34105 32496 33790 
30953 28610 32587 33606 
26745 25930 32769 33331 
22489 25263 32905 32866 
20258 25518 33027 32357 
21580 25833 33173 31905 
26517 25642 33230 31513 
33959 25022 33269 31318 
41562 24164 33175 31251 
47374 23485 33099 31474 
50392 22993 32924 31795 
50735 22834 32761 32257 
48844 23057 32570 32749 
45099 24115 32410 33219 
39534 26719 32262 33592 
32297 31607 32147 33813 
23763 38911 32076 33851 
15178 47865 32034 33740 
8554 56727 32084 33545 
5837 63219 32217 33291 
8267 64622 32369 33008 
15688 59829 32592 32753 
26575 49139 32854 32550 
38754 34309 33108 32383 
50111 17891 33379 32291 
58074 3826 33576 32242 
61001 133 33700 32204 
58700 52 33723 32180 
51886 102 33595 32120 
42127 11693 33353 32050 
31391 23977 33035 32031 
21703 36690 32652 32038 
14640 47670 32253 32105 
10759 55881 31925 32272 
10194 60458 31679 32529 
12851 60987 31600 32885 
18507 57154 31636 33255 
26537 49344 31846 33648 
35594 38690 32148 33927 
44526 26594 32509 34090 
51553 15091 32837 34048 
55150 6435 33113 33841 
54359 2495 33328 33481 
49241 4427 33406 33014 
40982 12055 33386 32516 
31269 23996 33338 32077 
22099 37778 33205 31676 
15149 50859 33026 31410 
11960 60049 32901 31354 
12944 63217 32783 31414 
17797 59808 32737 31652 
25127 50980 32688 31941 
33722 38770 32712 32304 
41984 25406 32683 32647 
48537 13473 32664 32995 
52245 4944 32535 33234 
52391 1902 32419 33441 
48998 4816 32298 33565 
42748 13230 32186 33631 
34715 25667 32120 33615 
26174 39657 32105 33513 
18408 52832 32179 33355 
13079 62109 32357 33196 
10939 65413 32605 32989 
12398 65383 32891 32766 
17393 56702 33174 32497 
25067 45410 33401 32237 
33986 31933 33542 32019 
42963 17955 33611 31880 
50789 5416 33511 31765 
56386 201 33323 31720 
58590 62 33049 31780 
56487 40 32776 31946 
49928 9510 32463 32140 
39821 23438 32221 32470 
27846 39599 32038 32799 
16037 55479 31914 33139 
7521 65146 31894 33450 
3796 65466 31983 33737 
5075 65498 32151 33910 
10786 65504 32355 33949 
19596 57806 32593 33850 
30029 42862 32831 33591 
40258 26280 33036 33238 
49280 10688 33209 32793 
56125 461 33335 32303 
59842 86 33423 31863 
59628 54 33425 31482 
55100 661 33322 31216 
46887 13514 33206 31184 
36395 27300 33037 31323 
25238 42138 32844 31668 
15276 55151 32619 32138 
8288 63900 32424 32693 
5369 65459 32236 33215 
7308 65059 32093 33689 
13749 53035 32041 34023 
23313 40120 32036 34139 
34070 26731 32112 34054 
43536 15649 32251 33795 
50001 8437 32438 33403 
52027 6049 32586 32946 
50308 7699 32779 32562 
46403 12198 32956 32247 
41731 18666 33039 31998 
37177 26707 33107 31894 
32654 35807 33172 31907 
27586 45215 33210 32017 
22357 52985 33238 32161 
18189 57408 33209 32285 
17085 57126 33183 32420 
20357 51959 33129 32530 
27567 42883 32983 32553 
36348 32623 32838 32591 
43051 24020 32648 32618 
45454 18984 32463 32701 
43031 18201 32247 32791 
37431 21055 32068 32944 
31572 25816 31925 33123 
27814 30388 31883 33334 
26821 33181 31975 33519 
27607 33683 32111 33588 
28886 32336 32342 33558 
29987 30221 32682 33440 
31019 28563 32975 33151 
32735 28404 33221 32754 
35321 29985 33432 32349 
38080 32897 33589 31969 
39626 36129 33569 31623 
39225 38743 33505 31485 
37006 39762 33334 31471 
34170 39101 33086 31607 
32054 37258 32815 31884 
31111 35189 32510 32223 
30883 33945 32232 32634 
30103 34126 31987 33022 
28060 35477 31846 33389 
25090 36947 31800 33674 
22674 37072 31841 33846 
22626 34737 31982 33872 
25927 30019 32229 33778 
31728 24482 32542 33569 
38270 20216 32891 33289 
43314 18964 33180 32883 
45502 21314 33444 32485 
44551 26292 33652 32112 
41125 31835 33715 31758 
36850 36010 33697 31577 
32686 38337 33478 31452 
29456 39411 33188 31500 
27465 40150 32861 31695 
26680 40951 32480 31985 
26923 41545 32141 32348 
27838 41191 31921 32776 
28898 39129 31750 33135 
30049 35450 31769 33495 
31191 30832 31892 33753 
32549 26628 32095 33863 
34271 23810 32367 33864 
36063 22665 32632 33708 
37338 22960 32836 33434 
37392 24367 33007 33105 
35856 26553 33120 32775 
33003 29600 33138 32410 
29841 33749 33155 32138 
27424 38627 33134 31943 
26575 43396 33098 31821 
27578 46504 33090 31798 
30089 46691 33072 31844 
33456 43268 33059 31973 
37028 36602 33007 32129 
40282 28001 32934 32327 
42439 19917 32842 32544 
42812 14815 32668 32726 
40994 14288 32507 32945 
36720 18600 32260 33073 
30574 27115 32063 33231 
23859 37556 31918 33357 
18317 47172 31851 33427 
15321 53922 31919 33476 
15680 56216 32070 33448 
19569 53465 32336 33351 
26652 45827 32673 33185 
35631 34862 33016 32968 
44928 22437 33324 32676 
52575 11183 33623 32434 
56562 3474 33752 32152 
55700 1005 33741 31909 
50000 4666 33586 31739 
41140 13377 33321 31659 
31046 25656 33017 31733 
21471 39711 32636 31836 
13566 54550 32349 32147 
8507 65040 32094 32461 
6884 65448 31905 32803 
9315 65515 31800 33125 
16282 65535 31809 33448 
27161 65535 31919 33717 
40280 46451 32101 33878 
52326 23835 32337 33885 
60224 3639 32633 33797 
62169 107 32898 33542 
58258 23 33138 33184 
49982 28 33368 32752 
39053 10366 33546 32291 
27549 24264 33655 31905 
16703 39792 33622 31548 
8146 54664 33502 31366 
3659 65024 33312 31359 
5082 65499 33010 31495 
12583 65535 32687 31799 
24647 62211 32407 32244 
38291 41222 32134 32721 
50316 19833 31935 33209 
58266 1103 31803 33600 
60589 87 31809 33920 
57826 38 31923 34034 
50943 37 32078 33952 
41342 7507 32319 33704 
29839 20847 32666 33404 
17997 37754 32954 32961 
8450 55021 33182 32484 
3624 65196 33426 32144 
4814 65495 33540 31822 
12152 65535 33573 31672 
24025 65535 33423 31619 
37506 61470 33234 31801 
49508 39279 32963 32042 
57893 18567 32667 32381 
61292 2039 32384 32772 
59374 100 32152 33100 
52517 55 32022 33386 
42228 58 32043 33566 
30159 8955 32165 33595 
18338 20989 32360 33468 
8886 35659 32630 33229 
4064 50403 32908 32932 
4707 61985 33109 32574 
10606 65422 33258 32257 
20618 65523 33269 32007 
33231 57475 33187 31877 
46068 43573 32993 31878 
56550 25897 32764 32000 
62651 10107 32572 32288 
62597 504 32412 32648 
56151 50 32297 33004 
44616 124 32252 33304 
31241 13073 32322 33549 
18875 26077 32487 33673 
10381 38563 32655 33607 
7280 48154 32863 33434 
9470 53471 33061 33109 
15626 54083 33177 32685 
23602 51312 33246 32291 
31698 46752 33218 31947 
38704 41724 33071 31699 
43986 36839 32831 31628 
47482 32081 32567 31753 
48965 27399 32337 32052 
48236 22967 32114 32439 
45242 19419 32012 32895 
39991 17756 32010 33341 
33176 18911 32161 33705 
25745 23109 32413 33906 
19685 29362 32780 33909 
16795 35457 33106 33653 
18116 39450 33398 33260 
23521 40043 33626 32766 
31648 37278 33724 32226 
39701 32804 33627 31729 
44959 29267 33399 31407 
45948 28648 33064 31315 
42495 31546 32645 31428 
36045 37086 32293 31810 
28630 43094 31959 32280 
22965 47070 31767 32840 
20518 47547 31718 33363 
21638 44317 31830 33778 
25400 38403 32074 34020 
30378 31222 32385 34043 
34971 24509 32708 33847 
38329 19423 32984 33513 
40417 16263 33143 33055 
41728 15233 33253 32648 
42470 16233 33255 32249 
42567 19380 33189 31981 
41367 24269 33068 31854 
38244 30472 32962 31866 
33492 36834 32881 32004 
27829 42791 32849 32188 
22612 47709 32875 32401 
19108 51115 32902 32572 
18036 52589 32911 32682 
19491 51656 32898 32752 
22739 48018 32788 32733 
27334 41788 32662 32755 
32667 33531 32488 32765 
38177 24510 32265 32782 
43298 16641 32128 32909 
46572 11986 31998 33023 
47199 11542 32000 33189 
44840 15034 32120 33349 
40229 21119 32325 33431 
35116 27610 32622 33466 
31369 32579 32914 33343 
29787 35489 33216 33135 
29769 36935 33441 32808 
29867 38296 33616 32473 
28569 40782 33674 32107 
25612 44617 33609 31815 
22261 48478 33390 31583 
20522 50500 33072 31523 
21869 48836 32675 31610 
26317 42992 32310 31908 
32405 33948 31966 32286 
37786 24775 31759 32771 
40992 18069 31670 33232 
41765 15355 31708 33611 
41221 16503 31962 33939 
40611 19773 32314 34043 
40624 23128 32737 33955 
40803 25548 33136 33667 
39899 27543 33467 33249 
36839 30574 33711 32735 
31429 35740 33817 32252 
24595 42886 33716 31800 
18866 49740 33495 31532 
