32205 32331 32274 32856 
32205 32331 32274 32856 
32054 32033 31990 33239 
31972 31831 31788 33569 
32023 31776 31716 33840 
32167 31840 31773 33937 
32412 32056 31971 33927 
32650 32285 32210 33723 
32896 32569 32509 33410 
33084 32823 32828 32979 
33189 33008 33095 32474 
33239 33178 33360 32031 
33196 33256 33513 31649 
33057 33217 33528 31398 
32870 33118 33438 31338 
32684 32994 33272 31481 
32440 32777 32970 31758 
32322 32667 32726 32218 
32255 32565 32475 32743 
32265 32509 32272 33235 
32340 32488 32130 33651 
32522 32555 32130 33969 
32755 32670 32231 34077 
32959 32771 32397 33935 
33125 32868 32612 33643 
33198 32900 32818 33194 
33209 32908 33004 32681 
33124 32873 33136 32172 
32952 32768 33173 31710 
32763 32669 33153 31447 
32591 32571 33065 31385 
32429 32459 32904 31485 
32325 32386 32710 31788 
32325 32391 32551 32233 
32367 32426 32411 32742 
32441 32508 32302 33225 
32559 32618 32271 33637 
32842 32922 32437 34012 
32942 33053 32588 33882 
33018 33157 32787 33584 
32989 33167 32919 33135 
32930 33150 33055 32657 
32808 33039 33104 32169 
32671 32886 33098 31787 
32526 32673 33002 31554 
32425 32457 32834 31543 
32406 32289 32689 31752 
32446 32174 32547 32093 
32550 32127 32446 32544 
32697 32166 32410 33011 
32843 32279 32450 33400 
33010 32513 32605 33694 
33115 32761 32766 33770 
33120 32987 32909 33605 
33055 33206 33040 33272 
32914 33334 33079 32808 
32769 33422 33086 32368 
32601 33386 33004 31955 
32419 33225 32810 31668 
32311 33015 32604 31599 
32281 32764 32411 31751 
32349 32523 32291 32111 
32470 32305 32228 32567 
32610 32104 32225 33032 
32754 32000 32303 33474 
32925 32037 32508 33828 
33042 32137 32742 33957 
33103 32324 32966 33883 
33083 32544 33163 33589 
33029 32804 33316 33159 
32902 33018 33356 32616 
32783 33209 33320 32104 
32645 33303 33161 31664 
32534 33322 32926 31405 
32438 33240 32642 31347 
32365 33070 32346 31520 
32361 32867 32115 31906 
32374 32608 31940 32391 
32446 32421 31930 32998 
32505 32232 31986 33515 
32627 32155 32203 33944 
32789 32206 32527 34161 
32928 32333 32882 34131 
33036 32522 33216 33835 
33153 32775 33528 33375 
33160 32977 33675 32781 
33119 33152 33692 32166 
33021 33236 33556 31636 
32903 33240 33297 31296 
32734 33103 32924 31158 
32572 32934 32537 31299 
32455 32721 32201 31678 
32367 32503 31938 32216 
32324 32322 31788 32824 
32327 32210 31777 33405 
32391 32203 31918 33884 
32464 32273 32152 34138 
32589 32423 32458 34174 
32732 32651 32802 33975 
32845 32857 33075 33553 
32948 33037 33273 33013 
33016 33177 33391 32452 
33093 33271 33458 31977 
33069 33216 33387 31562 
32992 33074 33236 31369 
32874 32896 33047 31416 
32697 32626 32786 31620 
32509 32370 32528 32016 
32373 32179 32315 32527 
32292 32059 32166 33050 
32272 32030 32069 33505 
32336 32117 32098 33834 
32496 32323 32228 33972 
32687 32590 32423 33901 
32920 32928 32704 33648 
33054 33182 32919 33201 
33169 33443 33161 32708 
33200 33599 33312 32186 
33137 33643 33391 31740 
32984 33523 33324 31426 
32792 33290 33172 31361 
32612 32968 32960 31529 
32434 32570 32683 31864 
32381 32214 32477 32379 
32358 31886 32283 32918 
32406 31658 32153 33422 
32494 31575 32108 33815 
32663 31711 32188 34041 
32782 31961 32304 34001 
32917 32346 32516 33805 
33002 32804 32748 33444 
32970 33211 32920 32925 
32890 33556 33066 32356 
32823 33837 33206 31909 
32702 33902 33258 31554 
32579 33791 33204 31400 
32502 33522 33103 31454 
32429 33126 32906 31692 
32415 32669 32681 32122 
32486 32219 32483 32649 
32544 31811 32284 33156 
32641 31554 32172 33643 
32745 31447 32130 33946 
32853 31559 32206 34060 
32963 31864 32401 33994 
33019 32266 32641 33661 
33072 32778 32922 33212 
33039 33253 33157 32628 
32996 33685 33359 32071 
32928 34009 33481 31598 
32828 34082 33467 31261 
32726 33993 33359 31163 
32616 33687 33117 31293 
32518 33257 32820 31651 
32455 32734 32479 32163 
32484 32291 32236 32833 
32487 31840 32008 33424 
32518 31538 31893 33940 
32582 31472 31930 34277 
32601 31530 32038 34310 
32661 31783 32272 34163 
32692 32105 32531 33761 
32672 32466 32765 33219 
32649 32831 32976 32634 
32641 33133 33125 32092 
32654 33360 33215 31681 
32678 33495 33233 31471 
32724 33517 33198 31477 
32813 33457 33135 31674 
32899 33313 33045 31981 
32993 33146 32969 32334 
33066 32984 32885 32678 
33113 32839 32833 32947 
33101 32710 32781 33122 
33041 32619 32722 33181 
32945 32540 32664 33133 
32793 32462 32581 33022 
32613 32373 32480 32883 
32391 32230 32346 32749 
32244 32151 32252 32726 
32122 32081 32182 32753 
32102 32063 32178 32850 
32148 32127 32223 33000 
32273 32261 32331 33123 
32494 32512 32535 33235 
32723 32798 32765 33227 
32925 33081 32985 33066 
33108 33372 33193 32837 
33258 33600 33363 32544 
33352 33756 33481 32234 
33333 33755 33484 31918 
33281 33646 33427 31723 
33138 33388 33256 31659 
32958 33035 33033 31743 
32770 32656 32791 31977 
32563 32248 32519 32319 
32372 31888 32283 32751 
32197 31590 32053 33162 
32051 31437 31864 33502 
32006 31456 31799 33757 
32041 31639 31818 33883 
32161 31967 31953 33857 
32345 32364 32183 33674 
32607 32819 32509 33394 
32868 33248 32875 33029 
33089 33588 33204 32622 
33341 33881 33551 32278 
33521 34026 33813 31990 
33532 33945 33863 31722 
33472 33775 33814 31640 
33301 33482 33592 31645 
33044 33098 33275 31761 
32760 32670 32872 31961 
32455 32257 32451 32217 
32225 31929 32095 32564 
32049 31661 31796 32876 
31956 31530 31625 33160 
32016 31590 31632 33421 
32181 31800 31802 33626 
32420 32102 32081 33725 
32665 32481 32428 33725 
32902 32873 32801 33616 
33048 33185 33104 33375 
33145 33428 33333 33092 
33152 33558 33449 32754 
33090 33551 33443 32419 
32943 33391 33303 32145 
32743 33118 33068 32005 
32557 32818 32810 32078 
32445 32532 32587 32317 
32409 32339 32464 32538 
32378 32201 32393 32489 
32400 32289 32451 32085 
32508 32721 32594 31395 
32992 33198 32773 30703 
34408 32819 32911 30403 
37264 30319 33034 30797 
40763 25627 33083 32056 
42089 21154 33025 33773 
37808 21212 32846 35571 
26350 29506 32630 37010 
10463 45674 32425 37718 
276 64204 32222 37508 
0 65518 32107 36513 
4455 65535 32076 34872 
26240 65535 32160 32799 
47677 54420 32330 30519 
64954 30091 32613 28274 
65535 4880 32915 26397 
65535 7 33165 25260 
65535 0 33374 25222 
56674 8480 33538 26440 
37295 20920 33548 28880 
20023 35047 33439 32283 
7172 45592 33230 36039 
309 54336 32922 39519 
98 63488 32613 42177 
33 65359 32271 43371 
28 65508 32028 42868 
17779 65535 31818 40445 
37559 65535 31802 36674 
58588 51625 31901 32045 
65305 28332 32160 27378 
65522 3617 32475 23424 
65535 61 32854 20920 
65535 0 33216 20439 
65535 0 33490 22052 
59371 0 33658 25446 
38672 22252 33696 30075 
17090 46960 33556 35175 
463 64938 33282 39823 
0 65506 32973 43212 
0 65535 32585 44798 
11062 65535 32297 44452 
30889 65535 32040 42199 
52118 54661 31935 38413 
65162 31430 31973 33908 
65529 6663 32060 29309 
65535 187 32318 25495 
65535 0 32563 22973 
65535 0 32848 22135 
49498 0 33057 23054 
29530 7816 33215 25475 
8440 26411 33261 28849 
173 49634 33200 32599 
0 65072 33054 36143 
0 65504 32875 38870 
0 65535 32624 40391 
14110 65535 32473 40698 
30721 65535 32362 39735 
47804 51462 32362 37775 
60738 28249 32450 35248 
65429 3519 32633 32572 
65459 145 32872 30194 
52632 23 33052 28364 
35897 0 33248 27440 
17256 0 33317 27400 
990 8514 33320 28181 
91 24196 33196 29532 
32 41971 32953 31176 
22 58580 32612 32830 
7660 65328 32353 34278 
21313 65516 32082 35237 
37035 65535 31918 35711 
51998 65504 31912 35701 
63531 46684 32026 35238 
65445 26236 32270 34513 
65502 6611 32593 33660 
65476 194 32909 32813 
53098 49 33184 32103 
38949 36 33416 31629 
24507 3380 33544 31433 
12653 14664 33519 31443 
5056 28382 33384 31620 
2736 42176 33175 31899 
5632 53679 32930 32188 
12890 60925 32662 32456 
22963 62280 32434 32689 
33094 57810 32269 32859 
41788 48762 32158 32970 
47620 37070 32130 33044 
49852 25047 32187 33099 
48407 14943 32326 33148 
43980 8801 32515 33192 
37968 7322 32673 33171 
31861 10195 32859 33146 
26881 16477 32973 33031 
24022 24918 33078 32907 
23597 34079 33090 32695 
25715 42683 33110 32497 
29674 49062 33072 32254 
34593 52472 33021 32083 
39127 52533 32943 31953 
42082 49577 32853 31958 
42612 44183 32747 32065 
40707 37366 32677 32345 
37077 30107 32552 32655 
32794 23437 32459 33058 
28579 18469 32329 33405 
24748 16407 32239 33687 
21331 18003 32185 33858 
18918 22685 32206 33827 
18571 28932 32334 33661 
21440 34490 32535 33347 
27815 37682 32794 32914 
36568 38177 33056 32367 
44898 37075 33355 31879 
49675 36144 33573 31469 
49440 36490 33667 31210 
44869 38007 33652 31186 
38476 39319 33480 31337 
33097 38938 33192 31744 
30446 36281 32823 32276 
29794 32155 32422 32878 
29318 28232 32066 33504 
27572 25940 31772 34021 
24627 25819 31617 34364 
22271 27296 31615 34465 
22467 29344 31782 34330 
25953 31148 32085 33992 
31558 32492 32449 33462 
37155 33660 32854 32840 
40350 34904 33195 32185 
40601 36210 33514 31640 
38627 37114 33684 31236 
36073 37279 33743 31067 
34215 36336 33636 31121 
33530 34298 33395 31335 
33570 31541 33100 31766 
33545 28603 32817 32301 
32876 26149 32498 32834 
31602 25015 32237 33342 
30157 25953 32086 33728 
28834 29065 32006 33935 
27978 34081 32072 33993 
27605 39822 32177 33823 
27968 44657 32355 33562 
29188 47068 32558 33223 
31438 46126 32747 32867 
34623 41599 32896 32494 
38102 34423 32983 32209 
41032 26314 33010 32021 
42771 18721 32994 31951 
42921 13021 32944 31979 
41405 10161 32876 32083 
38333 10895 32810 32251 
33988 15666 32787 32443 
28500 24366 32787 32621 
22282 36160 32814 32758 
16333 49294 32815 32844 
12327 61488 32846 32907 
12233 65392 32842 32933 
16950 65502 32861 32973 
25756 65522 32811 32969 
36434 57310 32748 32974 
46649 41509 32656 32951 
53909 23357 32562 32917 
57187 6723 32441 32855 
57115 232 32332 32799 
54539 83 32245 32725 
49988 52 32193 32650 
43011 31 32217 32613 
33203 11961 32314 32613 
21177 28046 32495 32653 
8616 46689 32726 32714 
368 63925 32979 32757 
44 65440 33235 32788 
15 65535 33476 32816 
10992 65535 33647 32786 
25692 65535 33688 32696 
40712 51722 33616 32582 
53013 31236 33413 32405 
60683 11234 33103 32243 
63057 316 32654 32068 
60731 58 32250 32011 
54860 41 31890 32060 
46273 1825 31640 32222 
36075 14554 31558 32527 
25635 29148 31655 32930 
16454 44863 31855 33319 
10652 58167 32225 33733 
8959 65255 32611 33993 
11422 65492 33008 34077 
17039 65471 33356 33988 
24475 52730 33633 33711 
31893 38533 33701 33213 
38242 24303 33671 32673 
43014 11879 33506 32087 
45883 2541 33244 31543 
46644 136 32935 31140 
45194 71 32618 30950 
41999 1467 32352 30996 
37843 13120 32184 31305 
33582 26861 32036 31757 
30173 41776 32013 32369 
28030 54766 32021 33035 
27469 62479 32106 33700 
28371 63400 32276 34265 
30269 58592 32473 34575 
32410 50196 32682 34647 
33719 40951 32900 34466 
33106 33115 33090 34022 
30207 28183 33231 33376 
25840 25963 33349 32669 
21781 25473 33389 31915 
20118 25635 33334 31260 
22369 25622 33252 30833 
28227 25021 33033 30631 
35952 24111 32833 30768 
43404 23141 32615 31181 
48740 22442 32404 31796 
51174 22115 32236 32521 
50888 22209 32139 33270 
48320 22809 32060 33906 
44086 24472 32118 34358 
38128 27844 32232 34559 
30472 33550 32373 34479 
21670 41664 32567 34170 
13046 51283 32760 33626 
7077 60090 32950 33007 
5459 65220 33108 32351 
9122 65484 33255 31808 
17576 59718 33273 31345 
29360 47000 33240 31143 
42225 30092 33124 31199 
52791 13266 32956 31465 
59527 681 32730 31905 
61088 79 32512 32460 
57442 46 32331 33032 
49335 3018 32170 33518 
38890 13856 32115 33876 
28395 26248 32180 34025 
19455 38711 32338 33964 
13280 49427 32564 33701 
10366 57126 32803 33287 
10824 61085 33049 32786 
14503 60636 33210 32241 
20963 55760 33286 31761 
29288 47087 33293 31483 
38440 35675 33183 31386 
46879 23162 33006 31482 
53029 11836 32774 31760 
55467 3836 32578 32228 
53290 1238 32369 32718 
47083 4780 32235 33213 
38198 13986 32174 33634 
28429 27143 32202 33940 
19588 41969 32327 34043 
13558 54912 32442 33872 
11495 63098 32639 33583 
13458 64577 32853 33168 
18869 60161 32992 32651 
26698 50109 33084 32164 
35604 36475 33104 31749 
43871 22122 33048 31518 
49952 10017 32920 31513 
52979 2118 32737 31688 
52420 110 32556 32019 
48405 4109 32426 32431 
41476 14061 32343 32894 
32835 27934 32333 33276 
24223 42772 32450 33582 
16848 55978 32640 33706 
12019 64769 32880 33672 
10506 65459 33093 33427 
12797 65495 33273 33078 
18508 58530 33323 32626 
26618 46095 33336 32241 
35748 31385 33193 31948 
44703 16208 32913 31740 
52309 2856 32596 31738 
57580 127 32264 31926 
58880 50 31996 32224 
55694 34 31794 32589 
48113 11100 31790 33034 
37265 25803 31920 33411 
25070 42131 32163 33635 
13825 57336 32527 33721 
6169 65264 32921 33629 
3335 65478 33237 33331 
5560 65503 33513 32971 
12056 65506 33658 32536 
21561 54052 33661 32137 
32237 37604 33524 31811 
42426 20779 33260 31639 
51155 5752 32971 31661 
57439 199 32642 31836 
60381 68 32326 32140 
59105 51 32066 32507 
53731 5519 31873 32889 
44848 17244 31808 33264 
33902 31953 31818 33530 
22518 47240 31994 33726 
12844 59969 32221 33754 
6713 65364 32499 33631 
5012 65497 32800 33403 
8063 65464 33080 33054 
15500 52578 33327 32680 
25980 38165 33518 32310 
36833 24074 33583 31966 
45965 12847 33579 31738 
51470 6093 33411 31571 
52718 4031 33194 31577 
50344 5995 32942 31734 
45807 10992 32641 31958 
40817 18072 32388 32291 
36065 26750 32212 32694 
31306 36504 32079 33081 
26096 46186 32033 33438 
20759 54284 32063 33729 
17009 58541 32180 33910 
16693 57755 32317 33895 
20925 51912 32503 33753 
28794 42558 32673 33482 
37812 32136 32852 33115 
44310 23562 32975 32660 
45939 18981 33055 32251 
42727 18675 33030 31839 
36831 21793 32972 31573 
31052 26482 32876 31480 
27464 30846 32762 31555 
26723 33355 32705 31843 
27674 33465 32687 32214 
28949 31774 32686 32630 
30030 29503 32778 33062 
31131 27878 32842 33361 
33101 27879 32934 33572 
35972 29785 33003 33623 
38710 32952 33041 33510 
40026 36348 32974 33229 
39245 38930 32872 32925 
36550 39857 32696 32538 
33471 38983 32509 32258 
31341 36985 32297 32065 
30473 34976 32115 31967 
30217 34008 32001 32032 
29419 34543 31994 32252 
27283 36182 32079 32528 
24496 37648 32293 32842 
22689 37388 32563 33113 
23479 34530 32859 33281 
27424 29401 33131 33310 
33597 23696 33377 33266 
40029 19571 33530 33087 
44413 18935 33582 32835 
45680 21870 33513 32551 
43906 26967 33356 32285 
40129 32250 33130 32093 
35561 36114 32815 31965 
31464 38134 32524 31982 
28552 38951 32268 32133 
26946 39611 32078 32383 
26504 40441 31880 32653 
27032 41153 31830 32983 
28080 40757 31831 33256 
29250 38720 31985 33510 
30354 35041 32176 33614 
31456 30627 32437 33604 
32859 26713 32772 33496 
34618 24111 33074 33211 
36450 23265 33358 32878 
37693 23825 33572 32478 
37661 25381 33734 32120 
35976 27700 33735 31769 
33030 30975 33640 31549 
29785 35194 33396 31455 
27486 39850 33088 31537 
26792 44055 32747 31794 
27891 46357 32439 32207 
30267 45479 32116 32654 
33482 40860 31850 33117 
36924 33240 31717 33561 
39883 24523 31701 33883 
41852 17031 31842 34049 
42137 13036 32081 34035 
40025 14078 32373 33805 
35532 20329 32661 33448 
29452 30079 32933 33023 
23049 41063 33106 32511 
17967 50815 33221 32072 
15552 57057 33269 31758 
16618 58318 33239 31577 
21396 53793 33153 31594 
28933 44604 33053 31763 
38141 32296 32988 32076 
47181 19013 32908 32415 
54104 7565 32884 32770 
56981 551 32839 33031 
54772 68 32833 33230 
48126 6418 32771 33272 
38676 13900 32694 33191 
28406 27463 32626 33075 
19056 42600 32489 32868 
11570 57936 32333 32652 
7202 65271 32233 32538 
6470 65476 32153 32494 
10085 65529 32138 32530 
18290 65535 32211 32662 
30112 65508 32352 32826 
43580 43863 32527 32989 
55308 20888 32760 33148 
62086 1683 32964 33168 
62589 74 33170 33119 
57448 20 33318 32956 
48176 55 33393 32707 
36643 13251 33404 32409 
24615 28170 33345 32142 
13880 43932 33229 31967 
5857 58311 33020 31865 
2521 65328 32772 31900 
5285 65524 32533 32115 
14283 65535 32290 32421 
27416 55140 32099 32816 
41245 35218 31926 33152 
52776 13566 31886 33478 
59670 418 31992 33712 
60905 55 32135 33736 
57227 34 32427 33663 
49516 37 32740 33377 
39313 10524 33041 32982 
27668 24804 33327 32552 
16265 41699 33539 32138 
7261 58653 33609 31805 
3073 65326 33582 31625 
5329 65517 33408 31640 
13658 65535 33148 31801 
25907 65535 32835 32082 
39230 56589 32515 32474 
51210 35996 32273 32939 
59074 14914 32072 33303 
61625 655 32008 33612 
58739 76 32022 33753 
51256 54 32139 33713 
40355 78 32319 33532 
27762 11012 32527 33212 
16104 23719 32782 32881 
7357 38294 32974 32493 
3358 52450 33142 32172 
4865 63303 33260 31952 
11743 65457 33273 31869 
22644 65533 33204 31908 
35396 56052 33084 32093 
47997 39793 32874 32337 
58131 21987 32646 32617 
63476 6729 32435 32939 
62387 192 32285 33197 
54826 35 32173 33344 
42960 7035 32214 33443 
29361 15650 32339 33386 
17249 29144 32557 33257 
9429 41757 32819 33027 
7151 51105 33101 32755 
10376 55582 33349 32495 
17086 55163 33470 32247 
25288 51441 33458 32043 
33224 46092 33309 31951 
39846 40537 33089 32004 
44719 35149 32743 32127 
47692 29971 32396 32345 
48624 25145 32101 32632 
47445 20670 31890 32869 
44030 17332 31800 33117 
38556 16227 31870 33318 
31526 18270 32083 33455 
24441 23284 32382 33484 
18982 30104 32729 33413 
16865 36557 33092 33277 
19010 40513 33366 33034 
25279 40840 33599 32779 
33501 37837 33686 32487 
41152 33438 33620 32214 
45780 30183 33448 32012 
45835 30013 33139 31871 
41465 33380 32780 31858 
34287 38958 32352 31928 
26853 44514 32021 32152 
21435 47672 31772 32452 
19603 47073 31694 32797 
21458 42763 31760 33130 
25898 36040 31992 33428 
31201 28651 32359 33630 
36180 21922 32817 33713 
39657 17189 33206 33574 
41824 14820 33559 33355 
43092 14675 33768 33028 
43660 16591 33781 32618 
43368 20435 33635 32236 
41544 26005 33339 31919 
37834 32445 32977 31729 
32364 38983 32532 31662 
26232 44956 32200 31840 
20795 49539 31938 32082 
17375 52394 31820 32442 
16796 53088 31865 32856 
18779 51243 32011 33189 
22702 46759 32246 33490 
27864 39809 32530 33638 
33662 31116 32829 33661 
39678 21963 33055 33476 
44788 14697 33220 33211 
47941 10906 33328 32866 
48169 11421 33357 32529 
45352 15771 33325 32230 
40201 22333 33157 31973 
34823 28793 32939 31857 
30874 33608 32687 31866 
29215 36287 32482 32083 
29158 37477 32303 32403 
29101 38706 32219 32790 
27581 41075 32172 33121 
24522 44808 32218 33393 
21329 48677 32386 33590 
19980 50644 32619 33636 
21903 48745 32817 33449 
26955 42672 33037 33154 
33378 33746 33184 32745 
38958 24615 33278 32303 
42222 18008 33310 31942 
42843 15521 33221 31639 
42082 16667 33059 31547 
41275 19595 32838 31646 
41043 22446 32609 31943 
40860 24503 32414 32382 
39433 26434 32264 32879 
35724 29751 32179 33379 
29732 35525 32168 33762 
22825 43236 32247 33994 
17181 50763 32394 34025 
