32735 32774 32642 31494 
32735 32774 32642 31494 
32650 32673 32455 31964 
32553 32550 32294 32493 
32526 32483 32213 33111 
32494 32388 32154 33641 
32511 32364 32209 34044 
32587 32382 32332 34234 
32685 32433 32506 34194 
32738 32475 32661 33864 
32798 32546 32828 33399 
32771 32591 32923 32805 
32753 32660 32996 32243 
32694 32705 33016 31768 
32660 32797 33041 31484 
32605 32860 33014 31410 
32592 32935 32980 31539 
32638 33038 32974 31875 
32712 33133 32953 32286 
32832 33211 32940 32697 
32916 33227 32883 33037 
33001 33199 32820 33290 
33048 33119 32730 33390 
33058 32995 32644 33356 
32988 32807 32530 33201 
32871 32585 32430 32989 
32719 32358 32354 32778 
32546 32134 32290 32587 
32384 31969 32261 32506 
32256 31853 32275 32499 
32177 31816 32333 32561 
32170 31905 32445 32696 
32267 32088 32606 32835 
32414 32371 32799 32965 
32601 32697 32983 33027 
32792 33045 33142 32983 
32989 33385 33263 32860 
33156 33659 33344 32680 
33292 33860 33367 32490 
33340 33874 33291 32283 
33323 33752 33153 32146 
33202 33496 32928 32047 
33059 33184 32704 32070 
32907 32836 32492 32210 
32721 32446 32308 32404 
32572 32144 32218 32696 
32377 31850 32112 32931 
32203 31636 32080 33152 
32071 31569 32115 33359 
31982 31593 32190 33472 
31976 31727 32306 33526 
32047 31953 32467 33470 
32186 32220 32648 33341 
32412 32554 32849 33142 
32682 32926 33040 32871 
32977 33279 33212 32559 
33265 33635 33372 32261 
33520 33920 33487 32012 
33667 34076 33531 31817 
33675 34073 33470 31688 
33567 33937 33335 31708 
33341 33648 33119 31833 
33032 33230 32823 32023 
32708 32766 32533 32344 
32392 32258 32240 32709 
32122 31781 31996 33087 
31934 31387 31821 33403 
31880 31188 31765 33667 
31936 31155 31809 33814 
32129 31360 32009 33844 
32379 31725 32285 33719 
32685 32237 32633 33500 
32925 32745 32952 33140 
33083 33234 33218 32723 
33184 33665 33445 32317 
33189 33971 33564 31948 
33059 34038 33509 31657 
32879 33914 33339 31525 
32668 33646 33097 31554 
32484 33287 32804 31764 
32396 32889 32545 32121 
32376 32464 32327 32525 
32478 32165 32239 33002 
32632 31939 32232 33389 
32826 31861 32320 33661 
33034 31942 32517 33796 
33205 32143 32754 33746 
33262 32395 32943 33496 
33226 32663 33070 33116 
33100 32915 33134 32682 
32877 33079 33064 32226 
32592 33159 32901 31852 
32370 33161 32717 31700 
32172 33036 32501 31712 
32048 32853 32307 31889 
32042 32656 32205 32223 
32147 32495 32194 32657 
32342 32395 32285 33092 
32577 32378 32448 33459 
32817 32440 32662 33666 
33068 32614 32927 33762 
33232 32792 33140 33631 
33309 32963 33282 33327 
33349 33146 33389 32969 
33276 33218 33365 32520 
33157 33228 33271 32135 
32965 33106 33081 31807 
32746 32912 32816 31635 
32505 32634 32524 31651 
32323 32403 32296 31886 
32196 32175 32102 32238 
32095 31992 31948 32629 
32114 31934 31936 33081 
32209 31994 32030 33463 
32418 32208 32256 33762 
32612 32464 32525 33836 
32870 32828 32862 33755 
33029 33129 33126 33414 
33162 33434 33389 33003 
33217 33630 33528 32514 
33184 33708 33573 32056 
33083 33658 33503 31696 
32905 33415 33281 31472 
32725 33090 33001 31478 
32555 32689 32669 31688 
32497 32353 32417 32125 
32474 32018 32182 32583 
32532 31825 32061 33135 
32595 31718 31987 33566 
32680 31797 32032 33875 
32812 32020 32205 34006 
32868 32296 32395 33898 
32895 32633 32642 33619 
32863 32971 32860 33206 
32756 33225 33023 32685 
32658 33420 33167 32188 
32571 33527 33270 31800 
32452 33459 33253 31495 
32406 33312 33184 31447 
32398 33058 33021 31564 
32463 32802 32855 31889 
32539 32513 32626 32288 
32666 32297 32449 32770 
32790 32117 32284 33241 
32906 32031 32188 33637 
33003 32090 32212 33919 
33078 32224 32329 33994 
33092 32436 32508 33882 
33088 32697 32753 33613 
33023 32955 33009 33209 
32916 33145 33189 32707 
32800 33306 33335 32213 
32698 33404 33407 31788 
32579 33370 33336 31445 
32478 33244 33156 31291 
32397 33045 32879 31331 
32383 32814 32592 31576 
32392 32564 32321 31973 
32467 32351 32118 32478 
32570 32165 32010 33001 
32650 32026 31972 33478 
32755 31996 32089 33874 
32859 32059 32307 34093 
32909 32195 32554 34125 
32914 32374 32792 33977 
32845 32572 32969 33635 
32766 32785 33085 33215 
32699 32998 33140 32767 
32611 33160 33120 32324 
32594 33302 33078 31994 
32601 33373 33015 31761 
32639 33360 32920 31637 
32704 33293 32874 31662 
32814 33209 32868 31825 
32897 33042 32858 31999 
32954 32869 32853 32220 
32953 32643 32808 32437 
32948 32479 32795 32682 
32867 32305 32696 32875 
32733 32153 32554 33018 
32593 32054 32407 33149 
32448 32006 32234 33236 
32370 32064 32153 33339 
32370 32195 32135 33424 
32407 32348 32177 33454 
32516 32570 32334 33437 
32665 32811 32548 33345 
32799 33023 32784 33187 
32930 33234 33037 32956 
33028 33380 33250 32670 
33098 33506 33429 32397 
33085 33505 33499 32107 
32998 33408 33457 31850 
32856 33210 33295 31660 
32723 32997 33094 31628 
32577 32713 32822 31679 
32484 32454 32569 31886 
32426 32199 32331 32138 
32433 32050 32178 32512 
32431 31915 32054 32862 
32503 31889 32025 33245 
32571 31941 32062 33579 
32648 32090 32168 33852 
32743 32318 32356 33999 
32826 32592 32555 34005 
32869 32859 32757 33844 
32882 33124 32958 33529 
32868 33332 33113 33113 
32892 33521 33284 32675 
32893 33626 33400 32214 
32873 33606 33442 31771 
32846 33529 33430 31474 
32742 33257 33258 31224 
32634 32676 32856 31412 
32590 32353 32606 31728 
32556 32088 32367 32178 
32542 31888 32178 32691 
32557 31783 32048 33192 
32585 31793 32012 33629 
32631 31918 32040 33957 
32706 32156 32171 34129 
32770 32450 32330 34108 
32841 32772 32543 33934 
32925 33117 32787 33634 
32938 33335 32956 33197 
32939 33523 33132 32730 
32927 33599 33250 32290 
32889 33562 33328 31951 
32783 33393 33301 31772 
32665 33123 33210 31822 
32502 32782 33027 31983 
32351 32429 32823 32127 
32174 32114 32590 32007 
32017 32031 32383 31624 
32039 32281 32241 31094 
32666 32402 32156 30739 
34632 31373 32194 30964 
38031 28127 32328 31888 
41573 23269 32524 33432 
41984 19896 32764 35316 
35744 22782 32989 36898 
22404 34582 33191 37796 
5981 53011 33303 37758 
79 65208 33336 36728 
0 65535 33202 34884 
12373 65535 33039 32684 
33500 65535 32767 30333 
54767 48924 32494 28100 
65371 25298 32274 26288 
65535 1291 32110 25164 
65535 0 32065 25109 
65535 0 32130 26242 
50757 8564 32323 28556 
31983 23176 32550 31883 
15804 36143 32806 35803 
3853 46121 32984 39454 
193 56088 33114 42353 
78 65021 33160 43896 
8 65419 33096 43680 
8621 65535 33025 41608 
22910 65535 32877 37904 
43505 65535 32762 33140 
63761 47746 32672 28059 
65410 24259 32662 23548 
65535 1209 32708 20308 
65535 0 32773 19047 
65535 0 32828 19988 
65535 0 32879 22994 
53797 890 32901 27611 
34026 26132 32853 33061 
12515 51179 32765 38573 
209 65114 32618 43014 
0 65531 32466 45849 
0 65535 32306 46605 
16236 65535 32209 45212 
37129 65535 32177 41835 
58432 53253 32244 37094 
65361 30125 32389 31878 
65535 5319 32659 27028 
65535 68 32905 23178 
65535 0 33147 20952 
65535 0 33338 20614 
45339 0 33480 22220 
24652 7359 33447 25197 
3607 28713 33391 29201 
78 52742 33214 33404 
0 65165 32972 37161 
0 65526 32682 39975 
921 65535 32439 41446 
18626 65535 32192 41404 
36137 65535 32031 40109 
52682 50961 31982 37901 
64197 27739 31983 35185 
65511 2651 32068 32380 
65521 125 32269 30059 
50569 12 32508 28516 
32290 0 32746 27793 
12592 0 33027 27939 
398 8789 33277 28744 
57 25861 33449 29985 
22 45521 33603 31417 
18 62645 33587 32626 
9880 65430 33510 33555 
24219 65535 33314 34077 
40011 65535 33068 34204 
54560 65535 32726 34011 
64416 46103 32429 33712 
65467 23766 32140 33365 
65507 2548 31959 33138 
58522 126 31833 33031 
46719 39 31859 33127 
32177 28 31983 33319 
18612 2037 32213 33570 
8233 14985 32472 33713 
2754 29455 32801 33742 
2942 44303 33098 33551 
8395 56329 33354 33131 
17512 63150 33512 32562 
28293 63640 33585 31924 
38706 57999 33510 31288 
46906 47469 33321 30840 
51631 33942 33019 30632 
52088 20407 32676 30745 
48769 9728 32391 31232 
42726 3461 32133 31935 
35461 2423 31978 32766 
28389 6467 31919 33580 
23207 14677 32025 34293 
20748 25499 32265 34721 
21297 36903 32594 34836 
24568 47339 32966 34626 
29704 55132 33294 34103 
35515 59203 33572 33410 
40612 59048 33665 32597 
43570 54939 33636 31853 
43714 47848 33433 31288 
41363 38732 33083 30978 
37463 28993 32678 30991 
32970 20062 32282 31300 
28426 13544 31933 31826 
24196 11126 31719 32423 
20486 13174 31696 33061 
18104 18739 31813 33554 
18518 25986 32140 33929 
22964 32334 32542 34003 
30697 36073 32964 33859 
39606 37462 33273 33478 
46822 37862 33472 33021 
49680 38701 33557 32601 
47371 40495 33506 32272 
41581 42331 33276 32055 
35406 42773 32980 31983 
31338 40783 32672 32083 
29973 36443 32455 32333 
29881 31284 32321 32596 
28994 27162 32298 32817 
26628 25478 32399 32953 
23806 25986 32574 32992 
22589 27708 32763 32917 
24515 29643 32931 32755 
29436 31295 33050 32574 
35381 32605 33073 32399 
39688 33771 32978 32294 
41009 34903 32769 32254 
39587 35803 32557 32399 
36792 36042 32352 32648 
34256 35255 32184 32939 
33003 33528 32120 33227 
32857 31122 32159 33461 
33077 28591 32360 33638 
32858 26466 32610 33615 
31953 25479 32906 33448 
30602 26392 33202 33122 
29284 29363 33395 32698 
28337 34314 33517 32270 
27861 40225 33526 31894 
27944 45649 33365 31582 
28810 49062 33113 31438 
30674 49006 32832 31510 
33490 45139 32528 31768 
36915 37984 32256 32121 
40205 28930 31992 32560 
42618 19611 31858 33069 
43484 12057 31858 33562 
42608 7330 31939 33920 
40134 6380 32159 34124 
36083 9852 32439 34103 
30796 17794 32754 33899 
24479 29613 33063 33520 
17962 43913 33339 33027 
12532 58728 33565 32479 
10622 65310 33699 31978 
13454 65494 33667 31547 
21040 65525 33543 31328 
31722 65524 33286 31247 
43109 53761 32967 31396 
52202 35516 32571 31692 
57426 17017 32236 32149 
58812 1251 31972 32633 
57278 125 31817 33142 
53408 60 31762 33563 
47364 33 31865 33890 
38541 5745 32058 33982 
26904 19130 32355 33969 
13270 37639 32661 33755 
1123 56900 32944 33442 
77 65278 33135 33022 
15 65518 33251 32602 
8151 65535 33263 32252 
18521 65535 33177 31970 
34229 61284 33053 31837 
48291 38662 32905 31839 
57949 17261 32788 31972 
62445 823 32716 32150 
62068 83 32729 32410 
57701 40 32753 32589 
50101 37 32819 32743 
40461 9634 32882 32801 
29853 23243 32901 32798 
19852 38990 32919 32795 
12181 53900 32835 32719 
8316 64736 32707 32708 
9057 65478 32521 32730 
13721 65518 32329 32839 
20834 61739 32138 32958 
28833 46604 32029 33129 
36289 31016 32032 33323 
42360 16149 32158 33462 
46375 4462 32368 33512 
48162 188 32635 33389 
47645 82 32963 33171 
44908 58 33210 32826 
40593 7528 33431 32407 
35782 19759 33575 32039 
31345 34567 33579 31691 
28088 48907 33463 31470 
26435 59555 33283 31422 
26412 64019 33013 31536 
27836 61700 32748 31838 
30083 54359 32470 32240 
32173 44760 32213 32721 
32899 35623 32012 33228 
31350 28772 31862 33674 
27769 25170 31824 34011 
23506 24082 31894 34169 
20637 24417 32060 34171 
21091 25096 32297 33954 
25628 25427 32586 33559 
32996 25281 32917 33091 
41162 24763 33203 32517 
47997 24286 33502 32017 
51952 23931 33672 31558 
52698 23833 33736 31257 
50783 24017 33667 31144 
46808 24752 33453 31211 
41125 26735 33156 31482 
33741 30759 32829 31926 
24742 37393 32482 32462 
15546 45879 32172 33007 
7857 54904 31940 33509 
3800 62175 31811 33899 
4914 65171 31792 34114 
11659 61894 31899 34142 
22787 52067 32051 33924 
35859 37404 32300 33595 
48398 20551 32606 33179 
58130 5101 32912 32714 
62961 164 33163 32249 
62047 49 33381 31881 
55879 45 33492 31640 
46074 8893 33488 31561 
34694 20924 33376 31652 
23895 34040 33158 31870 
15208 46210 32894 32190 
9912 55608 32596 32580 
8338 61119 32356 32976 
10297 62324 32171 33289 
15453 59118 32071 33492 
23246 51841 32108 33607 
32976 40855 32260 33564 
42767 28190 32511 33433 
51135 15621 32776 33167 
56315 5497 33013 32838 
57048 349 33165 32469 
52958 56 33297 32168 
44958 7647 33283 31926 
34730 19836 33175 31825 
24313 34780 32961 31811 
15751 49534 32704 31956 
10572 61258 32430 32185 
9854 65393 32250 32518 
13381 65504 32134 32857 
20292 58628 32091 33148 
29308 46087 32189 33402 
38989 30942 32387 33548 
47267 16518 32633 33595 
52911 5155 32836 33465 
54997 206 33011 33257 
53115 53 33087 32974 
47526 5523 33082 32680 
39239 17753 33045 32441 
29824 32673 32903 32230 
20737 47715 32748 32124 
13517 60074 32657 32125 
9316 65371 32608 32208 
9100 65487 32616 32330 
12899 65489 32692 32476 
20022 54330 32789 32583 
29238 40856 32883 32646 
39433 25418 32956 32662 
48948 10503 32978 32652 
56297 470 32917 32633 
60404 83 32793 32589 
60205 41 32631 32618 
55122 5924 32453 32699 
45517 16603 32299 32840 
33172 32387 32153 32981 
20369 48720 32149 33193 
9658 62401 32218 33353 
3140 65410 32371 33444 
1998 65497 32629 33464 
6068 65508 32893 33341 
14080 65409 33090 33082 
24446 49055 33271 32776 
35510 32245 33366 32420 
46299 14846 33364 32054 
54855 1062 33256 31752 
60346 104 33077 31559 
61813 58 32863 31536 
58904 45 32639 31653 
51888 9217 32442 31902 
41560 22321 32289 32251 
29452 37789 32194 32686 
17662 52807 32149 33147 
8788 63507 32142 33546 
3987 65445 32230 33885 
4043 65508 32337 34066 
9148 57777 32486 34077 
18615 46885 32667 33914 
30347 31769 32869 33599 
41434 18312 33053 33150 
49784 8703 33181 32604 
53905 4069 33322 32077 
53544 4017 33358 31573 
49868 7667 33331 31244 
44755 13813 33215 31083 
39459 21792 33023 31136 
34251 31183 32788 31407 
28815 41356 32585 31904 
22750 50927 32362 32473 
17296 57683 32177 33072 
14568 59650 32051 33591 
16415 56207 32050 34029 
23040 48030 32128 34250 
32534 37342 32250 34248 
41595 26852 32419 34014 
46655 19756 32658 33656 
46307 17187 32857 33162 
41557 19027 33033 32609 
35113 23729 33173 32110 
29754 29097 33239 31664 
27251 32990 33230 31390 
27205 34434 33159 31321 
28263 33444 33036 31446 
29219 31012 32831 31705 
30005 28594 32625 32129 
31220 27519 32441 32624 
33439 28285 32292 33087 
36378 30695 32216 33515 
38818 33926 32209 33803 
39572 37003 32315 33945 
38173 38843 32477 33872 
35473 39078 32666 33608 
32892 38041 32896 33231 
31372 36467 33079 32722 
30936 35392 33198 32232 
30546 35519 33237 31799 
29119 36823 33199 31517 
26426 38433 33050 31421 
23556 39012 32859 31535 
22311 37115 32626 31831 
24344 32381 32422 32264 
29493 26008 32302 32784 
36213 20015 32226 33259 
42173 16774 32216 33661 
45577 17578 32307 33931 
45600 22039 32472 34014 
42724 28054 32626 33855 
38369 33596 32817 33543 
33817 37369 32924 33070 
30058 39396 33003 32533 
27579 40621 33085 32050 
26451 41723 33086 31648 
26410 42786 33010 31400 
27179 43145 32918 31392 
28346 41853 32776 31588 
29559 38385 32598 31966 
30813 33465 32471 32474 
32166 28168 32357 33009 
33813 23881 32273 33484 
35742 21505 32286 33871 
37516 21128 32386 34047 
38245 22317 32511 33975 
37404 24677 32731 33709 
34907 28014 32938 33249 
31462 32355 33125 32690 
28199 37779 33336 32150 
26204 43214 33409 31645 
26079 47474 33388 31353 
27740 48930 33220 31230 
30789 46537 32982 31377 
34652 40000 32658 31717 
38473 30755 32333 32228 
41724 20963 32095 32821 
43526 13272 31880 33348 
43192 10107 31817 33806 
40098 12869 31937 34119 
34448 21092 32147 34166 
27437 32562 32427 33974 
20571 44633 32747 33602 
15590 54634 33020 33112 
13808 60246 33204 32534 
16009 60166 33355 32064 
21983 53968 33359 31701 
30669 42954 33256 31509 
40686 29039 33080 31517 
50098 14761 32908 31741 
56640 3092 32718 32061 
58576 121 32619 32509 
55140 50 32533 32862 
47307 5512 32495 33137 
36900 16154 32564 33332 
26011 30887 32669 33400 
16195 47293 32733 33275 
8715 63074 32752 33041 
4837 65389 32750 32782 
5095 65503 32744 32562 
10221 65535 32668 32402 
20438 65535 32591 32358 
34346 57593 32475 32414 
48228 35661 32415 32575 
59350 12893 32421 32827 
64641 353 32438 33044 
63221 28 32463 33176 
56203 15 32604 33277 
45420 5761 32724 33178 
32983 18449 32896 33028 
20526 34558 33058 32752 
9702 51017 33190 32421 
2364 64607 33292 32101 
773 65475 33298 31843 
5998 65535 33194 31693 
17123 65535 33032 31727 
31620 53781 32793 31924 
46338 31719 32496 32248 
57383 8907 32255 32723 
62888 227 32052 33212 
62368 42 31939 33667 
56852 29 31975 34032 
47473 43 32124 34159 
35537 12646 32389 34079 
22811 27989 32717 33787 
11053 45548 33044 33296 
2783 62507 33311 32697 
353 65422 33548 32087 
5292 65535 33598 31514 
16320 65535 33494 31106 
30375 65535 33269 30951 
44573 48952 32980 31053 
56144 27005 32654 31434 
62944 6639 32367 32026 
63713 171 32156 32726 
58688 50 32007 33392 
49262 51 31986 33961 
36856 5280 32070 34311 
23534 15535 32308 34518 
11516 30058 32561 34400 
3387 45903 32787 33987 
948 59987 32995 33411 
4458 65365 33127 32738 
13297 65524 33239 32106 
25804 65535 33235 31522 
40062 55919 33197 31197 
53127 37312 33041 31040 
62689 17701 32825 31158 
65438 2008 32634 31515 
65373 78 32437 32043 
53213 27 32304 32674 
39403 5446 32176 33228 
24724 17189 32194 33763 
12735 30483 32289 34118 
5994 42174 32484 34254 
5309 50159 32692 34118 
9906 53274 32934 33779 
17803 52192 33158 33284 
26853 48358 33321 32727 
35460 43450 33432 32184 
42571 38283 33355 31645 
47631 33420 33209 31348 
50413 28726 32956 31229 
50888 24161 32686 31363 
48786 20207 32448 31734 
43733 17670 32191 32199 
36416 17974 32056 32742 
28087 21489 32002 33249 
20333 27678 32066 33683 
15190 34790 32251 33978 
14331 40462 32447 34009 
18557 42842 32732 33900 
26586 41050 32942 33581 
36048 36294 33142 33175 
44024 30949 33262 32712 
48120 27686 33325 32264 
47087 28268 33331 31906 
41608 32525 33239 31672 
33707 38701 33080 31618 
26036 44232 32866 31714 
20982 46938 32629 31956 
19709 45725 32428 32318 
21988 41040 32294 32758 
26351 34334 32168 33127 
31257 27423 32133 33482 
35548 21643 32209 33723 
38760 17611 32342 33765 
40966 15749 32544 33670 
42635 15985 32815 33450 
43677 18158 33008 33037 
43650 22191 33151 32586 
41877 27942 33311 32194 
37902 34354 33326 31831 
32189 40697 33271 31591 
25867 46112 33091 31502 
20574 50096 32915 31647 
17415 52194 32676 31899 
17103 52122 32481 32302 
19279 49642 32341 32785 
23245 44590 32209 33218 
28451 37257 32170 33640 
34435 28311 32227 33931 
40589 19445 32383 34058 
45422 13114 32524 33937 
48005 10676 32747 33681 
47410 12524 32903 33248 
43852 17819 33022 32728 
38512 24722 33104 32190 
33566 30893 33116 31752 
30475 35036 33057 31457 
29514 36987 32885 31353 
29682 37906 32709 31483 
29250 39417 32561 31875 
27080 42423 32454 32344 
23577 46541 32404 32868 
20515 50151 32440 33344 
20007 51018 32537 33685 
23187 47483 32728 33871 
29120 39786 32917 33793 
35661 29908 33069 33488 
40619 20928 33175 33080 
42883 15372 33211 32615 
42823 14183 33181 32186 
41698 16435 32980 31813 
40929 19867 32729 31635 
40747 22880 32476 31716 
40225 25140 32225 31961 
38112 27752 32081 32358 
33449 32325 32032 32849 
26702 39462 32096 33317 
19923 47749 32255 33677 
