33198 33992 32770 33890 
33198 33992 32770 33890 
33290 34181 32990 33529 
33316 34167 33204 33073 
33272 33918 33337 32528 
33198 33527 33421 32018 
33071 33041 33380 31614 
32879 32475 33205 31324 
32715 32008 32997 31285 
32517 31601 32685 31417 
32343 31393 32389 31772 
32241 31410 32171 32256 
32170 31587 32024 32779 
32148 31917 31980 33272 
32186 32309 32031 33672 
32341 32834 32261 33986 
32463 33230 32473 34005 
32609 33522 32712 33831 
32760 33671 32917 33524 
32874 33629 33061 33142 
32963 33448 33105 32740 
33019 33175 33090 32389 
33055 32842 33018 32153 
33055 32520 32900 32032 
33072 32312 32828 32070 
33048 32201 32768 32160 
32977 32174 32741 32288 
32947 32298 32827 32449 
32875 32473 32921 32547 
32776 32652 32997 32561 
32697 32852 33071 32559 
32599 32992 33060 32500 
32501 33053 32944 32414 
32454 33081 32799 32418 
32401 33033 32568 32482 
32354 32894 32298 32625 
32362 32745 32076 32857 
32390 32579 31915 33144 
32437 32424 31855 33423 
32572 32367 31978 33685 
32710 32353 32192 33812 
32848 32409 32531 33780 
32991 32534 32911 33604 
33088 32671 33270 33273 
33134 32794 33548 32815 
33141 32918 33727 32315 
33108 33010 33759 31858 
32989 33014 33610 31443 
32893 33021 33367 31231 
32767 32964 33036 31200 
32636 32883 32636 31346 
32555 32811 32300 31711 
32512 32765 32052 32228 
32445 32664 31852 32760 
32405 32578 31789 33318 
32392 32516 31873 33839 
32359 32428 32037 34192 
32342 32350 32265 34360 
32385 32343 32578 34352 
32447 32350 32864 34102 
32546 32416 33122 33669 
32710 32548 33331 33116 
32925 32733 33456 32489 
33136 32940 33497 31905 
33319 33110 33426 31391 
33443 33270 33290 31059 
33495 33359 33112 30949 
33421 33365 32884 31046 
33267 33290 32678 31374 
33070 33177 32511 31919 
32771 32947 32363 32510 
32435 32670 32239 33106 
32160 32418 32200 33724 
31951 32176 32206 34165 
31843 32011 32281 34379 
31867 31948 32396 34378 
31962 31939 32496 34117 
32156 32047 32597 33673 
32414 32243 32687 33144 
32662 32457 32738 32553 
32930 32721 32781 32063 
33117 32936 32806 31683 
33217 33109 32802 31503 
33283 33251 32855 31548 
33272 33329 32930 31758 
33213 33369 33027 32088 
33122 33355 33130 32437 
33011 33294 33223 32775 
32927 33208 33282 33018 
32830 33076 33266 33123 
32771 32912 33176 33109 
32705 32721 33035 33005 
32655 32508 32813 32857 
32552 32258 32511 32662 
32487 32080 32235 32567 
32393 31918 31972 32521 
32304 31832 31790 32578 
32249 31843 31716 32728 
32211 31941 31790 32939 
32228 32153 31983 33160 
32299 32441 32282 33324 
32457 32805 32691 33432 
32628 33161 33073 33364 
32810 33480 33399 33129 
33023 33763 33661 32814 
33235 33909 33789 32430 
33419 33937 33805 32084 
33512 33798 33670 31791 
33530 33519 33430 31627 
33395 33091 33076 31598 
33171 32588 32678 31732 
32955 32166 32385 32064 
32680 31756 32087 32473 
32373 31447 31861 32906 
32083 31292 31714 33328 
31865 31328 31707 33679 
31771 31565 31827 33939 
31802 31964 32056 34038 
31907 32407 32325 33931 
32161 32944 32697 33714 
32392 33362 32979 33281 
32735 33771 33287 32814 
33087 34056 33543 32320 
33412 34156 33702 31865 
33636 34051 33727 31466 
33748 33793 33646 31265 
33703 33380 33441 31239 
33545 32916 33155 31429 
33258 32411 32809 31774 
32962 32006 32501 32292 
32595 31687 32177 32836 
32245 31503 31904 33337 
32017 31547 31784 33791 
31856 31697 31749 34032 
31817 31975 31845 34097 
31927 32331 32066 33996 
32110 32672 32347 33704 
32360 32967 32668 33319 
32630 33205 32973 32873 
32849 33334 33214 32367 
33085 33432 33428 31974 
33257 33445 33540 31683 
33350 33424 33551 31567 
33326 33325 33420 31580 
33256 33180 33207 31751 
33077 32974 32902 32011 
32881 32756 32590 32383 
32690 32538 32332 32798 
32503 32307 32117 33160 
32349 32109 31992 33468 
32274 31983 31994 33673 
32294 31989 32149 33767 
32365 32052 32371 33698 
32484 32200 32657 33489 
32632 32404 32957 33174 
32865 32843 33352 32304 
32930 33019 33391 31878 
32979 33187 33334 31570 
32968 33292 33145 31420 
32957 33355 32906 31466 
32895 33360 32610 31702 
32860 33336 32388 32133 
32796 33257 32222 32650 
32691 33079 32116 33174 
32601 32864 32147 33672 
32514 32621 32263 34032 
32467 32388 32482 34212 
32424 32159 32679 34114 
32426 31981 32884 33813 
32436 31850 33005 33300 
32486 31806 33029 32735 
32607 31910 33028 32195 
32697 32066 32911 31712 
32802 32313 32786 31447 
32905 32611 32669 31384 
32995 32943 32607 31557 
33032 33257 32599 31896 
33031 33511 32652 32310 
33032 33718 32795 32779 
32951 33757 32911 33132 
32858 33694 33027 33379 
32785 33570 33110 33504 
32677 33295 33085 33418 
32603 33000 32999 33230 
32522 32636 32784 32934 
32511 32320 32585 32690 
32499 32051 32370 32494 
32478 31813 32159 32381 
32473 31670 32050 32382 
32461 31646 32032 32481 
32498 31764 32153 32693 
32560 31971 32382 32914 
32634 32237 32659 33094 
32717 32574 32955 33204 
32824 32918 33214 33167 
32919 33221 33384 33004 
33010 33463 33445 32735 
33105 33666 33429 32447 
33135 33727 33292 32132 
33125 33701 33081 31884 
33034 33544 32784 31721 
32908 33312 32532 31753 
32794 33083 32345 31965 
32597 32739 32179 32268 
32392 32385 32076 32690 
32238 32066 32081 33190 
32099 31773 32120 33605 
32055 31601 32244 33954 
32060 31545 32399 34090 
32207 31686 32634 34072 
32427 31943 32873 33830 
32688 32282 33080 33398 
32966 32667 33248 32846 
33221 33067 33371 32256 
33413 33419 33418 31694 
33514 33692 33378 31265 
33477 33802 33246 31041 
33346 33784 33070 31066 
33119 33638 32817 31302 
32862 33422 32579 31793 
32606 33135 32367 32414 
32363 32788 32160 33033 
32171 32435 32028 33599 
32118 32171 32028 34078 
32122 31946 32079 34307 
32213 31823 32208 34295 
32358 31815 32400 34084 
32567 31939 32661 33800 
32748 32160 32913 33469 
32873 32401 33123 33104 
32974 32687 33303 32645 
33046 32993 33464 31999 
32962 33098 33407 30989 
32865 33164 33304 29982 
32735 33125 33106 29205 
32596 32986 32809 29078 
32498 32831 32484 29913 
32523 32747 32227 31649 
32610 32731 32015 33964 
32809 32836 31929 36261 
33024 32987 31946 37975 
33254 33164 32125 38792 
33310 33193 32414 38489 
33115 32980 32766 37186 
32512 32560 33100 35099 
31547 32200 33404 32562 
30450 32195 33602 29743 
29888 32701 33655 27104 
30464 33385 33515 25024 
32589 33741 33235 23950 
35987 33259 32920 24236 
39465 31697 32555 25919 
41595 29490 32220 29037 
40906 27691 31937 33023 
37164 27394 31806 37310 
31115 29325 31810 41204 
24382 33299 31961 43918 
18827 38307 32202 44911 
16306 42552 32502 43858 
17406 44624 32817 40860 
21843 43669 33052 36322 
28714 39836 33200 30993 
36978 33934 33255 25665 
44917 27620 33226 21505 
51369 22117 33129 19130 
55157 18403 33004 18977 
55383 16971 32870 21106 
51530 18027 32800 25361 
44169 21273 32748 30760 
34627 26231 32762 36364 
24106 32363 32794 41256 
14142 39149 32829 44695 
6257 45809 32840 46126 
1866 51384 32786 45313 
2279 54661 32684 42420 
7951 54724 32567 38145 
18283 51128 32380 33080 
31702 44062 32176 28133 
46228 34492 32086 24185 
59653 23363 32013 21687 
65340 13589 32105 21274 
65491 6584 32276 22670 
65513 3909 32537 25598 
65464 6041 32853 29438 
50150 12783 33167 33637 
33509 22660 33419 37283 
16976 33946 33599 39929 
3440 44724 33641 41175 
111 53640 33568 40959 
35 59226 33376 39373 
1674 60774 33120 36878 
14914 58262 32797 33941 
28741 52044 32444 31071 
42531 42842 32143 28763 
53252 32132 31894 27401 
58933 21761 31759 27141 
59062 13166 31753 27886 
53981 7711 31849 29340 
44782 6131 32046 31307 
33576 8593 32338 33294 
22621 14352 32660 34880 
13883 22369 33035 35889 
8881 31357 33341 36121 
8605 40201 33601 35667 
13094 47850 33755 34646 
21237 53159 33768 33290 
31453 55718 33655 31962 
41809 55215 33429 30851 
50482 51669 33087 30191 
55641 45693 32687 30073 
56631 38124 32315 30516 
53371 29941 32006 31397 
46311 22052 31800 32568 
36771 15601 31704 33691 
27040 11878 31769 34613 
18582 11211 31986 35173 
12932 13764 32242 35242 
11076 19215 32545 34868 
13341 27037 32871 34106 
18821 35184 33050 33075 
26382 42536 33180 32059 
34405 47834 33275 31257 
41504 50252 33253 30705 
46349 49495 33123 30535 
48320 46179 33011 30758 
47500 41115 32894 31294 
44269 35293 32792 31983 
39290 29596 32725 32725 
33552 25025 32749 33387 
28145 22043 32722 33776 
24103 20978 32753 33930 
22091 21786 32754 33802 
22532 24415 32745 33496 
25063 28279 32670 33072 
28940 32803 32591 32655 
33075 37092 32492 32326 
36482 40279 32382 32144 
38593 41673 32333 32165 
39147 40885 32318 32350 
38390 38182 32382 32666 
36696 34240 32474 32996 
34437 30128 32582 33270 
31931 26903 32752 33472 
29654 25548 32920 33481 
27895 26159 33040 33297 
27045 28504 33167 32996 
27243 31815 33198 32545 
28662 35385 33224 32103 
30925 38098 33121 31664 
33827 39388 32992 31401 
36838 38958 32812 31341 
39387 36953 32644 31538 
40725 33869 32434 31941 
40152 30772 32266 32469 
37443 28506 32176 33096 
32957 27471 32109 33664 
27953 27807 32196 34170 
23872 28931 32346 34396 
22324 30305 32576 34388 
23795 31443 32813 34079 
27775 32351 33055 33562 
32974 33244 33248 32881 
37574 34384 33304 32099 
40479 35936 33372 31504 
41238 37519 33296 31072 
40240 38557 33107 30873 
38168 38405 32860 30968 
35658 36731 32578 31334 
33139 33836 32348 31935 
30592 30290 32196 32636 
27986 26990 32102 33334 
25573 24865 32118 33902 
23829 24582 32208 34254 
23481 26377 32396 34386 
24914 29624 32651 34240 
28065 33490 32850 33847 
32506 36950 33023 33274 
37465 39228 33153 32646 
42054 40025 33255 32090 
44991 39281 33247 31612 
45675 37415 33132 31307 
43935 34957 32992 31293 
40003 32170 32757 31454 
34628 29387 32568 31874 
28885 26874 32347 32369 
23963 25145 32192 32913 
20566 24641 32101 33401 
19219 25803 32141 33801 
20076 28621 32281 34002 
23031 32773 32504 33962 
27493 37245 32745 33693 
32784 41185 33006 33280 
37822 43732 33211 32750 
41731 44472 33378 32222 
43719 43221 33434 31737 
43454 40127 33376 31408 
41394 35410 33202 31301 
38422 29419 32946 31419 
35438 22677 32634 31733 
33226 16448 32361 32250 
31947 12472 32147 32807 
31180 11925 32025 33362 
30422 15602 31998 33831 
29293 23353 32085 34099 
27711 34236 32256 34155 
26025 45641 32471 33992 
24757 55626 32748 33640 
24337 61951 32975 33157 
25174 63158 33167 32618 
27404 58849 33313 32097 
30668 49749 33346 31631 
34519 37329 33308 31398 
38294 23618 33156 31311 
41375 11074 32973 31484 
43178 1735 32691 31790 
43465 104 32463 32269 
42318 59 32230 32751 
40124 6665 32059 33228 
37247 18184 32052 33687 
33863 32355 32149 33958 
30454 46094 32359 34032 
27045 57530 32614 33877 
23985 64622 32917 33542 
21772 65455 33214 33104 
21048 64372 33435 32576 
22277 54082 33565 32098 
25339 42708 33537 31708 
29690 30433 33384 31495 
34433 18938 33096 31464 
38428 10256 32715 31615 
40999 5693 32381 31999 
41837 5444 32060 32416 
41190 9393 31835 32867 
39528 16692 31772 33307 
37320 26140 31882 33656 
35033 35615 32130 33844 
32861 43687 32457 33821 
30979 49071 32827 33633 
29529 51067 33118 33305 
28778 49772 33339 32920 
28789 45778 33422 32522 
29486 40438 33403 32261 
30440 34886 33243 32067 
31164 30303 32980 31989 
31360 27622 32740 32052 
30830 27142 32530 32226 
29899 28568 32428 32445 
29080 30929 32425 32648 
28988 33049 32484 32765 
30051 33818 32610 32800 
32364 32641 32781 32769 
35712 29634 32945 32674 
39202 25885 33000 32536 
42217 22650 33032 32478 
43888 21047 32925 32443 
43794 21807 32749 32499 
41694 25025 32546 32705 
37806 29945 32333 32947 
32624 35604 32181 33222 
26902 41099 32107 33483 
21585 45656 32148 33647 
17512 48865 32304 33682 
15615 50336 32541 33555 
16288 49924 32822 33255 
19676 47364 33076 32816 
25421 42489 33305 32347 
32862 35298 33461 31887 
40498 26683 33488 31514 
47336 17935 33439 31349 
52177 10736 33274 31354 
54089 6854 33010 31506 
52702 7578 32752 31898 
48121 12864 32478 32366 
40899 21647 32227 32849 
32102 31965 32026 33326 
22989 41851 31911 33728 
15063 49552 31887 34004 
9726 53986 32006 34126 
8193 54600 32188 34056 
10893 51953 32428 33842 
17475 46837 32720 33496 
26797 40316 32995 33059 
37331 33443 33228 32593 
47385 27102 33435 32157 
54827 22298 33560 31791 
58469 19409 33593 31529 
57565 18665 33480 31380 
52170 20026 33284 31378 
43069 23211 33051 31548 
32121 27494 32781 31832 
21144 32145 32485 32161 
12189 36442 32262 32564 
6984 39756 32114 32989 
6575 41485 31991 33363 
11127 41311 32019 33722 
19555 39228 32089 33934 
30161 35744 32255 34020 
40995 31602 32428 33937 
50491 27824 32681 33746 
56581 25549 32877 33434 
58456 25406 33036 33023 
55882 27537 33141 32595 
49237 31403 33171 32165 
39584 36127 33140 31822 
28777 40282 33035 31615 
18623 42910 32892 31557 
11013 43289 32732 31646 
7418 41274 32644 31887 
8504 37150 32591 32219 
14124 31750 32606 32601 
22791 26213 32687 32949 
32991 21440 32764 33188 
42811 18418 32874 33366 
50615 17784 32985 33412 
55180 19817 33014 33327 
55656 24402 33000 33169 
52018 30644 32870 32934 
45123 37561 32729 32742 
36169 43873 32535 32550 
26818 48309 32340 32445 
18488 50039 32157 32374 
13492 48692 32083 32425 
12410 44671 32118 32547 
15282 38787 32240 32680 
21289 32190 32438 32834 
29048 25976 32739 32966 
36484 21315 32992 33020 
42334 18640 33225 33008 
45761 18126 33411 32933 
46532 19643 33516 32818 
44826 22849 33489 32598 
41360 27345 33351 32397 
36783 32639 33121 32225 
31857 38054 32793 32076 
27486 42807 32471 32057 
24490 46003 32185 32176 
23588 46568 31926 32355 
25002 44314 31844 32665 
28219 39618 31897 33010 
32221 33542 32042 33318 
35903 27685 32334 33580 
38241 23359 32688 33714 
38577 21531 33032 33686 
37007 22150 33308 33468 
34080 24710 33505 33126 
30667 28373 33565 32692 
27666 32429 33519 32243 
25985 36097 33326 31843 
26052 39049 33063 31579 
27915 40961 32765 31496 
31265 41529 32473 31614 
35357 40451 32217 31886 
39060 38042 32109 32331 
41637 34597 32073 32781 
42599 30775 32128 33223 
41817 27276 32264 33599 
39310 24708 32468 33843 
35390 23593 32641 33849 
30566 24187 32854 33737 
25491 26327 32961 33427 
21175 29804 33064 33065 
18796 33860 33106 32623 
19169 37562 33115 32233 
22395 40200 33038 31888 
27944 41264 32963 31742 
34560 40606 32810 31684 
41030 38534 32675 31866 
45788 35723 32569 32175 
47993 32780 32469 32565 
47213 30165 32378 32934 
43723 28144 32379 33288 
38266 26759 32444 33552 
31817 26033 32576 33659 
25774 26075 32718 33570 
21249 27113 32903 33348 
18984 29213 33030 32978 
19357 32224 33120 32553 
22241 35694 33167 32158 
26983 38862 33132 31859 
32620 40838 32993 31694 
38182 41222 32828 31734 
42697 39847 32616 31925 
45318 37031 32460 32275 
45362 33279 32309 32697 
42731 29500 32204 33078 
38023 26362 32203 33451 
32206 24329 32278 33690 
26608 23797 32433 33788 
22351 24952 32599 33643 
20447 27785 32800 33399 
21014 31814 32975 33032 
23860 36313 33124 32630 
28446 40365 33233 32220 
33896 42827 33262 31879 
39257 43082 33203 31692 
43721 41082 33047 31659 
46332 37396 32832 31785 
46341 32935 32614 32074 
43252 28526 32395 32463 
37389 25008 32241 32916 
29966 22721 32092 33269 
22753 21879 32118 33617 
17417 22498 32242 33802 
15412 24679 32463 33825 
17254 28418 32755 33661 
22439 33327 33019 33339 
29568 38783 33221 32869 
37310 43853 33374 32374 
43877 47348 33417 31910 
48075 48298 33311 31546 
49500 46404 33139 31388 
48014 41763 32848 31387 
43936 35123 32539 31610 
37829 27542 32269 32021 
30764 20598 32104 32580 
24106 15664 32016 33111 
19047 13657 32060 33626 
16617 15027 32208 34021 
17343 19621 32434 34200 
21147 26738 32730 34185 
26895 34918 32970 33919 
33300 42873 33174 33458 
39016 49277 33306 32911 
42977 53084 33358 32332 
44554 53493 33331 31806 
43703 50162 33172 31392 
40914 43522 32903 31145 
37107 34620 32667 31203 
33032 24867 32419 31466 
29458 15832 32170 31900 
27155 9655 32032 32455 
26389 7810 32017 33078 
27021 10765 32091 33624 
28755 18267 32301 34041 
31114 29149 32584 34236 
33462 41523 32907 34194 
35064 52119 33199 33915 
35582 59270 33445 33452 
34858 61476 33563 32890 
33047 58124 33559 32263 
30610 49571 33435 31703 
28476 38073 33161 31274 
27539 25426 32875 31108 
28416 13738 32536 31157 
31282 5018 32246 31459 
35685 815 32012 31958 
40295 2091 31905 32569 
43734 8617 31919 33194 
44813 19440 32015 33735 
43062 32809 32251 34165 
38491 46717 32488 34296 
32312 58422 32754 34220 
25679 65192 32972 33898 
19817 65466 33085 33403 
15775 65494 33125 32825 
14366 57907 33099 32256 
16178 45171 33065 31837 
21161 30427 32969 31535 
28949 15968 32891 31481 
38332 4127 32794 31564 
47833 155 32830 31890 
55019 64 32834 32214 
58235 149 32868 32564 
56428 11865 32918 32874 
49852 24236 32918 33079 
39665 37786 32889 33192 
28358 49757 32782 33142 
18232 58529 32664 33080 
11078 62896 32498 32953 
7984 62392 32318 32833 
9213 57500 32150 32739 
14041 49465 32066 32746 
21337 39448 32040 32787 
30024 28741 32136 32892 
38987 18539 32325 33013 
46981 10438 32575 33085 
52769 5657 32869 33108 
55530 4701 33135 33009 
54638 7832 33355 32829 
50027 14783 33540 32590 
42230 24329 33608 32319 
33012 34573 33554 32072 
23965 44109 33394 31887 
16964 51592 33159 31778 
13240 56142 32855 31815 
13476 57167 32560 32005 
17021 54896 32269 32308 
22740 49907 32033 32676 
29240 42980 31856 33044 
35309 35126 31749 33400 
40088 27204 31806 33736 
42883 20393 31955 33944 
43527 15575 32179 33959 
42360 13219 32467 33827 
39969 13602 32788 33526 
37106 16728 33135 33130 
34558 22060 33444 32642 
32928 28675 33748 32203 
32188 35275 33872 31751 
31981 40896 33870 31423 
31812 44678 33724 31259 
31272 46222 33447 31283 
30193 45400 33052 31479 
28795 42742 32601 31830 
27472 38934 32196 32327 
26595 34662 31857 32885 
26381 30455 31578 33362 
27158 26912 31515 33825 
29014 24571 31598 34102 
31684 24070 31825 34181 
34935 25641 32174 34107 
38169 29147 32528 33826 
40721 34012 32849 33397 
42019 39078 33133 32916 
41673 42772 33378 32496 
39634 43794 33515 32131 
36300 41595 33550 31857 
32408 36581 33481 31692 
28709 29802 33348 31649 
26097 23123 33198 31739 
24962 18209 33022 31884 
25257 15931 32832 32050 
26719 16680 32687 32248 
28870 20316 32546 32460 
31259 26285 32459 32672 
33489 33591 32346 32843 
35487 41439 32275 33034 
37164 48650 32217 33210 
38315 54037 32188 33386 
38623 56534 32198 33538 
37809 55257 32280 33689 
35779 50030 32375 33704 
32948 41465 32503 33625 
29974 30693 32664 33423 
27619 19426 32868 33165 
26465 10080 33003 32749 
26804 4418 33154 32348 
28459 3746 33275 31952 
30957 8120 33311 31602 
33916 16928 33313 31414 
36634 28174 33240 31358 
38660 39322 33136 31497 
39603 48631 32965 31742 
39240 54735 32756 32102 
37558 57116 32561 32569 
34807 55639 32357 33028 
31603 50993 32150 33436 
28454 44100 32025 33792 
25893 35977 31983 34016 
24193 27767 31982 34056 
23670 20736 32108 33965 
24438 16306 32291 33722 
26554 15115 32573 33407 
29865 17163 32883 32999 
34112 21880 33153 32506 
38522 27742 33419 32061 
42432 33226 33645 31728 
45191 37134 33663 31438 
46579 38931 33618 31350 
46236 38516 33463 31403 
43918 36386 33168 31568 
39671 33721 32837 31891 
33609 31633 32486 32289 
26183 31122 32192 32772 
18259 32695 31941 33232 
11608 36161 31818 33643 
8073 40419 31798 33912 
8951 44183 31925 34054 
