32561 32245 32690 33772 
32561 32245 32690 33772 
32787 32485 32921 33436 
33010 32757 33146 32989 
33193 32994 33285 32491 
33296 33186 33323 32028 
33331 33304 33282 31661 
33266 33344 33142 31472 
33104 33250 32905 31427 
32892 33110 32664 31610 
32689 32942 32472 31968 
32468 32735 32317 32389 
32331 32586 32270 32905 
32190 32398 32241 33355 
32136 32269 32299 33696 
32204 32270 32454 33931 
32348 32337 32627 33945 
32529 32435 32779 33758 
32741 32599 32917 33447 
32959 32782 33022 33040 
33082 32890 33023 32556 
33153 32965 32991 32128 
33107 32947 32872 31785 
32989 32845 32730 31597 
32827 32725 32605 31635 
32646 32576 32497 31846 
32463 32423 32422 32143 
32370 32355 32443 32551 
32326 32338 32519 32942 
32365 32435 32652 33292 
32504 32619 32855 33526 
32668 32840 33031 33582 
32854 33093 33185 33480 
33033 33306 33272 33226 
33146 33445 33254 32868 
33208 33484 33146 32499 
33201 33411 32957 32179 
33092 33188 32678 31934 
32906 32865 32386 31850 
32706 32495 32152 31944 
32504 32133 32007 32195 
32327 31836 31969 32565 
32180 31616 32020 32927 
32159 31635 32208 33317 
32220 31809 32460 33571 
32371 32124 32764 33704 
32554 32532 33032 33639 
32780 33001 33274 33440 
32908 33376 33376 33032 
33036 33714 33431 32599 
33129 33915 33403 32169 
33087 33843 33233 31753 
32993 33605 33005 31513 
32848 33237 32740 31480 
32716 32799 32505 31661 
32562 32298 32278 32008 
32466 31882 32143 32506 
32399 31591 32079 33036 
32378 31481 32081 33531 
32391 31543 32133 33862 
32565 31916 32366 34126 
32719 32340 32583 34059 
32937 32912 32866 33848 
33062 33363 33058 33334 
33219 33818 33281 32814 
33277 34065 33413 32236 
33225 34065 33455 31711 
33079 33829 33396 31341 
32849 33383 33241 31165 
32556 32811 32992 31202 
32287 32220 32716 31483 
32143 31767 32486 32004 
32074 31482 32277 32581 
32120 31415 32126 33168 
32242 31562 32037 33663 
32483 31939 32074 34053 
32744 32411 32198 34215 
32991 32917 32373 34139 
33237 33660 32752 33403 
33198 33758 32868 32886 
33055 33676 32929 32397 
32887 33437 32988 32009 
32644 33055 32978 31731 
32421 32614 32948 31635 
32281 32221 32947 31743 
32279 31954 32976 31969 
32310 31826 32977 32239 
32481 31918 33027 32546 
32732 32198 33079 32825 
32961 32550 33065 32953 
33166 32948 33017 33001 
33262 33256 32865 32906 
33282 33496 32701 32805 
33207 33580 32511 32705 
33037 33475 32337 32645 
32761 33182 32167 32647 
32469 32790 32044 32729 
32206 32363 31991 32881 
32012 31976 32029 33085 
31963 31750 32183 33320 
32033 31692 32421 33485 
32189 31803 32679 33504 
32443 32088 32977 33399 
32715 32449 33230 33129 
32957 32858 33395 32720 
33202 33269 33523 32275 
33365 33637 33533 31846 
33423 33845 33434 31507 
33432 33927 33291 31388 
33322 33813 33070 31432 
33119 33505 32783 31649 
32864 33090 32510 32037 
32656 32681 32338 32552 
32479 32247 32213 33084 
32271 31818 32070 33511 
32171 31550 32046 33871 
32152 31478 32073 34044 
32162 31532 32123 34031 
32206 31733 32211 33845 
32313 32078 32363 33552 
32427 32476 32564 33210 
32544 32852 32770 32811 
32658 33178 32983 32422 
32790 33472 33197 32108 
32938 33676 33409 31869 
33120 33800 33567 31753 
33292 33801 33642 31716 
33391 33647 33587 31762 
33470 33460 33460 31887 
33457 33183 33216 32023 
33352 32882 32906 32217 
33175 32570 32545 32433 
32969 32322 32249 32727 
32674 32100 31959 32996 
32357 31929 31759 33239 
32121 31889 31727 33507 
31904 31890 31812 33696 
31795 31958 32037 33836 
31784 32068 32323 33847 
31857 32196 32633 33728 
31996 32329 32888 33508 
32205 32463 33074 33153 
32521 32698 33215 32811 
32829 32920 33258 32425 
33128 33141 33227 32049 
33398 33364 33168 31760 
33593 33565 33086 31573 
33709 33705 33036 31540 
33682 33716 32961 31599 
33564 33646 32917 31750 
33381 33488 32898 32011 
33118 33233 32847 32300 
32864 32941 32809 32645 
32581 32610 32734 32962 
32344 32291 32650 33281 
32149 31994 32540 33520 
31992 31756 32399 33641 
31935 31643 32298 33714 
31898 31604 32189 33629 
31961 31696 32130 33484 
32071 31881 32113 33276 
32299 32189 32243 33070 
32544 32529 32397 32820 
32842 32932 32647 32604 
33105 33293 32913 32383 
33326 33556 33161 32185 
33461 33737 33369 32028 
33524 33791 33513 31940 
33491 33700 33531 31912 
33345 33518 33411 31934 
33130 33259 33196 32057 
32872 32942 32890 32230 
32594 32633 32560 32476 
32376 32368 32291 32794 
32196 32156 32112 33095 
32068 31977 32010 33337 
32060 31905 32062 33510 
32121 31911 32216 33565 
32299 32035 32506 33532 
32505 32203 32789 33345 
32714 32410 33039 33066 
32906 32646 33214 32739 
33079 32888 33314 32434 
33127 33037 33228 32122 
33156 33201 33084 31985 
33097 33264 32845 31933 
32983 33267 32566 32024 
32891 33266 32380 32276 
32769 33175 32226 32565 
32672 33061 32182 32871 
32609 32935 32259 33158 
32581 32807 32428 33359 
32557 32673 32656 33410 
32581 32551 32908 33335 
32600 32459 33114 33136 
32593 32351 33223 32808 
32637 32328 33268 32490 
32660 32331 33223 32167 
32717 32389 33110 31970 
32743 32443 32925 31869 
32767 32523 32711 31921 
32787 32641 32521 32149 
32754 32680 32331 32434 
32719 32719 32199 32799 
32671 32752 32137 33188 
32604 32751 32115 33499 
32582 32766 32194 33736 
32588 32807 32334 33835 
32654 32887 32569 33788 
32658 32906 32756 33504 
32727 32964 32988 33171 
32812 33027 33224 32765 
32895 33091 33410 32306 
32955 33108 33497 31855 
33012 33085 33511 31503 
33032 33044 33409 31313 
33015 32930 33224 31295 
32954 32769 32956 31462 
32849 32566 32652 31815 
32766 32410 32407 32334 
32632 32236 32164 32874 
32456 32035 31934 33357 
32383 31998 31879 33828 
32339 32044 31914 34135 
32363 32200 32068 34251 
32416 32426 32294 34155 
32514 32693 32558 33888 
32600 32952 32819 33558 
32667 33139 32999 33210 
32704 33249 33107 32922 
32726 33292 33166 32569 
32768 33277 33200 32056 
32721 33082 33092 31206 
32703 32875 32985 30283 
32714 32680 32915 29514 
32727 32486 32845 29324 
32799 32384 32845 29985 
32907 32360 32863 31462 
33097 32485 32882 33529 
33381 32780 32891 35682 
33753 33240 32896 37359 
34009 33652 32840 38126 
33970 33855 32725 37883 
33470 33649 32588 36769 
32291 32954 32374 34928 
30611 32054 32173 32715 
28857 31362 32039 30388 
27735 31173 31942 28150 
28133 31508 31967 26346 
30629 31939 32105 25334 
34761 31914 32366 25522 
39335 31118 32699 26941 
42740 29838 33061 29527 
43355 28761 33364 32977 
40555 29030 33582 36627 
34973 31339 33734 39978 
27951 35528 33742 42327 
21346 40652 33599 43173 
17108 45050 33347 42167 
16412 46816 33013 39414 
19204 45246 32659 35341 
24931 40454 32338 30604 
32630 33247 32048 25902 
40732 25441 31806 22243 
48176 18542 31681 20265 
53583 13766 31671 20348 
55801 11831 31793 22553 
54152 13056 32031 26631 
48658 17172 32323 31737 
40089 23704 32673 37025 
29536 31874 33004 41642 
18510 40897 33352 44840 
8579 49824 33641 46065 
1842 56947 33790 45002 
109 61222 33856 42016 
5829 61466 33782 37517 
12541 56880 33495 32010 
26149 48054 33169 26874 
41409 36158 32773 22834 
56196 22960 32403 20523 
65183 10625 32068 20211 
65482 1225 31814 21991 
65515 95 31693 25431 
65522 61 31718 29819 
61102 6567 31865 34400 
43510 17457 32148 38514 
25131 30700 32438 41518 
8638 43999 32739 42948 
283 55182 32955 42650 
43 62873 33118 40862 
32 65406 33185 37962 
9879 65338 33180 34376 
23171 57149 33115 30909 
37017 47014 33064 28133 
48770 34753 32974 26317 
56366 22318 32943 25701 
58568 11477 32937 26207 
55243 4382 32940 27616 
47420 1815 32916 29584 
36740 3875 32926 31774 
25101 10089 32893 33749 
15092 18986 32747 35176 
8594 29412 32622 36022 
6826 39811 32461 36174 
10237 49021 32302 35758 
18003 55562 32154 34963 
28500 58917 32050 34007 
39762 58727 32052 33081 
49930 54939 32104 32351 
56975 48039 32311 31958 
59398 39434 32571 31906 
57095 30076 32845 32062 
50672 21254 33079 32318 
41184 14104 33296 32636 
30405 9794 33433 32845 
20542 8971 33466 32874 
13206 11734 33402 32722 
9660 17657 33305 32440 
10347 25871 33137 32065 
14987 34788 32928 31731 
22219 42639 32673 31459 
30551 48388 32486 31467 
38356 51076 32300 31676 
44352 50550 32124 32061 
47790 47199 31999 32601 
48280 42055 31990 33249 
46057 36027 31987 33813 
41786 30193 32111 34289 
36171 25255 32287 34553 
30440 21984 32541 34542 
25799 20727 32803 34239 
23123 21509 33067 33689 
22887 24160 33293 33013 
25044 28315 33499 32276 
28833 33130 33639 31589 
32968 37496 33599 31027 
36477 40635 33493 30738 
38613 41811 33284 30719 
39100 40758 32956 30964 
38169 37797 32623 31466 
36238 33730 32304 32133 
33772 29574 32054 32850 
31110 26323 31879 33542 
28668 24861 31837 34090 
26841 25444 31895 34369 
25892 27792 32042 34398 
26082 31265 32268 34193 
27552 35141 32524 33823 
30173 38302 32751 33324 
33574 40055 32926 32791 
37310 40031 33051 32297 
40662 38242 33124 31931 
42602 35183 33138 31717 
42409 31944 33151 31714 
39790 29334 33170 31866 
35133 27902 33185 32081 
29510 27676 33159 32314 
24723 28381 33149 32535 
22326 29420 33092 32661 
22846 30418 32959 32676 
25978 31381 32835 32657 
30474 32491 32663 32608 
34712 33912 32464 32571 
37675 35608 32248 32548 
39057 37330 32072 32642 
39032 38427 31954 32818 
38097 38236 31898 33052 
36744 36617 31966 33355 
35045 33729 32113 33592 
32925 30272 32297 33714 
30390 27155 32625 33750 
27608 25313 32936 33575 
25332 25361 33182 33196 
24265 27383 33445 32766 
24843 30750 33597 32245 
27325 34709 33661 31773 
31307 38045 33564 31376 
35992 40048 33419 31225 
40354 40380 33170 31235 
43495 39165 32897 31479 
44623 36735 32562 31839 
43461 33581 32280 32370 
40159 30215 32039 32907 
35451 27050 31867 33420 
30190 24447 31757 33812 
25464 23035 31825 34101 
21868 23235 31930 34165 
20172 25491 32171 34072 
20544 29534 32466 33813 
22922 34793 32829 33448 
26807 40116 33122 32950 
31713 44625 33413 32447 
36601 47232 33641 31995 
40377 47370 33687 31582 
42551 45139 33655 31372 
42802 40676 33461 31275 
41447 34456 33198 31389 
39093 26905 32848 31629 
36674 19277 32508 32006 
34710 12800 32240 32487 
33276 8912 32009 32947 
32139 9002 31889 33402 
30951 13912 31900 33762 
29445 22991 32010 33963 
27593 34872 32210 34001 
25648 47297 32420 33825 
24097 58293 32678 33534 
23571 64697 32923 33169 
24311 65459 33099 32731 
26499 61223 33247 32346 
29904 51280 33299 31965 
34007 37777 33283 31704 
37995 23255 33162 31598 
41306 10015 33006 31665 
43371 693 32805 31858 
43954 86 32554 32144 
43150 57 32411 32565 
41183 6537 32268 32941 
38391 17754 32209 33304 
34997 31303 32242 33558 
31180 45063 32403 33722 
27109 56756 32592 33671 
23485 63957 32846 33505 
20813 65440 33041 33153 
19864 60989 33214 32769 
21066 53774 33307 32329 
24426 42419 33315 31971 
29050 30288 33156 31681 
34090 19128 32938 31601 
38457 10645 32684 31696 
41433 6001 32444 32004 
42694 5684 32226 32389 
42332 9611 32101 32840 
40740 16843 32049 33254 
38353 25996 32079 33573 
35651 35403 32266 33815 
32798 43619 32494 33839 
30245 49013 32732 33673 
28335 51180 32976 33398 
27341 50134 33149 32960 
27491 46547 33302 32529 
28660 41327 33416 32120 
30253 35800 33359 31752 
31764 31091 33231 31543 
32588 28030 33023 31524 
32436 27001 32747 31684 
31489 27852 32477 32040 
30311 29724 32252 32506 
29521 31458 32070 32979 
29713 32111 31989 33427 
31206 31153 32061 33814 
33890 28650 32210 33974 
37098 25562 32446 33927 
40215 23035 32774 33702 
42343 22087 33034 33286 
43042 23416 33304 32781 
41788 26883 33401 32163 
38813 31785 33439 31689 
34399 37107 33327 31347 
29202 42010 33117 31223 
23959 45960 32865 31351 
19626 48505 32598 31740 
17206 49380 32377 32253 
17069 48496 32182 32821 
19534 45712 32129 33417 
24419 40647 32150 33916 
31063 33520 32259 34189 
38338 25201 32419 34229 
45139 16976 32631 34048 
50338 10516 32816 33649 
52954 7482 32965 33103 
52344 8955 33085 32506 
48428 14801 33141 31930 
41696 23794 33136 31483 
33046 33926 33043 31209 
23762 43470 32911 31188 
15674 50507 32749 31398 
10449 53957 32596 31827 
9033 53811 32430 32344 
11847 50567 32339 32938 
18497 45115 32302 33510 
27997 38331 32346 33964 
38217 31575 32469 34220 
47567 25621 32624 34233 
54386 21276 32804 34001 
57344 19007 32988 33574 
55752 19003 33145 33004 
49888 21086 33207 32356 
40878 24827 33252 31783 
30196 29391 33169 31271 
19844 34104 33048 31044 
11539 38248 32831 31026 
7637 40930 32624 31314 
8499 41816 32404 31797 
14019 40753 32263 32426 
22960 37935 32178 33120 
33808 33784 32133 33713 
44071 29465 32220 34199 
52237 25922 32385 34447 
56799 24119 32579 34416 
56956 24630 32735 34110 
52638 27593 32876 33606 
44801 32196 32932 33011 
34805 37391 32961 32417 
24393 41998 32985 31934 
15295 44795 32939 31564 
9639 44966 32886 31408 
8330 42487 32861 31449 
11587 37809 32863 31652 
18815 31628 32868 31951 
28562 25261 32933 32297 
38597 19980 32968 32599 
47349 16735 32972 32857 
53269 16153 32916 33013 
55428 18587 32835 33115 
53377 23634 32691 33145 
47679 30479 32564 33159 
39346 37886 32416 33182 
29873 44462 32262 33150 
20959 49161 32187 33183 
14657 50916 32164 33203 
12016 49571 32189 33185 
13626 45505 32324 33157 
19057 39363 32514 33070 
26781 32570 32722 32917 
35041 26199 32947 32693 
42031 21209 33119 32401 
46495 18227 33261 32119 
47870 17481 33342 31847 
46274 18935 33362 31673 
42432 22212 33270 31604 
37315 26914 33138 31701 
31720 32625 32931 31909 
26812 38330 32691 32238 
23337 43219 32436 32645 
22027 46301 32232 33096 
23175 46691 32036 33500 
26678 44130 31981 33868 
31484 39203 32016 34059 
36399 33086 32154 34085 
40078 27351 32392 33944 
41558 23298 32687 33640 
40451 21688 33010 33185 
37131 22532 33222 32613 
32609 25316 33451 32128 
27970 29040 33521 31637 
24330 33065 33451 31277 
22752 36773 33298 31158 
23592 39568 33035 31220 
26708 41277 32755 31511 
31415 41532 32472 31964 
36782 40168 32212 32493 
41527 37365 32079 33085 
44549 33628 32023 33578 
45387 29605 32065 33946 
43892 26047 32225 34113 
40132 23561 32402 34041 
34764 22831 32682 33832 
28641 23990 32898 33459 
22701 26832 33075 32998 
18158 30884 33199 32528 
16158 35458 33290 32142 
17475 39371 33264 31816 
21945 41760 33116 31608 
28753 42363 32929 31614 
36543 41141 32712 31773 
43737 38527 32497 32063 
48741 35210 32302 32427 
50515 31987 32205 32845 
48833 29129 32179 33199 
44114 26857 32221 33456 
37298 25250 32417 33626 
29768 24448 32682 33633 
23174 24653 32945 33476 
18607 26097 33146 33142 
16841 28845 33284 32737 
18193 32787 33382 32362 
22171 37040 33305 31985 
27844 40651 33128 31724 
34236 42876 32878 31669 
40206 43138 32605 31766 
44767 41345 32390 32070 
46769 37854 32195 32458 
45909 33444 32094 32878 
42277 28956 32081 33288 
36593 25131 32217 33652 
30137 22639 32373 33829 
24563 22025 32606 33838 
20915 23425 32835 33679 
19810 26691 33002 33337 
21405 31414 33124 32878 
25324 36615 33202 32396 
30653 41029 33222 31997 
36417 43685 33137 31624 
41766 44029 33001 31459 
45731 41975 32817 31475 
47179 38088 32604 31673 
45561 33486 32459 32097 
40794 28889 32317 32563 
33730 25048 32260 33058 
25745 22333 32236 33529 
18751 21097 32342 33896 
14753 21574 32504 34068 
14727 23880 32725 34042 
18689 27950 32930 33789 
25640 33377 33097 33339 
34037 39428 33193 32766 
41896 44794 33249 32213 
47885 48291 33194 31685 
51041 49129 33092 31354 
50928 46838 32900 31169 
47573 41566 32682 31256 
41737 34397 32509 31602 
34271 26540 32334 32077 
26572 19517 32260 32688 
19958 14674 32230 33261 
15626 12977 32242 33775 
14672 14934 32323 34105 
17231 20194 32511 34249 
22564 27637 32668 34105 
29504 36102 32867 33757 
36647 44191 33020 33260 
42292 50355 33155 32721 
45570 53628 33218 32195 
46069 53302 33171 31755 
44047 49314 33076 31520 
40096 41956 32870 31475 
35401 32650 32664 31659 
30897 22894 32473 32030 
27472 14513 32331 32460 
25611 9219 32242 32878 
25542 8497 32241 33232 
26946 12646 32341 33437 
29381 21109 32573 33525 
32109 32203 32786 33403 
34524 43961 33028 33166 
35942 53767 33203 32818 
36043 59490 33318 32482 
34782 60137 33318 32208 
32472 55528 33210 32046 
29749 46368 33002 32008 
27621 34499 32751 32156 
27037 22196 32474 32398 
28556 11377 32246 32703 
32059 3890 32073 32982 
36910 1129 32000 33234 
41697 3951 32075 33405 
44863 11836 32258 33452 
45379 23542 32519 33359 
42867 37191 32816 33183 
37721 50454 33042 32850 
30901 61332 33250 32562 
23974 65368 33358 32323 
18085 65480 33322 32131 
14300 65480 33175 32046 
13427 54278 32933 32077 
16069 40671 32641 32214 
22097 25918 32415 32454 
30817 12110 32261 32713 
40906 1648 32240 32972 
50448 102 32284 33111 
57229 59 32513 33236 
59264 4858 32753 33200 
56087 15118 33034 33076 
48167 28049 33270 32890 
37117 41425 33366 32615 
25178 53140 33388 32384 
15436 60675 33224 32214 
9187 63533 32960 32139 
7260 61696 32619 32174 
9587 55770 32275 32347 
15556 46626 31969 32580 
23596 36287 31811 32894 
32624 25652 31807 33180 
41481 16057 31940 33414 
49036 8728 32217 33539 
54237 4696 32588 33518 
55969 4771 32965 33362 
53905 8872 33289 33061 
48286 16458 33554 32715 
39905 26434 33733 32358 
30191 37152 33732 32024 
21693 46388 33564 31766 
15754 53263 33349 31685 
13288 56968 33013 31731 
14489 57268 32621 31878 
18768 54353 32305 32202 
24630 48908 32013 32554 
30877 41742 31828 32975 
36367 33689 31715 33336 
40408 25603 31728 33629 
42548 18744 31922 33874 
42726 14009 32182 33946 
41351 11922 32514 33870 
39065 12836 32880 33647 
36570 16558 33189 33256 
34538 22630 33464 32780 
33413 29822 33712 32319 
32996 36844 33806 31861 
32838 42578 33746 31471 
32476 46233 33547 31225 
31610 47460 33277 31197 
30116 46199 32862 31310 
28380 43128 32510 31688 
26709 38848 32148 32168 
25571 34019 31888 32752 
25342 29342 31740 33330 
26294 25553 31768 33837 
28417 23230 31910 34169 
31591 22921 32139 34295 
35495 25056 32446 34230 
39338 29461 32719 33893 
42128 34990 32959 33473 
43246 40233 33087 32928 
42452 43666 33128 32408 
39850 44160 33131 31989 
35875 41229 33049 31664 
31603 35669 32950 31535 
27852 28840 32886 31585 
25341 22387 32866 31763 
24368 17806 32901 32036 
24861 15916 32968 32350 
26548 17096 33050 32628 
28807 21026 33073 32831 
31343 27134 33039 32947 
33846 34667 32934 32982 
36129 42695 32749 32956 
37990 49921 32547 32930 
39039 54931 32310 32899 
39035 56780 32111 32918 
37735 54737 31965 32972 
35260 48763 31887 33062 
32067 39376 31952 33197 
29014 28245 32103 33283 
26856 17303 32402 33370 
26038 8558 32692 33303 
26790 3868 33014 33142 
28961 4505 33299 32844 
31892 10186 33491 32496 
34980 19579 33595 32122 
37669 30672 33595 31768 
39473 41623 33501 31513 
39973 50214 33334 31438 
39062 55477 33084 31500 
36949 57043 32810 31746 
34024 55075 32541 32141 
30754 49966 32283 32653 
27689 42650 32033 33154 
25236 34242 31851 33626 
23761 26047 31771 34009 
23481 19351 31816 34242 
24573 15558 31926 34246 
27104 15181 32190 34083 
30769 17939 32483 33702 
35195 22985 32836 33176 
39567 28855 33161 32560 
43223 34011 33496 32002 
45641 37405 33716 31515 
46543 38671 33831 31206 
45768 37914 33809 31105 
43020 35732 33625 31180 
38327 33281 33336 31489 
32038 31700 32976 31951 
24557 31805 32559 32468 
17101 33930 32231 33048 
11076 37636 31869 33518 
8518 41945 31679 33892 
10473 45142 31616 34042 
