32930 32627 33142 31984 
32930 32627 33142 31984 
32869 32482 33150 32200 
32791 32382 33140 32420 
32751 32376 33139 32631 
32728 32450 33123 32750 
32737 32630 33088 32788 
32734 32833 33004 32704 
32718 33032 32853 32554 
32708 33239 32684 32429 
32663 33350 32460 32344 
32584 33335 32230 32347 
32491 33193 32004 32443 
32422 32959 31855 32682 
32366 32642 31789 33001 
32353 32315 31846 33357 
32384 32018 32025 33669 
32613 31743 32682 33889 
32766 31830 33047 33698 
32955 32059 33391 33347 
33131 32407 33668 32870 
33287 32843 33826 32349 
33373 33297 33828 31790 
33354 33680 33682 31351 
33247 33929 33438 31120 
33076 33996 33128 31121 
32789 33812 32736 31295 
32532 33496 32407 31760 
32251 33042 32085 32310 
32000 32487 31812 32903 
31854 31963 31662 33513 
31827 31545 31644 34032 
31924 31322 31759 34334 
32174 31370 32012 34468 
32495 31605 32304 34340 
32859 32013 32661 33997 
33191 32510 33013 33475 
33428 32990 33287 32802 
33627 33486 33554 32165 
33707 33870 33736 31603 
33613 34022 33773 31148 
33397 33994 33696 30935 
33092 33764 33496 30933 
32726 33397 33198 31172 
32376 32963 32864 31622 
32078 32496 32510 32223 
31901 32074 32211 32880 
31856 31788 31968 33501 
31967 31671 31846 34017 
32180 31705 31815 34301 
32480 31892 31895 34369 
32840 32197 32092 34229 
33095 32482 32295 33841 
33279 32780 32534 33355 
33293 32965 32721 32796 
33151 33080 32877 32257 
32928 33125 33005 31847 
32631 33102 33068 31586 
32351 33032 33116 31524 
32183 32994 33172 31661 
32115 32943 33193 31887 
32215 32948 33240 32208 
32386 32896 33201 32458 
32712 32928 33192 32755 
33038 32915 33129 32924 
33339 32876 33026 33024 
33570 32830 32887 33038 
33666 32734 32711 32995 
33584 32582 32493 32913 
33375 32434 32279 32851 
33012 32256 32081 32795 
32588 32119 31939 32801 
32137 32042 31863 32858 
31790 32069 31909 32972 
31585 32200 32044 33125 
31531 32389 32246 33224 
31684 32682 32548 33294 
32002 32987 32876 33272 
32343 33197 33111 33063 
32785 33399 33378 32817 
33187 33478 33538 32456 
33557 33488 33644 32107 
33784 33377 33618 31768 
33839 33181 33483 31502 
33764 32971 33277 31433 
33536 32723 32997 31490 
33263 32541 32748 31802 
32935 32400 32508 32247 
32539 32252 32268 32730 
32199 32169 32103 33275 
31911 32102 31970 33765 
31705 32078 31902 34107 
31705 32170 31956 34333 
31762 32240 32017 34281 
31938 32369 32147 34038 
32237 32566 32372 33657 
32562 32782 32632 33175 
32896 33003 32894 32625 
33180 33193 33153 32064 
33418 33367 33400 31595 
33574 33481 33592 31265 
33631 33522 33692 31100 
33556 33439 33655 31079 
33433 33319 33548 31287 
33225 33105 33332 31639 
32962 32807 33012 32071 
32692 32487 32678 32573 
32484 32248 32396 33173 
32254 31997 32101 33641 
32100 31842 31905 34031 
32037 31844 31827 34283 
32063 31966 31867 34350 
32152 32184 31998 34225 
32248 32427 32154 33891 
32376 32738 32364 33427 
32481 32976 32543 32876 
32593 33161 32713 32334 
32676 33264 32877 31893 
32768 33257 33001 31532 
32863 33188 33111 31371 
32999 33103 33231 31420 
33140 32999 33340 31621 
33269 32880 33407 31923 
33366 32761 33429 32264 
33422 32700 33437 32630 
33392 32625 33355 32932 
33244 32548 33183 33126 
33032 32488 32949 33247 
32748 32451 32661 33261 
32487 32460 32373 33228 
32254 32509 32090 33152 
32067 32557 31855 33048 
31990 32677 31733 32992 
31963 32729 31672 32908 
32072 32826 31808 32914 
32223 32856 31998 32886 
32420 32858 32290 32878 
32624 32817 32648 32846 
32836 32773 33010 32790 
32980 32686 33323 32655 
33149 32676 33623 32559 
33219 32625 33760 32372 
33226 32585 33766 32178 
33225 32609 33668 32075 
33155 32624 33447 32032 
33015 32643 33109 32038 
32871 32701 32753 32191 
32701 32734 32379 32409 
32533 32765 32057 32698 
32388 32793 31836 33010 
32275 32792 31725 33302 
32249 32847 31782 33559 
32314 32917 31997 33724 
32407 32923 32251 33685 
32577 32948 32584 33526 
32768 32954 32933 33229 
32936 32913 33214 32834 
33074 32847 33431 32419 
33188 32778 33578 32059 
33164 32630 33560 31751 
33080 32495 33454 31622 
32898 32324 33211 31645 
32689 32216 32932 31813 
32460 32153 32599 32103 
32338 32236 32346 32503 
32261 32374 32131 32891 
32306 32610 32037 33265 
32426 32867 32036 33536 
32613 33120 32160 33672 
32806 33288 32327 33653 
33007 33391 32565 33532 
33098 33341 32749 33254 
33113 33183 32905 32952 
33015 32923 32975 32646 
32870 32640 32995 32422 
32656 32372 32959 32272 
32457 32166 32907 32214 
32294 32067 32839 32229 
32209 32075 32800 32294 
32245 32216 32793 32389 
32387 32451 32845 32461 
32623 32765 32921 32520 
32883 33052 32982 32524 
33152 33308 33034 32518 
33361 33464 33040 32517 
33408 33416 32923 32478 
33370 33283 32800 32530 
33183 33025 32607 32639 
32927 32725 32427 32827 
32573 32365 32212 32993 
32275 32104 32091 33226 
32082 31991 32069 33423 
32014 32036 32162 33556 
32077 32189 32329 33570 
32279 32453 32596 33482 
32488 32740 32838 33242 
32735 32983 33062 32893 
32956 33175 33242 32506 
33100 33261 33330 32108 
33190 33250 33345 31770 
33199 33175 33288 31585 
33113 32994 33151 31523 
32955 32764 32929 31582 
32813 32591 32747 31843 
32681 32459 32586 32199 
32536 32342 32412 32592 
32437 32303 32299 33014 
32371 32311 32209 33430 
32361 32383 32201 33756 
32416 32505 32231 33970 
32518 32646 32320 34009 
32666 32832 32479 33929 
32790 32958 32643 33657 
32889 33056 32808 33269 
32934 33068 32951 32783 
32969 33070 33129 32334 
32921 32973 33221 31860 
32845 32838 33268 31479 
32763 32695 33234 31248 
32725 32612 33195 31242 
32659 32519 33035 31362 
32663 32526 32864 31719 
32636 32518 32625 32147 
32708 32599 32465 32696 
32746 32660 32301 33197 
32812 32735 32218 33682 
32853 32777 32207 34080 
32885 32820 32284 34375 
32867 32815 32396 34558 
32798 32771 32521 34530 
32669 32695 32652 34145 
32528 32610 32773 33300 
32343 32482 32811 32010 
32216 32381 32848 30569 
32103 32317 32822 29354 
32100 32329 32809 28895 
32235 32469 32835 29481 
32477 32665 32851 30994 
32879 33005 32920 33153 
33339 33345 32958 35314 
33816 33683 33030 36972 
34117 33832 33085 37752 
34038 33599 33071 37510 
33493 33003 33017 36386 
32358 32198 32878 34530 
30821 31659 32733 32328 
29439 31772 32578 29973 
29032 32563 32427 27758 
30356 33506 32253 26090 
33548 33864 32119 25312 
37938 33072 32097 25799 
41803 31058 32155 27548 
43308 28590 32310 30484 
41170 26934 32509 34096 
35430 27332 32697 37806 
27366 30511 32926 41103 
19625 35627 33120 43110 
14349 41196 33231 43418 
13211 45265 33306 41872 
16614 46208 33288 38542 
23635 43477 33211 34039 
32792 37694 33014 29004 
42551 30417 32790 24386 
51487 23266 32567 20974 
57807 17897 32344 19510 
60129 15196 32211 20311 
57830 15338 32159 23240 
51085 18059 32206 27816 
40708 22939 32344 33329 
28514 29248 32543 38692 
16193 36521 32816 43127 
5524 43875 33007 45793 
223 50692 33160 46319 
70 55578 33270 44620 
45 57492 33257 40983 
9390 55574 33122 36036 
23278 49534 32909 30571 
39477 40163 32674 25685 
55530 28668 32460 22084 
65191 16930 32296 20322 
65483 7194 32196 20575 
65521 1464 32197 22778 
65529 906 32268 26431 
65463 5988 32445 30888 
47464 15605 32653 35445 
28392 27943 32845 39276 
10950 40513 33015 41729 
406 51539 33150 42625 
42 59489 33229 41881 
21 63302 33226 39695 
8601 62444 33141 36622 
22303 57450 33018 33192 
37072 48911 32776 29944 
50437 37706 32548 27419 
58609 25927 32316 26093 
60372 15563 32125 26003 
55861 7998 32007 27014 
46434 4379 32013 28904 
34013 5147 32124 31230 
21333 9833 32341 33511 
10664 17442 32632 35341 
4132 26702 32999 36503 
2995 36472 33300 36753 
7529 45093 33546 36216 
16783 51833 33685 35049 
28983 55901 33634 33533 
42241 56943 33471 32009 
53688 54874 33223 30856 
61574 49919 32850 30168 
64379 42835 32446 30087 
61792 34434 32122 30661 
54394 25953 31828 31607 
43675 18455 31702 32814 
31294 12900 31707 33932 
19483 10079 31844 34758 
10340 10537 32101 35168 
5535 14390 32431 35058 
5698 21137 32798 34499 
10485 29576 33128 33526 
19109 38592 33419 32357 
29062 45867 33627 31285 
38601 50449 33687 30459 
46019 51708 33612 30021 
50401 49559 33389 30055 
51037 44971 33086 30566 
48502 38972 32733 31472 
43557 32636 32369 32578 
37109 26918 32065 33743 
30465 22657 31847 34708 
24984 20362 31763 35298 
21579 20152 31854 35492 
20907 21924 32063 35224 
23076 25533 32384 34548 
27273 30247 32721 33553 
32393 35309 33107 32492 
36965 39677 33378 31411 
40065 42515 33578 30589 
41008 42982 33627 30113 
39983 41022 33526 30024 
37555 37109 33313 30344 
34313 32147 32996 31050 
30975 27571 32656 32022 
28025 24595 32349 33025 
25805 23852 32110 33941 
24670 25417 31964 34611 
24916 28895 31946 34971 
26626 33268 32061 34980 
29500 37290 32226 34631 
33212 40097 32470 34028 
37185 40984 32718 33280 
40755 39720 32906 32520 
43206 36688 33024 31848 
43772 32792 33062 31370 
41859 29209 33033 31158 
37312 26876 32966 31198 
31130 26358 32901 31461 
24871 27317 32850 31876 
20498 29099 32844 32317 
19544 30909 32865 32725 
22391 32251 32907 33023 
27931 33135 32943 33170 
34278 34012 32973 33203 
39515 35211 32948 33108 
42235 36759 32866 32956 
42365 38258 32749 32821 
40556 38976 32563 32711 
37752 38299 32381 32713 
34750 35933 32177 32755 
31898 32332 32048 32901 
29153 28277 31988 33070 
26523 24902 32030 33220 
24262 23241 32222 33337 
23059 23918 32483 33326 
23448 26759 32776 33177 
25742 31071 33069 32881 
29846 35781 33309 32503 
35004 39516 33485 32132 
40305 41525 33555 31776 
44575 41556 33535 31529 
46825 39805 33366 31412 
46396 36934 33164 31531 
43270 33566 32905 31797 
38010 30148 32636 32202 
31686 26997 32368 32677 
25404 24419 32120 33198 
20576 23025 31924 33667 
17884 23325 31836 34038 
17705 25684 31866 34260 
19981 29909 31958 34256 
24271 35203 32169 34081 
29873 40498 32453 33741 
35826 44601 32779 33267 
41106 46656 33074 32645 
44507 46374 33382 32075 
45463 43791 33622 31558 
43902 39189 33705 31143 
40537 32803 33645 30888 
36645 25320 33482 30855 
33493 17832 33250 31068 
31609 11572 32921 31461 
30947 8258 32607 32051 
30880 9436 32311 32741 
30622 15633 32079 33427 
29635 26193 31910 34028 
27928 39274 31867 34463 
25900 52675 31939 34712 
24266 63192 32133 34694 
23704 65426 32356 34393 
24621 65499 32607 33885 
27072 65334 32833 33208 
30797 50084 32929 32436 
35112 34329 33017 31775 
39253 18039 33043 31274 
42457 3928 32991 31012 
44245 142 32932 31016 
44345 56 32888 31263 
43000 48 32899 31694 
40578 9538 32901 32191 
37494 22365 32998 32711 
33835 37170 33076 33121 
29960 50853 33127 33371 
26037 61095 33145 33479 
22509 65357 33085 33427 
20062 65478 32957 33289 
19467 57480 32744 33077 
21125 46537 32462 32840 
24937 33668 32193 32694 
30157 20846 31955 32651 
35356 10729 31785 32688 
39584 4529 31712 32790 
42089 3091 31781 32941 
42734 6559 32027 33118 
41759 14109 32349 33210 
39788 24325 32724 33173 
37375 35413 33137 33038 
34823 45643 33498 32726 
32442 52928 33783 32380 
30477 56034 33919 32002 
29142 54957 33897 31701 
28645 50261 33710 31528 
29032 42874 33393 31524 
30025 35008 33028 31703 
31072 28031 32603 32041 
31671 23336 32265 32493 
31310 21605 31948 32984 
30088 22893 31742 33416 
28560 26408 31669 33789 
27474 30600 31715 34002 
27562 33886 31868 34060 
29262 34998 32108 33939 
32415 33446 32359 33675 
36529 29842 32648 33337 
40762 25477 32919 32931 
44215 21950 33153 32524 
45968 20803 33353 32151 
45492 22641 33500 31855 
42668 27058 33546 31626 
37842 33116 33520 31536 
31354 39822 33411 31529 
24748 45666 33321 31696 
18859 50012 33111 31864 
14736 52566 32876 32110 
13220 53075 32632 32426 
14865 51241 32402 32780 
19584 46727 32193 33105 
26729 39491 32018 33405 
35497 29701 31941 33673 
44100 19014 31937 33834 
51254 9168 32045 33893 
55652 2326 32165 33786 
56459 397 32339 33585 
53410 4395 32532 33310 
46862 13477 32720 32991 
37815 25758 32867 32625 
27288 38974 32984 32277 
17435 50287 33081 32001 
9731 57964 33158 31815 
5674 61116 33218 31750 
6300 59795 33295 31788 
11819 54569 33325 31896 
21179 46951 33346 32054 
32814 38167 33321 32241 
44817 29339 33231 32440 
54797 21862 33089 32631 
60762 16714 32878 32797 
61692 14236 32615 32942 
57354 14566 32316 33088 
48266 17522 32053 33221 
36405 22323 31827 33340 
23579 28139 31700 33440 
12176 34053 31690 33480 
4300 39393 31863 33514 
2141 42924 32094 33412 
5821 44167 32400 33258 
14532 43025 32773 33043 
26439 39704 33123 32740 
39460 34904 33419 32399 
51032 29982 33674 32101 
59286 26124 33795 31819 
62815 24484 33811 31643 
60968 25604 33660 31572 
54284 29199 33396 31621 
43960 34363 33074 31827 
31521 39569 32665 32101 
19041 43610 32310 32532 
9209 45101 32003 33007 
3630 43610 31783 33448 
3358 39406 31663 33795 
8542 33232 31741 34045 
17843 26383 31901 34055 
29452 20222 32252 33997 
41284 15765 32574 33651 
51449 14077 32975 33254 
57808 15609 33278 32723 
59695 20334 33518 32198 
56874 27579 33645 31754 
49628 36541 33613 31391 
39812 44849 33448 31261 
28906 51299 33190 31317 
18992 54652 32862 31562 
11906 54250 32559 31988 
9279 50213 32325 32495 
11333 43401 32156 33022 
17336 35019 32044 33448 
25982 26598 32091 33820 
34763 19809 32220 33994 
42060 15363 32386 33966 
46729 13712 32617 33802 
48211 14714 32780 33440 
46780 18160 32924 33010 
43217 23365 33029 32575 
38394 29877 33125 32213 
33054 36759 33074 31862 
28060 43398 33029 31706 
24455 48303 32903 31718 
22976 50462 32769 31901 
23956 49165 32628 32164 
27149 44346 32490 32486 
31604 37267 32419 32878 
35943 29549 32392 33193 
38850 23133 32447 33429 
39553 19437 32578 33549 
37877 19002 32720 33476 
34479 21366 32899 33267 
30313 25518 33040 32937 
26496 30487 33147 32559 
24254 35228 33231 32254 
24058 39171 33167 31961 
26153 41977 33058 31861 
30160 43186 32820 31852 
35152 42630 32613 32068 
40021 40279 32425 32421 
43596 36470 32262 32804 
45150 31766 32137 33162 
44356 27132 32126 33486 
41468 23631 32191 33647 
36913 21790 32374 33694 
31197 21904 32563 33542 
25023 24106 32805 33244 
19478 28091 32995 32818 
16131 32883 33171 32384 
15802 37662 33290 32005 
18974 41482 33360 31761 
25324 43447 33307 31617 
33343 43254 33179 31709 
41327 41079 32939 31930 
47690 37652 32693 32299 
51230 33663 32457 32788 
50941 30076 32223 33228 
47260 27217 32071 33601 
40907 25212 32005 33837 
33085 24103 32072 33877 
25459 23976 32239 33722 
19418 25007 32490 33409 
16073 27381 32776 32967 
15987 31071 33069 32450 
19054 35401 33340 31993 
24470 39526 33494 31596 
31172 42537 33522 31380 
38151 43614 33437 31372 
43867 42426 33257 31588 
47414 39190 32959 31931 
48085 34615 32650 32435 
45521 29768 32365 32995 
40297 25620 32123 33462 
33515 22824 31999 33836 
26638 21816 31984 34008 
21129 22886 32055 33977 
18361 26047 32245 33798 
18519 30727 32427 33444 
21473 36200 32611 33028 
26601 41269 32759 32590 
32758 44586 32901 32216 
39082 45282 32975 31956 
44534 43152 33011 31816 
48133 38668 33052 31837 
48773 33014 33103 31987 
45907 27576 33125 32176 
39800 23311 33168 32387 
31344 20714 33211 32626 
22385 19948 33170 32724 
15702 21037 33090 32776 
12671 23866 32960 32773 
14171 28267 32791 32762 
19881 34044 32569 32737 
28466 40491 32314 32744 
37394 46125 32133 32830 
45139 49913 31971 32957 
50268 50836 31838 33067 
52186 48467 31914 33269 
50568 42935 32070 33407 
45951 35131 32312 33470 
39000 26345 32584 33376 
30796 18189 32924 33208 
23021 12423 33228 32925 
17020 10108 33473 32565 
14035 11838 33631 32156 
14863 17355 33679 31807 
19140 25688 33573 31526 
25840 35299 33350 31405 
33364 44703 33055 31499 
40279 52374 32730 31799 
44858 56712 32360 32200 
46598 57059 32067 32717 
45518 53203 31893 33296 
42036 45354 31790 33795 
37398 35025 31881 34161 
32503 23751 32046 34259 
28446 13647 32361 34177 
25875 6544 32721 33834 
25191 4393 33039 33299 
26293 7682 33311 32692 
28642 16080 33503 32078 
31667 28545 33528 31499 
34523 42438 33436 31173 
36294 54365 33223 31074 
36642 62420 32956 31242 
35431 64774 32671 31633 
32925 60902 32480 32261 
29717 51630 32258 32833 
26864 38693 32175 33399 
25397 24199 32194 33868 
26390 10785 32329 34149 
29870 1502 32464 34151 
35297 97 32621 33945 
41343 54 32776 33572 
46242 7308 32874 33060 
48319 19374 32990 32580 
46720 34066 33023 32118 
41606 48871 32983 31726 
33890 61658 32905 31543 
25354 65392 32794 31535 
17796 65487 32688 31718 
12472 65503 32605 32092 
10343 65145 32542 32517 
12064 48372 32523 32988 
17661 32077 32494 33370 
26666 15984 32553 33682 
37819 2763 32628 33798 
49365 121 32750 33744 
58544 56 32845 33467 
62980 77 32990 33104 
61417 11239 33074 32637 
54097 23821 33122 32172 
42215 37550 33134 31776 
28895 49585 33062 31496 
16638 58140 32950 31439 
7796 62074 32791 31610 
3752 60990 32574 31933 
4944 55746 32438 32448 
10399 47323 32275 32981 
18925 37209 32192 33498 
29243 26514 32168 33898 
40001 16710 32270 34127 
49161 9497 32461 34162 
55868 5393 32624 33898 
59031 5124 32781 33452 
57944 8972 32911 32907 
52506 16319 32976 32363 
43705 25954 32983 31875 
32917 36389 32933 31514 
22172 46236 32902 31418 
14008 53646 32850 31519 
9806 57945 32838 31822 
10070 58733 32831 32201 
14439 56170 32879 32631 
21381 50792 32929 33011 
29293 43466 32968 33298 
36675 35103 33005 33455 
42431 26533 32995 33440 
45719 18969 32910 33278 
46351 13477 32789 33040 
44665 10539 32613 32777 
41340 10584 32381 32530 
37301 13705 32182 32380 
33737 19278 32041 32358 
31318 26430 31968 32428 
30297 33957 32010 32598 
30279 40790 32167 32816 
30573 45727 32411 33017 
30603 48314 32725 33159 
29987 48370 33026 33172 
28871 46255 33308 33083 
27603 42494 33526 32890 
26688 37913 33625 32599 
26534 33121 33637 32344 
27251 28605 33484 32072 
29130 25018 33262 31912 
31918 23132 32972 31867 
35349 23492 32661 31951 
38871 26264 32351 32174 
41798 31080 32113 32495 
43192 36541 31899 32824 
42694 41035 31789 33171 
40242 42987 31783 33471 
36193 41469 31892 33689 
31572 36722 32081 33744 
27380 30025 32367 33691 
24508 23204 32732 33546 
23354 17893 33076 33257 
23958 15470 33349 32855 
25960 16364 33606 32502 
28673 20227 33741 32142 
31622 26584 33735 31839 
34268 34350 33571 31599 
36528 42688 33329 31532 
38317 50414 33008 31586 
39471 56267 32636 31749 
39770 59104 32348 32058 
38802 57893 32087 32412 
36397 52018 31929 32831 
32896 42020 31846 33214 
29337 29992 31941 33591 
26428 17465 32117 33846 
24951 6763 32341 33942 
25345 434 32632 33921 
27389 68 32852 33672 
30543 5424 33046 33336 
34082 14167 33155 32930 
37341 26838 33183 32512 
39843 40294 33139 32106 
40889 51017 33011 31806 
40363 58078 32859 31667 
38329 60757 32717 31702 
35109 59197 32641 31906 
31438 54096 32621 32193 
27887 46374 32656 32496 
25076 37333 32755 32802 
23241 27841 32845 32995 
22792 20043 32924 33115 
23770 15134 32960 33105 
26143 13743 32953 33023 
29765 15815 32863 32851 
34265 20559 32724 32698 
38999 26595 32574 32586 
43252 32250 32426 32539 
46378 36307 32316 32580 
47816 37871 32244 32685 
47345 37045 32239 32846 
44875 34562 32302 33030 
40368 31666 32463 33231 
33735 29669 32675 33341 
25595 29781 32851 33279 
16962 32512 33029 33121 
9503 37571 33175 32873 
5167 43836 33255 32541 
5915 49293 33262 32179 
12070 51804 33139 31854 
