31928 31871 32144 33566 
31928 31871 32144 33566 
32188 32167 32422 33670 
32530 32562 32750 33643 
32887 32940 33087 33410 
33177 33263 33337 33001 
33390 33515 33532 32523 
33520 33689 33653 32058 
33529 33724 33639 31647 
33417 33618 33488 31369 
33204 33409 33228 31269 
32948 33135 32921 31354 
32678 32783 32562 31608 
32491 32516 32278 32088 
32347 32249 32046 32624 
32214 31988 31846 33139 
32184 31852 31781 33642 
32203 31799 31847 34052 
32253 31836 32012 34272 
32320 31943 32247 34281 
32417 32157 32548 34104 
32536 32444 32878 33749 
32636 32737 33141 33221 
32750 33062 33365 32640 
32917 33386 33542 32080 
33080 33642 33613 31549 
33194 33741 33551 31149 
33287 33741 33399 30958 
33327 33596 33164 30973 
33335 33369 32912 31229 
33209 33023 32582 31649 
33086 32705 32348 32254 
32896 32368 32151 32891 
32639 32063 32006 33499 
32388 31860 31990 34042 
32119 31704 32021 34339 
31943 31731 32172 34471 
31823 31836 32343 34326 
31836 32047 32558 33997 
31928 32290 32740 33477 
32098 32588 32846 32868 
32354 32859 32918 32281 
32683 33143 32969 31822 
32962 33312 32937 31464 
33220 33412 32889 31321 
33460 33467 32914 31422 
33600 33427 32957 31660 
33629 33315 33019 32009 
33561 33164 33095 32364 
33405 32999 33161 32710 
33174 32818 33177 32971 
32895 32617 33114 33110 
32637 32489 33017 33199 
32370 32352 32821 33160 
32135 32242 32553 33075 
32004 32200 32303 33002 
31931 32152 32056 32937 
31944 32153 31877 32922 
32015 32189 31787 32950 
32148 32250 31813 32981 
32309 32337 31954 33038 
32541 32508 32257 33118 
32740 32654 32596 33084 
32947 32838 32995 33009 
33067 32946 33303 32772 
33211 33135 33593 32520 
33331 33333 33774 32239 
33372 33469 33759 31950 
33395 33586 33632 31734 
33326 33600 33342 31592 
33237 33563 33028 31645 
33125 33415 32697 31881 
32928 33130 32387 32177 
32706 32741 32147 32578 
32472 32303 32029 33030 
32243 31856 32010 33454 
32005 31410 32034 33768 
31839 31157 32111 33969 
31773 31088 32240 33995 
31751 31187 32320 33822 
31930 31620 32504 33624 
32131 32160 32610 33267 
32449 32818 32751 32883 
32788 33474 32881 32476 
33130 34059 32995 32092 
33485 34527 33162 31836 
33735 34720 33313 31628 
33869 34626 33408 31550 
33853 34279 33482 31589 
33684 33675 33453 31708 
33389 32955 33343 31913 
33032 32183 33158 32186 
32654 31536 32905 32504 
32285 31064 32586 32826 
31980 30841 32258 33141 
31786 30904 31972 33431 
31717 31228 31774 33656 
31817 31772 31714 33809 
32026 32388 31807 33836 
32271 32990 31994 33753 
32464 33441 32209 33515 
32678 33772 32497 33233 
32833 33898 32787 32904 
32956 33827 33045 32586 
33027 33624 33240 32295 
33024 33302 33328 32040 
33044 32995 33382 31906 
33029 32660 33327 31816 
33081 32453 33275 31873 
33097 32285 33160 31950 
33139 32241 33059 32096 
33137 32270 32942 32228 
33157 32418 32873 32419 
33085 32543 32794 32574 
32979 32699 32743 32749 
32766 32772 32627 32867 
32489 32756 32483 32952 
32245 32740 32368 33073 
32047 32686 32254 33200 
31915 32636 32157 33305 
31936 32633 32124 33413 
32028 32644 32117 33475 
32265 32741 32210 33512 
32541 32808 32340 33433 
32840 32883 32541 33286 
33087 32916 32763 33050 
33237 32871 32957 32730 
33282 32775 33131 32367 
33211 32640 33258 32033 
33075 32488 33307 31764 
32889 32383 33300 31607 
32703 32332 33222 31595 
32569 32380 33110 31734 
32517 32511 32996 31963 
32553 32729 32876 32288 
32675 33003 32789 32669 
32808 33243 32704 32992 
32926 33413 32602 33245 
33056 33531 32579 33454 
33079 33469 32513 33490 
33003 33288 32450 33427 
32868 32995 32403 33305 
32634 32596 32321 33110 
32373 32186 32257 32929 
32142 31824 32228 32781 
31989 31585 32245 32682 
31935 31524 32311 32628 
32054 31676 32478 32660 
32284 31992 32678 32701 
32605 32418 32922 32726 
32934 32875 33123 32686 
33242 33327 33308 32591 
33509 33733 33449 32456 
33579 33909 33440 32253 
33560 33934 33387 32106 
33401 33774 33249 31980 
33129 33470 33018 31925 
32822 33072 32776 31994 
32518 32637 32521 32174 
32355 32334 32389 32533 
32227 32060 32259 32885 
32141 31850 32140 33215 
32157 31772 32101 33534 
32248 31814 32133 33792 
32367 31949 32209 33931 
32469 32136 32310 33922 
32573 32360 32436 33794 
32658 32599 32592 33541 
32720 32824 32754 33192 
32706 32943 32852 32693 
32808 33157 33069 32272 
32873 33284 33217 31826 
32974 33394 33356 31460 
33068 33449 33430 31200 
33189 33484 33469 31124 
33278 33469 33404 31213 
33311 33371 33249 31448 
33289 33229 33029 31869 
33195 33018 32763 32391 
33009 32735 32485 32987 
32768 32419 32217 33576 
32465 32069 31988 34061 
32212 31807 31881 34399 
31814 31563 31924 34445 
31767 31647 32099 34132 
31811 31845 32295 33642 
31964 32115 32517 33041 
32202 32456 32746 32430 
32489 32826 32935 31860 
32794 33159 33080 31396 
33124 33484 33201 31185 
33397 33710 33287 31175 
33643 33875 33353 31402 
33768 33887 33382 31732 
33782 33784 33372 32150 
33670 33588 33328 32577 
33483 33321 33276 32961 
33142 32938 33099 33198 
32780 32544 32904 33328 
32439 32207 32696 33372 
32104 31889 32445 33309 
31826 31635 32166 33160 
31663 31514 31931 33026 
31670 31543 31790 32931 
31756 31655 31700 32868 
31940 31879 31740 32873 
32226 32200 31919 32948 
32551 32563 32167 33013 
32899 32960 32518 33088 
33183 33330 32866 33077 
33430 33646 33224 32970 
33578 33866 33525 32794 
33649 33959 33758 32525 
33600 33912 33858 32233 
33404 33670 33786 31893 
33147 33355 33596 31642 
32850 32956 33313 31509 
32549 32541 32964 31534 
32324 32178 32643 31762 
32168 31887 32345 32102 
32112 31734 32118 32541 
32131 31686 31966 33009 
32203 31749 31887 33476 
32362 31956 31950 33911 
32505 32176 32032 34148 
32614 32421 32147 34236 
32715 32698 32305 34239 
32783 32945 32480 34165 
32751 33108 32594 33934 
32798 33308 32795 33616 
32787 33392 32976 32905 
32761 33382 33116 31790 
32806 33363 33310 30477 
32847 33250 33451 29174 
32877 33057 33496 28473 
32965 32888 33517 28732 
33071 32710 33446 30002 
33241 32666 33330 32087 
33420 32689 33133 34453 
33526 32736 32821 36566 
33522 32768 32491 37937 
33291 32639 32194 38337 
32760 32300 31947 37815 
31816 31797 31787 36468 
30446 31431 31732 34443 
29049 31627 31791 31987 
28416 32563 31981 29476 
29273 33776 32228 27199 
32079 34579 32470 25578 
36431 34231 32757 25055 
41045 32387 33000 25862 
43864 29587 33182 28040 
43226 27159 33299 31252 
38765 26544 33381 35086 
31365 28557 33353 38769 
23076 33168 33329 41668 
16268 39170 33250 43169 
13256 44398 33202 42865 
14744 46996 33128 40685 
20377 45964 33058 36970 
28818 41357 32917 32230 
38757 34251 32769 27272 
48049 26620 32583 23119 
55450 19999 32380 20503 
59497 15534 32192 19901 
59082 13794 31975 21455 
53985 14941 31833 25096 
44944 18661 31792 30033 
33337 24409 31844 35438 
20776 31655 32027 40522 
9239 39776 32330 44346 
679 47921 32656 46273 
92 54660 33037 45984 
51 58814 33355 43552 
5569 59274 33604 39373 
17239 55477 33789 34240 
33092 47207 33794 28786 
49889 35662 33687 24130 
64172 22913 33478 21049 
65444 11027 33163 19824 
65513 2369 32820 20659 
65531 110 32476 23458 
65528 59 32182 27557 
54061 8398 31951 32148 
36326 19920 31814 36560 
17795 33076 31763 40119 
2409 45749 31826 42376 
84 56235 31955 43086 
21 62793 32167 42168 
1768 64412 32429 39944 
16031 61600 32743 36864 
30795 54690 33008 33411 
45022 44729 33228 30125 
55842 32925 33470 27536 
60717 21251 33621 25944 
59091 11864 33692 25530 
51765 5928 33651 26182 
40431 4268 33525 27649 
27485 6861 33295 29624 
15067 13142 33002 31858 
6057 21656 32647 33805 
2006 31161 32342 35376 
3632 40374 32045 36298 
10685 48129 31843 36601 
22039 53678 31757 36308 
35068 56196 31790 35557 
47879 55614 31931 34599 
58170 52033 32169 33578 
64028 45970 32423 32659 
64495 38192 32743 32028 
59486 29773 32964 31636 
50254 21976 33131 31565 
38468 15688 33205 31701 
26030 11802 33218 31957 
14971 10985 33224 32277 
7572 13564 33140 32470 
5093 19150 33065 32553 
7584 26904 33024 32524 
14159 35378 32983 32325 
23281 43061 32961 32089 
33267 48620 32932 31825 
42014 50992 32909 31703 
47936 50031 32862 31732 
50498 46317 32765 31914 
49771 40851 32655 32308 
46235 34687 32510 32850 
40624 28722 32271 33394 
34336 24106 32111 33987 
28347 21183 31968 34410 
23788 20197 31877 34632 
21627 21231 31916 34628 
22222 24131 32051 34332 
25361 28463 32316 33830 
29949 33381 32658 33154 
34651 38058 32996 32386 
38373 41574 33361 31685 
40297 43148 33652 31126 
40239 42309 33855 30774 
38498 39160 33892 30671 
35742 34593 33766 30812 
32596 29775 33528 31194 
29538 25914 33209 31735 
26897 23923 32803 32321 
25131 24312 32406 32968 
24572 26908 31994 33513 
25475 30771 31685 33919 
27763 34951 31506 34179 
31092 38393 31477 34279 
35045 40221 31561 34168 
39121 40102 31841 33988 
42455 38008 32215 33680 
44163 34690 32644 33303 
43607 31225 33101 32916 
40343 28608 33489 32460 
34846 27503 33796 32057 
28311 27906 33969 31693 
22582 29270 33961 31438 
19672 30753 33768 31273 
20481 31825 33470 31282 
24656 32327 33067 31432 
30610 32654 32655 31744 
36452 33355 32290 32191 
40312 34587 31962 32632 
41718 36260 31774 33121 
40974 37725 31725 33585 
38928 38247 31813 33940 
36358 37239 32008 34146 
33779 34708 32257 34153 
31254 31244 32549 33987 
28655 27773 32817 33671 
26096 25290 33043 33200 
24051 24730 33218 32682 
23376 26353 33335 32178 
24513 29668 33366 31766 
27548 33798 33329 31498 
32149 37513 33223 31420 
37482 39913 33018 31488 
42435 40425 32785 31758 
45761 39199 32586 32178 
46678 36769 32386 32639 
44882 33745 32246 33086 
40596 30623 32147 33426 
34623 27817 32211 33735 
28180 25535 32333 33789 
22678 24219 32508 33659 
18979 24280 32752 33402 
17611 26059 32964 33006 
18722 29598 33141 32581 
22202 34545 33251 32174 
27370 39716 33225 31852 
33368 43946 33148 31704 
39051 46309 32956 31741 
43422 46396 32739 31935 
45552 44200 32519 32286 
45080 39940 32340 32698 
42396 34134 32219 33097 
38578 27205 32160 33390 
34872 19865 32217 33593 
32190 13209 32336 33641 
30811 8711 32549 33540 
30413 8262 32770 33313 
30197 12589 32959 32966 
29529 21691 33116 32586 
28201 34124 33240 32225 
26326 48180 33271 31936 
24720 60088 33248 31798 
23893 65346 33109 31785 
24378 65489 32931 31933 
26311 65510 32654 32150 
29701 57504 32431 32499 
33823 42748 32223 32857 
38027 26127 32055 33193 
41634 10412 32053 33523 
43919 421 32088 33672 
44613 73 32282 33716 
43674 49 32520 33585 
41536 6534 32822 33331 
38563 15400 33089 32927 
35144 29265 33342 32508 
31303 43898 33504 32069 
27401 56026 33546 31718 
23714 63704 33485 31535 
20748 65445 33284 31487 
19268 61126 32998 31625 
19975 51849 32643 31947 
22972 39671 32328 32373 
27747 26763 32058 32851 
33190 15397 31891 33320 
38184 7323 31875 33741 
41729 3653 31980 34019 
43243 4872 32159 34051 
42943 10593 32438 33930 
41287 19684 32698 33606 
38846 30435 32928 33176 
36053 41131 33072 32670 
33351 49726 33153 32222 
30950 54579 33150 31873 
29136 55301 33113 31682 
28100 52032 33006 31622 
28055 45721 32933 31761 
28887 37763 32863 31977 
30137 30376 32823 32245 
31218 24836 32856 32529 
31591 22067 32874 32758 
31050 22418 32893 32927 
29802 25454 32863 33011 
28550 29926 32793 33007 
28098 33952 32672 32970 
28958 36157 32513 32937 
31344 35685 32370 32946 
34869 32539 32169 32924 
39069 27785 32085 32997 
42757 23182 32045 33092 
45173 20310 32132 33192 
45662 20196 32277 33225 
43917 23093 32510 33207 
39913 28497 32813 33096 
34227 34947 33088 32875 
27675 41440 33315 32573 
21296 47016 33501 32236 
16171 51054 33574 31933 
13212 53223 33518 31663 
13273 53105 33342 31536 
16599 50434 33091 31546 
22829 44949 32807 31749 
31123 36702 32535 32092 
40139 26422 32280 32506 
48544 15445 32069 32966 
54672 6367 31969 33449 
57496 1243 31948 33837 
56391 1511 32021 34097 
51494 7429 32147 34182 
43212 18149 32396 34120 
33017 30843 32597 33834 
22372 43322 32861 33425 
12963 53165 33058 32882 
6523 58989 33247 32327 
4420 60277 33416 31815 
7236 57225 33469 31360 
14699 51083 33479 31120 
25497 43010 33363 31034 
37736 34353 33198 31174 
49442 26229 32950 31523 
58264 19891 32685 32076 
62390 16093 32448 32698 
61184 15009 32239 33317 
54872 16536 32043 33810 
44291 20371 31978 34176 
31366 25663 31972 34330 
18684 31392 32088 34269 
8457 36788 32258 33977 
2723 40948 32464 33537 
2621 43221 32683 32989 
8347 43234 32946 32449 
18453 40924 33117 31920 
30997 36916 33311 31574 
43638 32064 33423 31389 
54356 27522 33434 31399 
61090 24662 33357 31592 
62396 24483 33186 31922 
58486 26980 32941 32332 
50256 31575 32674 32783 
38977 37010 32407 33232 
26186 41902 32149 33556 
14768 44822 32020 33788 
6591 44996 31984 33827 
3224 42274 32058 33688 
5280 37230 32247 33441 
12444 30672 32487 33057 
22968 24091 32778 32637 
34934 18659 33110 32261 
46102 15352 33314 31915 
54743 14970 33452 31707 
59175 17761 33483 31677 
58918 23350 33365 31778 
54156 31018 33171 32023 
45696 39365 32914 32362 
34894 46922 32600 32740 
23935 52065 32376 33147 
15016 53698 32171 33414 
9746 51749 32068 33611 
9092 46598 32092 33665 
13287 39005 32205 33570 
20986 30777 32362 33307 
30112 23534 32543 33006 
38657 18199 32705 32664 
45117 15379 32844 32381 
48526 15134 32898 32134 
48722 17351 32921 32045 
46082 21500 32899 32057 
41618 26980 32875 32200 
36188 33312 32892 32443 
30676 39757 32928 32686 
25971 45384 32980 32914 
22960 49073 33030 33033 
22497 49769 33113 33093 
24485 47020 33105 32962 
28449 41372 33101 32781 
33169 34000 33011 32523 
37345 26662 32850 32274 
39599 21357 32668 32126 
39451 18960 32435 32105 
37017 19521 32182 32198 
33043 22510 31991 32460 
28714 26876 31897 32822 
25284 31571 31886 33194 
23654 35974 32015 33565 
24334 39601 32279 33837 
27286 42098 32570 33862 
31992 43018 32891 33678 
37203 42225 33234 33375 
41806 39725 33462 32902 
44829 36003 33627 32402 
45686 31707 33675 31917 
44155 27542 33589 31518 
40586 24421 33376 31292 
35399 22835 33119 31274 
29217 23114 32820 31479 
22920 25156 32495 31832 
17706 28769 32253 32371 
14920 33064 32018 32894 
15582 37091 31866 33419 
19817 40076 31829 33862 
26869 41396 31904 34140 
35438 40834 32014 34172 
43567 38794 32255 34079 
49413 35929 32508 33768 
52060 32929 32764 33300 
51047 30348 33048 32792 
46737 28392 33330 32297 
39818 27004 33541 31823 
31853 26247 33659 31471 
24305 26203 33686 31286 
18526 27131 33594 31280 
15592 29210 33396 31420 
15948 32374 33111 31735 
19441 36000 32755 32156 
25153 39207 32391 32626 
32042 41289 32102 33135 
38790 41517 31834 33547 
44333 39846 31730 33885 
47624 36511 31756 34057 
47812 32349 31925 34072 
44810 28272 32140 33890 
39305 24989 32401 33560 
32442 23049 32671 33162 
25818 22795 32913 32718 
20789 24484 33098 32274 
18550 28000 33219 31953 
19246 32818 33267 31733 
22592 38085 33255 31648 
28022 42739 33250 31773 
34424 45400 33213 31964 
40659 45317 33175 32217 
45763 42519 33099 32481 
48688 37725 33036 32721 
48467 32041 32925 32887 
44606 26581 32779 32979 
37527 22364 32606 33032 
28760 19892 32450 33057 
20224 19174 32257 33014 
14054 20288 32076 32950 
11957 23260 31977 32930 
14568 28114 31928 32921 
21134 34204 31959 32922 
30012 40801 32103 32966 
39098 46698 32318 32992 
46893 50663 32608 32993 
51747 51531 32909 32945 
53019 48823 33227 32871 
50745 42960 33467 32746 
45441 34909 33645 32569 
37943 26046 33701 32385 
29509 18037 33615 32193 
21463 12335 33452 32061 
15587 10270 33191 31971 
13124 12218 32866 31947 
14527 17856 32515 31998 
19417 26161 32226 32182 
26538 35654 31957 32398 
34374 44981 31804 32726 
41144 52270 31744 33063 
45462 56224 31808 33404 
46846 56154 31955 33692 
45455 51950 32231 33913 
41847 44088 32510 33937 
37011 33669 32858 33841 
32081 22490 33141 33556 
28152 12929 33387 33161 
25818 6778 33539 32639 
25382 5509 33616 32108 
26672 9686 33554 31587 
29191 18864 33409 31200 
32124 31128 33179 30996 
34735 44237 32958 31080 
36280 55476 32716 31365 
36374 62600 32494 31866 
34855 63903 32307 32508 
32164 59133 32193 33190 
28915 49287 32065 33776 
26246 36175 32060 34241 
25201 22142 32130 34501 
26611 9393 32255 34497 
30709 679 32401 34186 
36445 84 32577 33668 
42429 52 32740 33026 
46939 8606 32884 32356 
48423 21178 32976 31728 
46100 36342 33019 31262 
40438 51050 33035 31098 
32579 63134 32985 31168 
24181 65414 32934 31490 
16857 65490 32910 32022 
11880 65507 32889 32615 
10342 63759 32874 33168 
12771 47225 32868 33606 
19139 30720 32892 33866 
28746 14731 32923 33885 
40362 1719 32921 33695 
51572 103 32850 33299 
59894 54 32753 32830 
63205 128 32642 32397 
60472 12086 32510 32036 
52090 24718 32369 31788 
39488 38374 32237 31713 
25907 50070 32136 31853 
14003 58334 32176 32165 
5936 61905 32246 32544 
2968 60652 32397 32957 
5124 55301 32594 33333 
11661 46696 32822 33594 
20924 36613 33026 33686 
31548 26235 33215 33648 
42055 16795 33326 33416 
51082 9537 33391 33108 
57582 5332 33367 32702 
60007 5282 33278 32308 
57904 9294 33111 31948 
51569 16788 32905 31721 
41930 26569 32638 31627 
30749 37072 32401 31737 
19966 46844 32165 31957 
12168 54103 32022 32301 
8606 58175 31956 32721 
9650 58703 31959 33128 
14618 55951 32076 33486 
22277 50260 32306 33763 
30463 42721 32578 33832 
37908 34200 32890 33746 
43440 25694 33156 33473 
46512 18316 33421 33132 
46846 12796 33568 32694 
44688 10083 33586 32236 
41026 10614 33466 31856 
36864 14176 33221 31588 
33253 20190 32929 31519 
30931 27676 32623 31626 
30063 35562 32363 31927 
30156 42244 32129 32265 
30563 46949 32046 32722 
30620 49072 32047 33134 
30037 48559 32152 33496 
28896 45767 32316 33747 
27665 41415 32554 33866 
26778 36376 32761 33789 
26633 31294 32935 33554 
27434 26807 33059 33212 
29339 23427 33078 32733 
32233 22195 33077 32314 
35622 23385 33000 31916 
39038 27070 32881 31648 
41700 32522 32732 31559 
42972 38533 32653 31732 
42221 42954 32534 31986 
39589 44459 32483 32378 
35570 42282 32494 32845 
31029 36800 32543 33286 
26984 29330 32677 33660 
24389 22008 32812 33842 
23576 16572 32938 33777 
24467 14213 33003 33498 
26702 15385 33093 33142 
29646 19805 33075 32638 
32580 26619 32995 32130 
35129 34957 32831 31704 
37213 43799 32647 31471 
38790 52132 32483 31504 
39516 57952 32306 31707 
39234 60149 32211 32111 
37721 58035 32203 32638 
34955 51443 32267 33181 
31395 41097 32404 33659 
27771 28203 32601 34013 
25194 15415 32838 34152 
24218 4841 33010 34010 
25104 198 33124 33628 
27727 59 33232 33145 
31448 5507 33239 32525 
35465 15142 33197 31968 
39038 28404 33089 31490 
41527 41562 32901 31172 
42482 52449 32689 31123 
41617 59449 32471 31314 
39043 61647 32290 31768 
35238 59402 32175 32352 
30888 53522 32110 33015 
26553 44735 32095 33644 
23270 34953 32216 34172 
21347 25577 32381 34430 
20985 18026 32626 34436 
22253 13480 32892 34160 
25108 12661 33117 33618 
29560 15677 33317 32926 
34780 21311 33478 32232 
40060 28067 33493 31544 
44675 34215 33427 31045 
47965 38486 33249 30790 
49360 39977 33019 30840 
48709 38841 32747 31167 
45851 35840 32448 31737 
40789 32282 32207 32445 
33621 29643 32087 33243 
24950 29150 31938 33839 
15972 31518 31969 34317 
8375 36358 32097 34537 
4150 42515 32252 34457 
5230 48046 32441 34095 
11862 50645 32636 33573 
