33163 33764 33306 32531 
33163 33764 33306 32531 
33212 33856 33328 32717 
33209 33778 33268 32824 
33057 33485 33065 32804 
32899 33118 32870 32819 
32656 32629 32592 32818 
32396 32116 32301 32854 
32134 31639 32026 32920 
31941 31301 31821 33038 
31840 31162 31727 33181 
31851 31222 31735 33284 
31996 31513 31902 33369 
32260 31985 32179 33379 
32565 32511 32493 33271 
32899 33083 32867 33092 
33175 33559 33184 32782 
33423 33945 33488 32477 
33578 34134 33690 32164 
33614 34133 33758 31908 
33546 33940 33706 31743 
33326 33565 33506 31659 
33051 33130 33237 31754 
32725 32614 32882 31926 
32441 32181 32548 32216 
32213 31834 32245 32577 
32012 31583 31959 32902 
31924 31533 31791 33247 
31932 31635 31713 33518 
32016 31857 31760 33710 
32216 32165 31957 33813 
32436 32516 32225 33766 
32655 32842 32521 33620 
32884 33138 32867 33374 
33044 33315 33151 33008 
33187 33437 33407 32607 
33327 33533 33610 32244 
33361 33498 33659 31868 
33341 33400 33601 31578 
33251 33245 33440 31429 
33106 33052 33210 31437 
32914 32830 32899 31588 
32703 32607 32594 31892 
32528 32423 32342 32315 
32367 32257 32138 32789 
32220 32104 31966 33232 
32147 32016 31925 33619 
32178 32031 32028 33925 
32286 32110 32210 34057 
32391 32186 32402 33967 
32519 32325 32615 33717 
32646 32505 32801 33360 
32722 32659 32897 32917 
32792 32858 32938 32493 
32838 33046 32933 32116 
32865 33239 32905 31862 
32872 33384 32871 31747 
32884 33475 32858 31805 
32901 33473 32889 31968 
32908 33378 32942 32191 
32946 33231 33045 32466 
32968 32993 33127 32688 
32987 32720 33184 32830 
32990 32457 33188 32890 
32988 32245 33132 32903 
32916 32057 32963 32811 
32818 31970 32732 32737 
32676 31979 32460 32700 
32508 32063 32180 32714 
32325 32194 31923 32773 
32150 32357 31746 32881 
32046 32566 31722 33048 
32058 32800 31849 33230 
32146 33007 32086 33350 
32336 33189 32424 33403 
32605 33309 32836 33329 
32874 33359 33222 33167 
33117 33309 33536 32872 
33335 33215 33760 32508 
33442 33041 33813 32104 
33511 32900 33773 31785 
33432 32714 33546 31530 
33308 32610 33280 31495 
33103 32511 32938 31596 
32808 32408 32536 31809 
32520 32357 32196 32202 
32206 32291 31887 32644 
31995 32279 31725 33157 
31793 32255 31697 33949 
31915 32342 31897 34167 
32139 32484 32185 34201 
32447 32665 32539 34034 
32797 32873 32918 33702 
33086 33041 33225 33186 
33335 33216 33508 32600 
33497 33331 33696 32019 
33570 33402 33787 31516 
33497 33350 33706 31145 
33336 33215 33510 30992 
33123 33031 33221 31072 
32857 32792 32886 31377 
32598 32526 32523 31848 
32414 32350 32273 32492 
32227 32157 32022 33090 
32124 32052 31885 33647 
32108 32056 31860 34094 
32193 32172 31952 34320 
32342 32396 32143 34349 
32557 32673 32399 34150 
32765 32957 32665 33777 
32910 33138 32870 33211 
33001 33246 33038 32622 
33055 33268 33168 32081 
32979 33104 33170 31577 
32862 32890 33123 31297 
32702 32608 33012 31245 
32540 32357 32875 31402 
32421 32176 32742 31754 
32405 32116 32656 32234 
32460 32190 32628 32777 
32582 32370 32667 33280 
32791 32672 32759 33694 
33014 32986 32873 33911 
33186 33250 32939 33860 
33333 33487 33001 33650 
33374 33590 33007 33278 
33290 33530 32924 32799 
33100 33328 32779 32297 
32824 33034 32606 31905 
32489 32631 32397 31641 
32161 32227 32215 31596 
31874 31835 32043 31740 
31756 31622 32018 32077 
31792 31600 32100 32557 
31986 31737 32279 33048 
32287 32034 32542 33511 
32665 32415 32847 33847 
33068 32866 33166 33961 
33359 33219 33382 33842 
33584 33555 33547 33531 
33679 33772 33597 33115 
33595 33807 33497 32573 
33437 33731 33352 32077 
33128 33493 33061 31631 
32814 33197 32753 31388 
32511 32842 32472 31341 
32254 32478 32223 31510 
32095 32179 32065 31886 
31996 31914 31973 32358 
31993 31746 31942 32898 
32076 31703 32000 33430 
32229 31808 32142 33886 
32430 31994 32337 34166 
32626 32258 32555 34246 
32867 32617 32861 34147 
33021 32911 33088 33784 
33131 33172 33278 33275 
33230 33393 33465 32702 
33272 33535 33568 32097 
33236 33548 33541 31531 
33204 33531 33488 31145 
33061 33353 33276 30902 
32928 33160 32999 30929 
32783 32954 32707 31204 
32635 32738 32421 31693 
32525 32549 32181 32372 
32432 32382 32028 33074 
32351 32229 31918 33701 
32316 32148 31928 34234 
32309 32117 32030 34519 
32378 32161 32239 34594 
32421 32206 32448 34385 
32472 32281 32643 33942 
32558 32397 32852 33404 
32570 32460 32961 32739 
32619 32563 33036 32157 
32695 32705 33100 31693 
32755 32831 33102 31408 
32857 32990 33099 31312 
32968 33155 33092 31413 
33132 33358 33129 31691 
33261 33486 33136 32022 
33355 33557 33134 32373 
33368 33503 33103 32682 
33290 33357 33010 32916 
33108 33093 32858 33070 
32890 32803 32687 33173 
32616 32490 32494 33210 
32300 32136 32254 33155 
32049 31892 32071 33129 
31876 31729 31943 33100 
31786 31699 31879 33090 
31855 31823 31947 33107 
32036 32039 32116 33133 
32298 32308 32338 33111 
32630 32660 32634 33058 
32965 32991 32934 32940 
33239 33289 33175 32722 
33512 33568 33430 32510 
33646 33697 33583 32234 
33643 33693 33633 31982 
33517 33556 33569 31781 
33267 33305 33419 31669 
32930 32958 33163 31703 
32558 32567 32845 31883 
32229 32220 32517 32184 
31932 31922 32190 32568 
31789 31758 31939 33021 
31751 31702 31775 33455 
31867 31816 31748 33832 
32134 32054 31894 34059 
32492 32388 32154 34112 
32861 32749 32484 33946 
33203 33116 32837 33578 
33477 33428 33162 33101 
33643 33681 33447 32567 
33686 33810 33630 32061 
33566 33734 33633 31605 
33280 33504 33480 31315 
32936 33166 33238 31228 
32562 32753 32934 31360 
32212 32341 32600 31674 
31971 31995 32341 32133 
31864 31776 32133 32645 
31897 31696 32025 33141 
32031 31741 32000 33511 
32308 31970 32130 33872 
32649 32315 32333 34138 
32994 32719 32592 34332 
33252 33080 32828 34323 
33368 33334 33003 33948 
33400 33517 33144 33191 
33287 33530 33201 31953 
33074 33399 33177 30545 
32776 33131 33066 29406 
32451 32786 32870 28993 
32172 32429 32648 29576 
32049 32195 32481 31167 
32071 32094 32321 33323 
32280 32184 32225 35558 
32643 32442 32220 37294 
33076 32801 32370 38174 
33337 32990 32556 37996 
33289 32961 32811 36918 
32716 32679 33032 35068 
31709 32442 33261 32730 
30599 32561 33400 30055 
30064 33108 33410 27437 
30813 33811 33286 25380 
33177 34080 33086 24309 
36647 33351 32790 24485 
40045 31588 32492 26149 
41842 29236 32228 29216 
40695 27405 32001 33253 
36462 27395 31938 37625 
30125 29700 31966 41407 
23434 34057 32157 44038 
18211 39181 32396 44887 
15961 43517 32681 43654 
17414 45258 32904 40372 
22162 43747 33073 35668 
29205 39317 33157 30246 
37400 33070 33181 25086 
45350 26370 33074 20998 
51966 20607 32984 18838 
55661 16858 32833 18976 
55706 15545 32678 21404 
51966 16840 32655 25796 
44775 20395 32644 31229 
35002 25951 32696 37003 
24048 32941 32793 41971 
13809 40461 32855 45193 
5651 47806 32950 46415 
1065 53757 32971 45350 
1215 57123 32921 42250 
7005 56954 32809 37632 
17833 52628 32631 32312 
31637 44679 32446 27394 
46498 34052 32269 23550 
59755 22381 32144 21365 
65344 11719 32079 21118 
65493 4069 32148 22853 
65514 1168 32273 26009 
65512 3536 32527 30040 
52187 10579 32795 34202 
34996 21327 33082 37868 
17516 33927 33291 40388 
3810 45642 33475 41432 
121 55269 33515 40903 
36 61520 33450 39131 
850 63494 33295 36438 
14750 60996 33104 33360 
28607 54293 32801 30401 
41787 44608 32562 28249 
52111 33171 32312 27055 
57741 21723 32095 26941 
57970 12179 31972 27883 
52979 5836 31906 29588 
44167 3801 31936 31699 
33508 6006 32054 33717 
22849 11809 32240 35329 
14326 20171 32512 36280 
9524 29807 32803 36454 
9437 39611 33124 35858 
13984 47996 33368 34679 
22171 54202 33580 33243 
32268 57419 33658 31796 
42422 57362 33663 30632 
50820 53888 33504 29920 
55679 47704 33221 29785 
56378 39698 32923 30262 
52853 30852 32574 31171 
45841 22415 32270 32365 
36246 15351 32022 33620 
26375 11069 31831 34597 
18087 10174 31795 35215 
12688 12708 31888 35394 
11103 18290 32075 35080 
13462 25917 32381 34401 
19031 34213 32691 33436 
26775 41836 32982 32373 
34785 47260 33227 31416 
41697 49840 33386 30725 
46436 49406 33411 30381 
48394 46397 33318 30418 
47517 41521 33116 30824 
43981 35664 32823 31514 
38941 30238 32589 32396 
33172 25771 32434 33282 
27667 22695 32275 33935 
23611 21514 32291 34411 
21720 22215 32378 34528 
22349 24773 32560 34351 
25178 28668 32801 33928 
29289 33093 32990 33290 
33644 37272 33151 32641 
37166 40268 33231 32027 
39306 41408 33222 31587 
39729 40297 33033 31322 
38806 37400 32846 31384 
36870 33425 32566 31645 
34399 29466 32350 32117 
31639 26448 32151 32620 
29055 25223 32049 33131 
27072 26032 32065 33537 
26100 28457 32178 33773 
26381 31863 32414 33827 
27923 35396 32683 33652 
30581 38251 32925 33310 
33993 39666 33157 32878 
37454 39325 33308 32426 
40382 37465 33428 32074 
41819 34576 33397 31795 
41127 31591 33277 31677 
38013 29252 33061 31746 
33101 28120 32801 31974 
27771 28083 32492 32279 
23664 28809 32257 32711 
22067 29702 32040 33091 
23499 30493 31938 33421 
27490 31273 31973 33672 
32414 32259 32111 33745 
36790 33715 32378 33686 
39567 35569 32655 33440 
40541 37468 33008 33112 
39976 38712 33297 32677 
38511 38680 33542 32273 
36583 37087 33649 31929 
34328 34170 33592 31656 
31726 30621 33391 31549 
28873 27416 33124 31640 
25975 25369 32743 31848 
23828 25230 32386 32194 
23111 26993 32051 32581 
24285 30131 31848 32977 
27276 33718 31735 33308 
31765 36933 31830 33597 
36915 39001 32052 33759 
41526 39505 32367 33792 
44621 38606 32718 33662 
45520 36672 33042 33441 
43938 34084 33257 33087 
40113 31200 33363 32711 
34891 28429 33382 32389 
29309 26112 33280 32122 
24450 24718 33070 31917 
21120 24771 32848 31854 
19721 26534 32624 31870 
20487 29939 32512 32026 
23354 34540 32490 32250 
27674 39157 32509 32443 
32731 42984 32632 32651 
37561 45131 32745 32817 
41274 45281 32856 32924 
43104 43252 32902 32987 
42849 39359 32901 33025 
40945 33825 32826 33027 
38192 27148 32682 32998 
35553 20182 32549 33019 
33487 14028 32390 33000 
32200 10458 32272 32989 
31331 10708 32232 32978 
30429 15411 32236 32937 
29239 24225 32378 32920 
27659 35900 32542 32832 
26113 47856 32778 32761 
24992 57961 32999 32599 
24766 64056 33199 32445 
25742 64517 33353 32286 
27971 59769 33442 32178 
31133 49665 33363 32035 
34811 36560 33252 32038 
38277 22297 33001 32086 
40996 9375 32729 32242 
42503 542 32420 32476 
42585 82 32157 32782 
41406 56 31936 33062 
39335 7200 31835 33334 
36784 18762 31944 33592 
33765 32851 32103 33711 
30543 46830 32414 33700 
27357 58059 32758 33551 
24448 64753 33094 33254 
22322 65456 33337 32829 
21658 59831 33536 32388 
22861 52931 33596 31973 
25854 41383 33501 31646 
29968 29014 33289 31482 
34381 17875 32999 31482 
38167 9465 32665 31663 
40604 5237 32383 32022 
41389 5558 32138 32428 
40828 10090 31998 32890 
39302 17817 31954 33302 
37276 27260 32038 33664 
34989 36929 32189 33865 
32830 44811 32440 33906 
30893 49854 32714 33784 
29451 51502 32975 33486 
28734 49941 33186 33114 
28815 45762 33315 32674 
29586 40243 33373 32274 
30623 34608 33318 31944 
31359 29953 33135 31684 
31507 27207 32903 31628 
30912 26663 32631 31752 
29903 28020 32388 31992 
29012 30256 32176 32333 
28914 32275 32098 32746 
29960 32951 32109 33134 
32292 31711 32224 33431 
35588 28928 32479 33642 
39105 25572 32762 33663 
42051 22830 33038 33494 
43787 21877 33295 33216 
43753 23211 33442 32840 
41696 26810 33476 32414 
37884 31825 33396 32061 
32775 37230 33198 31799 
27115 42191 32895 31703 
21834 46059 32576 31799 
17801 48586 32288 32092 
15860 49428 32039 32456 
16570 48511 31934 32919 
19921 45574 31921 33333 
25558 40464 32036 33659 
32724 33398 32265 33837 
40545 24690 32552 33776 
47225 16475 32837 33555 
51920 10152 33102 33198 
53713 7362 33279 32735 
52134 9247 33396 32230 
47227 15625 33406 31812 
39728 25070 33331 31524 
30871 35401 33171 31430 
21949 44718 33002 31565 
14467 51354 32792 31859 
9762 54465 32583 32259 
9019 53809 32409 32788 
12495 49983 32232 33242 
19654 44064 32083 33651 
29199 37193 32055 33965 
39514 30362 32055 34054 
48877 24494 32173 33989 
55226 20460 32315 33726 
57634 18556 32536 33322 
55569 18916 32814 32855 
49329 21263 33060 32320 
39907 25280 33347 31869 
28947 30113 33535 31490 
18615 34985 33655 31311 
11050 39068 33609 31293 
7525 41765 33470 31459 
8726 42573 33207 31773 
14468 41328 32896 32211 
23683 38124 32504 32672 
34406 33684 32176 33169 
44446 29072 31913 33622 
52343 25376 31783 33958 
56724 23591 31783 34124 
56801 24306 31916 34102 
52466 27437 32105 33864 
44747 32240 32396 33541 
34854 37448 32668 33122 
24418 41864 32897 32646 
15314 44426 33089 32224 
9583 44345 33203 31881 
8120 41716 33243 31679 
11177 37032 33220 31625 
18130 31212 33184 31742 
27661 25217 33161 31937 
37678 20373 33116 32188 
46577 17511 33059 32435 
52826 17247 33022 32690 
55446 19736 32930 32852 
53988 24788 32815 32952 
48854 31476 32715 33028 
41024 38610 32579 33064 
31803 44799 32420 33042 
22943 48946 32261 33030 
15930 50285 32122 33040 
12605 48476 31993 33028 
13323 44101 31980 33073 
17714 38012 32047 33123 
24582 31391 32197 33125 
32473 25265 32437 33092 
39361 20772 32702 32968 
44242 18302 32994 32799 
46462 17972 33272 32588 
46061 19659 33482 32335 
43427 23117 33613 32107 
39378 27853 33623 31910 
34669 33374 33549 31816 
30060 38998 33374 31822 
26355 43768 33146 31935 
24253 46619 32829 32109 
24365 46775 32553 32445 
26476 43971 32270 32791 
29948 38810 32002 33125 
33755 32566 31827 33437 
36814 26670 31741 33653 
38100 22701 31754 33780 
37438 21268 31916 33796 
35106 22272 32155 33672 
31772 25159 32485 33469 
28463 29071 32833 33145 
26173 33137 33161 32758 
25521 36848 33466 32349 
26829 39772 33701 31986 
29832 41517 33788 31666 
33980 41760 33744 31449 
38287 40361 33561 31391 
41793 37494 33298 31509 
43634 33710 32940 31759 
43534 29708 32586 32120 
41512 26201 32273 32563 
37729 23810 32034 33065 
32719 23064 31863 33500 
27209 24159 31854 33857 
22019 26884 31943 34059 
18244 30772 32097 34080 
16902 35109 32308 33940 
18705 38863 32506 33630 
23460 41194 32680 33242 
30255 41775 32810 32805 
37635 40640 32912 32374 
44365 38098 32965 32000 
48682 34974 33047 31763 
49868 31868 33115 31637 
47817 29227 33186 31662 
43064 27185 33260 31800 
36590 25782 33309 31987 
29662 25129 33325 32224 
23427 25488 33278 32487 
19236 27038 33149 32725 
17689 29805 32972 32921 
18839 33380 32696 33060 
22414 37193 32404 33166 
27763 40447 32156 33259 
33807 42149 31921 33291 
39611 41871 31801 33304 
43836 39703 31800 33288 
45826 36161 31922 33269 
45109 31958 32096 33175 
41819 27975 32377 33069 
36545 24817 32704 32914 
30519 23072 32993 32700 
25327 23137 33268 32460 
21914 25060 33473 32209 
20883 28605 33580 31986 
22350 33223 33626 31844 
25866 38050 33527 31752 
30827 41928 33310 31758 
36155 43759 33042 31911 
41019 43208 32720 32165 
44585 40449 32384 32501 
45974 36227 32105 32916 
44439 31364 31873 33310 
40138 27063 31824 33682 
33612 23761 31862 33922 
26298 21865 32064 34002 
19953 21477 32330 33901 
16224 22748 32680 33649 
16151 25757 33025 33244 
19840 30214 33344 32779 
26259 35680 33571 32281 
33903 41292 33663 31827 
41145 45893 33593 31451 
46676 48441 33371 31248 
49629 48208 33066 31269 
49474 44968 32690 31479 
46439 39172 32325 31856 
41095 31808 32032 32332 
34256 24257 31865 32861 
27123 17903 31826 33355 
20840 13976 31946 33796 
16907 13453 32220 34066 
16114 16422 32550 34124 
18490 22320 32862 34005 
23471 30045 33113 33685 
29888 38359 33284 33309 
36243 45871 33330 32890 
41403 51427 33267 32466 
44287 53819 33111 32121 
44681 52673 32916 31888 
42808 47981 32694 31750 
39437 40401 32569 31773 
35307 31036 32477 31841 
31280 21267 32454 31972 
28308 13404 32533 32151 
26785 8887 32699 32365 
26736 8805 32817 32526 
27975 13483 32913 32674 
30086 22388 32966 32840 
32373 33549 32931 32988 
34286 44957 32838 33121 
35268 54250 32682 33238 
35073 59599 32517 33342 
33723 59881 32400 33473 
31398 54744 32256 33476 
28869 45090 32220 33458 
27166 33040 32273 33370 
27078 20881 32418 33233 
29025 10504 32572 32973 
32935 3698 32816 32706 
37833 1579 32994 32324 
42577 4873 33169 31970 
45494 13030 33265 31667 
45637 24865 33279 31476 
42735 38366 33213 31407 
37342 51379 33111 31521 
30225 62088 32942 31779 
23240 65396 32791 32183 
17608 65483 32637 32636 
14204 65448 32487 33088 
13743 53388 32340 33477 
16639 39632 32245 33796 
22923 24285 32175 33957 
31861 10174 32170 33984 
41621 576 32171 33831 
50621 87 32260 33577 
56765 58 32382 33284 
58354 4947 32513 32890 
54760 15732 32759 32576 
46800 28755 32997 32280 
36155 42094 33214 32034 
25085 53440 33394 31841 
15782 61173 33515 31734 
9861 64246 33577 31735 
8259 62332 33506 31756 
10773 56401 33331 31842 
16533 47474 33084 31984 
24338 36713 32744 32154 
33265 25413 32429 32456 
41802 15304 32129 32769 
48956 7533 31888 33088 
53738 3235 31800 33456 
55244 3070 31802 33732 
53034 7327 31937 33941 
47112 15569 32187 34020 
38765 25840 32468 33923 
29512 36738 32739 33670 
21094 46673 32987 33351 
15219 54221 33143 32915 
12871 58562 33209 32456 
14313 59239 33235 32063 
18711 56516 33187 31760 
24858 50929 33100 31565 
31396 43356 32983 31505 
37336 34587 32899 31595 
41567 26069 32842 31784 
43810 18666 32808 32038 
44008 13321 32815 32304 
42490 10712 32842 32600 
39792 11231 32804 32846 
36823 14805 32768 33055 
34217 20748 32687 33207 
32448 28033 32586 33329 
31475 35344 32434 33377 
30956 41678 32251 33362 
30513 45883 32126 33379 
29795 47645 32061 33361 
28733 46956 32061 33303 
27587 44306 32145 33204 
26667 40263 32333 33056 
26373 35591 32600 32885 
26859 31010 32885 32655 
28304 27105 33190 32400 
30595 24434 33411 32118 
33635 23680 33592 31917 
37086 25208 33667 31759 
40179 28865 33611 31685 
42292 33853 33439 31721 
42894 38841 33209 31880 
41666 42293 32923 32110 
38640 42953 32593 32400 
34392 40214 32279 32762 
30051 34900 32007 33117 
26352 28261 31776 33411 
24017 22033 31672 33664 
23317 17604 31663 33812 
24269 15930 31805 33883 
26444 17329 32035 33824 
29173 21423 32315 33635 
32131 27708 32676 33380 
34931 35315 33069 33048 
37366 43281 33415 32639 
39352 50725 33745 32230 
40368 55775 33907 31814 
40224 57524 33971 31517 
38656 55280 33859 31336 
35824 49087 33609 31295 
32257 39655 33267 31420 
28661 28255 32799 31640 
25986 16777 32383 32070 
24805 7640 31977 32548 
25344 2802 31662 33030 
27352 3211 31487 33491 
30379 8719 31495 33877 
33766 18181 31667 34135 
36967 29744 31947 34188 
39353 41048 32326 34068 
40437 50016 32718 33799 
40030 55627 33066 33424 
38210 57431 33334 32975 
35335 55611 33488 32544 
31867 50605 33523 32147 
28471 43354 33430 31852 
25749 35108 33287 31694 
24008 27046 33102 31679 
23480 20488 32887 31740 
24346 16547 32693 31812 
26715 15909 32612 32023 
30352 18428 32599 32234 
34641 23099 32568 32374 
38988 28523 32647 32572 
42710 33264 32711 32763 
45228 36343 32696 32898 
46248 37314 32671 33082 
45542 36367 32607 33278 
42791 34117 32502 33474 
38213 31821 32359 33619 
31966 30626 32289 33752 
24530 31244 32209 33750 
16969 34110 32231 33651 
11089 38574 32307 33389 
8728 43418 32509 33054 
10785 47107 32736 32634 
