32604 33054 33073 33110 
32604 33054 33073 33110 
32855 33081 33215 32363 
32961 33073 33203 32030 
33032 33050 33149 31748 
33089 33040 33073 31588 
33148 33042 33007 31558 
33192 33053 32963 31643 
33218 33053 32930 31814 
33197 33020 32896 32041 
33138 32946 32854 32292 
33054 32848 32808 32560 
32904 32682 32715 32802 
32723 32511 32594 33066 
32473 32290 32432 33263 
32230 32075 32264 33423 
32050 31926 32146 33581 
31899 31833 32037 33639 
31874 31851 32035 33675 
31936 31997 32105 33638 
32104 32222 32249 33485 
32365 32557 32478 33263 
32709 32960 32787 33018 
32968 33258 33033 32626 
33256 33570 33294 32275 
33481 33776 33523 31948 
33530 33794 33579 31597 
33562 33744 33605 31447 
33460 33550 33489 31387 
33301 33305 33307 31491 
33121 33018 33083 31740 
32834 32636 32735 32028 
32635 32373 32488 32502 
32379 32041 32200 32923 
32164 31787 31940 33361 
31971 31614 31753 33707 
31889 31579 31713 33995 
31853 31632 31766 34106 
31948 31825 31947 34096 
32100 32080 32211 33924 
32307 32392 32534 33615 
32599 32789 32937 33226 
32835 33136 33270 32686 
33125 33490 33589 32220 
33383 33791 33807 31775 
33604 33990 33905 31451 
33657 33982 33761 31190 
33640 33881 33523 31137 
33523 33645 33176 31261 
33300 33315 32775 31574 
33035 32934 32382 32055 
32705 32477 32034 32569 
32375 32055 31809 33155 
32055 31660 31689 33690 
31823 31413 31723 34060 
31743 31344 31925 34281 
31747 31407 32166 34252 
31898 31673 32497 34065 
32156 32070 32827 33687 
32454 32519 33104 33192 
32792 33000 33337 32653 
33100 33445 33459 32122 
33339 33793 33477 31688 
33488 33970 33380 31415 
33499 33948 33192 31326 
33411 33766 32940 31440 
33200 33418 32634 31705 
32952 32994 32397 32151 
32664 32519 32192 32611 
32414 32095 32102 33079 
32209 31763 32083 33445 
32114 31605 32190 33691 
32136 31682 32390 33794 
32297 31972 32670 33733 
32528 32348 32939 33504 
32757 32745 33154 33151 
32980 33129 33312 32742 
33152 33445 33387 32349 
33255 33600 33358 32021 
33222 33567 33203 31806 
33086 33359 32950 31744 
32854 33023 32663 31820 
32640 32686 32416 32067 
32428 32363 32214 32413 
32274 32134 32100 32783 
32215 32030 32096 33135 
32257 32082 32190 33398 
32373 32254 32359 33532 
32543 32506 32560 33537 
32740 32802 32776 33414 
32875 33019 32900 33178 
32957 33151 32966 32891 
32997 33185 32975 32635 
32982 33100 32958 32445 
32901 32914 32905 32315 
32793 32649 32850 32288 
32704 32401 32825 32340 
32633 32203 32829 32424 
32626 32128 32867 32507 
32640 32187 32918 32552 
32750 32427 33011 32599 
32849 32744 33045 32566 
32924 33084 33019 32491 
32957 33399 32918 32403 
32928 33619 32762 32353 
32839 33684 32566 32379 
32710 33572 32355 32499 
32521 33265 32147 32660 
32369 32848 31998 32908 
32249 32348 31944 33171 
32261 31963 32062 33467 
32326 31638 32243 33658 
32458 31485 32516 33729 
32651 31528 32849 33659 
32841 31724 33155 33403 
33014 32105 33416 33048 
33182 32593 33611 32637 
33302 33138 33676 32204 
33286 33595 33579 31763 
33233 33976 33405 31463 
33059 34115 33089 31310 
32864 34062 32769 31385 
32648 33802 32445 31631 
32422 33355 32153 32028 
32175 32756 31885 32463 
32059 32217 31772 33003 
31997 31706 31745 33484 
32049 31382 31850 33901 
32222 31296 32081 34183 
32463 31429 32382 34277 
32739 31747 32725 34157 
33029 32206 33077 33867 
33263 32702 33376 33381 
33406 33190 33595 32795 
33450 33621 33708 32151 
33396 33898 33710 31589 
33224 33960 33566 31137 
32993 33858 33331 30884 
32742 33594 33031 30889 
32481 33223 32680 31157 
32270 32798 32361 31648 
32195 32398 32117 32322 
32209 32085 31980 33051 
32281 31833 31873 33723 
32456 31789 31925 34290 
32660 31872 32053 34579 
32824 32066 32236 34614 
32945 32317 32451 34390 
32981 32571 32650 33904 
32881 32771 32810 33242 
32715 32875 32916 32554 
32555 32953 33034 31957 
32389 32936 33067 31470 
32285 32889 33086 31208 
32297 32865 33096 31179 
32437 32883 33140 31404 
32644 32911 33143 31744 
32928 32995 33166 32190 
33194 33084 33137 32601 
33426 33151 33089 32964 
33541 33181 32985 33202 
33536 33145 32837 33306 
33384 33040 32637 33284 
33136 32898 32441 33203 
32782 32658 32222 33052 
32440 32443 32079 32966 
32112 32223 31999 32897 
31857 32018 31963 32874 
31754 31913 32045 32921 
31796 31907 32244 33001 
31944 31972 32446 33031 
32225 32171 32707 33033 
32535 32392 32927 32961 
32813 32643 33081 32770 
33062 32883 33185 32540 
33212 33098 33210 32270 
33259 33256 33186 32056 
33215 33348 33128 31919 
33095 33369 33048 31896 
32972 33350 32980 31993 
32841 33265 32900 32182 
32749 33158 32853 32474 
32765 33079 32861 32816 
32786 32936 32836 33073 
32820 32750 32767 33252 
32899 32617 32734 33381 
32917 32446 32637 33359 
32896 32289 32524 33231 
32801 32168 32390 33026 
32630 32086 32249 32788 
32442 32036 32130 32567 
32272 32108 32114 32436 
32087 32181 32109 32358 
32033 32363 32246 32440 
32027 32527 32421 32550 
32177 32755 32697 32763 
32387 32940 32960 32909 
32648 33104 33189 33006 
32980 33281 33433 33048 
33296 33418 33581 33017 
33515 33470 33611 32856 
33638 33440 33526 32635 
33607 33316 33324 32367 
33496 33152 33083 32161 
33234 32890 32752 31978 
32936 32633 32451 31928 
32678 32448 32245 32042 
32388 32243 32051 32229 
32175 32132 31971 32519 
32045 32095 31965 32863 
31988 32105 32031 33186 
31979 32155 32124 33446 
32054 32259 32298 33657 
32174 32376 32481 33741 
32301 32476 32640 33662 
32497 32617 32840 33510 
32669 32723 32994 33220 
32881 32859 33162 32899 
33079 32967 33290 32535 
33280 33127 33422 32229 
33400 33194 33469 31908 
33485 33266 33491 31700 
33466 33272 33397 31591 
33367 33237 33242 31590 
33203 33185 33018 31722 
32982 33082 32727 31928 
32747 32981 32432 32259 
32501 32842 32127 32694 
32303 32685 31902 33239 
32149 32516 31760 33810 
32059 32343 31742 34187 
32042 32172 31852 34162 
32057 31981 32053 33560 
32190 31911 32388 32630 
32300 31852 32717 31542 
32424 31862 33018 30772 
32509 31898 33228 30677 
32646 32090 33369 31475 
32826 32422 33403 32980 
33093 32869 33348 34638 
33419 33403 33217 35968 
33718 33929 33052 36610 
33891 34278 32915 36470 
33707 34238 32771 35481 
33066 33823 32694 33940 
31935 33259 32661 32020 
30578 32872 32666 29931 
29598 32900 32669 27936 
29798 33263 32680 26340 
31571 33465 32629 25537 
34872 32979 32556 25839 
38651 31448 32445 27356 
41424 29172 32356 30085 
41700 26957 32241 33673 
38819 26092 32167 37496 
33290 27474 32182 40970 
26449 31267 32288 43406 
20244 36616 32472 44263 
16329 41932 32697 43178 
15970 45409 32955 40243 
19159 45890 33192 35823 
25273 43139 33377 30604 
33254 37854 33527 25478 
41871 31087 33542 21180 
49566 24623 33501 18754 
55070 19413 33317 18480 
57264 16232 33052 20523 
55564 15494 32753 24595 
49723 17270 32422 30119 
40774 21299 32107 35955 
29849 27281 31847 41289 
18445 34657 31704 45313 
7947 42885 31713 47425 
897 50360 31844 47097 
82 55814 32068 44431 
49 58071 32435 40127 
9708 56263 32789 34696 
22925 50326 33151 29125 
38796 40746 33480 24190 
54302 28993 33730 20806 
65001 17273 33818 19384 
65465 7609 33755 20026 
65510 1886 33574 22530 
65520 1221 33288 26417 
65373 5910 32937 31043 
47453 14868 32545 35538 
29726 26631 32223 39316 
13218 39173 31980 41853 
1213 50597 31804 42804 
66 59458 31815 42224 
33 64143 31935 40304 
7389 64090 32134 37488 
19702 59499 32349 34227 
33231 50888 32593 31133 
45572 39286 32790 28601 
54030 26534 32909 27008 
57202 14864 32998 26541 
54994 6360 33018 27066 
48305 2038 33000 28333 
38665 2369 32981 30060 
27754 7245 33007 31909 
17961 15664 33053 33539 
11350 25932 33088 34647 
9067 36767 33146 35178 
11552 46718 33193 35152 
18250 54582 33212 34678 
27938 59393 33139 33896 
38419 60377 32991 33081 
47841 57538 32746 32387 
54550 51404 32498 32028 
57335 42605 32206 31963 
55644 32772 31956 32238 
49884 23027 31760 32734 
41334 14844 31724 33313 
31200 9230 31774 33823 
21627 7311 32012 34153 
14467 9299 32294 34139 
10860 14862 32670 33801 
11278 23098 33070 33196 
15444 32642 33395 32346 
22592 41831 33695 31491 
30693 48616 33852 30793 
38329 52285 33834 30362 
44251 52499 33674 30239 
47685 49514 33364 30533 
48152 44244 32957 31141 
46063 37818 32552 32077 
41871 31268 32165 33108 
36405 25541 31843 34102 
30619 21375 31679 34912 
25807 19323 31653 35373 
22834 19536 31804 35462 
22301 21890 32093 35149 
24164 26049 32474 34461 
27702 31072 32839 33496 
31937 36176 33199 32446 
35791 40257 33502 31477 
38402 42501 33654 30702 
39461 42436 33660 30243 
38958 40143 33510 30165 
37305 36308 33232 30466 
34944 31902 32850 31054 
32283 28067 32515 31938 
29687 25780 32217 32822 
27519 25385 31983 33602 
26190 26905 31906 34235 
25961 29769 31975 34557 
27018 33284 32145 34554 
29285 36382 32378 34254 
32505 38371 32667 33784 
36053 38753 32860 33155 
39383 37528 33004 32564 
41704 35076 33065 32061 
42086 32279 33063 31778 
40134 29956 33010 31695 
36018 28630 32872 31797 
30795 28520 32794 32069 
25862 29320 32774 32433 
22979 30452 32768 32771 
22910 31435 32808 33008 
25582 32205 32865 33111 
29865 32927 32928 33081 
34310 33828 32945 32871 
37604 35082 32935 32607 
39227 36476 32873 32347 
39288 37433 32703 32108 
38322 37454 32539 32017 
36844 36155 32356 32096 
35052 33620 32190 32288 
32979 30462 32100 32633 
30497 27449 32110 33052 
27808 25548 32215 33450 
25463 25436 32375 33752 
24159 27223 32649 33906 
24424 30477 32927 33873 
26541 34342 33165 33604 
30217 37733 33322 33184 
34861 39932 33419 32678 
39558 40494 33435 32193 
43279 39400 33354 31746 
45019 37081 33173 31422 
44475 34078 32950 31306 
41678 30863 32712 31399 
37164 27836 32478 31674 
31696 25272 32264 32086 
26524 23737 32110 32567 
22427 23607 32026 33063 
20001 25201 31993 33508 
19648 28726 32035 33834 
21539 33588 32216 34044 
25155 38680 32410 34020 
30015 43100 32669 33850 
35140 45946 32958 33517 
39561 46602 33159 33040 
42623 44993 33396 32568 
43536 41290 33517 32090 
42598 35824 33540 31708 
40412 29083 33463 31469 
37841 21837 33302 31422 
35438 15082 33042 31537 
33618 10556 32763 31825 
32176 9480 32463 32187 
30807 12761 32221 32616 
29173 20585 32021 33025 
27278 31763 31931 33409 
25413 43887 31955 33654 
23996 54936 32057 33757 
23521 62677 32254 33735 
24320 65208 32487 33590 
26485 62236 32767 33356 
29758 54025 33003 33039 
33669 41920 33156 32672 
37664 27896 33275 32354 
41089 14030 33326 32065 
43233 3242 33294 31938 
43860 137 33138 31843 
43043 63 32940 31874 
41066 4038 32706 32026 
38267 13669 32523 32295 
35005 26616 32376 32604 
31383 40403 32261 32852 
27710 52847 32255 33142 
24261 61922 32334 33337 
21644 65368 32509 33453 
20540 65324 32728 33451 
21344 57265 32945 33337 
24082 47185 33091 33069 
28452 35152 33208 32803 
33402 23379 33214 32476 
37865 13938 33164 32219 
41009 7825 33005 32008 
42476 5836 32794 31914 
42289 8080 32545 31934 
40807 14137 32335 32102 
38518 22499 32175 32350 
35855 31659 32091 32639 
33184 40111 32148 32964 
30697 46348 32280 33249 
28692 49690 32497 33448 
27576 49642 32716 33498 
27509 46923 32952 33471 
28355 42416 33112 33335 
29730 37237 33169 33102 
31121 32576 33136 32834 
32050 29335 33063 32601 
32108 28119 32933 32396 
31394 28790 32767 32228 
30450 30664 32650 32143 
29900 32653 32624 32182 
30234 33565 32634 32202 
31762 32681 32671 32260 
34394 30111 32793 32379 
37538 26492 32871 32433 
40503 22992 32875 32468 
42611 20924 32880 32570 
43116 21186 32775 32650 
41783 23913 32679 32809 
38632 28459 32537 32956 
34068 33976 32396 33135 
28730 39497 32257 33287 
23290 44507 32199 33410 
19072 48049 32214 33461 
16677 50112 32335 33413 
16614 50399 32543 33277 
19154 48619 32795 33040 
24194 44336 33048 32738 
30861 37775 33306 32414 
38295 29359 33491 32132 
45212 20319 33529 31854 
50591 12426 33470 31714 
53419 7473 33297 31709 
52959 6971 33051 31843 
49253 11160 32729 32062 
42718 19210 32417 32381 
34261 29382 32169 32782 
24941 39700 31935 33134 
16670 47950 31840 33454 
10794 53018 31839 33681 
8518 54469 31963 33782 
10461 52397 32160 33721 
16571 47591 32435 33555 
25517 41220 32764 33304 
35861 34277 33066 32969 
45716 27857 33347 32603 
53437 22817 33563 32291 
57581 19661 33674 31993 
57164 18801 33636 31744 
52446 20173 33533 31649 
44131 23333 33302 31655 
33455 27812 33029 31805 
22453 32615 32687 32001 
13523 36978 32401 32314 
8123 40212 32144 32635 
7345 41736 31975 32986 
11463 41219 31900 33309 
19464 38798 31960 33597 
29692 34917 32106 33776 
40301 30431 32295 33816 
49412 26495 32573 33775 
55479 24016 32760 33536 
57289 23961 32888 33245 
54786 26414 32971 32894 
48388 30850 32993 32547 
39262 36294 32971 32241 
28653 41428 32914 31998 
18976 44885 32872 31850 
11857 45863 32890 31850 
8597 44017 32917 31920 
9919 39570 32969 32039 
15736 33324 33081 32256 
24281 26705 33139 32433 
34150 20828 33188 32613 
43459 16744 33139 32735 
50675 15295 33015 32841 
54600 16924 32832 32940 
54476 21430 32570 32995 
50559 28125 32313 33071 
43519 35774 32056 33112 
34578 43042 31826 33123 
25191 48780 31747 33190 
17774 51526 31819 33249 
13399 51033 31976 33227 
12953 47508 32242 33156 
16427 41686 32615 33070 
22904 34523 33010 32890 
30602 27562 33318 32617 
37899 21893 33635 32404 
43378 18154 33775 32149 
46243 16724 33778 31918 
46354 17673 33634 31781 
44083 20776 33430 31782 
40177 25439 33116 31869 
35475 31171 32775 32057 
30679 37256 32446 32344 
26656 42691 32160 32672 
24102 46468 31933 33016 
23683 47527 31790 33295 
25428 45571 31753 33546 
28859 40907 31829 33703 
32990 34640 31963 33734 
36670 28238 32193 33660 
38812 23419 32510 33506 
38813 21149 32819 33236 
36873 21533 33111 32914 
33626 24065 33391 32583 
29999 27947 33642 32285 
26875 32298 33734 31966 
25265 36321 33743 31751 
25545 39574 33627 31623 
27729 41648 33420 31648 
31360 42177 33126 31754 
35778 40997 32781 31979 
39831 38194 32414 32266 
42622 34387 32119 32654 
43613 30156 31873 33002 
42613 26314 31713 33315 
39808 23611 31704 33587 
35399 22576 31834 33738 
30097 23471 32018 33747 
24718 26166 32288 33659 
20180 30088 32563 33434 
17642 34535 32846 33182 
17870 38560 33037 32839 
21193 41275 33221 32574 
27046 42187 33330 32337 
34200 41236 33370 32169 
41240 38765 33350 32087 
46715 35542 33325 32119 
49356 32310 33232 32144 
48884 29589 33149 32236 
45429 27556 33043 32307 
39723 26250 32921 32365 
32788 25644 32783 32423 
26201 25834 32631 32440 
21048 26989 32464 32474 
18231 29226 32307 32525 
18182 32409 32192 32658 
20724 35967 32061 32806 
25287 39116 31993 32994 
30963 41137 31968 33190 
36846 41517 32060 33429 
41812 40067 32246 33635 
44992 37015 32462 33736 
45624 33187 32756 33727 
43542 29300 33026 33543 
39189 26091 33292 33253 
33388 23997 33485 32828 
27752 23514 33613 32364 
23441 24762 33663 31943 
21242 27607 33560 31550 
21533 31700 33371 31339 
24149 36375 33090 31279 
28443 40482 32805 31421 
33662 43123 32513 31721 
38934 43648 32241 32132 
43454 41845 32038 32623 
46010 38151 31926 33096 
45827 33568 31881 33503 
42595 28985 31912 33813 
36740 25164 32027 33979 
29153 22478 32182 34007 
21841 21255 32366 33885 
16556 21597 32606 33673 
14653 23518 32802 33345 
16730 27111 33020 32997 
22415 32178 33228 32626 
30089 37861 33436 32298 
38143 43276 33587 31999 
45055 47293 33662 31747 
49673 48960 33643 31593 
51268 47674 33536 31535 
49654 43522 33359 31593 
45192 37081 33083 31725 
38570 29524 32709 31930 
30965 22283 32377 32259 
23492 16642 32078 32664 
17791 13823 31780 33046 
14961 14427 31646 33445 
15516 18311 31630 33776 
19368 24894 31733 34003 
25578 32932 31967 34059 
32522 40841 32280 33996 
38817 47464 32647 33799 
43304 51670 32962 33468 
45278 52583 33177 33004 
44680 49932 33381 32571 
41970 43900 33485 32151 
38044 35614 33509 31836 
33805 26337 33446 31603 
30122 17821 33329 31516 
27624 11737 33199 31570 
26643 9694 33013 31715 
27140 12346 32827 31919 
28760 19382 32702 32210 
30906 29485 32557 32498 
33050 40703 32456 32788 
34528 50831 32331 33012 
34929 57514 32242 33230 
34120 59490 32180 33366 
32333 56342 32173 33492 
29973 48462 32213 33571 
27909 37315 32266 33557 
27081 25188 32368 33510 
28142 14014 32499 33376 
31246 5684 32665 33217 
35969 1674 32859 33000 
40930 2982 32986 32706 
44671 9477 33128 32416 
46042 20188 33254 32145 
44365 33324 33311 31881 
39775 47151 33330 31701 
33155 58970 33258 31606 
26036 65254 33159 31638 
19636 65467 33008 31801 
15029 65493 32792 32023 
13154 58807 32558 32360 
14628 45958 32329 32792 
19552 31097 32124 33222 
27409 16381 31977 33600 
37158 4156 31932 33921 
46988 161 32004 34080 
54974 64 32168 34060 
58875 68 32426 33879 
57728 10425 32744 33515 
51518 22561 33017 33003 
41485 36259 33281 32440 
29911 48847 33498 31928 
19394 58177 33586 31500 
11661 63127 33523 31236 
7883 63198 33378 31187 
8365 58799 33097 31333 
12639 51015 32789 31684 
19690 40992 32490 32186 
28323 30002 32239 32744 
37372 19510 32064 33303 
45866 10671 32006 33769 
52255 5088 32028 34083 
55699 3420 32164 34175 
55460 5968 32360 34056 
51420 12429 32579 33746 
44041 22017 32834 33317 
34752 32896 33027 32801 
25534 43164 33141 32264 
18106 51593 33257 31850 
13763 56940 33239 31520 
13198 58834 33183 31421 
16173 56989 33020 31477 
21406 52157 32821 31734 
27680 45090 32603 32115 
33765 36807 32421 32593 
38738 28315 32264 33091 
42047 20517 32189 33529 
43332 14650 32181 33812 
42809 11368 32290 33923 
40961 11082 32485 33865 
38452 13881 32736 33610 
35888 19466 32992 33176 
34010 26497 33199 32675 
32909 33980 33364 32181 
32275 40636 33404 31718 
31750 45593 33356 31455 
30938 48063 33171 31382 
29734 47923 32919 31520 
28301 45574 32641 31861 
26953 41685 32388 32357 
26022 36785 32139 32886 
25849 31780 31989 33396 
26686 27279 31975 33833 
28564 23903 32069 34081 
31352 22320 32243 34119 
34863 23053 32468 33923 
38415 26236 32754 33592 
41249 31160 32986 33068 
42779 36768 33183 32499 
42573 41474 33344 31982 
40462 43807 33408 31547 
36964 42885 33377 31311 
32735 38877 33213 31258 
28753 32856 32983 31428 
25693 26176 32689 31798 
24194 20550 32449 32350 
24292 17361 32235 32921 
25600 16869 32057 33416 
27783 19201 32023 33853 
30419 24113 32133 34110 
33124 30919 32339 34133 
35596 38595 32584 33914 
37753 46112 32874 33532 
39281 52284 33136 33005 
39824 55869 33319 32444 
39105 55914 33440 31953 
36957 51757 33397 31533 
33879 44025 33250 31338 
30464 33673 32982 31318 
27599 22496 32717 31554 
25899 12499 32434 31952 
25756 5694 32221 32447 
27127 3751 32103 32971 
29569 6877 32030 33395 
32659 14498 32109 33744 
35744 25122 32270 33924 
38284 36422 32510 33908 
39711 46243 32730 33659 
39805 53126 32964 33336 
38520 56501 33129 32918 
36163 56323 33301 32520 
33063 52762 33370 32167 
29732 46433 33300 31842 
26827 38532 33169 31696 
24657 30149 32950 31730 
23561 22619 32693 31896 
23789 17313 32456 32214 
25458 15058 32214 32581 
28544 16214 32071 32965 
32576 20054 32023 33306 
37039 25421 32109 33553 
41259 30998 32256 33588 
44561 35431 32549 33522 
46390 37810 32856 33278 
46509 38086 33117 32901 
44816 36797 33415 32576 
41081 34705 33565 32233 
35265 32828 33566 31956 
28015 32261 33420 31804 
20197 33545 33193 31848 
13196 36491 32818 31972 
8884 40396 32468 32248 
8722 44022 32168 32630 
