32702 33026 33215 32280 
32702 33026 33215 32280 
32842 33142 33466 31867 
32947 33150 33601 31504 
33032 33079 33619 31319 
33114 32964 33559 31324 
33137 32775 33370 31500 
33136 32582 33122 31818 
33068 32393 32798 32243 
33007 32295 32501 32736 
32913 32265 32219 33215 
32770 32309 32016 33601 
32658 32462 31944 33893 
32538 32646 31943 33993 
32442 32863 32060 33947 
32363 33035 32219 33719 
32327 33169 32428 33396 
32353 33241 32652 32999 
32410 33216 32872 32585 
32486 33089 33050 32186 
32584 32891 33173 31889 
32668 32636 33230 31707 
32716 32353 33208 31684 
32731 32088 33114 31792 
32714 31876 32964 31986 
32703 31798 32787 32292 
32750 31889 32653 32671 
32782 32077 32519 33003 
32832 32373 32434 33285 
32933 32780 32428 33488 
33035 33208 32492 33557 
33158 33612 32625 33528 
33220 33898 32759 33357 
33255 34057 32933 33118 
33163 33984 33025 32782 
33005 33744 33077 32438 
32787 33348 33054 32121 
32528 32890 32955 31904 
32248 32348 32778 31799 
32048 31893 32601 31847 
31906 31501 32409 32008 
31886 31306 32256 32287 
31981 31293 32157 32623 
32180 31488 32162 32974 
32450 31828 32235 33274 
32803 32291 32436 33502 
33135 32808 32677 33629 
33381 33248 32921 33605 
33497 33580 33098 33437 
33501 33785 33255 33223 
33341 33768 33286 32919 
33112 33642 33233 32645 
32833 33406 33119 32386 
32544 33102 32915 32180 
32311 32801 32698 32046 
32212 32580 32537 32016 
32232 32434 32430 32076 
32341 32369 32399 32159 
32528 32369 32440 32307 
32711 32376 32523 32421 
32917 32473 32679 32591 
33020 32492 32821 32719 
33043 32506 32916 32817 
32970 32468 32940 32891 
32806 32419 32887 32970 
32641 32406 32772 33052 
32480 32412 32646 33136 
32378 32475 32503 33219 
32309 32564 32371 33238 
32349 32711 32301 33222 
32474 32924 32336 33178 
32632 33096 32401 33021 
32862 33295 32587 32865 
33084 33451 32815 32684 
33220 33470 33008 32436 
33266 33382 33157 32185 
33241 33223 33314 32026 
33122 32972 33353 31918 
32938 32683 33320 31897 
32725 32410 33197 31975 
32479 32154 32991 32130 
32262 31954 32703 32341 
32180 31910 32464 32660 
32108 31909 32193 32917 
32125 32001 31994 33198 
32191 32153 31860 33419 
32364 32379 31865 33609 
32554 32619 31979 33690 
32771 32858 32196 33688 
32980 33081 32495 33555 
33167 33285 32854 33329 
33261 33404 33177 32967 
33305 33461 33471 32547 
33312 33475 33700 32148 
33207 33373 33758 31763 
33074 33207 33693 31485 
32858 32974 33449 31342 
32645 32735 33129 31414 
32472 32515 32757 31648 
32313 32319 32382 32034 
32238 32178 32067 32516 
32212 32092 31844 33054 
32209 32045 31720 33522 
32287 32070 31774 33888 
32416 32195 31970 34107 
32574 32345 32234 34119 
32736 32545 32537 33922 
32927 32780 32887 33606 
33015 32939 33125 33101 
33117 33120 33323 32602 
33169 33270 33441 32133 
33144 33332 33444 31726 
33066 33295 33322 31470 
32928 33176 33121 31403 
32721 32960 32847 31498 
32556 32749 32599 31804 
32419 32525 32378 32213 
32310 32341 32223 32666 
32292 32243 32189 33140 
32282 32187 32200 33496 
32391 32276 32365 33783 
32555 32450 32593 33887 
32725 32648 32823 33812 
32882 32838 33024 33542 
32989 32971 33139 33166 
33057 33049 33170 32679 
33111 33105 33151 32247 
33076 33035 33027 31849 
33035 32932 32863 31641 
32923 32776 32666 31582 
32844 32652 32529 31762 
32726 32527 32409 32051 
32580 32426 32333 32427 
32457 32398 32298 32833 
32385 32460 32354 33231 
32361 32578 32469 33544 
32400 32739 32630 33722 
32463 32881 32787 33720 
32530 32954 32912 33512 
32647 33025 33036 33220 
32782 33045 33132 32881 
32877 32948 33122 32482 
32948 32809 33045 32148 
32995 32650 32909 31930 
32958 32437 32684 31834 
32938 32341 32520 31963 
32821 32238 32337 32193 
32696 32203 32231 32504 
32570 32257 32229 32867 
32472 32416 32336 33204 
32427 32647 32542 33433 
32478 32935 32833 33532 
32494 33133 33034 33367 
32617 33350 33246 33103 
32773 33487 33386 32741 
32952 33523 33426 32355 
33063 33403 33302 31986 
33144 33189 33089 31765 
33152 32887 32795 31701 
33072 32534 32474 31854 
32978 32233 32221 32174 
32787 31953 32005 32594 
32605 31820 31944 33082 
32386 31767 31974 33483 
32248 31866 32136 33801 
32178 32075 32385 33946 
32184 32391 32691 33894 
32263 32740 32969 33648 
32394 33056 33176 33227 
32585 33372 33338 32751 
32826 33647 33431 32271 
33060 33808 33434 31860 
33208 33783 33291 31520 
33278 33635 33096 31393 
33252 33325 32846 31446 
33153 32943 32606 31695 
32978 32502 32376 32093 
32761 32052 32178 32567 
32567 31688 32062 33075 
32393 31482 32021 33544 
32334 31489 32107 33919 
32364 31969 32521 34038 
32455 32374 32792 33796 
32599 32859 33093 33404 
32683 33262 33284 32860 
32782 33640 33431 32313 
32882 33889 33488 31840 
32925 33947 33404 31476 
32941 33852 33239 31306 
32946 33604 33001 31355 
32911 33240 32682 31602 
32881 32824 32417 32051 
32851 32397 32188 32567 
32805 32021 32045 33109 
32745 31733 31990 33566 
32658 31582 32023 33874 
32636 31649 32189 34031 
32574 31822 32410 33939 
32582 32158 32715 33697 
32577 32537 32996 33288 
32569 32902 33200 32802 
32560 33192 33318 32284 
32619 33436 33383 31928 
32614 33495 33275 31661 
32582 33387 33043 31589 
32587 33186 32780 31739 
32587 32921 32515 32030 
32666 32687 32335 32466 
32725 32475 32226 32902 
32774 32332 32200 33264 
32866 32316 32329 33521 
32997 32451 32566 33648 
33097 32659 32836 33559 
33184 32906 33113 33332 
33195 33097 33287 32924 
33180 33280 33410 32553 
33081 33333 33388 32179 
32889 33216 33221 31881 
32637 32966 32933 31738 
32355 32596 32578 31782 
32147 32230 32283 32031 
31980 31866 32018 32376 
31882 31578 31840 32762 
31916 31502 31797 33160 
32113 31666 31941 33542 
32395 32017 32195 33775 
32752 32529 32550 33899 
33124 33106 32943 33921 
33414 33642 33257 33806 
33622 34110 33536 33554 
33705 34353 33681 32989 
33602 34322 33668 32008 
33389 34067 33551 30821 
33070 33585 33324 29663 
32650 32917 32964 28930 
32273 32226 32628 29102 
31989 31599 32323 30314 
31840 31175 32070 32356 
31885 31031 31884 34725 
32159 31205 31822 36864 
32545 31625 31863 38303 
32920 32156 32011 38752 
33111 32588 32246 38145 
32934 32796 32511 36659 
32224 32838 32798 34486 
31137 32979 33050 31876 
30244 33511 33307 29180 
30123 34327 33465 26624 
31588 35077 33585 24790 
34555 35046 33580 24090 
38285 33845 33499 24744 
41370 31532 33302 26786 
42398 28942 33070 30086 
40319 27187 32777 34170 
35308 27408 32460 38216 
28531 30060 32181 41671 
21845 34489 31964 43805 
17087 39414 31846 44183 
15570 43237 31837 42507 
17867 44275 31955 39032 
23210 42119 32107 34345 
30753 37418 32376 29277 
39105 31202 32642 24608 
46978 24970 32895 21246 
53138 19800 33064 19745 
56212 16803 33191 20504 
55474 16181 33241 23348 
50929 18035 33254 27813 
43119 22018 33190 33022 
32785 27976 33118 38291 
21454 35356 33027 42564 
11433 43005 32961 44980 
3835 50029 32865 45263 
398 55311 32804 43470 
1960 57694 32784 39948 
9163 56186 32706 35166 
20948 50661 32635 30196 
35383 41667 32539 25789 
50148 30347 32417 22658 
62697 18610 32311 21348 
65420 8398 32194 21964 
65500 2093 32115 24327 
65517 663 32136 27953 
65407 4605 32197 32144 
48483 12961 32352 36185 
31132 24621 32563 39478 
14378 37407 32838 41463 
1797 49025 33067 41807 
81 58153 33304 40708 
35 63503 33474 38387 
5727 64188 33505 35283 
17425 60392 33496 31999 
31283 52422 33375 29099 
44009 41746 33182 27089 
53369 29703 32920 26153 
57914 18305 32662 26383 
57065 9278 32387 27607 
51327 3910 32148 29577 
42160 3051 31958 31816 
31471 6442 31864 33967 
21154 13284 31856 35660 
13278 22411 31928 36714 
9369 32697 32137 37009 
10247 42359 32386 36551 
15544 50422 32668 35483 
24155 55999 32990 34102 
34336 58395 33269 32605 
44337 57315 33524 31291 
52032 52881 33675 30374 
56025 45941 33744 29979 
55743 37346 33655 30052 
51333 28285 33455 30562 
43577 19900 33181 31425 
33961 13508 32805 32407 
24548 10148 32449 33316 
16802 10151 32096 34005 
12205 13606 31851 34378 
11479 19917 31749 34440 
14644 28077 31778 34179 
20913 36479 31901 33673 
28674 43498 32111 33082 
36472 48145 32343 32475 
42928 49901 32633 32037 
47043 48653 32835 31717 
48325 45124 33020 31703 
46869 40109 33134 31878 
43236 34670 33257 32256 
37989 29499 33275 32637 
32134 25342 33298 33060 
26895 22786 33273 33342 
23230 22055 33244 33473 
21825 23124 33172 33381 
22858 25853 33093 33112 
25961 29719 32952 32702 
30168 34006 32816 32264 
34230 37637 32613 31878 
37374 39973 32438 31667 
39063 40375 32226 31635 
39234 38745 32038 31841 
38118 35552 31928 32231 
36167 31785 31879 32727 
33824 28470 32010 33320 
31286 26367 32158 33810 
28972 26033 32392 34115 
27242 27569 32688 34207 
26552 30460 32980 34032 
27047 33840 33223 33608 
28766 36976 33446 33093 
31472 39104 33556 32463 
34780 39718 33596 31879 
38099 38594 33543 31414 
40554 36091 33369 31128 
41412 32941 33147 31057 
40097 30085 32859 31221 
36649 28211 32576 31629 
31675 27616 32335 32220 
26620 28082 32051 32801 
23267 29101 31869 33394 
22576 30173 31738 33871 
24754 31107 31772 34228 
29005 32012 31922 34376 
33712 33070 32134 34253 
37451 34551 32456 33964 
39543 36268 32813 33489 
39960 37782 33172 32917 
39175 38514 33496 32325 
37733 37907 33752 31776 
35871 35788 33852 31319 
33787 32753 33797 31108 
31300 29441 33569 31051 
28524 26777 33226 31217 
25881 25530 32789 31537 
24095 26187 32398 32070 
23848 28507 32063 32666 
25400 31813 31839 33227 
28637 35184 31703 33686 
33025 37798 31750 34027 
37844 39138 31988 34235 
41807 38885 32263 34192 
44129 37409 32568 34005 
44287 35121 32853 33651 
42152 32401 33013 33202 
38155 29632 33106 32738 
33192 27200 33093 32296 
28239 25451 33055 31965 
24113 24771 32930 31700 
21496 25614 32810 31588 
20840 28207 32768 31615 
22171 32171 32794 31753 
25206 36797 32851 31927 
29477 41119 32929 32149 
34195 44273 33049 32404 
38476 45555 33120 32675 
41326 44695 33110 32898 
42359 41832 33030 33136 
41542 37162 32837 33280 
39460 31139 32617 33422 
36883 24184 32365 33489 
34615 17410 32105 33446 
33107 12313 31942 33374 
32219 10198 31912 33254 
31479 12051 31952 33050 
30558 18286 32142 32861 
29144 28295 32409 32640 
27443 40247 32756 32463 
25826 51578 33063 32286 
24784 60316 33320 32125 
24826 64547 33533 32066 
26108 63260 33605 32046 
28712 56621 33612 32109 
32169 45749 33448 32200 
35895 32239 33164 32312 
39330 18457 32857 32519 
41882 6512 32509 32725 
43019 273 32175 32930 
42712 72 31942 33134 
41189 66 31831 33296 
38833 10199 31869 33410 
35837 22664 32025 33431 
32499 36810 32316 33375 
29044 49780 32641 33225 
25694 59781 32979 32997 
22914 64959 33280 32740 
21290 65425 33511 32462 
21388 59287 33570 32185 
23442 50101 33493 31969 
27152 38670 33271 31832 
31914 26821 33019 31877 
36496 16553 32689 32012 
39952 9518 32389 32249 
41853 6407 32159 32560 
42074 7498 32037 32888 
40904 12456 32008 33183 
38817 20319 32111 33430 
36357 29269 32309 33573 
33802 37894 32556 33580 
31427 44692 32818 33457 
29456 48719 33017 33179 
28221 49708 33194 32848 
27908 47779 33286 32495 
28535 43855 33333 32221 
29733 38899 33245 31971 
31033 34100 33056 31823 
31988 30407 32833 31863 
32063 28499 32564 32023 
31387 28550 32344 32327 
30316 29901 32141 32678 
29483 31628 32042 33040 
29490 32679 32052 33365 
30742 32157 32181 33591 
33160 29974 32393 33649 
36342 26730 32682 33547 
39631 23520 33003 33295 
42229 21496 33267 32910 
43494 21620 33464 32467 
42936 24194 33560 32064 
40453 28625 33524 31775 
36281 34040 33352 31624 
31005 39391 33049 31636 
25363 44081 32705 31889 
20434 47428 32405 32296 
17146 49172 32151 32760 
16054 49235 31956 33188 
17573 47505 31886 33552 
21669 43804 31970 33814 
27953 37855 32146 33830 
35269 30299 32390 33681 
42625 22010 32647 33379 
48771 14433 32911 32962 
52680 9329 33132 32510 
53536 8074 33291 32082 
51034 11375 33383 31804 
45507 18543 33363 31661 
37619 28042 33227 31675 
28553 37872 33010 31877 
19637 46365 32760 32186 
12768 51764 32534 32599 
9077 53637 32342 33011 
9380 52054 32160 33342 
13869 47839 32134 33601 
21987 41833 32210 33715 
31946 35285 32357 33645 
42161 29132 32578 33452 
50828 24192 32845 33159 
56378 20965 33076 32771 
57674 19695 33209 32326 
54320 20558 33306 31991 
47083 23128 33275 31740 
37142 26869 33115 31623 
26199 31173 32916 31710 
16211 35422 32678 31948 
9352 38844 32480 32298 
7024 40786 32309 32694 
9574 40978 32216 33091 
16385 39334 32176 33403 
26537 36082 32248 33641 
37491 32026 32385 33712 
47324 28229 32618 33703 
54473 25587 32827 33511 
57693 24865 32974 33163 
56504 26481 33104 32797 
51051 30141 33181 32388 
42293 34975 33211 32074 
31932 39651 33128 31815 
21566 43044 32951 31652 
13227 44313 32774 31693 
8476 43029 32584 31896 
8237 39324 32393 32183 
12499 34016 32251 32565 
20283 28041 32160 32960 
30022 22528 32185 33363 
40276 18382 32304 33675 
48664 16746 32499 33859 
53887 17876 32736 33833 
55278 21669 32971 33621 
52789 27616 33181 33283 
46853 34777 33338 32847 
38397 41889 33397 32334 
29282 47460 33369 31887 
21018 50564 33240 31526 
15273 50663 33026 31346 
13124 47795 32754 31337 
14976 42412 32496 31581 
20150 35765 32270 31992 
27206 28981 32127 32517 
34564 23160 32065 33079 
40596 19056 32076 33557 
44489 17164 32230 33997 
45597 17528 32402 34174 
44228 19910 32608 34143 
41075 23909 32783 33892 
36846 29092 32905 33474 
32302 34927 32943 32983 
28185 40696 32970 32484 
25402 45104 32945 32058 
24534 47352 32925 31762 
25743 46738 32887 31619 
28689 43324 32870 31659 
32739 37580 32860 31792 
36409 31480 32934 32051 
38736 26243 32997 32327 
39071 22988 33046 32591 
37393 22143 33061 32792 
34099 23443 32994 32897 
30243 26234 32854 32960 
26764 29699 32677 32957 
24615 33267 32496 32986 
24300 36452 32231 32925 
26207 38907 32099 33008 
29719 40145 31967 33040 
34263 40072 31989 33160 
38757 38592 32095 33260 
42251 35926 32284 33330 
44097 32542 32575 33317 
43893 29227 32900 33245 
41598 26454 33126 32967 
37656 24937 33373 32686 
32491 24963 33525 32330 
26739 26623 33548 31962 
21635 29597 33456 31673 
18249 33346 33315 31528 
17485 37041 33086 31525 
19806 39818 32815 31678 
25010 41112 32564 31998 
31874 40599 32353 32397 
38920 38575 32180 32867 
44755 35565 32022 33293 
48254 32378 31993 33699 
48674 29473 32030 33971 
46027 27316 32129 34090 
40941 25919 32288 34037 
34504 25279 32508 33820 
27912 25495 32743 33459 
22366 26729 32977 33036 
18940 29156 33166 32517 
18432 32521 33368 32087 
20579 36357 33503 31715 
24831 39882 33510 31421 
30404 42335 33430 31279 
36435 43059 33323 31336 
41559 41685 33112 31513 
44980 38513 32842 31839 
45977 34191 32560 32264 
44234 29639 32335 32774 
39945 25556 32130 33290 
34158 22763 31977 33700 
28193 21699 31969 34014 
23301 22534 32017 34142 
20573 25321 32185 34129 
20357 29661 32325 33868 
22675 34797 32542 33547 
26881 39610 32711 33108 
32193 43170 32858 32648 
37676 44587 32950 32208 
42630 43539 33040 31877 
45833 40366 33104 31690 
46561 35884 33136 31636 
44400 31098 33183 31726 
39413 26845 33211 31919 
32281 23657 33232 32173 
24870 21903 33205 32424 
18834 21674 33145 32656 
15700 23018 33004 32808 
16328 26014 32807 32912 
20657 30549 32586 32991 
27590 35990 32359 33011 
35249 41242 32131 33005 
42207 45419 31965 33006 
47208 47504 31886 33032 
49550 46859 31930 33104 
48790 43307 32061 33165 
45296 37546 32268 33223 
39603 30565 32520 33219 
32727 23729 32829 33181 
25788 18259 33079 33014 
20042 15309 33314 32823 
16766 15663 33482 32567 
16739 19171 33520 32284 
19773 25188 33447 31999 
25115 32637 33336 31803 
31542 40186 33146 31691 
37741 46730 32900 31698 
42298 50966 32705 31886 
44581 52185 32529 32163 
44354 49935 32314 32458 
42018 44385 32172 32835 
38238 36247 32023 33183 
34103 27105 31998 33556 
30324 18388 31997 33783 
27632 11900 32085 33899 
26433 9154 32295 33929 
26733 11119 32536 33782 
28232 17535 32790 33481 
30414 27325 33080 33095 
32690 38719 33324 32638 
34511 49415 33554 32173 
35307 57224 33656 31735 
34909 60576 33655 31379 
33393 58602 33536 31191 
31149 51692 33273 31158 
28948 41136 32956 31340 
27611 28802 32588 31692 
28008 16696 32289 32277 
30393 6996 31982 32844 
34398 1613 31783 33423 
39115 1330 31739 33945 
43116 6279 31810 34256 
45192 16198 32015 34420 
44310 29221 32287 34315 
40590 43065 32605 34027 
34680 55566 32828 33486 
27860 64529 33034 32914 
21386 65445 33184 32358 
16363 65491 33267 31844 
13874 64627 33255 31456 
14545 50719 33238 31329 
18557 36424 33160 31353 
25670 21424 33088 31565 
35067 7989 33014 31909 
45246 308 32944 32299 
53525 75 32890 32672 
58259 57 32812 32973 
58091 7481 32725 33188 
52851 18682 32635 33325 
43227 32292 32470 33298 
31930 44950 32359 33278 
21022 55171 32223 33175 
12610 61489 32127 33091 
8030 63098 32071 32994 
7803 60191 32101 32956 
11571 53562 32228 32957 
18281 44307 32390 32926 
26831 33774 32660 32940 
36179 22926 32894 32861 
44712 13708 33149 32769 
51489 7034 33325 32587 
55498 4047 33451 32395 
55943 5168 33496 32195 
52462 10452 33415 31970 
45748 18952 33297 31842 
36814 29295 33140 31832 
27413 39779 32927 31918 
19323 48849 32703 32123 
14086 55343 32494 32430 
12647 58318 32287 32813 
14760 57729 32085 33174 
19555 53921 31929 33499 
25754 47601 31865 33770 
32213 39502 31882 33909 
37760 30801 32031 33911 
41590 22781 32269 33757 
43426 16249 32540 33430 
43390 12109 32888 33034 
41773 10909 33222 32532 
39305 13000 33542 32069 
36736 17877 33744 31672 
34626 24636 33792 31388 
33301 32240 33753 31313 
32509 39259 33523 31395 
31917 44778 33211 31677 
31114 47806 32808 32083 
29961 48141 32420 32565 
28493 46143 32105 33102 
26968 42345 31809 33519 
25836 37478 31661 33851 
25466 32358 31688 34004 
26124 27699 31857 33983 
27819 24207 32110 33767 
30495 22421 32416 33451 
33927 22863 32755 33043 
37684 25792 33107 32600 
40944 30654 33356 32145 
42970 36334 33546 31832 
43213 41301 33586 31608 
41537 44082 33502 31558 
38207 43684 33317 31697 
33835 39928 33020 31952 
29431 33738 32680 32281 
26024 26906 32414 32742 
24056 20946 32197 33177 
23707 17107 32044 33509 
24880 16166 32040 33769 
27161 18274 32164 33873 
29899 22908 32369 33749 
32734 29550 32637 33475 
35396 37275 32900 33054 
37671 44991 33122 32558 
39378 51650 33308 32076 
40075 55761 33365 31662 
39507 56448 33297 31416 
37565 53219 33144 31373 
34472 46205 32890 31517 
30852 36162 32637 31890 
27665 25012 32402 32412 
25616 14598 32245 32977 
25095 6945 32139 33490 
26256 3752 32155 33921 
28737 5657 32279 34164 
32034 12386 32446 34148 
35413 22481 32633 33902 
38222 33463 32814 33489 
39999 43569 32914 32967 
40424 51159 32981 32440 
39365 55332 32979 31977 
36951 55868 32924 31640 
33788 53091 32874 31520 
30366 47674 32801 31563 
27268 40504 32783 31800 
24928 32648 32783 32098 
23669 25238 32842 32480 
23713 19548 32875 32784 
25190 16921 32945 33040 
27975 17376 32961 33182 
31769 20525 32935 33224 
36082 25310 32877 33186 
40260 30450 32733 33070 
43584 34503 32588 32969 
45609 36708 32398 32861 
46074 36878 32242 32801 
44776 35376 32148 32767 
41570 33004 32136 32791 
36545 30915 32197 32825 
30017 30178 32358 32867 
22607 31416 32564 32883 
15625 34757 32814 32864 
10545 39524 33040 32765 
9267 44324 33255 32639 
12426 47556 33383 32455 
