33757 34059 33723 31276 
33757 34059 33723 31276 
33611 33803 33437 31323 
33349 33391 33074 31551 
32997 32872 32639 31901 
32642 32361 32255 32377 
32258 31838 31913 32876 
31933 31401 31687 33348 
31727 31176 31627 33791 
31649 31122 31696 34051 
31723 31297 31939 34144 
31929 31662 32248 34076 
32169 32120 32566 33794 
32498 32649 32890 33411 
32774 33147 33122 32951 
32994 33559 33244 32467 
33212 33901 33320 32110 
33310 34031 33283 31815 
33337 33992 33186 31690 
33266 33749 33019 31671 
33207 33473 32911 31820 
33101 33091 32806 32018 
33035 32734 32756 32262 
32971 32409 32756 32513 
32901 32170 32774 32712 
32792 31997 32785 32824 
32680 31913 32786 32879 
32545 31921 32746 32918 
32409 32020 32686 32947 
32290 32174 32584 32983 
32175 32337 32443 33034 
32114 32515 32306 33092 
32090 32683 32194 33169 
32131 32817 32129 33234 
32250 32938 32170 33263 
32439 33044 32292 33261 
32684 33154 32511 33200 
32928 33225 32755 33033 
33182 33271 33029 32815 
33384 33279 33262 32513 
33512 33240 33420 32205 
33569 33164 33510 31940 
33515 33042 33473 31720 
33346 32851 33336 31614 
33116 32644 33139 31640 
32840 32430 32888 31832 
32524 32201 32610 32086 
32231 32026 32364 32452 
31956 31879 32131 32860 
31765 31831 31955 33282 
31688 31896 31879 33647 
31769 32070 31920 33936 
31912 32315 32054 34065 
32202 32648 32282 34055 
32541 32995 32566 33872 
32904 33300 32831 33500 
33285 33583 33136 33058 
33601 33758 33367 32555 
33847 33830 33582 32073 
33931 33751 33655 31629 
33833 33523 33600 31328 
33572 33184 33432 31181 
33219 32805 33192 31261 
32796 32422 32904 31523 
32340 32072 32570 31945 
31951 31819 32272 32445 
31675 31703 32041 32978 
31534 31697 31866 33444 
31581 31837 31818 33809 
31825 32097 31926 34051 
32142 32382 32106 34085 
32551 32704 32363 33950 
32936 32971 32645 33666 
33258 33169 32908 33263 
33491 33298 33116 32790 
33617 33371 33288 32315 
33647 33408 33411 31940 
33503 33350 33406 31645 
33273 33240 33308 31509 
32972 33076 33145 31533 
32626 32880 32916 31724 
32334 32676 32664 32037 
32146 32535 32472 32513 
32036 32388 32307 32978 
31979 32242 32157 33383 
32058 32155 32128 33703 
32237 32152 32219 33903 
32468 32190 32409 33892 
32707 32265 32640 33681 
32924 32381 32911 33350 
33091 32506 33124 32857 
33192 32644 33264 32340 
33253 32858 33352 31887 
33252 33059 33322 31544 
33154 33230 33156 31359 
33015 33386 32914 31408 
32870 33480 32637 31657 
32739 33507 32390 32113 
32582 33413 32182 32628 
32468 33205 32061 33188 
32372 32901 32039 33644 
32355 32567 32147 34035 
32382 32245 32343 34189 
32434 31961 32574 34104 
32537 31803 32843 33839 
32650 31751 33079 33378 
32759 31852 33264 32835 
32847 32053 33363 32264 
32954 32421 33423 31804 
32997 32788 33354 31440 
32945 33095 33139 31222 
32846 33357 32884 31243 
32761 33537 32626 31513 
32640 33567 32370 31956 
32514 33423 32131 32462 
32439 33214 32016 33059 
32357 32861 31955 33554 
32397 32536 32050 33975 
32513 32291 32269 34184 
32687 32150 32557 34167 
32878 32128 32861 33912 
33053 32195 33124 33438 
33230 32410 33363 32886 
33350 32690 33528 32318 
33364 32972 33571 31799 
33246 33173 33457 31399 
33039 33301 33247 31235 
32801 33322 32980 31329 
32496 33190 32644 31617 
32251 32988 32359 32113 
32063 32723 32138 32654 
31977 32443 32019 33222 
32004 32187 32006 33693 
32117 32017 32092 34004 
32336 31957 32262 34058 
32618 32080 32510 33951 
32859 32248 32703 33594 
33080 32514 32873 33171 
33215 32796 32961 32681 
33269 33068 32989 32220 
33209 33271 32950 31865 
33088 33388 32895 31709 
32939 33406 32851 31754 
32756 33313 32813 31910 
32602 33151 32837 32166 
32517 32928 32900 32453 
32500 32702 32986 32716 
32570 32529 33111 32937 
32668 32387 33170 33044 
32768 32312 33166 33060 
32874 32301 33085 33007 
32911 32341 32916 32903 
32872 32418 32662 32813 
32805 32535 32410 32777 
32680 32630 32124 32762 
32514 32705 31910 32805 
32363 32755 31796 32888 
32286 32788 31830 32995 
32266 32786 31985 33065 
32313 32759 32242 33057 
32450 32756 32608 33015 
32653 32751 33000 32861 
32854 32750 33331 32640 
33077 32804 33591 32407 
33263 32886 33737 32186 
33343 32931 33705 31985 
33359 32996 33577 31901 
33286 33052 33350 31922 
33134 33068 33074 32080 
32889 32966 32717 32275 
32639 32851 32436 32599 
32373 32643 32150 32899 
32141 32407 31928 33219 
31987 32179 31809 33468 
31893 31997 31773 33646 
31927 31894 31829 33710 
32108 31970 32047 33713 
32343 32129 32285 33556 
32648 32401 32602 33322 
32968 32740 32937 32984 
33249 33093 33243 32568 
33495 33469 33540 32163 
33633 33759 33740 31788 
33631 33896 33820 31496 
33538 33892 33771 31361 
33278 33682 33562 31358 
32977 33337 33257 31554 
32624 32891 32874 31878 
32308 32395 32455 32322 
32088 31978 32119 32875 
31899 31574 31773 33343 
31891 31421 31628 33832 
31979 31424 31630 34122 
32137 31609 31770 34226 
32385 31964 32042 34128 
32639 32386 32372 33840 
32877 32849 32728 33416 
33033 33230 33015 32904 
33129 33519 33218 32415 
33177 33712 33382 32019 
33139 33731 33406 31720 
33048 33603 33345 31594 
32931 33369 33228 31632 
32798 33077 33089 31794 
32703 32778 32952 32020 
32645 32512 32839 32296 
32638 32338 32766 32583 
32675 32248 32728 32807 
32707 32212 32667 32912 
32754 32264 32627 32980 
32800 32362 32583 32987 
32823 32490 32545 32971 
32785 32578 32474 32934 
32729 32658 32402 32955 
32630 32694 32329 32985 
32491 32684 32257 33051 
32301 32643 32267 33240 
32279 32657 32363 33299 
32335 32685 32532 33279 
32454 32748 32725 33168 
32624 32816 32937 32941 
32829 32914 33158 32634 
33056 33026 33356 32304 
33277 33142 33495 31994 
33387 33191 33516 31708 
33417 33199 33448 31557 
33355 33150 33279 31587 
33188 33028 33033 31821 
32988 32893 32788 32329 
32707 32665 32499 32871 
32436 32451 32273 33347 
32198 32230 32103 33465 
31989 31990 31951 33080 
31863 31804 31892 32305 
31878 31756 31962 31581 
31964 31795 32065 31240 
32124 31939 32214 31578 
32380 32236 32406 32664 
32763 32680 32656 34232 
33213 33238 32907 35795 
33667 33813 33137 36867 
34036 34288 33373 37180 
34130 34443 33533 36591 
33850 34232 33656 35258 
32987 33545 33619 33267 
31671 32801 33556 31000 
30291 32301 33363 28718 
29523 32307 33119 26694 
29991 32581 32779 25223 
32158 32736 32445 24723 
35603 32149 32101 25447 
39135 30744 31852 27503 
41269 28892 31718 30703 
40748 27455 31684 34604 
37296 27527 31816 38651 
31434 29754 32036 42160 
24852 33938 32313 44376 
19600 38923 32616 44827 
16992 43207 32888 43322 
17710 45238 33069 39919 
21677 44288 33229 35224 
28176 40295 33294 29759 
35901 34408 33366 24698 
43615 27848 33288 20696 
50261 22070 33256 18600 
54497 17987 33180 18691 
55375 16215 33129 21144 
52195 17005 33052 25571 
45606 20066 32947 30964 
36461 25039 32857 36610 
26041 31447 32723 41528 
15820 38673 32575 45011 
7196 45934 32399 46509 
2097 51915 32214 45762 
1595 55567 32008 42993 
6341 56021 31929 38780 
16011 52642 31854 33749 
29418 45569 31935 28735 
43967 35822 32118 24700 
57344 24752 32331 22084 
65211 14429 32679 21325 
65477 6734 33015 22355 
65510 3172 33338 24948 
65503 4669 33587 28634 
52149 10818 33757 32546 
35874 20439 33819 36136 
19371 31760 33731 38848 
5475 43013 33516 40343 
163 52796 33231 40500 
41 59420 32880 39382 
99 61944 32492 37337 
13187 60227 32118 34793 
26554 54551 31826 32266 
39926 45698 31645 30140 
51039 34593 31540 28664 
57523 23517 31584 28164 
58735 14021 31780 28525 
54916 7549 32073 29585 
47052 4991 32433 31030 
36623 6648 32850 32603 
25735 12011 33255 33897 
16691 19900 33610 34717 
10985 29135 33866 34972 
9688 38533 34002 34692 
12902 46772 33969 33943 
20077 53034 33760 32918 
29409 56352 33437 31930 
39293 56553 33082 31197 
47689 53500 32604 30795 
53203 47760 32202 30895 
54831 39957 31855 31438 
52365 31475 31658 32317 
46353 23205 31574 33261 
38042 16404 31628 34145 
28978 11980 31829 34791 
20671 10658 32118 35089 
14992 12700 32402 34926 
12769 17805 32689 34404 
14249 25033 32926 33579 
18950 33185 33116 32635 
25963 40910 33257 31701 
33464 46597 33356 31013 
40270 49590 33408 30614 
45154 49616 33403 30529 
47501 47032 33351 30734 
47173 42521 33298 31267 
44357 37013 33203 31918 
39822 31532 33042 32560 
34369 26827 32907 33172 
28935 23381 32696 33585 
24566 21611 32495 33845 
22114 21729 32300 33895 
22050 23606 32100 33773 
24217 26984 31961 33592 
27871 31235 31881 33332 
32061 35529 31895 33123 
35776 38975 31968 32930 
38271 40745 32167 32820 
39308 40520 32427 32759 
38992 38412 32723 32719 
37643 35063 33008 32676 
35562 31299 33250 32545 
33230 28340 33481 32438 
30861 26766 33623 32265 
28829 26926 33662 32083 
27463 28615 33568 31855 
27124 31404 33405 31747 
27902 34482 33142 31716 
29688 36949 32809 31811 
32369 38343 32499 32083 
35370 38222 32193 32472 
38222 36604 31942 32957 
39979 33966 31778 33460 
39982 31277 31764 33930 
37905 29259 31898 34258 
34005 28276 32076 34338 
29367 28448 32380 34221 
25370 29366 32719 33843 
23573 30507 33064 33292 
24516 31455 33337 32646 
27839 32243 33556 31977 
32270 33008 33637 31395 
36432 34089 33565 30989 
39183 35555 33432 30886 
39998 37028 33147 30987 
39375 38046 32851 31408 
37849 37956 32533 31978 
35985 36521 32273 32659 
33887 33772 32064 33309 
31623 30415 31938 33827 
29191 27313 31973 34188 
26693 25281 32063 34272 
24697 25004 32243 34138 
23862 26744 32490 33789 
24719 29902 32758 33312 
27333 33664 32995 32797 
31348 37086 33166 32261 
36098 39404 33295 31852 
40587 40178 33330 31590 
43727 39389 33253 31523 
44884 37426 33092 31649 
43730 34736 32872 31927 
40457 31705 32628 32290 
35658 28667 32407 32741 
30401 26070 32237 33132 
25622 24312 32136 33440 
22132 23937 32155 33609 
20469 25362 32298 33649 
20818 28603 32503 33504 
23187 33144 32734 33201 
27082 38017 32975 32803 
31842 42281 33184 32426 
36511 45040 33330 32078 
40257 45821 33381 31838 
42364 44405 33308 31719 
42438 40876 33130 31790 
40859 35669 32915 31989 
38346 29130 32637 32260 
35800 22087 32386 32642 
33803 15686 32195 33020 
32470 11265 32035 33327 
31678 10489 32023 33582 
30897 14044 32076 33679 
29849 21825 32260 33698 
28440 32593 32515 33582 
26853 44611 32789 33336 
25543 55198 33016 32961 
25038 62125 33206 32590 
25647 64001 33337 32260 
27380 60348 33337 31947 
30139 51744 33192 31719 
33624 39056 32966 31656 
37147 25084 32746 31795 
40031 12304 32538 32037 
41885 2704 32407 32402 
42463 126 32345 32790 
41805 61 32355 33126 
40141 5980 32492 33437 
37759 17136 32657 33572 
34887 30908 32839 33554 
31719 44664 33010 33398 
28341 56242 33087 33084 
25124 63799 33102 32741 
22550 65441 33047 32402 
21341 61075 32871 32121 
21966 54501 32643 31934 
24494 43499 32431 31928 
28470 31337 32252 32084 
32975 20033 32144 32338 
37203 11180 32165 32722 
40181 6219 32261 33063 
41568 5737 32443 33354 
41491 9394 32681 33525 
40306 16436 32923 33542 
38459 25498 33178 33425 
36189 35103 33338 33156 
33814 43358 33415 32807 
31594 48860 33400 32438 
29765 51123 33292 32101 
28595 50169 33109 31852 
28206 46513 32825 31679 
28647 41295 32585 31731 
29582 35545 32352 31937 
30515 30645 32146 32239 
30982 27410 32013 32642 
30820 26294 31966 33061 
30139 27086 31955 33411 
29435 29186 32064 33687 
29346 31380 32256 33843 
30270 32606 32516 33813 
32290 32194 32814 33638 
35219 30167 33080 33313 
38640 27216 33348 32915 
41692 24475 33561 32484 
43552 23245 33683 32108 
43739 24048 33685 31773 
42021 26851 33548 31543 
38523 31175 33315 31496 
33628 36106 33002 31588 
27933 40777 32625 31822 
22627 44489 32314 32174 
18427 46902 32007 32552 
16181 47963 31845 32996 
16307 47405 31733 33337 
19212 45072 31806 33630 
24487 40815 32023 33837 
31321 34604 32287 33866 
38786 26965 32561 33750 
45619 19041 32822 33531 
50803 12316 33004 33197 
53259 8828 33149 32891 
52482 9435 33184 32541 
48590 14397 33184 32296 
42008 22728 33143 32095 
33471 32828 33065 31954 
24374 42452 32982 31893 
16511 49718 32948 31926 
11105 53729 32948 31991 
9258 54106 32930 32078 
11521 51245 32927 32208 
17762 45835 32900 32348 
26832 39006 32828 32529 
36966 32019 32683 32690 
46428 25799 32511 32888 
53495 21040 32282 33043 
56932 18373 32123 33253 
55962 17976 31986 33417 
50709 19812 31959 33541 
42192 23421 32053 33611 
31803 28156 32217 33567 
21388 33187 32450 33428 
12872 37895 32761 33218 
8224 41326 33071 32929 
8133 42976 33311 32551 
12730 42627 33544 32230 
21172 40176 33632 31898 
31691 36114 33587 31631 
42085 31483 33472 31541 
50662 27205 33227 31522 
56048 24434 32906 31671 
57253 23891 32543 31933 
54161 25903 32247 32334 
47051 29869 31941 32749 
37614 34776 31771 33210 
27138 39417 31711 33615 
17626 42713 31831 33961 
10704 43757 32076 34166 
7969 42191 32378 34153 
9864 38491 32757 33958 
15850 33306 33109 33561 
24640 27605 33391 33023 
34708 22557 33615 32452 
44304 19069 33729 31896 
51506 17933 33644 31360 
55164 19551 33476 31091 
54866 23634 33193 31003 
50741 29608 32837 31146 
43393 36556 32475 31520 
34237 42994 32193 32095 
25188 47552 31983 32694 
17757 49586 31886 33314 
13381 48682 31902 33821 
12928 45118 32056 34181 
16354 39399 32225 34282 
22727 32773 32433 34181 
30329 26575 32646 33888 
37440 21647 32801 33477 
42840 18610 32905 33001 
45692 17720 32943 32493 
45806 19052 32982 32095 
43654 22257 33006 31829 
39947 26858 33025 31672 
35465 32463 33057 31669 
30956 38286 33129 31795 
27126 43511 33187 31949 
24868 46876 33192 32117 
24657 47636 33194 32308 
26501 45410 33130 32507 
29757 40503 32944 32632 
33736 33879 32699 32768 
36974 27602 32451 32912 
38569 22836 32159 33040 
38209 20539 31951 33203 
35963 20788 31761 33313 
32463 23248 31718 33435 
28794 27034 31806 33533 
25911 31373 32044 33580 
24576 35602 32368 33540 
25206 39230 32740 33358 
27814 41696 33134 33099 
31779 42650 33450 32725 
36337 41942 33722 32340 
40421 39551 33797 31913 
43264 35859 33766 31578 
44163 31615 33546 31349 
43113 27604 33281 31326 
40135 24491 32927 31434 
35596 22900 32599 31741 
30045 23194 32299 32145 
24536 25342 32101 32631 
19984 28840 31954 33094 
17488 33049 31917 33510 
17874 37103 31948 33849 
21358 40070 32070 34064 
27297 41399 32215 34113 
34392 40969 32345 33985 
41240 39070 32506 33725 
46403 36301 32679 33399 
48759 33363 32843 32999 
48017 30664 32996 32552 
44430 28440 33164 32144 
38717 26761 33364 31792 
32031 25705 33473 31491 
25839 25516 33538 31364 
21211 26481 33538 31360 
18938 28646 33442 31477 
19315 31859 33244 31699 
22290 35751 32958 32064 
26908 39173 32618 32455 
32503 41505 32332 32926 
37931 42000 32019 33335 
42311 40588 31821 33712 
44809 37458 31695 33972 
44765 33426 31736 34073 
42156 29270 31871 34015 
37538 25767 32110 33836 
31832 23427 32369 33520 
26320 22727 32645 33128 
22406 23966 32914 32750 
20762 26965 33145 32385 
21556 31300 33281 32037 
24686 36344 33403 31870 
29422 40725 33410 31712 
34844 43522 33401 31735 
40143 44092 33364 31795 
44370 42337 33283 31914 
46599 38725 33164 32062 
46101 34050 33020 32241 
42553 29378 32825 32399 
36509 25445 32649 32610 
29051 22632 32446 32807 
21765 21221 32249 33009 
16656 21457 32043 33197 
15140 23516 31949 33420 
17452 27282 31916 33578 
22953 32442 31981 33678 
30485 38296 32123 33720 
38131 43622 32284 33597 
44423 47310 32542 33449 
48464 48501 32828 33219 
49623 46712 33062 32868 
47891 42132 33259 32494 
43501 35414 33443 32128 
37208 27826 33555 31787 
30217 21013 33572 31515 
23653 16104 33450 31345 
18799 14087 33229 31294 
16675 15477 32969 31453 
17733 20095 32638 31745 
21721 27134 32321 32205 
27468 35131 32061 32740 
33783 42835 31899 33337 
39251 48943 31857 33894 
42912 52429 31948 34332 
44237 52547 32187 34580 
43241 49091 32484 34561 
40464 42505 32815 34273 
36720 33778 33113 33727 
32834 24315 33331 33013 
29557 15822 33479 32243 
27569 10360 33499 31543 
26976 9026 33365 30955 
27685 12387 33129 30623 
29325 20074 32853 30582 
31469 30864 32564 30864 
33500 42756 32300 31453 
34763 52606 32182 32261 
34938 58834 32116 33076 
33941 60105 32113 33772 
32082 56167 32270 34367 
29807 47362 32529 34732 
27966 35676 32765 34706 
27463 22923 32968 34368 
28913 12063 33117 33808 
32277 4405 33202 33133 
36760 1326 33117 32383 
41283 3489 32999 31762 
44454 10879 32786 31314 
45084 22155 32576 31147 
42758 35469 32385 31259 
37944 48823 32291 31612 
31570 59914 32274 32112 
24683 65354 32422 32715 
18934 65477 32638 33225 
15315 65494 32855 33563 
14477 56236 33109 33726 
16792 43192 33291 33647 
22331 28427 33423 33396 
30575 13988 33420 32997 
40339 2382 33254 32516 
49225 121 33001 32122 
55628 62 32680 31816 
57832 2430 32371 31760 
55051 12950 32122 31914 
47619 25644 31942 32227 
36881 39237 31876 32683 
25877 50865 31985 33204 
16438 59121 32162 33610 
10270 63025 32436 33913 
8246 62292 32770 33989 
10313 57313 33046 33796 
15890 49146 33289 33419 
23570 39149 33426 32880 
32280 28466 33444 32273 
40934 18522 33431 31765 
48478 10382 33294 31347 
53633 5418 33067 31160 
55470 4409 32783 31221 
53640 7505 32524 31552 
48298 14237 32297 32095 
40139 23676 32154 32752 
30863 33884 32048 33363 
22206 43482 32059 33912 
15904 51153 32185 34271 
13018 55972 32369 34374 
14032 57390 32637 34205 
18134 55542 32916 33809 
24048 50909 33118 33193 
30513 44329 33271 32519 
36521 36508 33384 31921 
40946 28453 33357 31395 
43345 21370 33244 31151 
43689 15911 33032 31125 
42355 12881 32829 31408 
39852 12603 32557 31828 
36940 15287 32367 32391 
34389 20431 32244 32994 
32642 26857 32140 33460 
31796 33712 32200 33851 
31418 39728 32287 33993 
31157 44111 32484 33973 
30559 46248 32665 33727 
29556 46047 32845 33371 
28361 43919 32985 32940 
27293 40484 33086 32519 
26717 36386 33177 32186 
26790 32090 33166 31888 
27768 28186 33097 31749 
29678 25384 32967 31751 
32421 24287 32746 31853 
35620 25368 32565 32110 
38753 28514 32376 32415 
41151 33044 32245 32763 
42177 37799 32176 33091 
41518 41352 32241 33405 
39177 42289 32382 33605 
35656 40241 32604 33690 
31726 35656 32862 33641 
28178 29647 33087 33405 
25741 23691 33293 33074 
24780 19363 33402 32685 
25248 17530 33384 32276 
26778 18375 33262 31910 
28919 21736 33058 31692 
31265 27100 32756 31585 
33639 34053 32479 31692 
35814 41476 32244 31980 
37593 48205 32080 32325 
38810 53217 32065 32794 
39014 55381 32098 33198 
38023 54012 32254 33574 
35810 48771 32480 33836 
32856 40463 32756 33927 
29802 30144 32994 33822 
27369 19547 33140 33490 
26236 10742 33248 33098 
26571 5504 33257 32619 
28258 5160 33210 32157 
30858 9662 33072 31755 
33836 18030 32884 31508 
36548 28445 32659 31457 
38612 39122 32467 31635 
39487 47949 32304 31983 
39050 53593 32224 32447 
37345 55714 32215 32943 
34732 54441 32303 33452 
31670 50201 32493 33862 
28666 43649 32691 34033 
26241 35845 32903 33987 
24737 28182 33089 33716 
24308 21751 33212 33280 
25104 17696 33276 32747 
27231 16646 33258 32171 
30521 18679 33157 31675 
34436 22871 32994 31347 
38445 27951 32773 31242 
42005 32636 32592 31397 
44495 35844 32389 31728 
45624 37125 32258 32235 
45102 36533 32211 32825 
42773 34647 32204 33360 
38689 32535 32304 33832 
32953 31238 32506 34143 
25758 31524 32674 34177 
18346 33845 32819 33986 
12355 37653 32912 33581 
9367 42086 32957 33110 
10567 45642 32939 32599 
