32311 31941 32044 32985 
32311 31941 32044 32985 
32322 31881 31860 33336 
32420 31987 31865 33663 
32507 32128 31938 33852 
32581 32320 32116 33900 
32655 32479 32371 33802 
32702 32593 32660 33586 
32686 32619 32904 33246 
32653 32592 33105 32805 
32665 32567 33259 32352 
32689 32574 33342 31963 
32763 32633 33353 31675 
32833 32720 33235 31521 
32906 32846 33045 31556 
32976 33016 32828 31763 
33017 33172 32601 32092 
33011 33309 32415 32555 
32945 33364 32299 33048 
32775 33280 32228 33456 
32587 33130 32260 33739 
32448 32960 32410 33883 
32354 32733 32607 33790 
32329 32553 32843 33532 
32369 32365 33018 33096 
32496 32274 33155 32629 
32718 32290 33255 32181 
32891 32302 33195 31780 
33066 32373 33086 31554 
33179 32440 32872 31530 
33198 32495 32628 31676 
33138 32560 32394 32021 
33007 32635 32246 32480 
32784 32638 32127 32921 
32517 32636 32111 33344 
32308 32693 32220 33693 
32157 32775 32412 33891 
32090 32880 32650 33875 
32128 33000 32876 33671 
32270 33140 33063 33325 
32536 33303 33227 32939 
32843 33420 33322 32507 
33132 33442 33306 32081 
33376 33332 33213 31764 
33469 33076 33046 31570 
33402 32692 32807 31546 
33191 32208 32557 31714 
32852 31729 32322 32029 
32503 31428 32188 32452 
32169 31267 32103 32893 
31923 31346 32108 33309 
31828 31683 32203 33666 
31932 32247 32391 33878 
32195 32898 32633 33884 
32535 33542 32855 33673 
32941 34130 33076 33343 
33304 34473 33249 32887 
33569 34538 33335 32378 
33726 34363 33387 31951 
33644 33851 33304 31586 
33378 33135 33119 31423 
32988 32351 32895 31451 
32581 31621 32671 31726 
32161 31078 32457 32138 
31869 30793 32285 32619 
31747 30862 32210 33122 
31768 31209 32145 33527 
32002 31853 32199 33816 
32357 32631 32315 33934 
32749 33365 32435 33850 
33064 33950 32518 33571 
33300 34271 32632 33247 
33372 34239 32700 32849 
33309 33925 32767 32478 
33146 33397 32847 32191 
32864 32724 32906 31955 
32627 32121 33009 31884 
32431 31642 33103 31880 
32363 31476 33228 32002 
32377 31563 33295 32137 
32554 31977 33356 32353 
32711 32478 33286 32486 
32926 33099 33173 32660 
33069 33646 32972 32785 
33093 33975 32641 32842 
33075 34075 32375 32972 
32936 33860 32095 33050 
32723 33398 31891 33120 
32454 32752 31766 33160 
32262 32109 31817 33237 
32127 31530 31967 33266 
32054 31161 32195 33240 
32148 31089 32527 33181 
32372 31357 32881 33075 
32651 31844 33164 32868 
32964 32505 33397 32651 
33305 33249 33585 32430 
33480 33852 33589 32170 
33571 34247 33526 31970 
33467 34324 33335 31821 
33229 34125 33107 31778 
32850 33624 32785 31800 
32442 32979 32488 31966 
32063 32306 32239 32269 
31847 31750 32083 32676 
31751 31372 32003 33071 
31814 31246 31992 33431 
32041 31402 32083 33722 
32434 31860 32292 33906 
32861 32420 32542 33896 
33299 33082 32835 33737 
33591 33612 33048 33384 
33744 33988 33234 32954 
33732 34111 33352 32486 
33549 33991 33391 32055 
33202 33583 33295 31693 
32758 33026 33105 31498 
32313 32389 32874 31501 
31977 31848 32666 31700 
31750 31458 32448 32019 
31730 31341 32308 32436 
31902 31506 32265 32884 
32196 31898 32293 33302 
32579 32420 32398 33621 
32964 32980 32544 33794 
33249 33463 32669 33739 
33429 33806 32773 33557 
33478 33927 32848 33251 
33389 33831 32884 32860 
33187 33542 32886 32456 
32942 33158 32873 32118 
32682 32725 32834 31873 
32454 32286 32810 31803 
32287 31923 32766 31864 
32196 31684 32708 32059 
32195 31643 32656 32399 
32268 31769 32608 32790 
32389 32002 32578 33165 
32564 32348 32575 33479 
32753 32736 32615 33660 
32895 33095 32667 33663 
33007 33406 32764 33489 
33050 33583 32845 33153 
33076 33663 32947 32745 
33007 33452 33067 31918 
32934 33207 33057 31659 
32847 32903 32975 31573 
32745 32591 32839 31686 
32665 32314 32694 31997 
32601 32103 32553 32392 
32511 31956 32416 32843 
32424 31882 32298 33284 
32401 31941 32286 33670 
32394 32095 32325 33898 
32416 32294 32400 33899 
32511 32590 32542 33736 
32628 32895 32702 33446 
32778 33168 32863 33034 
32921 33408 33003 32581 
33069 33576 33130 32155 
33151 33604 33186 31805 
33196 33532 33210 31606 
33132 33306 33132 31554 
33015 33015 33005 31691 
32817 32635 32802 31953 
32608 32260 32600 32330 
32420 31970 32423 32782 
32205 31709 32219 33179 
32083 31621 32116 33522 
32058 31698 32107 33766 
32168 31965 32207 33862 
32400 32366 32439 33783 
32679 32810 32692 33499 
32981 33252 32966 33117 
33247 33667 33226 32649 
33446 33930 33431 32196 
33543 34003 33559 31820 
33485 33867 33533 31565 
33256 33510 33364 31467 
32948 33059 33086 31572 
32625 32585 32756 31868 
32351 32143 32420 32296 
32117 31816 32118 32774 
32009 31617 31869 33208 
32002 31615 31764 33573 
32140 31804 31835 33815 
32373 32101 32033 33867 
32607 32437 32312 33740 
32844 32773 32639 33492 
33000 33024 32939 33123 
33031 33142 33149 32702 
33043 33195 33319 32362 
32965 33130 33377 32121 
32799 32957 33306 31945 
32695 32807 33190 31945 
32593 32684 33027 32029 
32616 32686 32899 32221 
32665 32740 32748 32394 
32807 32912 32691 32582 
32975 33119 32658 32686 
33127 33338 32673 32760 
33182 33412 32653 32740 
33173 33401 32692 32760 
33033 33184 32662 32733 
32790 32816 32601 32763 
32479 32336 32508 32810 
32156 31817 32392 32888 
31923 31426 32317 33034 
31811 31222 32278 33176 
31865 31269 32299 33267 
32075 31572 32387 33311 
32411 32102 32549 33279 
32836 32758 32759 33153 
33229 33436 32975 32933 
33569 34063 33170 32670 
33784 34482 33341 32391 
33832 34634 33442 32127 
33681 34478 33439 31923 
33390 34051 33331 31803 
32975 33385 33137 31793 
32481 32572 32839 31887 
32085 31817 32568 32153 
31752 31150 32265 32460 
31543 30718 32017 32803 
31543 30569 31853 33133 
31733 30767 31819 33443 
32107 31336 31947 33733 
32553 32120 32173 33968 
33034 32976 32505 34134 
33440 33774 32844 34119 
33734 34417 33196 33818 
33840 34732 33486 33034 
33738 34727 33664 31864 
33487 34402 33716 30497 
33090 33795 33581 29345 
32673 33101 33348 28908 
32264 32371 32982 29428 
32007 31799 32610 30961 
31897 31425 32267 33198 
31922 31277 31994 35449 
32088 31365 31836 37242 
32326 31628 31815 38204 
32633 32036 31962 38144 
32902 32460 32199 37132 
33120 32866 32503 35383 
33175 33119 32766 33031 
33130 33287 33032 30395 
32965 33274 33217 27832 
32732 33124 33295 25718 
32612 33042 33329 24574 
32614 33035 33274 24688 
32786 33164 33160 26210 
33054 33413 33021 29024 
33291 33624 32836 32857 
33357 33680 32686 36934 
33151 33455 32564 40665 
32650 32827 32438 43315 
31990 31958 32306 44161 
31479 31134 32254 43080 
31232 30531 32208 40117 
31330 30301 32206 35637 
31704 30569 32294 30563 
32169 31171 32417 25650 
32596 32019 32593 21785 
33051 32942 32841 19676 
33529 33802 33030 19729 
34262 34732 33258 21994 
35104 35637 33385 25996 
35987 36537 33484 31331 
36371 36963 33444 36907 
35929 36605 33310 41542 
34449 35266 33101 44679 
32010 33027 32827 45839 
28990 30303 32497 44787 
26413 28036 32229 41841 
24938 26702 32023 37521 
25151 26577 31925 32558 
27297 27518 31944 27646 
30836 28971 32037 23892 
35099 30609 32245 21756 
39080 32147 32426 21401 
41845 33833 32680 22964 
42740 35794 32869 25923 
41663 38146 33008 29757 
38783 40582 33125 33902 
34715 42244 33197 37478 
30162 42338 33199 40063 
25982 40327 33207 41298 
22878 36158 33160 41061 
21472 30548 33119 39526 
22120 24676 33067 37057 
24868 19822 32960 34002 
29332 17412 32857 31085 
34808 17933 32726 28698 
40244 21317 32581 27201 
44703 27072 32453 26790 
46926 33791 32290 27364 
46448 40388 32192 28796 
43032 45942 32131 30762 
37282 49467 32164 32848 
30101 50420 32201 34603 
22969 48651 32343 35866 
17215 44070 32555 36473 
14270 37258 32750 36274 
14689 29113 32928 35464 
18787 20718 33077 34181 
25682 14406 33200 32817 
34272 11129 33251 31568 
43250 11762 33255 30682 
51334 16501 33215 30255 
56218 24032 33130 30341 
56963 33024 33000 30860 
53071 41885 32858 31700 
44691 49238 32695 32672 
33571 53636 32540 33548 
21676 54574 32370 34209 
11573 51960 32237 34516 
5395 45958 32130 34483 
4755 37790 32108 34164 
9512 28632 32159 33625 
18450 20090 32273 32978 
30191 13490 32469 32328 
41574 10635 32722 31843 
51132 11803 32951 31502 
57199 16884 33177 31405 
58780 24867 33324 31465 
55762 34241 33430 31735 
48668 43042 33412 32062 
38799 49742 33331 32452 
28244 52658 33137 32786 
18805 51503 32884 33019 
12377 46772 32634 33217 
10082 39627 32414 33333 
12230 31919 32233 33362 
18060 25181 32110 33304 
26243 20572 32083 33248 
35072 18645 32149 33180 
42908 19357 32283 33120 
48296 22218 32482 33078 
50405 26574 32692 32990 
48984 31507 32905 32885 
44475 36282 33043 32709 
37717 40152 33115 32503 
30270 42387 33112 32278 
23550 42668 33027 32049 
18985 41008 32888 31885 
17567 37593 32690 31785 
19846 33624 32579 31878 
25082 29834 32483 32046 
32103 27092 32481 32355 
39091 25823 32516 32656 
44520 26074 32657 33038 
47098 27412 32827 33338 
46244 29372 32979 33534 
42337 31425 33125 33630 
36264 33360 33182 33575 
29155 35226 33170 33410 
22540 36913 33051 33130 
18188 38059 32818 32769 
16902 38384 32577 32451 
19075 37581 32347 32200 
24280 35663 32173 32036 
31268 33058 32078 32001 
38453 30517 32087 32069 
44206 28810 32221 32274 
47217 28413 32407 32536 
47218 29112 32628 32796 
44646 30348 32833 32988 
40384 31531 33052 33146 
35530 32194 33208 33201 
30770 32253 33299 33122 
26712 31980 33310 32955 
23759 31806 33243 32727 
22178 32097 33109 32475 
22081 33029 32931 32280 
23383 34573 32686 32159 
25794 36413 32494 32228 
28698 37983 32318 32375 
31873 38749 32220 32653 
35087 38068 32189 33016 
37983 35708 32223 33336 
40489 32007 32360 33596 
42258 27774 32580 33730 
42711 24030 32790 33627 
41515 22060 32979 33316 
38743 22513 33117 32855 
34908 25461 33192 32280 
31048 30169 33191 31733 
27944 35524 33127 31311 
26049 40486 32981 31091 
25363 44107 32820 31136 
25583 45640 32623 31457 
26267 44919 32469 31996 
27275 41987 32343 32684 
28665 37362 32293 33400 
30510 31614 32278 34024 
32932 25681 32379 34491 
35610 20537 32502 34671 
38157 17137 32644 34560 
40091 16291 32797 34166 
41076 18454 32967 33560 
40763 23347 33061 32799 
39244 30345 33142 32042 
36568 38254 33141 31366 
33028 45818 33084 30915 
29233 51298 32926 30709 
25841 53734 32748 30834 
23478 52482 32531 31224 
22643 47596 32352 31861 
23593 39768 32203 32544 
26234 30325 32157 33287 
30174 20707 32188 33910 
34531 13004 32281 34252 
38717 8610 32529 34414 
41895 8298 32788 34283 
43519 12222 33048 33891 
43355 19748 33291 33370 
41369 29467 33441 32767 
37774 40133 33511 32180 
33310 49102 33416 31686 
28789 55022 33237 31427 
24781 57139 32958 31360 
21885 55223 32660 31527 
20603 49905 32376 31881 
21049 42223 32100 32280 
23312 33654 31961 32770 
27209 25370 31892 33198 
32156 19036 31960 33542 
37436 15232 32140 33732 
42307 14213 32396 33751 
45989 15851 32700 33583 
47633 19512 32975 33275 
46904 24404 33176 32849 
43888 29780 33329 32474 
39002 34831 33388 32169 
33014 38898 33305 31958 
26931 41507 33117 31883 
21700 42609 32893 32013 
18296 42276 32652 32254 
17036 40976 32445 32593 
18108 39309 32354 32939 
21225 37720 32311 33234 
25974 36595 32408 33406 
31682 35815 32570 33401 
37807 35072 32761 33222 
43159 33910 32942 32938 
46961 31984 33058 32554 
48537 29353 33131 32213 
47298 26262 33049 31900 
43442 23515 32897 31765 
37688 21794 32691 31802 
31160 21637 32490 32053 
25448 23125 32303 32421 
21635 25995 32206 32886 
20273 29637 32158 33314 
21473 33674 32261 33703 
24567 37389 32432 33921 
28621 40505 32636 33923 
32759 42923 32876 33716 
36261 44550 33049 33293 
38504 45210 33250 32866 
39238 44534 33287 32297 
38735 42491 33344 31877 
37023 38780 33251 31515 
34705 33890 33077 31352 
32310 28397 32859 31417 
30340 23040 32587 31681 
29327 18971 32350 32153 
29391 16729 32158 32653 
30410 16634 31991 33155 
32122 18730 31948 33607 
34095 22614 32058 33952 
35813 27710 32273 34065 
36854 33432 32557 33958 
36842 38929 32866 33667 
35715 43625 33181 33235 
33606 46922 33430 32722 
30907 48565 33616 32224 
28298 48367 33639 31767 
26399 46609 33533 31467 
25698 43479 33261 31317 
26468 39401 32921 31410 
28593 34520 32542 31683 
31663 29037 32219 32126 
35038 23258 31964 32610 
38001 17872 31822 33097 
39978 13816 31798 33523 
40642 12155 31931 33816 
39889 13723 32213 33959 
37841 18434 32506 33893 
34942 25624 32806 33654 
31611 34041 33032 33273 
28565 41898 33156 32844 
26303 48177 33230 32467 
25193 51945 33212 32159 
25437 52807 33083 31915 
27116 50899 32958 31872 
29856 46685 32815 31916 
33219 40764 32739 32078 
36569 33829 32709 32310 
39241 26784 32740 32532 
40562 20671 32788 32694 
40175 16470 32857 32804 
38071 15069 32870 32812 
34740 16721 32883 32814 
30772 20982 32789 32724 
27051 27201 32690 32709 
24522 33779 32535 32705 
23688 39484 32338 32729 
24863 43398 32211 32844 
27777 44828 32108 32988 
31835 43846 32126 33187 
36076 40870 32225 33326 
39606 36639 32428 33417 
41604 32269 32704 33407 
41820 28517 32964 33244 
40466 26052 33183 32949 
38010 25356 33370 32590 
35034 26495 33487 32217 
31864 29055 33456 31860 
28742 32603 33318 31571 
26113 36267 33153 31531 
24148 39222 32895 31603 
23345 40820 32653 31855 
24080 40495 32445 32250 
26294 38032 32244 32689 
29591 33743 32078 33097 
33445 28289 31996 33503 
36969 23058 31996 33795 
39764 19312 32083 33924 
41534 18198 32229 33902 
42175 20321 32438 33729 
41573 25441 32672 33456 
39568 32563 32897 33094 
36183 40245 33149 32706 
31982 46529 33346 32302 
27832 50452 33479 31958 
24715 51360 33528 31673 
23671 49179 33466 31495 
24721 44512 33347 31503 
27276 37977 33137 31620 
30359 30193 32847 31827 
32926 22465 32557 32122 
34568 15781 32293 32526 
35309 11380 32103 32974 
35452 10180 31931 33346 
35384 12803 31905 33700 
35224 18967 31995 33955 
34848 27819 32161 34019 
34273 37528 32379 33938 
33547 46709 32620 33712 
32837 53808 32828 33354 
32390 57396 32984 32938 
32306 56870 33065 32492 
32590 52133 33111 32124 
32958 43698 33064 31782 
33346 33315 33009 31603 
33669 22729 32932 31542 
33915 13922 32901 31655 
33885 8839 32916 31866 
33360 8144 32917 32097 
32196 11691 32937 32365 
30438 18756 32977 32671 
28469 27576 32961 32915 
26888 36664 32874 33099 
26414 44854 32765 33264 
27418 50853 32599 33352 
29892 54205 32433 33409 
33248 54412 32233 33407 
36809 51387 32071 33343 
39769 45397 31997 33268 
41565 37167 32001 33145 
41909 27769 32134 33022 
40764 19210 32342 32862 
38434 13032 32632 32683 
35220 10436 32923 32457 
31576 11927 33187 32241 
27904 17019 33393 32039 
24644 24529 33512 31875 
22229 32950 33553 31809 
21166 40398 33470 31808 
21864 45907 33321 31928 
24410 48882 33073 32085 
28693 49341 32821 32350 
34046 47555 32555 32659 
39403 44002 32304 32989 
43815 39017 32043 33276 
46312 33373 31902 33550 
46520 27570 31831 33741 
44518 22399 31857 33834 
40623 18672 31993 33804 
35573 17263 32199 33651 
30015 18478 32475 33408 
24590 22398 32856 33095 
20390 27819 33162 32667 
18047 33979 33458 32256 
17928 39718 33654 31841 
20214 44392 33740 31491 
24465 47134 33696 31297 
29985 47748 33534 31256 
35911 46139 33286 31390 
41458 42331 32968 31721 
45685 36754 32576 32134 
48243 30065 32244 32664 
48746 23198 31974 33196 
46858 17207 31779 33689 
42857 13958 31720 34078 
37116 14142 31831 34283 
30159 18076 32022 34242 
23331 25049 32284 33999 
17661 33836 32589 33567 
14187 42674 32909 33048 
13552 49995 33133 32435 
16009 54164 33296 31890 
21108 54506 33358 31526 
28083 50886 33345 31371 
35876 43642 33202 31429 
43091 34125 33022 31687 
48957 23764 32842 32126 
52694 14340 32690 32616 
53792 7773 32625 33131 
51827 5499 32566 33477 
46887 8467 32562 33643 
39200 16924 32641 33624 
30170 28775 32716 33391 
20995 42040 32784 33004 
13273 54143 32799 32521 
8678 62843 32831 32143 
8140 65422 32760 31814 
11886 64451 32677 31705 
19311 53671 32533 31813 
28836 40243 32409 32125 
38832 24721 32329 32588 
47740 9587 32277 33113 
53905 381 32296 33612 
56588 62 32391 33972 
55516 32 32553 34105 
50714 8472 32751 33983 
43287 22433 32970 33636 
34220 38736 33137 33096 
24716 55009 33297 32450 
16901 65102 33408 31889 
11637 65479 33420 31414 
9739 65517 33339 31137 
11610 65524 33170 31092 
16949 53616 32944 31313 
24934 35460 32670 31710 
34297 16786 32432 32305 
43407 1289 32184 32894 
50763 88 31960 33446 
54988 31 31835 33895 
55145 71 31815 34157 
51159 13864 31873 34210 
43878 29151 32085 34096 
34584 45237 32336 33761 
25205 58925 32674 33362 
17470 65344 33058 32916 
12694 65499 33381 32425 
11662 65521 33685 32006 
14322 54537 33837 31672 
19999 38474 33852 31471 
27697 20918 33695 31378 
36341 4865 33442 31478 
44215 161 33077 31665 
50197 49 32674 31973 
53182 36 32276 32352 
52490 9151 31976 32787 
48299 22378 31726 33171 
41499 37267 31631 33517 
33203 51562 31735 33802 
25015 62268 31947 33930 
18357 65403 32238 33914 
13844 65482 32556 33737 
11961 64070 32862 33488 
12985 51647 33078 33108 
16943 38689 33201 32716 
23494 25127 33268 32359 
32049 12660 33241 32066 
40992 3475 33170 31882 
49058 163 33088 31832 
54741 81 32978 31855 
56997 2440 32907 31986 
55255 11303 32880 32171 
49953 22281 32847 32354 
41931 34580 32831 32552 
32400 46580 32794 32680 
22955 56662 32744 32781 
15087 63451 32682 32872 
9973 65413 32557 32910 
8682 64100 32439 32951 
11246 56949 32315 32981 
17062 47747 32202 33035 
25294 36558 32156 33142 
33796 25768 32151 33201 
41549 16297 32246 33261 
47608 9119 32425 33299 
51343 4821 32673 33286 
52269 3857 32924 33164 
50614 6180 33185 32945 
46550 11817 33384 32644 
40798 20127 33520 32326 
34007 30224 33513 31993 
27108 40974 33369 31718 
20845 51366 33098 31596 
16698 59055 32788 31643 
15171 63097 32473 31876 
16672 62366 32195 32231 
20879 56823 31996 32663 
27111 47289 31944 33092 
34064 35082 32019 33471 
40299 22480 32249 33748 
44563 11875 32508 33820 
46178 5446 32846 33717 
44928 4420 33134 33418 
41487 8837 33312 33009 
36824 17341 33387 32560 
31905 28209 33347 32153 
27862 38747 33186 31875 
25258 47307 32945 31746 
24478 52612 32651 31782 
25613 54063 32409 32054 
28232 51524 32212 32403 
31664 45624 32092 32791 
35154 37438 32114 33158 
37788 28188 32236 33445 
38980 20023 32467 33608 
38613 14438 32715 33575 
36978 12837 32984 33394 
34433 15708 33144 33032 
31530 22535 33281 32674 
28582 31757 33317 32309 
25944 41259 33238 31990 
24261 48615 33066 31773 
24162 52514 32911 31764 
26065 52169 32713 31881 
29888 47954 32515 32105 
35021 40977 32376 32458 
40354 32376 32254 32820 
44272 23938 32212 33185 
45768 16803 32213 33508 
44359 12110 32240 33708 
40554 10966 32354 33787 
35294 13756 32513 33721 
29719 20177 32679 33533 
24867 29364 32873 33240 
21601 39263 33015 32838 
20295 48044 33186 32458 
21069 53987 33331 32087 
23732 55787 33397 31756 
27838 53451 33396 31539 
32730 47638 33291 31454 
37648 39558 33164 31555 
41376 30960 32931 31769 
43269 23256 32673 32077 
42930 17665 32416 32487 
40571 14959 32182 32922 
36834 15365 31993 33347 
32717 18461 31911 33679 
29122 23477 31919 33906 
26901 29018 32013 33944 
26329 34111 32230 33863 
27273 37961 32469 33598 
29365 40205 32713 33247 
32092 41044 32957 32873 
34805 40793 33107 32452 
37090 39987 33243 32176 
38321 38890 33313 31973 
38078 37693 33310 31913 
