32731 33107 32268 32789 
32731 33107 32268 32789 
32406 32625 32102 33148 
32113 32120 32025 33459 
31876 31653 32038 33680 
31741 31321 32092 33776 
31727 31174 32195 33745 
31819 31222 32316 33621 
32049 31523 32481 33431 
32376 32036 32665 33226 
32738 32626 32855 32987 
33110 33237 33041 32730 
33414 33799 33185 32464 
33660 34229 33372 32263 
33764 34435 33501 32075 
33700 34363 33532 31880 
33512 34058 33499 31722 
33254 33602 33380 31663 
32930 33041 33157 31674 
32626 32506 32897 31803 
32357 32008 32568 32014 
32215 31690 32285 32361 
32137 31546 32028 32746 
32125 31553 31833 33147 
32176 31712 31763 33546 
32310 32003 31843 33900 
32463 32319 32040 34118 
32578 32621 32304 34173 
32623 32810 32580 34014 
32622 32906 32821 33697 
32589 32908 33023 33286 
32566 32856 33148 32829 
32541 32761 33192 32323 
32611 32740 33227 31950 
32721 32781 33178 31667 
32921 32906 33142 31518 
33159 33128 33087 31523 
33390 33395 33050 31639 
33559 33643 33021 31856 
33628 33785 32990 32077 
33566 33760 32969 32343 
33353 33548 32897 32571 
33038 33188 32797 32821 
32598 32634 32612 32977 
32162 32054 32417 33167 
31797 31531 32210 33330 
31538 31108 32001 33446 
31476 30931 31877 33553 
31581 30981 31848 33597 
31841 31286 31925 33596 
32239 31820 32144 33523 
32698 32480 32460 33372 
33121 33178 32814 33098 
33477 33841 33168 32757 
33721 34360 33486 32388 
33845 34692 33754 32058 
33768 34731 33856 31733 
33540 34470 33792 31492 
33243 34012 33626 31439 
32890 33353 33325 31502 
32558 32650 32959 31717 
32277 31924 32567 32058 
32112 31356 32197 32464 
32018 30959 31870 32888 
32016 30796 31636 33319 
32121 30924 31578 33727 
32252 31247 31647 34006 
32401 31744 31866 34139 
32546 32317 32171 34103 
32666 32904 32557 33899 
32751 33430 32933 33535 
32808 33838 33268 33061 
32905 34120 33584 32557 
33031 34261 33818 32063 
33154 34217 33875 31637 
33254 33640 33535 31192 
33251 33234 33213 31251 
33184 32796 32821 31508 
33060 32373 32435 31917 
32893 32005 32117 32418 
32666 31707 31866 32935 
32420 31532 31735 33398 
32224 31489 31770 33780 
32088 31590 31952 34005 
32013 31781 32185 34028 
32036 32041 32479 33877 
32115 32337 32738 33589 
32275 32665 32952 33235 
32453 32956 33054 32823 
32681 33267 33098 32440 
32942 33540 33122 32192 
33139 33700 33079 32022 
33294 33779 33038 31980 
33362 33711 32992 31999 
33337 33531 32965 32080 
33244 33271 32961 32195 
33088 32952 32960 32302 
32928 32628 32989 32400 
32744 32329 32955 32474 
32611 32125 32893 32537 
32485 31961 32756 32578 
32412 31922 32589 32668 
32420 31998 32446 32829 
32398 32095 32264 32983 
32429 32272 32150 33184 
32469 32479 32093 33388 
32542 32708 32140 33548 
32598 32912 32268 33629 
32664 33075 32462 33614 
32704 33158 32670 33439 
32765 33232 32915 33192 
32753 33170 33080 32797 
32828 33151 33269 32423 
32878 33085 33375 32038 
32921 33013 33396 31715 
32930 32921 33308 31481 
32984 32849 33191 31443 
32959 32721 32961 31532 
32928 32594 32717 31798 
32902 32482 32496 32221 
32761 32285 32251 32656 
32632 32123 32112 33155 
32434 31953 32021 33574 
32340 31927 32091 33950 
32277 32007 32260 34141 
32300 32226 32497 34130 
32356 32530 32714 33865 
32557 32994 33034 33507 
32718 33400 33213 32958 
32936 33780 33354 32421 
33130 34052 33418 31941 
33269 34094 33372 31561 
33282 33881 33193 31338 
33211 33484 32942 31330 
33044 32939 32651 31512 
32863 32368 32420 31902 
32636 31795 32215 32358 
32438 31362 32116 32863 
32259 31111 32075 33299 
32212 31149 32184 33685 
32191 31386 32302 33847 
32336 31923 32567 33897 
32522 32561 32808 33759 
32732 33239 33010 33483 
32946 33867 33161 33112 
33142 34329 33273 32706 
33239 34511 33296 32327 
33251 34423 33245 32059 
33102 33978 33074 31840 
32865 33299 32840 31779 
32619 32553 32626 31911 
32352 31804 32406 32140 
32168 31209 32264 32451 
32052 30843 32153 32754 
32081 30831 32165 33050 
32253 31164 32275 33282 
32553 31783 32479 33410 
32902 32546 32736 33401 
33227 33334 32967 33225 
33479 34031 33175 32983 
33632 34502 33319 32705 
33649 34698 33394 32460 
33456 34523 33326 32205 
33141 34066 33160 32106 
32733 33368 32925 32093 
32305 32592 32665 32194 
31962 31846 32443 32443 
31727 31256 32249 32711 
31660 30914 32122 32974 
31781 30897 32090 33192 
32060 31199 32169 33349 
32448 31756 32327 33401 
32877 32439 32530 33328 
33251 33112 32743 33132 
33544 33733 32929 32863 
33669 34123 33080 32563 
33662 34264 33201 32312 
33489 34118 33253 32099 
33212 33751 33219 32011 
32866 33249 33128 32014 
32483 32655 32941 32098 
32195 32134 32739 32323 
32014 31749 32559 32626 
31939 31532 32388 32934 
31935 31502 32241 33191 
32093 31710 32199 33413 
32324 32085 32250 33563 
32604 32537 32380 33543 
32887 33000 32597 33431 
33085 33360 32804 33178 
33232 33611 33019 32846 
33289 33688 33193 32493 
33289 33608 33311 32176 
33197 33382 33333 31919 
33057 33069 33248 31770 
32907 32738 33072 31747 
32768 32467 32848 31867 
32640 32252 32573 32083 
32573 32183 32343 32424 
32542 32234 32179 32809 
32495 32292 32069 33129 
32490 32445 32103 33434 
32506 32612 32244 33648 
32461 32676 32410 33670 
32505 32784 32699 33632 
32493 32789 32931 33392 
32488 32745 33109 33063 
32569 32740 33270 32748 
32618 32679 33286 32408 
32724 32699 33245 32195 
32783 32667 33052 32028 
32883 32713 32845 32041 
32945 32749 32588 32136 
32997 32826 32387 32354 
33031 32901 32258 32605 
33036 32966 32221 32829 
33025 33015 32295 33017 
32969 33024 32458 33077 
32930 33034 32709 33055 
32853 32988 32992 32927 
32701 32838 33148 32641 
32629 32737 33304 32437 
32544 32631 33335 32265 
32448 32507 33238 32161 
32353 32397 33007 32162 
32321 32362 32766 32349 
32339 32355 32507 32715 
32372 32351 32259 33194 
32452 32387 32114 33772 
32547 32446 32078 34182 
32707 32544 32174 34206 
32850 32648 32338 33649 
33001 32774 32568 32552 
33122 32908 32818 31197 
33233 33071 33037 30202 
33291 33235 33197 29888 
33277 33361 33278 30425 
33220 33441 33271 31778 
33104 33447 33198 33521 
32882 33291 33031 35136 
32639 33053 32834 36297 
32357 32699 32610 36690 
32103 32309 32403 36346 
31909 31913 32251 35374 
31797 31592 32146 33908 
31783 31415 32153 32037 
31935 31457 32315 30126 
32129 31624 32481 28279 
32488 32018 32717 26921 
32968 32625 32980 26397 
33478 33311 33150 26912 
33996 34107 33289 28616 
34364 34765 33344 31283 
34409 35087 33297 34610 
34044 34915 33153 37837 
33336 34227 32952 40478 
32436 33132 32737 41960 
31501 31809 32485 41866 
30953 30719 32335 40153 
30838 30021 32227 36969 
31085 29828 32158 32829 
31678 30261 32231 28329 
32285 31072 32341 24475 
32801 32078 32508 22004 
33269 33099 32693 21298 
33788 34102 32884 22546 
34420 35057 33024 25606 
35085 35912 33110 29856 
35587 36510 33147 34636 
35554 36504 33095 39104 
34682 35619 32972 42668 
32947 33895 32817 44435 
30604 31553 32618 44282 
28233 29252 32467 42292 
26509 27594 32399 38725 
26088 27055 32379 34299 
27266 27617 32441 29704 
29954 28986 32589 25718 
33703 30743 32808 22898 
37431 32390 33022 21862 
40357 33897 33181 22546 
41783 35407 33252 24742 
41415 37195 33227 28129 
39351 39090 33112 31939 
35984 40662 32913 35623 
31918 41228 32675 38652 
27774 40096 32427 40575 
24462 37050 32229 41129 
22398 32352 32077 40351 
22108 26969 32091 38569 
23729 21939 32157 35977 
27131 18740 32314 33211 
31862 18078 32523 30645 
37143 20248 32799 28728 
42034 24915 33014 27574 
45397 31200 33181 27361 
46472 37825 33322 28014 
44889 43705 33378 29272 
40784 47989 33352 30856 
34692 50059 33240 32500 
27897 49433 33042 33859 
21621 46123 32787 34777 
17154 40417 32512 35225 
15411 32822 32253 35191 
16937 24596 32043 34736 
21533 17459 31962 34098 
28393 12651 31981 33365 
36497 11304 32115 32724 
44656 13934 32371 32280 
51058 19979 32708 32078 
54492 28258 33062 32101 
53903 37231 33337 32221 
48921 45535 33539 32415 
40540 51505 33644 32670 
30170 54366 33610 32815 
19943 53697 33425 32848 
11777 49297 33083 32737 
8127 42130 32728 32573 
9474 33430 32383 32385 
15206 24446 32076 32202 
24053 16831 31881 32083 
34297 11927 31813 32095 
43756 10866 31902 32263 
51014 13794 32098 32495 
54817 20160 32384 32811 
54501 29151 32719 33150 
50004 38741 33029 33429 
42605 46573 33302 33606 
33635 51517 33480 33632 
24708 52608 33553 33513 
17529 49719 33503 33259 
13658 43749 33320 32892 
13593 36138 33039 32511 
17180 28628 32748 32221 
23600 22467 32438 32023 
31337 18844 32175 31970 
38675 18043 31986 32057 
44361 19778 31930 32272 
47523 23570 32012 32596 
47600 28635 32234 32929 
44754 33898 32469 33142 
39774 38685 32781 33255 
33468 42324 33108 33244 
27297 43978 33338 33032 
22505 43551 33510 32770 
20091 41099 33549 32433 
20683 37161 33477 32132 
24157 32752 33258 31904 
29634 28789 32957 31836 
35835 26026 32648 31954 
41262 24809 32358 32270 
44499 25081 32133 32697 
44884 26391 31994 33152 
42423 28305 31994 33597 
37617 30567 32118 33930 
31618 32896 32286 34015 
25656 35281 32525 33928 
21004 37455 32755 33634 
18662 38972 32916 33173 
19382 39299 33006 32649 
23074 38289 33035 32150 
28943 36107 33011 31763 
35725 33284 32928 31511 
41566 30805 32850 31483 
45383 29331 32839 31662 
46482 29021 32840 31967 
45012 29580 32867 32306 
41677 30523 32965 32692 
37340 31235 33036 32984 
32873 31557 33074 33201 
28790 31500 33055 33306 
25669 31430 33003 33316 
23589 31591 32813 33177 
22827 32318 32614 33042 
23386 33650 32403 32937 
25043 35320 32151 32799 
27428 37011 31986 32752 
30164 38144 31897 32748 
33031 38229 31976 32844 
35875 36688 32104 32887 
38442 33774 32361 32949 
40561 29956 32683 32942 
41840 26189 33047 32884 
41711 23465 33323 32685 
40088 22877 33565 32475 
37194 24630 33693 32234 
33669 28372 33647 31995 
30331 33333 33505 31863 
27923 38262 33241 31820 
26606 42261 32935 31930 
26206 44580 32631 32168 
26386 44816 32360 32510 
26877 42840 32142 32874 
27701 39056 32023 33236 
28997 33943 31984 33544 
30917 28214 32014 33736 
33452 22753 32144 33842 
36061 18626 32262 33737 
38383 16682 32406 33561 
39984 17435 32563 33279 
40548 21110 32734 32927 
39836 27246 32880 32554 
37996 34791 33047 32219 
35193 42476 33196 31957 
31796 48942 33322 31770 
28416 53033 33470 31749 
25667 53578 33505 31777 
24052 50406 33440 31865 
24007 43999 33342 32048 
25619 35104 33155 32285 
28540 25519 32889 32525 
32262 16820 32579 32762 
36127 10611 32270 32998 
39460 8100 32025 33226 
41679 9823 31852 33400 
42286 15491 31789 33528 
41280 24094 31862 33609 
38779 34092 32030 33615 
35142 43878 32254 33527 
31079 51437 32487 33358 
27206 55762 32763 33156 
24043 56186 32967 32885 
22033 52663 33112 32564 
21674 46232 33238 32291 
22943 38239 33285 32042 
25804 30001 33296 31868 
29909 22820 33279 31755 
34848 17664 33237 31763 
39807 15237 33170 31847 
43891 15572 33104 32011 
46479 18216 33030 32244 
46997 22479 32912 32504 
45173 27655 32758 32760 
41288 32764 32595 33027 
35941 37124 32408 33242 
30012 40245 32215 33388 
24368 41844 32063 33481 
20126 41904 31966 33504 
17794 40813 31959 33466 
17667 39127 32067 33413 
19678 37355 32231 33269 
23535 35975 32438 33074 
28745 35242 32734 32908 
34578 34852 33003 32692 
40225 34347 33227 32441 
44934 33268 33406 32229 
47661 31422 33487 32006 
47955 28967 33521 31897 
45516 26250 33416 31781 
40707 23962 33248 31783 
34662 22765 33003 31849 
28556 23044 32686 32010 
23734 24791 32455 32334 
20983 27622 32211 32681 
20764 31006 32008 33044 
22812 34552 31966 33457 
26323 37756 32009 33777 
30412 40563 32170 33988 
34345 42817 32411 34046 
37328 44293 32711 33919 
39024 44733 32985 33613 
39291 43807 33177 33156 
38242 41284 33314 32621 
36290 37327 33370 32095 
33874 32275 33317 31629 
31587 26867 33196 31343 
29832 21828 32936 31163 
29148 18323 32698 31262 
29560 16814 32503 31593 
30825 17419 32309 32036 
32731 20129 32241 32617 
34633 24370 32226 33166 
36137 29632 32290 33668 
36881 35309 32470 34049 
36554 40581 32654 34195 
35116 44832 32854 34131 
32753 47521 32991 33813 
30071 48491 33102 33386 
27564 47664 33110 32844 
25995 45280 33006 32283 
25842 41801 32888 31873 
27067 37335 32669 31578 
29571 32158 32488 31530 
32780 26533 32327 31689 
35984 20918 32243 31996 
38602 16106 32250 32386 
40221 13137 32411 32854 
40440 13035 32620 33219 
39285 16199 32884 33466 
37080 22217 33164 33544 
34194 30023 33402 33443 
31057 38347 33516 33171 
28293 45441 33479 32800 
26337 50451 33334 32432 
25533 52708 33092 32148 
26053 51976 32715 31958 
27917 48483 32357 31938 
30652 43106 32059 32091 
33835 36392 31851 32366 
36814 29221 31771 32705 
38995 22514 31867 33108 
39693 17500 32022 33382 
38871 15055 32349 33608 
36586 15546 32705 33664 
33310 18878 33009 33533 
29741 24560 33275 33248 
26820 31205 33466 32880 
25200 37656 33572 32495 
25289 42686 33585 32154 
27103 45405 33427 31842 
30278 45469 33199 31678 
34039 43174 32914 31718 
37475 39153 32575 31893 
39913 34272 32282 32209 
40745 29695 32046 32611 
40090 26209 31935 33032 
38244 24316 31896 33372 
35733 24472 32041 33648 
32992 26464 32267 33750 
30297 29818 32560 33660 
27826 33812 32871 33392 
25744 37679 33125 32990 
24542 40520 33360 32594 
24510 41604 33475 32212 
25865 40545 33468 31917 
28495 37274 33307 31750 
31878 32368 33082 31765 
35267 26924 32812 31960 
38152 22108 32528 32248 
40291 19231 32313 32633 
41414 19308 32161 33004 
41403 22520 32090 33284 
40256 28250 32180 33509 
37715 35331 32326 33542 
34088 42045 32525 33454 
30030 47086 32764 33246 
26465 49620 32937 32927 
24343 49346 33061 32569 
24302 46432 33164 32309 
26009 41426 33195 32124 
28639 34879 33124 32026 
31303 27621 33001 32064 
33359 20382 32805 32225 
34425 14891 32602 32445 
34887 11996 32430 32722 
35048 12374 32257 32954 
35161 16378 32162 33151 
35187 23282 32170 33273 
35031 32020 32282 33304 
34673 41097 32519 33265 
34112 49130 32754 33083 
33624 54478 33022 32867 
33337 56333 33259 32608 
33296 54310 33449 32391 
33297 48513 33511 32201 
33263 39640 33445 32070 
33128 29506 33249 32022 
32979 19979 32999 32106 
32730 12832 32685 32285 
32306 9371 32406 32561 
31479 10091 32117 32813 
30240 14560 31927 33043 
28769 21798 31893 33272 
27428 30420 31955 33402 
26875 38797 32136 33432 
27555 45983 32385 33346 
29622 51186 32697 33194 
32853 53726 32971 32934 
36433 53023 33221 32672 
39575 49232 33413 32453 
41642 42694 33473 32223 
42262 34325 33436 32091 
41325 25334 33303 32038 
39048 17693 33054 32058 
35863 12819 32789 32187 
32164 11582 32484 32369 
28374 14204 32234 32623 
25035 19811 32060 32893 
22472 27107 31977 33109 
21096 34702 32032 33298 
21344 41349 32232 33443 
23518 46062 32502 33433 
27427 48308 32805 33316 
32618 48370 33122 33126 
38107 46412 33336 32823 
43042 42759 33480 32504 
46256 37887 33456 32219 
47247 32248 33300 31992 
45879 26524 33054 31862 
42397 21570 32752 31877 
37541 18423 32442 32014 
31900 17670 32192 32250 
26308 19494 32033 32549 
21475 23690 32035 32902 
18273 29196 32114 33198 
17250 35162 32318 33443 
18584 40583 32558 33552 
22230 44795 32849 33576 
27373 47060 33063 33422 
33369 47237 33247 33218 
39208 45164 33334 32930 
44198 40831 33304 32572 
47589 34915 33233 32308 
48946 28011 33015 32027 
48128 21379 32785 31891 
44915 16233 32539 31897 
39859 14213 32334 32017 
33440 15753 32174 32258 
26572 20757 32131 32579 
20130 28672 32169 32920 
15528 37682 32254 33184 
13779 45674 32462 33406 
15003 51436 32738 33547 
19012 53855 32986 33503 
25305 52374 33188 33303 
32706 47308 33373 33066 
40085 39292 33458 32731 
46426 29574 33417 32369 
50970 19821 33303 32094 
53086 11794 33100 31889 
52372 7238 32829 31810 
48663 7482 32555 31899 
42387 12900 32314 32112 
34229 22664 32135 32424 
25305 35008 32060 32800 
16897 47702 32046 33117 
11047 57933 32201 33424 
8765 63676 32373 33560 
10662 63535 32587 33592 
16318 57413 32776 33483 
24584 46234 32859 33204 
34115 31958 32924 32916 
43326 16721 32941 32655 
50492 4051 32913 32438 
54697 142 32845 32285 
55453 44 32855 32247 
52527 4590 32863 32284 
46662 15825 32910 32361 
38729 31270 33002 32464 
29971 47556 33114 32550 
21569 61775 33212 32591 
15133 65403 33251 32597 
11526 65504 33174 32530 
11322 65523 33015 32462 
14667 64654 32781 32387 
21001 45676 32480 32415 
29262 27015 32159 32464 
38165 9392 31893 32640 
46301 277 31732 32881 
51928 50 31704 33146 
54109 27 31826 33405 
52422 7113 32126 33648 
47001 20804 32472 33732 
39137 36594 32881 33676 
30219 51493 33278 33456 
21990 62677 33578 33084 
15901 65432 33798 32662 
13142 65509 33883 32241 
13876 58203 33768 31829 
17782 45589 33525 31517 
24154 28902 33199 31389 
31935 12458 32833 31459 
39841 605 32446 31656 
46775 79 32139 32055 
51112 43 31886 32491 
52196 5759 31728 32935 
49747 15252 31663 33326 
44299 29909 31772 33714 
36827 44875 31947 33931 
28956 57426 32236 34010 
21816 65080 32541 33883 
16473 65462 32929 33681 
13413 65487 33247 33328 
13173 59334 33532 32923 
15786 47856 33713 32495 
21070 34449 33818 32089 
28692 20814 33761 31766 
37413 9171 33574 31534 
45688 1231 33281 31450 
52184 112 32915 31502 
55660 78 32527 31682 
55402 5147 32220 32044 
51365 14256 31931 32398 
44372 25764 31772 32812 
35587 38102 31741 33223 
26299 49651 31876 33624 
18066 58815 32119 33939 
12175 64224 32425 34110 
9538 65368 32700 34066 
10721 61408 32959 33894 
15253 54067 33092 33518 
22267 44153 33158 33081 
30528 33036 33126 32582 
38461 22516 33074 32151 
45062 13679 32972 31785 
49603 7412 32880 31555 
51622 4287 32817 31488 
51030 4740 32831 31600 
48088 8598 32878 31822 
43216 15574 32955 32098 
36964 25095 33029 32424 
30357 35730 33079 32737 
24195 46199 33029 32980 
19348 55033 32909 33150 
16593 60798 32720 33255 
16444 62369 32499 33317 
19004 59195 32258 33330 
23953 51464 32058 33311 
30136 40463 31951 33281 
36356 28024 31923 33217 
41347 16403 31973 33094 
44277 7906 32201 33005 
44536 4551 32502 32879 
42496 6684 32834 32736 
38881 13600 33179 32571 
34549 23812 33458 32397 
30580 34791 33635 32220 
27595 44583 33660 32039 
26139 51624 33620 31972 
26294 54817 33405 31895 
28025 53914 33189 31977 
30704 49128 32857 32057 
33793 41509 32564 32266 
36453 32036 32286 32540 
37972 22805 32097 32858 
38036 15385 31914 33131 
36830 11448 31848 33421 
34640 12057 31871 33663 
32045 17235 31998 33813 
29343 25829 32187 33820 
26900 35835 32442 33722 
25037 45215 32725 33495 
24404 51724 33052 33188 
25349 54162 33296 32762 
28196 52350 33520 32317 
32708 46789 33646 31872 
37872 38944 33680 31550 
42501 30070 33589 31348 
45338 21661 33396 31297 
45575 14904 33118 31426 
43119 11280 32782 31725 
38675 11370 32457 32143 
33295 15424 32183 32646 
27954 22976 31962 33158 
23767 32410 31832 33598 
21221 41947 31872 33957 
20519 49655 31976 34130 
21736 54039 32159 34082 
24678 54330 32467 33947 
28814 50699 32709 33602 
33470 44140 32904 33180 
37786 36017 33029 32704 
41040 27610 33116 32291 
42312 20950 33113 31950 
41617 16783 33071 31757 
39292 15698 33040 31720 
35932 17585 32973 31810 
32610 21744 32963 31987 
29967 27057 32955 32188 
28515 32453 32985 32415 
28384 36965 33057 32643 
29346 39865 33044 32753 
31040 41070 32985 32796 
33050 40933 32870 32792 
34910 39918 32684 32776 
36233 38536 32499 32810 
36563 37025 32275 32862 
35625 35583 32073 32977 
