32876 33371 32655 33722 
32876 33371 32655 33722 
33016 33702 32828 33654 
33119 33875 32991 33415 
33174 33873 33132 33068 
33175 33686 33211 32639 
33162 33439 33257 32235 
33090 33086 33196 31874 
33016 32725 33091 31649 
32924 32373 32924 31604 
32763 32054 32685 31693 
32619 31860 32485 31990 
32442 31723 32292 32326 
32283 31734 32173 32759 
32138 31825 32099 33168 
32070 32015 32143 33509 
32113 32322 32296 33761 
32202 32636 32460 33821 
32387 32986 32677 33709 
32566 33261 32803 33438 
32803 33513 32937 33118 
32995 33615 32984 32740 
33167 33611 33004 32416 
33262 33467 32990 32139 
33262 33210 32939 31970 
33184 32888 32887 31911 
33054 32565 32863 31962 
32925 32309 32895 32120 
32768 32131 32920 32292 
32662 32115 32961 32517 
32586 32176 32984 32676 
32522 32322 32950 32786 
32519 32525 32890 32861 
32530 32727 32777 32905 
32503 32834 32598 32907 
32463 32858 32392 32890 
32426 32791 32190 32889 
32423 32705 32058 32940 
32419 32591 31982 33002 
32486 32518 32020 33065 
32591 32514 32173 33120 
32745 32610 32423 33142 
32934 32777 32736 33109 
33079 32993 33044 33000 
33182 33188 33313 32814 
33268 33387 33564 32625 
33246 33453 33695 32399 
33139 33390 33692 32184 
32939 33150 33528 31975 
32707 32832 33271 31853 
32514 32487 32967 31850 
32335 32147 32608 31951 
32260 31905 32292 32162 
32250 31764 31998 32429 
32266 31728 31761 32729 
32389 31923 31700 33126 
32478 32141 31720 33427 
32611 32462 31891 33706 
32714 32805 32158 33879 
32770 33096 32471 33877 
32790 33337 32813 33734 
32821 33506 33159 33457 
32857 33589 33464 33064 
32928 33597 33687 32597 
33023 33531 33793 32143 
33089 33356 33734 31700 
33123 33121 33547 31387 
33120 32843 33272 31240 
33029 32524 32922 31278 
32905 32255 32604 31570 
32723 31987 32282 31988 
32494 31770 32017 32495 
32342 31729 31916 33104 
32152 31730 31836 33567 
32138 31958 31937 34012 
32199 32247 32101 34225 
32332 32616 32327 34222 
32548 33017 32576 34012 
32746 33341 32790 33581 
32982 33620 33011 33069 
33129 33737 33162 32488 
33216 33705 33273 31962 
33194 33514 33286 31542 
33075 33199 33231 31310 
32914 32842 33118 31315 
32704 32434 32946 31514 
32531 32123 32781 31913 
32382 31892 32612 32398 
32293 31807 32473 32942 
32272 31846 32378 33438 
32346 32009 32361 33820 
32484 32270 32421 34008 
32638 32569 32513 33975 
32813 32874 32640 33727 
32968 33143 32752 33301 
33124 33377 32884 32807 
33216 33514 32981 32259 
33282 33594 33040 31816 
33270 33588 33068 31513 
33167 33459 33008 31398 
32972 33213 32887 31506 
32742 32926 32745 31828 
32488 32575 32602 32277 
32239 32236 32485 32816 
32007 31865 32338 33284 
31922 31655 32321 33707 
31950 31607 32353 33960 
32087 31692 32438 33970 
32365 31958 32592 33819 
32707 32342 32772 33515 
33000 32756 32889 33083 
33227 33116 32934 32585 
33379 33474 32968 32198 
33395 33674 32927 31874 
33294 33710 32874 31735 
33095 33581 32773 31735 
32844 33315 32696 31894 
32614 33006 32697 32197 
32438 32657 32702 32494 
32377 32414 32799 32820 
32407 32234 32886 33029 
32526 32193 32967 33133 
32710 32275 33041 33138 
32904 32458 33062 33066 
33037 32643 33005 32915 
33040 32776 32832 32729 
32952 32831 32631 32581 
32781 32829 32431 32548 
32519 32711 32219 32579 
32273 32591 32089 32737 
32057 32429 32038 32900 
31977 32334 32080 33082 
32035 32345 32251 33236 
32250 32454 32493 33295 
32597 32689 32817 33263 
32944 32891 33087 33028 
33295 33116 33318 32726 
33611 33348 33522 32399 
33770 33469 33587 32056 
33770 33475 33539 31794 
33582 33346 33353 31656 
33298 33141 33125 31696 
32885 32825 32792 31868 
32513 32526 32511 32184 
32186 32278 32278 32642 
31923 32064 32062 33098 
31728 31881 31898 33498 
31683 31824 31868 33825 
31773 31878 31948 34010 
31956 32033 32136 34032 
32189 32250 32384 33858 
32500 32528 32675 33530 
32829 32856 32983 33100 
33108 33156 33217 32556 
33395 33486 33422 32054 
33637 33760 33551 31619 
33748 33898 33547 31305 
33775 33890 33463 31195 
33649 33710 33284 31252 
33432 33401 33062 31551 
33119 32962 32802 31979 
32723 32452 32524 32479 
32399 32015 32359 33085 
32069 31606 32180 33608 
31838 31402 32085 34006 
31789 31467 32114 34241 
31852 31705 32188 34230 
32025 32135 32321 34023 
32295 32657 32491 33663 
32543 33122 32624 33163 
32717 33426 32702 32617 
32882 33630 32800 32187 
32906 33532 32792 31786 
32876 33276 32799 31573 
32829 32919 32811 31557 
32807 32536 32845 31704 
32843 32252 32916 31976 
32937 32108 33019 32271 
33104 32194 33158 32594 
33308 32469 33274 32863 
33474 32862 33369 33049 
33516 33242 33359 33113 
33453 33570 33241 33105 
33220 33711 33034 33030 
32894 33658 32763 32964 
32441 33322 32402 32844 
32012 32870 32079 32806 
31659 32310 31806 32801 
31487 31818 31678 32853 
31453 31410 31651 32901 
31624 31251 31775 32960 
32014 31373 32080 33029 
32451 31697 32439 33008 
32912 32201 32836 32906 
33335 32772 33236 32772 
33651 33353 33572 32573 
33838 33854 33816 32397 
33653 34235 33789 32082 
33403 34104 33566 32025 
33106 33788 33249 32089 
32761 33298 32827 32185 
32490 32784 32446 32414 
32259 32229 32092 32677 
32090 31736 31812 32964 
31972 31377 31653 33203 
31939 31205 31665 33398 
31942 31199 31777 33477 
32074 31462 32074 33510 
32231 31892 32422 33411 
32486 32450 32833 33247 
32722 33001 33175 32956 
32978 33543 33454 32639 
33256 34022 33668 32373 
33454 34258 33706 32114 
33545 34262 33614 31923 
33561 34061 33420 31869 
33400 33614 33096 31894 
33149 33065 32753 32053 
32873 32492 32450 32306 
32588 32007 32225 32628 
32334 31628 32068 32933 
32164 31462 32018 33206 
32106 31530 32065 33409 
32179 31801 32205 33519 
32312 32174 32386 33495 
32518 32607 32602 33370 
32711 33006 32795 33145 
32828 33248 32928 32896 
32866 33343 32991 32727 
32915 33358 33105 32723 
32818 33164 33078 32682 
32720 32905 33025 32507 
32603 32631 32926 32057 
32527 32406 32799 31330 
32520 32310 32689 30586 
32577 32343 32592 30137 
32710 32504 32528 30345 
32879 32772 32522 31392 
33050 33047 32549 33178 
33176 33292 32629 35179 
33261 33427 32770 36931 
33205 33402 32887 37920 
33060 33225 32995 37888 
32870 32958 33066 36900 
32682 32655 33092 35161 
32498 32379 33053 32942 
32333 32101 32920 30423 
32216 31911 32734 28060 
32180 31822 32574 26128 
32200 31817 32394 24941 
32332 31964 32253 24860 
32558 32259 32173 26093 
32903 32758 32224 28610 
33191 33270 32317 32041 
33405 33745 32501 35967 
33349 33983 32697 39789 
33068 33919 32905 42728 
32565 33501 33034 44184 
32065 32928 33108 43854 
31727 32287 33106 41572 
31770 31851 33077 37732 
32026 31609 32932 32835 
32422 31627 32772 27685 
32862 31884 32705 23170 
33104 32147 32651 20140 
33243 32402 32655 19120 
33395 32702 32702 20274 
33740 33180 32801 23526 
34270 33847 32872 28231 
34863 34645 32951 33637 
35178 35244 32942 38872 
34847 35328 32868 43108 
33685 34626 32771 45594 
31726 33160 32605 46008 
29376 31320 32405 44317 
27322 29687 32266 40882 
26213 28707 32148 36165 
26614 28658 32162 31179 
28537 29301 32230 26603 
31697 30354 32424 23214 
35513 31468 32694 21480 
38887 32542 32969 21623 
41110 33712 33190 23454 
41718 35221 33353 26608 
40593 37175 33423 30559 
37929 39215 33418 34552 
34182 40516 33241 37785 
30104 40486 33058 40036 
26328 38582 32836 40919 
23444 34739 32586 40395 
22147 29766 32390 38748 
22704 24671 32261 36317 
25178 20655 32178 33569 
29344 18742 32134 30966 
34425 19564 32190 29061 
39518 22909 32298 28017 
43630 28162 32404 27875 
45901 34367 32572 28621 
45625 40553 32751 30001 
42713 45550 32905 31632 
37628 48776 33055 33229 
31235 49709 33191 34464 
24585 47981 33265 35126 
19309 43691 33290 35155 
16385 37262 33269 34639 
16380 29478 33161 33709 
19561 21541 33018 32605 
25321 15251 32835 31604 
32833 11803 32628 30938 
40841 12022 32439 30730 
48096 16076 32302 31044 
52947 23300 32169 31740 
54089 32014 32157 32732 
51053 40729 32215 33761 
44162 48027 32271 34598 
34439 52930 32442 35143 
24082 54396 32593 35213 
15167 52385 32793 34847 
9659 47117 32959 34076 
8732 39211 33098 33006 
12636 30057 33200 31860 
20211 21461 33243 30876 
29749 14774 33211 30186 
39474 11260 33093 29891 
47893 11679 32907 30060 
53185 15966 32696 30656 
54735 23261 32509 31573 
52311 32152 32334 32648 
46323 41013 32259 33722 
38093 47764 32241 34555 
29070 51254 32300 35048 
21040 50984 32492 35212 
15531 47270 32718 34978 
13541 41015 32949 34399 
15353 33977 33111 33560 
20374 27543 33212 32650 
27422 22910 33264 31841 
35167 20501 33154 31139 
41801 20566 33006 30799 
46287 22609 32793 30752 
47915 26045 32565 30999 
46506 30326 32389 31537 
42402 34605 32273 32223 
36578 38110 32202 32877 
30147 40359 32219 33458 
24435 41028 32336 33920 
20583 39969 32508 34122 
19636 37528 32710 34085 
21730 34364 32900 33828 
26371 31226 33037 33368 
32592 28843 33134 32871 
38622 27662 33154 32378 
43161 27644 33122 31999 
45136 28435 32966 31712 
44132 29661 32790 31677 
40523 31012 32616 31843 
35135 32382 32472 32168 
29086 33805 32383 32573 
23589 35275 32371 33003 
20010 36492 32390 33310 
19213 37203 32574 33593 
21352 36929 32746 33612 
26158 35595 32918 33437 
32317 33643 33071 33125 
38418 31625 33130 32666 
43116 30305 33165 32254 
45424 29938 33088 31883 
45049 30464 32934 31661 
42542 31356 32756 31683 
38726 32065 32537 31863 
34449 32250 32375 32227 
30475 31850 32217 32636 
27243 31257 32201 33122 
24963 30846 32230 33525 
23821 31021 32364 33799 
23914 31986 32554 33871 
25139 33625 32778 33789 
27146 35627 32955 33475 
29600 37514 33124 33091 
32306 38657 33235 32634 
34965 38376 33276 32197 
37316 36390 33173 31796 
39398 33109 33057 31599 
40770 29121 32836 31530 
41040 25462 32608 31649 
39892 23319 32398 31931 
37483 23310 32272 32341 
34211 25436 32175 32762 
30876 29293 32167 33177 
28352 33916 32262 33548 
26958 38356 32449 33813 
26609 41846 32665 33878 
26988 43834 32910 33761 
27693 43835 33111 33480 
28589 41926 33252 33091 
29688 38307 33285 32615 
31262 33511 33304 32196 
33211 27967 33146 31782 
35386 22951 32977 31560 
37354 19199 32720 31490 
38837 17650 32509 31646 
39476 18804 32340 31963 
39059 22763 32217 32364 
37644 28875 32184 32817 
35377 36173 32217 33224 
32519 43350 32350 33588 
29463 49157 32516 33802 
26861 52176 32722 33855 
25070 51747 32865 33699 
24540 47806 32983 33410 
25492 40764 33074 33042 
27813 32022 33116 32643 
31055 22963 33118 32262 
34673 15221 33043 31909 
38084 10292 32931 31672 
40569 9313 32770 31603 
41817 12436 32626 31719 
41546 19168 32471 31975 
39792 28486 32377 32368 
36782 38436 32308 32798 
33078 47144 32314 33229 
29203 53318 32365 33579 
25686 55955 32479 33819 
23071 54742 32667 33890 
21802 50111 32850 33729 
22071 43030 33020 33408 
24014 34833 33190 33002 
27512 26701 33273 32480 
32094 20234 33292 32003 
37088 16093 33226 31645 
41726 14578 33056 31417 
45350 15786 32806 31392 
47018 19298 32569 31623 
46328 24178 32383 32043 
43381 29584 32218 32534 
38608 34826 32134 33057 
32712 39212 32132 33533 
26858 42109 32213 33894 
21915 43369 32367 34040 
18649 43140 32577 34018 
17500 41735 32798 33789 
18566 39765 32985 33379 
21661 37747 33116 32892 
26293 36020 33199 32375 
32046 34625 33237 31927 
37966 33289 33160 31561 
43070 31760 33018 31397 
46631 29807 32831 31417 
47887 27470 32633 31627 
46446 25116 32462 32026 
42563 23339 32319 32488 
37005 22705 32259 32999 
30882 23472 32249 33433 
25467 25703 32358 33792 
22050 28849 32541 33981 
21015 32422 32758 33964 
22305 35868 32957 33726 
25314 38719 33112 33349 
29228 40856 33216 32888 
33179 42303 33227 32395 
36538 43116 33197 31954 
38606 43104 33031 31583 
39338 42193 32851 31451 
38694 40075 32614 31458 
36889 36663 32418 31710 
34463 32350 32266 32086 
31970 27614 32216 32548 
29879 23091 32178 32989 
28700 19612 32247 33421 
28691 17916 32413 33752 
29716 18162 32599 33884 
31550 20374 32837 33857 
33795 24252 33053 33644 
35809 29191 33209 33313 
37192 34626 33282 32892 
37507 39749 33224 32446 
36630 44144 33127 32087 
34603 46940 32925 31840 
31862 47999 32683 31763 
29019 47325 32463 31863 
26691 45038 32250 32079 
25608 41643 32146 32400 
26004 37449 32175 32752 
27817 32652 32309 33060 
30758 27413 32561 33287 
34071 22248 32812 33334 
37104 17692 33046 33206 
39381 14675 33270 33006 
40418 14004 33362 32699 
40056 16262 33365 32425 
38414 21304 33264 32221 
35751 28294 32999 32045 
32616 36163 32748 32118 
29579 43181 32450 32275 
27170 48509 32244 32588 
25781 51335 32092 32936 
25694 51451 32026 33267 
26991 49070 32085 33534 
29473 44699 32257 33692 
32630 38810 32476 33662 
35865 32000 32698 33463 
38415 25414 32965 33150 
39645 19851 33127 32707 
39340 16318 33284 32270 
37397 15458 33373 31880 
34290 17467 33334 31582 
30719 21980 33228 31467 
27416 28029 33015 31506 
25175 34591 32760 31745 
24650 40195 32541 32158 
25934 43969 32362 32687 
28723 45322 32190 33183 
32595 44233 32088 33633 
36450 41238 32108 33967 
39534 37101 32251 34127 
41206 32697 32431 34031 
41286 28835 32700 33774 
39902 26256 32959 33317 
37580 25392 33170 32771 
34715 26238 33309 32203 
31700 28502 33379 31726 
28600 31753 33310 31391 
26027 35105 33196 31313 
24078 37811 32936 31385 
23268 39275 32666 31667 
24083 39020 32466 32187 
26392 36776 32267 32682 
29737 33065 32180 33200 
33467 28523 32149 33573 
37048 24329 32265 33885 
39992 21530 32421 33962 
41868 21186 32591 33845 
42607 23631 32759 33563 
42098 28486 32947 33217 
40011 34796 33046 32772 
36603 40979 33116 32366 
32323 45816 33135 32028 
28038 48335 33062 31766 
24840 48202 32951 31682 
23553 45546 32770 31724 
24207 40864 32572 31892 
26393 34896 32469 32239 
29111 28079 32352 32608 
31520 21625 32314 32995 
33211 16343 32339 33332 
34283 13300 32479 33627 
34974 13229 32642 33728 
35508 16461 32825 33673 
35932 22593 33029 33473 
36079 30734 33180 33146 
35869 39682 33273 32719 
35332 47652 33281 32312 
34648 53463 33211 31938 
33960 56042 33004 31647 
33440 54770 32750 31566 
33125 49519 32506 31678 
32816 41336 32280 31948 
32491 31401 32117 32308 
32216 21536 32053 32748 
31948 13457 32055 33169 
31634 8972 32158 33501 
31170 8663 32350 33723 
30370 12378 32610 33797 
29274 19381 32922 33700 
28153 27967 33151 33436 
27538 36831 33358 33102 
27906 44775 33442 32731 
29508 50833 33437 32369 
32194 54255 33293 32067 
35380 54575 33035 31881 
38513 51580 32734 31827 
40751 45635 32433 31925 
41704 37479 32196 32137 
41238 28385 32047 32427 
39468 19866 32062 32765 
36738 13804 32177 33030 
33482 11241 32402 33224 
30031 12540 32660 33283 
26798 17405 33009 33270 
23993 24626 33193 33035 
22285 32330 33362 32799 
21834 39276 33416 32555 
22916 44462 33300 32316 
25798 47458 33091 32181 
30023 48105 32768 32157 
35063 46733 32456 32286 
40048 43730 32223 32561 
43996 39261 32023 32835 
46069 34037 31963 33152 
45983 28566 32030 33393 
43883 23684 32263 33559 
39994 20102 32563 33567 
35050 18677 32857 33383 
29634 19670 33096 33012 
24557 22939 33297 32613 
20502 28122 33473 32232 
18302 33760 33445 31846 
18375 39038 33330 31606 
20679 43257 33149 31541 
24870 45836 32907 31642 
30333 46414 32612 31918 
36052 44867 32403 32341 
41217 41191 32191 32776 
45231 35768 32018 33176 
47653 29159 31975 33581 
48001 22682 32026 33879 
46173 17511 32169 34005 
42284 14871 32358 33942 
36560 15789 32640 33754 
30080 20152 32880 33416 
23710 27264 33109 32972 
18525 35826 33315 32500 
15406 44418 33462 32033 
15146 50697 33526 31654 
17648 53867 33487 31396 
22505 53256 33351 31299 
29097 48786 33145 31379 
36190 41271 32894 31620 
42753 31756 32597 32001 
48029 21843 32368 32488 
51256 13003 32088 32925 
51944 7538 31956 33390 
49825 6481 31906 33744 
45012 10527 31959 33984 
37836 19388 32132 34065 
29357 31163 32307 33949 
20903 43788 32548 33726 
13963 54837 32752 33399 
9940 62223 32920 32993 
9924 63991 33042 32612 
13891 59954 33140 32293 
21058 50614 33174 32002 
30381 37353 33189 31827 
39743 22794 33160 31739 
47887 9498 33148 31768 
53485 597 33121 31851 
55716 67 33053 31990 
54247 41 32985 32165 
49388 10626 32866 32314 
42059 24648 32768 32530 
33290 40443 32641 32718 
24428 55065 32488 32914 
16909 64967 32340 33105 
11930 65470 32212 33296 
10298 65512 32141 33480 
12437 65423 32121 33614 
17922 49544 32172 33704 
25808 32615 32256 33682 
35101 15228 32451 33615 
44061 1344 32621 33393 
50883 87 32800 33051 
54511 36 32999 32632 
54232 6280 33176 32210 
49895 16320 33319 31769 
42596 31401 33392 31448 
33640 46727 33330 31215 
24756 59330 33239 31248 
17471 65336 33055 31460 
13321 65494 32862 31885 
12658 65411 32646 32435 
15438 51797 32450 33051 
21155 36113 32268 33621 
28671 19763 32193 34083 
36847 5444 32198 34313 
44300 179 32290 34318 
49894 53 32444 34042 
52355 45 32612 33534 
51384 10374 32788 32923 
47167 23581 32947 32260 
40438 38429 33100 31695 
32665 51790 33127 31286 
25093 61864 33111 31124 
18794 65386 33016 31237 
14536 65478 32895 31637 
12922 59022 32745 32194 
14183 51598 32609 32808 
18223 39238 32501 33370 
24736 26128 32434 33815 
33108 13968 32447 34059 
41668 4791 32476 34053 
49120 269 32515 33793 
54090 89 32584 33395 
55511 208 32601 32871 
53140 10160 32636 32398 
47535 20861 32688 32035 
39527 33112 32720 31778 
30283 45495 32761 31731 
21685 55934 32830 31859 
14917 63156 32915 32095 
11133 65402 33025 32431 
10894 65419 33129 32749 
14170 58375 33202 32991 
20161 49476 33186 33104 
27725 38729 33138 33133 
35850 27146 33030 33048 
42685 17000 32860 32928 
47632 8955 32597 32725 
50281 3933 32378 32605 
50384 2365 32161 32544 
48084 4599 31983 32546 
43812 10433 31917 32643 
38170 19307 31953 32805 
31806 30389 32083 32965 
25816 41808 32316 33126 
20930 52259 32612 33216 
17900 60092 32943 33209 
17210 63898 33210 33032 
19169 62695 33458 32834 
23410 56745 33583 32537 
29158 46762 33623 32264 
35373 34093 33526 32027 
40562 21483 33306 31836 
43851 11254 33046 31827 
44701 5427 32764 31932 
43124 5042 32487 32166 
39750 9901 32265 32472 
35498 18620 32137 32833 
31176 29160 31999 33100 
27671 39614 32016 33389 
25607 47684 32074 33576 
25177 52368 32190 33657 
26412 53144 32332 33616 
28952 50049 32510 33493 
32109 43853 32659 33260 
35153 35673 32840 33015 
37383 26914 32964 32705 
38423 19232 33144 32462 
38077 14488 33258 32208 
36652 13706 33342 31971 
34530 17280 33409 31835 
31899 24770 33391 31739 
29243 34105 33320 31732 
26914 42961 33177 31806 
25387 49618 32999 31992 
25145 52588 32703 32198 
26808 51521 32484 32582 
30117 46680 32191 32909 
34591 39351 31992 33274 
39060 30800 31807 33550 
42537 22374 31813 33819 
43782 15666 31917 33942 
42592 11633 32090 33896 
39349 11109 32339 33703 
34819 14567 32626 33410 
30161 21443 32876 33030 
26209 30633 33094 32619 
23525 40369 33284 32252 
22384 49038 33387 31945 
23013 54432 33421 31762 
25215 55575 33379 31701 
28623 52678 33287 31776 
32675 46573 33179 31934 
36762 38162 33035 32136 
39834 29532 32895 32386 
41303 22141 32763 32616 
40978 17038 32635 32804 
39039 14896 32487 32938 
36074 15854 32365 33052 
32961 19348 32265 33121 
30349 24403 32162 33144 
28757 29856 32119 33171 
28327 34812 32113 33188 
28902 38403 32136 33174 
30285 40538 32284 33219 
32032 41281 32438 33190 
33871 41010 32630 33125 
35395 40157 32871 33026 
36186 38946 33053 32832 
