33433 33785 32978 31936 
33433 33785 32978 31936 
33328 33524 32785 32159 
33216 33256 32669 32469 
33091 32974 32596 32793 
32908 32652 32551 33027 
32752 32400 32585 33231 
32558 32144 32605 33295 
32399 31939 32642 33285 
32231 31771 32626 33179 
32089 31662 32590 33027 
32001 31669 32521 32890 
31983 31767 32435 32796 
32013 31923 32355 32740 
32111 32160 32287 32741 
32303 32495 32294 32815 
32532 32865 32357 32881 
32745 33191 32437 32881 
33009 33553 32634 32892 
33249 33832 32868 32809 
33432 33965 33102 32649 
33576 34011 33341 32485 
33598 33857 33486 32239 
33530 33590 33542 32061 
33373 33235 33481 31941 
33132 32787 33305 31905 
32855 32334 33061 32008 
32589 31957 32789 32242 
32320 31655 32478 32507 
32121 31539 32251 32861 
31972 31520 32052 33174 
31906 31655 31962 33440 
31945 31899 31994 33626 
32020 32171 32060 33657 
32142 32460 32176 33593 
32308 32770 32328 33431 
32512 33060 32501 33241 
32698 33286 32636 32977 
32916 33493 32798 32746 
33115 33612 32935 32508 
33284 33627 33060 32273 
33425 33589 33196 32115 
33494 33442 33307 31959 
33506 33254 33398 31879 
33443 33017 33453 31836 
33317 32744 33450 31846 
33107 32464 33364 31909 
32887 32237 33221 32063 
32593 32027 32960 32263 
32321 31926 32670 32563 
32134 31945 32384 32914 
31945 31982 32036 33241 
31862 32149 31798 33590 
31888 32367 31665 33852 
32023 32636 31693 34010 
32205 32858 31834 33989 
32410 33024 32056 33806 
32650 33138 32371 33485 
32875 33169 32715 33100 
33029 33080 32995 32630 
33157 32969 33241 32183 
33230 32818 33409 31810 
33242 32679 33478 31585 
33212 32614 33478 31529 
33154 32584 33416 31617 
33065 32627 33299 31817 
32986 32728 33167 32078 
32906 32863 33031 32384 
32821 32994 32899 32660 
32719 33089 32756 32883 
32651 33134 32647 33065 
32570 33107 32529 33192 
32470 32967 32401 33233 
32350 32745 32245 33218 
32253 32477 32094 33179 
32227 32261 32037 33186 
32214 32033 31967 33154 
32240 31896 31989 33126 
32348 31888 32105 33102 
32513 32010 32316 33070 
32722 32238 32613 33012 
32904 32520 32896 32861 
33103 32871 33202 32685 
33249 33212 33459 32450 
33341 33515 33624 32208 
33365 33718 33704 31998 
33321 33807 33656 31863 
33215 33749 33516 31814 
33030 33539 33267 31851 
32833 33222 32971 32007 
32616 32834 32659 32260 
32434 32416 32365 32561 
32285 32019 32116 32885 
32072 31501 31779 33460 
32050 31477 31756 33665 
32091 31620 31829 33761 
32186 31902 31994 33765 
32373 32291 32280 33658 
32612 32782 32614 33442 
32842 33215 32949 33145 
33062 33579 33252 32767 
33265 33844 33523 32387 
33452 33961 33738 32037 
33512 33872 33782 31730 
33492 33637 33706 31523 
33405 33320 33522 31487 
33245 32917 33228 31578 
33025 32518 32896 31806 
32815 32209 32573 32153 
32546 31952 32238 32532 
32293 31816 31981 32941 
32096 31805 31841 33321 
31935 31924 31800 33614 
31886 32140 31899 33817 
31941 32428 32111 33891 
32056 32690 32362 33778 
32235 32920 32634 33557 
32493 33101 32899 33245 
32753 33191 33104 32847 
33050 33234 33274 32485 
33255 33146 33285 32113 
33421 33034 33240 31888 
33475 32887 33109 31780 
33439 32721 32932 31814 
33321 32616 32755 32011 
33162 32581 32643 32331 
32943 32574 32577 32678 
32716 32611 32577 32986 
32487 32666 32635 33231 
32338 32754 32754 33356 
32234 32822 32882 33304 
32205 32835 32960 33101 
32253 32850 32998 32838 
32337 32785 32949 32507 
32487 32730 32841 32243 
32633 32658 32675 32075 
32764 32570 32487 32053 
32874 32507 32320 32178 
32905 32447 32168 32413 
32935 32461 32142 32778 
32900 32512 32184 33157 
32865 32616 32337 33497 
32837 32738 32568 33723 
32795 32874 32830 33787 
32773 32986 33074 33615 
32786 33097 33288 33313 
32830 33168 33446 32910 
32847 33168 33464 32424 
32884 33124 33426 31964 
32875 33002 33257 31583 
32835 32829 33017 31376 
32756 32601 32738 31381 
32666 32417 32495 31657 
32545 32220 32257 32057 
32393 32055 32063 32549 
32297 31990 31986 33111 
32175 31945 31930 33557 
32195 32084 32046 33948 
32314 32327 32246 34130 
32511 32642 32514 34100 
32763 33013 32811 33849 
33001 33339 33059 33378 
33260 33633 33309 32864 
33464 33815 33480 32318 
33578 33860 33577 31858 
33504 33697 33510 31477 
33315 33408 33348 31312 
33027 33017 33121 31363 
32687 32549 32826 31582 
32365 32135 32573 31996 
32127 31807 32350 32489 
31958 31583 32176 32988 
31885 31506 32047 33418 
31991 31644 32053 33774 
32202 31934 32142 33947 
32486 32308 32279 33944 
32808 32767 32496 33808 
33079 33195 32705 33502 
33264 33539 32883 33105 
33367 33780 33040 32670 
33357 33858 33143 32255 
33228 33733 33169 31916 
33003 33465 33123 31697 
32728 33059 32995 31628 
32475 32619 32848 31770 
32290 32189 32688 31998 
32195 31862 32556 32337 
32227 31696 32498 32727 
32325 31705 32479 33080 
32511 31905 32542 33358 
32754 32234 32694 33554 
32966 32608 32847 33577 
33121 33000 33001 33443 
33203 33344 33084 33162 
33196 33559 33140 32853 
33112 33642 33091 32516 
32946 33567 32970 32240 
32733 33340 32750 32023 
32568 33078 32558 32009 
32415 32750 32340 32101 
32309 32432 32169 32303 
32270 32177 32083 32595 
32325 32048 32092 32912 
32434 32022 32204 33194 
32616 32156 32437 33425 
32764 32317 32682 33476 
32917 32547 32952 33409 
33006 32743 33163 33192 
33041 32899 33330 32882 
33059 33020 33436 32546 
33011 33055 33422 32202 
32967 33050 33362 31984 
32877 32963 33187 31828 
32800 32887 32996 31855 
32708 32765 32734 31981 
32670 32730 32519 32295 
32619 32704 32316 32657 
32536 32688 32119 33006 
32436 32668 31964 33341 
32381 32704 31934 33622 
32339 32724 31990 33761 
32323 32726 32131 33766 
32381 32742 32383 33638 
32489 32711 32678 33356 
32644 32669 32996 32995 
32799 32595 33256 32530 
33040 32599 33523 32127 
33232 32582 33675 31819 
33375 32613 33695 31730 
33444 32667 33593 31856 
33403 32738 33382 32099 
33250 32807 33065 32248 
33026 32850 32704 32122 
32743 32890 32364 31730 
32424 32879 32061 31172 
32170 32858 31873 30854 
32005 32853 31815 31132 
31969 32836 31880 32141 
32039 32814 32043 33737 
32191 32783 32269 35575 
32420 32747 32526 37191 
32656 32678 32767 38063 
32868 32599 32967 37996 
32988 32465 33066 36966 
33036 32344 33083 35153 
33053 32292 33100 32923 
32998 32266 33082 30484 
32908 32294 33075 28102 
32765 32347 33071 26034 
32652 32459 33058 24617 
32686 32713 33087 24367 
32865 33089 33119 25370 
33092 33500 33062 27620 
33379 33940 32988 30976 
33531 34201 32858 35040 
33399 34131 32666 39000 
33002 33709 32465 42288 
32344 32920 32206 44188 
31674 31984 32014 44342 
31244 31148 31900 42529 
31197 30667 31883 39018 
31503 30602 31961 34285 
31999 30940 32139 29108 
32534 31618 32425 24302 
32937 32380 32758 20878 
33223 33059 33088 19327 
33500 33643 33342 19935 
33999 34271 33575 22725 
34653 34911 33680 27121 
35288 35499 33656 32387 
35621 35829 33552 37638 
35196 35456 33290 42093 
33863 34285 32974 44862 
31679 32383 32603 45624 
29130 30261 32245 44318 
26860 28511 31941 41121 
25727 27733 31742 36745 
26161 28018 31705 31901 
28262 29088 31810 27372 
31750 30536 32040 23871 
35759 31864 32396 22056 
39370 32970 32762 21974 
41737 34109 33098 23572 
42374 35659 33439 26587 
41071 37634 33627 30269 
38142 39778 33711 34055 
34089 41278 33617 37281 
29543 41292 33388 39551 
25521 39266 33089 40512 
22591 35155 32703 40129 
21362 29682 32374 38649 
22114 23849 32055 36278 
25030 19332 31902 33664 
29551 17224 31838 31200 
35085 18091 31965 29319 
40550 21748 32171 28247 
44884 27539 32423 28041 
47134 34421 32694 28662 
46623 41080 32898 29863 
43284 46621 33036 31362 
37451 50257 33122 32947 
30262 51203 33062 34155 
23103 49359 33013 34946 
17355 44711 32913 35173 
14268 37587 32851 34918 
14583 29144 32768 34207 
18425 20775 32773 33302 
25118 14033 32818 32389 
33878 10296 32872 31595 
42842 10636 32924 31127 
50696 14956 32955 31042 
55823 22399 32944 31288 
56872 31477 32830 31788 
53201 40884 32672 32455 
45256 48608 32518 33186 
34267 53637 32329 33770 
22492 55274 32167 34146 
12160 53229 32078 34250 
5977 47847 32083 34074 
5073 39900 32178 33678 
9526 30664 32355 33141 
18203 21740 32612 32573 
29420 14564 32894 32030 
40755 10772 33151 31620 
50291 10994 33358 31423 
56498 15243 33476 31438 
58357 22874 33518 31664 
55482 32039 33423 31985 
48686 41082 33279 32391 
39221 48130 33030 32729 
28828 51867 32799 33081 
19124 51457 32486 33248 
12750 47352 32238 33334 
10434 40761 32060 33319 
12411 33298 31927 33242 
18152 26351 31844 33086 
26158 21541 31901 32980 
34810 19272 32037 32900 
42490 19585 32240 32848 
48018 22229 32558 32879 
50093 26412 32905 32921 
48681 31224 33198 32918 
44320 36004 33478 32871 
37932 39923 33676 32784 
30583 42385 33743 32586 
24055 42848 33683 32343 
19589 41311 33499 32076 
18171 38146 33194 31811 
20317 33969 32834 31663 
25419 29924 32424 31611 
32148 26969 32111 31767 
38837 25462 31873 32031 
43923 25450 31716 32417 
46277 26641 31706 32894 
45371 28516 31852 33397 
41529 30620 32090 33846 
35662 32813 32417 34157 
28844 35014 32738 34249 
22805 37065 33052 34144 
18735 38655 33317 33831 
17601 39332 33497 33396 
19749 38622 33482 32787 
24814 36652 33402 32243 
31597 33804 33206 31749 
38467 30901 32928 31393 
43893 28748 32605 31221 
46661 27956 32356 31295 
46612 28373 32205 31560 
44120 29451 32140 31942 
40066 30645 32234 32414 
35485 31417 32406 32848 
31094 31760 32662 33233 
27364 31836 32926 33509 
24518 32025 33140 33607 
23069 32661 33272 33592 
22901 33829 33264 33410 
23972 35465 33134 33162 
25990 37311 32897 32896 
28476 38729 32599 32642 
31248 39231 32354 32501 
34054 38233 32128 32389 
36802 35516 32005 32377 
39301 31517 32035 32466 
41205 27011 32174 32572 
42006 23205 32414 32699 
41299 21222 32727 32791 
39025 21711 33008 32804 
35724 24735 33247 32776 
32203 29651 33429 32687 
29226 35476 33519 32591 
27308 40713 33430 32416 
26484 44580 33259 32291 
26351 46327 32984 32192 
26619 45689 32648 32168 
27199 42647 32351 32283 
28183 37864 32129 32542 
29654 31829 31926 32787 
31817 25600 31873 33108 
34448 20072 31948 33413 
37063 16537 32125 33631 
39269 15668 32387 33717 
40588 17860 32705 33654 
40737 22908 33025 33445 
39596 30293 33328 33079 
37247 38444 33528 32622 
33963 46066 33616 32156 
30241 51726 33563 31720 
26677 54246 33389 31429 
24054 52885 33080 31290 
22943 47855 32754 31394 
23613 39822 32419 31683 
25995 30136 32128 32136 
29662 20508 31942 32654 
33999 12686 31879 33185 
38188 8067 31923 33646 
41472 7849 32100 33986 
43186 11985 32319 34092 
43145 19787 32633 34036 
41287 29771 32885 33747 
37915 40416 33110 33326 
33679 49464 33263 32827 
29200 55574 33352 32319 
25172 57784 33362 31919 
22093 55741 33233 31588 
20574 50121 33048 31463 
20806 42077 32811 31528 
22866 33102 32586 31776 
26651 24517 32374 32145 
31560 17983 32212 32577 
36943 14144 32131 32985 
41965 13300 32125 33351 
45866 15323 32202 33598 
47831 19545 32392 33711 
47430 25035 32634 33645 
44632 30945 32865 33400 
39760 36479 33064 33008 
33796 40700 33235 32611 
27633 43249 33334 32220 
22226 43984 33309 31895 
18400 43078 33205 31736 
16752 41013 32980 31703 
17443 38556 32748 31904 
20258 36286 32504 32214 
24924 34598 32299 32603 
30831 33601 32160 33016 
36988 32939 32072 33329 
42655 32185 32127 33577 
46845 30925 32263 33667 
48748 29007 32446 33586 
47803 26744 32646 33344 
44139 24648 32841 33005 
38487 23353 32991 32605 
31944 23413 33149 32242 
25883 24905 33195 31930 
21935 27532 33199 31751 
20467 30851 33146 31744 
21440 34274 33002 31826 
24415 37452 32813 32065 
28365 40096 32634 32403 
32395 42094 32443 32788 
35794 43432 32295 33157 
38084 43954 32181 33482 
38882 43291 32165 33701 
38334 41294 32261 33790 
36707 37851 32403 33686 
34497 33259 32609 33478 
32148 27952 32813 33097 
30350 22948 33040 32664 
29501 19189 33216 32238 
29718 17217 33285 31805 
30899 17432 33323 31510 
32757 19733 33245 31371 
34732 23671 33079 31403 
36369 28735 32854 31622 
37253 34302 32620 32009 
37017 39776 32391 32494 
35634 44171 32278 33081 
33245 47054 32203 33599 
30311 48197 32191 34000 
27481 47596 32267 34191 
25548 45509 32387 34191 
24947 42262 32523 33938 
25899 38155 32662 33515 
28289 33263 32765 32991 
31657 27693 32800 32405 
35218 22220 32821 31933 
38274 17207 32799 31566 
40348 13685 32810 31454 
41033 12597 32805 31487 
40214 14873 32839 31741 
38166 20245 32906 32090 
35275 27795 32996 32466 
32054 36193 33089 32804 
28999 44083 33141 33078 
26731 49919 33163 33216 
25562 53010 33086 33220 
25771 53215 32990 33188 
27238 50503 32763 33021 
29779 45600 32521 32863 
32884 39058 32284 32746 
35946 31681 32079 32677 
38304 24417 31920 32680 
39333 18356 31814 32714 
38809 14573 31855 32799 
36779 13763 32019 32902 
33525 16256 32289 33002 
29956 21543 32630 33035 
26953 28394 33007 32991 
25109 35510 33324 32841 
24973 41587 33585 32627 
26770 45663 33766 32390 
30125 46816 33786 32182 
34153 45245 33658 31990 
38041 41596 33422 31896 
40852 36785 33095 31939 
42003 31698 32716 32060 
41381 27535 32380 32290 
39311 24878 32117 32585 
36306 24061 31875 32844 
32902 25214 31757 33135 
29634 27934 31754 33352 
26757 31583 31873 33529 
24451 35405 32018 33582 
23031 38660 32244 33580 
22940 40404 32499 33493 
24399 40221 32750 33327 
27322 38012 33035 33145 
31330 33803 33226 32837 
35421 28790 33429 32568 
39025 23987 33595 32287 
41657 20679 33661 32023 
43086 19933 33598 31752 
43248 22322 33483 31592 
42037 27429 33266 31514 
39418 34234 33008 31577 
35333 41126 32647 31713 
30542 46641 32342 32050 
26122 49560 32078 32448 
23069 49537 31853 32872 
22133 46776 31712 33307 
23461 41732 31722 33743 
26323 35210 31850 34056 
29692 27973 32072 34210 
32603 20921 32351 34170 
34617 14979 32631 33893 
35746 11574 32919 33519 
36247 11467 33109 33013 
36435 14955 33245 32497 
36368 21704 33323 32028 
35960 30522 33345 31678 
35161 40408 33289 31472 
34203 48984 33208 31474 
33313 55194 33135 31606 
32730 57923 33059 31874 
32528 56443 32944 32160 
32653 50935 32849 32450 
32897 42173 32764 32714 
33148 31561 32668 32923 
33312 20789 32543 33053 
33342 12235 32396 33117 
33064 7534 32238 33114 
32354 7306 32103 33094 
31048 11341 32019 33097 
29237 18782 31999 33141 
27347 27869 32019 33152 
26095 37163 32178 33223 
26084 45459 32397 33265 
27746 51934 32697 33254 
30808 55363 32986 33143 
34739 55548 33271 32969 
38607 52382 33509 32714 
41726 46044 33669 32430 
43334 37435 33679 32095 
43247 27849 33583 31814 
41510 18976 33361 31608 
38415 12466 33079 31542 
34541 9854 32781 31633 
30285 11328 32468 31860 
26186 16411 32212 32168 
22641 23998 32007 32554 
20280 32190 31896 33000 
19472 39564 31827 33365 
20644 45160 31895 33730 
23984 48376 32021 33964 
29024 49127 32237 34081 
35009 47702 32469 34009 
40899 44522 32746 33822 
45618 39879 33025 33498 
48194 34194 33241 33055 
48180 28471 33426 32575 
45811 23328 33569 32127 
41454 19601 33592 31693 
35675 18021 33517 31353 
29369 19072 33343 31139 
23534 22532 33123 31124 
18989 27637 32880 31287 
16435 33391 32605 31602 
16415 38964 32359 32102 
18952 43337 32162 32663 
23628 46052 32023 33241 
29595 46733 31962 33757 
36157 45250 31998 34187 
41990 41661 32101 34400 
46559 36249 32243 34408 
49303 29692 32415 34215 
49819 22991 32597 33862 
47813 17364 32762 33340 
43446 14363 32837 32750 
37278 14893 32972 32246 
30013 19017 33034 31759 
22734 26380 33128 31441 
16907 35168 33190 31290 
13510 43913 33249 31326 
13134 50886 33282 31503 
16042 54778 33330 31830 
21549 54625 33281 32151 
28792 50469 33169 32508 
36657 42881 32988 32809 
44000 32779 32766 33074 
49867 21727 32514 33298 
53160 12324 32283 33457 
53646 6096 32066 33510 
51024 4496 31873 33493 
45447 8510 31805 33455 
37583 17565 31838 33393 
28383 29983 31949 33259 
19374 43595 32178 33152 
12041 56070 32485 33002 
8221 64275 32819 32832 
8617 65458 33139 32619 
13218 65416 33405 32377 
21304 53644 33586 32129 
31125 39511 33654 31932 
41056 23499 33622 31783 
49443 8558 33480 31695 
55083 290 33243 31728 
56979 53 32956 31852 
55084 31 32709 32110 
49762 9481 32505 32456 
41621 24009 32297 32809 
32286 40347 32188 33175 
23108 55661 32128 33518 
15464 65144 32109 33754 
10459 65485 32130 33891 
9122 65520 32184 33883 
11530 65514 32248 33735 
17308 50081 32342 33514 
25637 31766 32448 33200 
35517 12782 32618 32837 
44699 499 32796 32475 
51914 63 32999 32125 
55840 27 33200 31832 
55631 7830 33432 31671 
51280 17407 33578 31601 
43668 33364 33651 31630 
34254 49415 33615 31764 
24694 62576 33487 31991 
16892 65429 33224 32244 
12335 65511 32886 32555 
11491 65523 32535 32891 
14255 53639 32175 33214 
20113 36037 31831 33473 
27888 17989 31646 33666 
36372 2339 31591 33778 
44211 114 31686 33735 
50196 44 31910 33638 
52979 38 32204 33414 
52164 10085 32521 33131 
47941 23460 32866 32835 
41109 38290 33103 32507 
32924 52052 33370 32281 
25000 61971 33497 32090 
18450 65396 33558 31994 
14053 65480 33512 31961 
12324 59425 33448 32030 
13654 48545 33274 32082 
17938 35938 33108 32208 
24775 22987 32922 32319 
33369 11641 32782 32471 
42479 3193 32582 32584 
50343 158 32432 32715 
55410 82 32306 32826 
56748 4427 32163 32912 
54220 13153 32097 33058 
47989 24697 32058 33184 
39245 37350 32073 33287 
29581 49215 32163 33397 
20402 58865 32310 33405 
13198 64807 32507 33385 
9182 65442 32750 33309 
9071 65363 32983 33124 
12755 56666 33147 32850 
19496 46932 33339 32606 
27851 35795 33466 32339 
36367 24627 33467 32078 
43974 14708 33417 31880 
49379 7365 33289 31777 
52182 3040 33080 31759 
52156 2078 32789 31820 
49593 4673 32528 32033 
44791 10778 32271 32340 
38591 19731 32088 32734 
31686 30543 31969 33088 
25022 42009 31955 33431 
19515 52820 32082 33728 
16097 61181 32292 33868 
15591 64995 32615 33890 
17869 63548 32885 33695 
22680 58086 33175 33397 
29224 47674 33339 32972 
36176 34591 33448 32522 
41846 21490 33444 32114 
45294 10668 33302 31734 
45985 4319 33096 31531 
43940 3586 32834 31506 
39984 8291 32575 31658 
35173 17148 32386 31975 
30449 28055 32236 32359 
26747 38982 32208 32823 
24702 47621 32223 33219 
24585 52946 32344 33566 
26261 54258 32504 33771 
29230 51572 32638 33784 
32950 45373 32799 33640 
36313 36956 32922 33379 
38581 27716 32971 33006 
39353 19534 33011 32616 
38554 14063 33019 32266 
36535 12881 32967 31981 
33756 16263 32854 31796 
30740 23526 32745 31784 
27762 33155 32634 31932 
25239 42795 32496 32183 
23897 49781 32462 32588 
24106 52995 32454 32976 
26269 51968 32510 33329 
30382 46980 32606 33569 
35613 39509 32767 33697 
40797 30790 32920 33623 
44533 22335 33042 33379 
45838 15377 33129 33008 
44222 11278 33125 32541 
40379 11003 33099 32150 
35169 14642 32957 31782 
29781 21857 32777 31559 
25137 31513 32578 31551 
22094 41538 32436 31762 
20851 49927 32333 32092 
21530 55066 32285 32549 
23945 56047 32325 33065 
27798 52669 32381 33510 
32368 46093 32534 33895 
36854 37642 32722 34105 
40314 28834 32867 34068 
42103 21180 32979 33825 
41856 16177 33069 33413 
39781 14310 33099 32912 
36526 15619 33074 32348 
32982 19668 33028 31838 
30027 25123 32908 31434 
28243 30894 32777 31245 
27819 35852 32641 31281 
28676 39323 32503 31534 
30427 40948 32416 31978 
32592 41099 32342 32503 
34863 40327 32387 33125 
36603 39093 32444 33680 
37356 37831 32547 34061 
