32595 32459 32620 34110 
32595 32459 32620 34110 
32870 32674 32911 33743 
33164 32926 33199 33240 
33394 33135 33428 32628 
33604 33360 33637 32071 
33667 33484 33722 31589 
33551 33473 33682 31213 
33334 33385 33538 31055 
33036 33234 33310 31135 
32688 33002 32984 31408 
32334 32745 32593 31818 
32109 32574 32281 32415 
31988 32427 32008 33007 
31938 32286 31785 33545 
32054 32247 31717 33981 
32226 32217 31790 34197 
32437 32227 31976 34229 
32656 32236 32248 34027 
32839 32252 32540 33688 
32962 32300 32840 33255 
32975 32322 33049 32727 
32976 32432 33215 32283 
32938 32576 33292 31945 
32885 32758 33282 31759 
32865 32994 33228 31757 
32819 33208 33110 31845 
32838 33425 33028 32084 
32860 33584 32953 32362 
32866 33633 32891 32606 
32875 33586 32845 32798 
32852 33406 32814 32873 
32808 33146 32752 32844 
32757 32844 32687 32755 
32725 32571 32663 32690 
32668 32302 32587 32608 
32596 32049 32487 32565 
32545 31889 32391 32625 
32503 31801 32310 32775 
32462 31801 32241 32990 
32417 31852 32199 33227 
32455 32052 32268 33513 
32524 32307 32384 33652 
32594 32590 32530 33646 
32733 32959 32762 33503 
32871 33292 32983 33167 
32987 33584 33179 32711 
33103 33797 33356 32206 
33179 33858 33465 31749 
33032 33434 33299 31267 
32874 33042 33092 31384 
32634 32541 32787 31698 
32446 32113 32523 32228 
32274 31755 32279 32801 
32190 31586 32135 33374 
32192 31645 32084 33840 
32335 31912 32192 34098 
32531 32302 32357 34096 
32816 32803 32629 33891 
33048 33249 32864 33450 
33226 33568 33049 32890 
33347 33766 33200 32361 
33320 33708 33220 31878 
33194 33458 33136 31571 
32959 33035 32929 31464 
32678 32580 32669 31603 
32428 32163 32453 31972 
32194 31839 32232 32398 
32086 31731 32140 32900 
32033 31789 32123 33315 
32135 32046 32262 33646 
32351 32454 32540 33835 
32587 32859 32835 33768 
32801 33160 33084 33463 
33015 33419 33314 33092 
33191 33551 33453 32655 
33323 33563 33496 32272 
33324 33382 33360 31891 
33269 33156 33144 31692 
33142 32882 32869 31658 
32977 32615 32582 31800 
32820 32423 32358 32110 
32625 32250 32168 32459 
32422 32114 32030 32821 
32247 32044 31975 33144 
32089 32011 31982 33411 
32098 32130 32146 33656 
32126 32262 32326 33731 
32258 32494 32577 33709 
32415 32724 32798 33524 
32607 32961 33008 33240 
32809 33186 33202 32906 
33029 33397 33380 32583 
33222 33534 33516 32247 
33305 33500 33531 31930 
33339 33377 33496 31698 
33267 33135 33359 31574 
33137 32848 33162 31580 
32952 32529 32892 31666 
32767 32279 32596 31897 
32627 32148 32314 32241 
32497 32101 32038 32627 
32435 32185 31864 33036 
32405 32346 31760 33427 
32462 32592 31842 33811 
32498 32802 32013 34030 
32531 32939 32264 34091 
32538 32970 32547 33989 
32501 32906 32840 33715 
32461 32746 33068 33330 
32455 32589 33245 32921 
32451 32431 33345 32477 
32513 32352 33351 32075 
32603 32333 33265 31757 
32765 32443 33158 31571 
32957 32648 33032 31543 
33140 32901 32917 31635 
33275 33129 32810 31806 
33358 33321 32732 32012 
33408 33486 32737 32327 
33310 33478 32697 32575 
33148 33383 32681 32830 
32929 33160 32635 33020 
32667 32877 32563 33200 
32449 32598 32494 33375 
32260 32344 32426 33531 
32088 32089 32323 33594 
31983 31925 32260 33641 
31953 31850 32234 33604 
31996 31867 32258 33489 
32147 32004 32384 33301 
32363 32230 32560 33046 
32640 32508 32767 32705 
32919 32814 32991 32332 
33194 33114 33180 31932 
33436 33392 33335 31629 
33604 33593 33428 31437 
33644 33678 33424 31391 
33588 33659 33362 31513 
33382 33477 33203 31742 
33085 33220 33001 32079 
32752 32905 32771 32520 
32418 32568 32551 32978 
32138 32270 32347 33427 
31946 32050 32179 33808 
31832 31883 32017 34030 
31868 31850 31954 34139 
31970 31888 31926 34077 
32168 32035 32025 33884 
32401 32221 32168 33555 
32622 32422 32392 33145 
32871 32664 32688 32706 
33083 32891 33009 32244 
33228 33073 33284 31774 
33398 33317 33580 31492 
33493 33511 33766 31297 
33511 33645 33818 31240 
33502 33759 33762 31369 
33349 33707 33523 31604 
33153 33551 33195 31978 
32900 33292 32802 32431 
32593 32921 32395 32951 
32293 32461 32016 33416 
32023 32018 31740 33835 
31868 31653 31642 34124 
31811 31441 31685 34236 
31855 31369 31831 34151 
32041 31523 32106 33915 
32263 31796 32407 33522 
32558 32180 32744 33062 
32794 32588 32990 32559 
33029 33011 33210 32131 
33131 33302 33258 31731 
33201 33544 33282 31535 
33239 33707 33273 31550 
33196 33717 33176 31662 
33155 33662 33083 31908 
33129 33546 33036 32226 
33084 33360 32963 32534 
33029 33131 32909 32764 
32950 32874 32865 32923 
32838 32587 32795 33008 
32720 32322 32766 33056 
32555 32069 32681 33026 
32373 31864 32552 32986 
32176 31684 32377 32898 
32051 31677 32227 32901 
31987 31772 32088 32936 
32038 32005 32035 33042 
32183 32336 32042 33166 
32372 32711 32122 33245 
32625 33094 32307 33281 
32872 33404 32554 33238 
33094 33622 32841 33075 
33251 33671 33128 32815 
33346 33614 33392 32503 
33382 33429 33590 32182 
33344 33169 33673 31888 
33223 32849 33609 31637 
33088 32597 33459 31556 
32955 32424 33230 31633 
32812 32336 32928 31849 
32656 32324 32616 32161 
32535 32405 32347 32578 
32415 32493 32140 33007 
32275 32525 31982 33397 
32175 32542 31959 33711 
32126 32510 32017 33902 
32106 32423 32116 33923 
32149 32342 32253 33806 
32269 32301 32424 33589 
32450 32316 32561 33288 
32681 32437 32720 32980 
32910 32632 32860 32627 
33152 32913 33013 32328 
33319 33181 33112 32057 
33422 33426 33232 31886 
33476 33635 33353 31803 
33420 33701 33437 31785 
33258 33605 33443 31811 
33061 33403 33407 31927 
32835 33082 33295 32071 
32590 32722 33096 32279 
32426 32389 32872 32533 
32298 32109 32602 32827 
32207 31871 32279 33087 
32236 31810 32053 33400 
32272 31815 31847 33675 
32389 31992 31793 34017 
32483 32196 31815 34249 
32614 32486 31968 34343 
32714 32754 32178 34039 
32776 32978 32452 33247 
32769 33116 32682 31980 
32775 33219 32935 30641 
32719 33173 33078 29564 
32678 33096 33199 29285 
32661 33001 33290 30006 
32677 32870 33332 31557 
32727 32761 33346 33609 
32820 32687 33347 35578 
32930 32660 33326 37001 
33046 32680 33278 37498 
33148 32719 33162 37044 
33239 32845 33027 35824 
33220 32921 32799 33898 
33165 32995 32561 31670 
32988 32995 32311 29356 
32726 32871 32059 27269 
32445 32659 31855 25808 
32226 32439 31751 25382 
32135 32295 31766 26235 
32194 32269 31895 28352 
32330 32343 32116 31657 
32471 32503 32429 35473 
32534 32612 32796 39191 
32439 32603 33142 42117 
32251 32463 33428 43639 
32140 32342 33664 43318 
32205 32278 33771 41091 
32516 32382 33754 37248 
32986 32647 33602 32254 
33452 33038 33371 27175 
33719 33370 33046 22775 
33694 33522 32666 19831 
33512 33510 32323 19089 
33324 33400 32036 20636 
33327 33337 31804 24221 
33652 33541 31746 29430 
34061 33873 31805 35157 
34291 34112 31999 40555 
33955 33932 32278 44673 
32857 33160 32630 46888 
31109 31845 32949 46732 
29133 30409 33253 44324 
27514 29307 33444 40053 
26893 28968 33521 34554 
27677 29442 33473 28938 
29856 30478 33342 24070 
33015 31592 33122 20711 
36456 32493 32810 19302 
39364 33243 32573 20173 
41063 34077 32372 22964 
41136 35277 32248 27177 
39553 37022 32212 32125 
36715 38923 32297 36817 
33057 40242 32433 40588 
29177 40180 32593 42891 
25674 38124 32723 43441 
23373 34318 32845 42266 
22610 29383 32941 39719 
23610 24366 32971 36254 
26474 20418 32956 32387 
30639 18802 32887 29039 
35527 19792 32772 26554 
40275 23281 32682 25290 
43911 28730 32591 25346 
45532 34934 32519 26592 
44647 40879 32441 28643 
41330 45732 32449 31137 
36054 48791 32490 33629 
29768 49546 32591 35656 
23684 47740 32748 36987 
18994 43323 32895 37392 
16717 36785 33054 36961 
17362 29013 33169 35842 
20995 21332 33286 34310 
27206 15182 33342 32670 
34766 12108 33292 31252 
42526 12720 33149 30266 
49087 16955 32885 29811 
53199 24209 32623 30020 
53583 32768 32361 30736 
49783 41206 32120 31758 
42287 48143 31952 32851 
32432 52474 31937 33857 
22096 53497 31995 34506 
13541 51063 32162 34727 
8618 45461 32429 34585 
8613 37690 32736 34056 
13201 28947 32976 33301 
21361 20789 33168 32500 
31532 14634 33279 31796 
41485 11893 33297 31348 
49596 12965 33202 31195 
54559 17769 33061 31369 
55573 25472 32923 31810 
52430 34318 32804 32358 
45946 42637 32746 32936 
37148 48760 32719 33391 
27417 51511 32754 33677 
19359 50264 32794 33711 
14112 45673 32821 33496 
12611 38981 32810 33119 
15091 31630 32781 32694 
20733 25377 32700 32309 
28226 21125 32536 31997 
36002 19398 32369 31870 
42720 20142 32208 31956 
46990 22884 32137 32244 
48299 26989 32140 32657 
46488 31788 32239 33093 
41916 36446 32426 33479 
35847 40058 32694 33753 
29373 42157 32970 33800 
23777 42432 33240 33633 
20222 40757 33386 33254 
19735 37686 33501 32779 
22305 33879 33471 32263 
27328 30237 33363 31784 
33636 27528 33178 31453 
39609 26131 32917 31300 
43932 26139 32701 31401 
45537 27171 32464 31683 
44080 28820 32284 32148 
40066 30716 32182 32716 
34322 32643 32103 33272 
27929 34621 32068 33772 
22465 36451 32097 34145 
19002 37846 32215 34345 
18375 38339 32347 34316 
20908 37611 32519 34047 
26035 35751 32718 33612 
32525 33260 32931 33062 
38897 30870 33126 32418 
43867 29413 33369 31839 
46235 29188 33536 31332 
45940 29963 33583 31000 
43487 31179 33609 30917 
39561 32208 33460 31035 
35201 32628 33240 31367 
31013 32476 32960 31909 
27375 31974 32614 32509 
24571 31564 32261 33176 
23066 31683 31974 33782 
22850 32435 31768 34201 
23989 33873 31746 34465 
26003 35548 31809 34445 
28628 37085 31985 34214 
31521 37818 32231 33760 
34563 37247 32529 33218 
37404 35149 32838 32653 
39894 31825 33099 32145 
41583 28033 33274 31741 
41987 24777 33342 31505 
40809 23249 33358 31505 
38213 23996 33299 31677 
34789 26878 33205 31984 
31343 31244 33047 32264 
28674 36350 32989 32650 
27098 40715 32869 32858 
26598 43807 32797 33005 
26737 44991 32749 33024 
27234 44042 32709 32942 
27951 41077 32654 32809 
28966 36449 32567 32648 
30517 30847 32496 32583 
32585 24945 32393 32564 
34910 20017 32277 32672 
37188 16940 32222 32905 
38964 16453 32172 33177 
39778 19005 32166 33439 
39502 24292 32287 33676 
38111 31422 32444 33742 
35691 39490 32657 33624 
32617 46701 32889 33323 
29404 51829 33136 32872 
26578 53817 33322 32308 
24811 52174 33529 31823 
24444 46951 33587 31389 
25653 39068 33552 31141 
28227 29681 33401 31082 
31810 20292 33170 31272 
35581 12982 32894 31699 
38935 8921 32601 32240 
41244 8883 32327 32833 
42046 13001 32086 33422 
41215 20474 31914 33904 
38862 29936 31833 34192 
35454 39677 31862 34325 
31390 48212 31942 34222 
27538 53810 32133 33995 
24352 55784 32368 33601 
22327 54034 32621 33130 
21779 49089 32899 32656 
22811 42007 33180 32222 
25397 34034 33409 31834 
29254 26498 33544 31540 
34050 20454 33641 31421 
38824 16846 33627 31393 
43008 15816 33527 31493 
45944 17222 33364 31726 
46947 20698 33116 32029 
45556 25416 32792 32338 
42100 30401 32506 32728 
37089 34978 32239 33114 
31213 38548 31980 33435 
25428 40771 31834 33729 
20822 41446 31779 33904 
17993 40850 31826 33945 
17299 39462 32001 33901 
18808 37812 32225 33697 
22191 36435 32446 33375 
27090 35639 32730 33039 
32895 35261 32956 32626 
38863 34905 33115 32207 
43954 34136 33227 31881 
47398 32601 33285 31677 
48525 30333 33340 31661 
46843 27554 33328 31736 
42669 25010 33271 31898 
36855 23365 33238 32153 
30564 23065 33170 32430 
25052 24253 33102 32707 
21568 26576 32958 32900 
20513 29642 32768 32995 
21836 33061 32568 33063 
24958 36390 32357 33061 
28928 39259 32159 33029 
32876 41617 31975 32983 
36100 43337 31852 32941 
38205 44193 31811 32942 
38922 43821 31902 33000 
38344 41955 32071 33054 
36756 38593 32342 33125 
34541 33904 32673 33169 
32320 28683 33005 33126 
30630 23720 33336 33034 
29767 19841 33586 32841 
29935 17772 33751 32630 
30983 17739 33770 32346 
32633 19715 33681 32070 
34474 23461 33474 31851 
35933 28303 33155 31656 
36703 33676 32827 31658 
36475 38877 32478 31745 
35149 43348 32200 31984 
32880 46294 31931 32286 
30213 47623 31815 32729 
27652 47215 31752 33166 
25884 45279 31817 33603 
25422 42182 31952 33950 
26461 38193 32163 34155 
28818 33507 32463 34206 
32211 28088 32778 34073 
35695 22658 33061 33711 
38692 17963 33324 33252 
40642 14770 33534 32680 
41262 14084 33678 32069 
40376 16449 33714 31531 
38211 21587 33604 31101 
35193 28688 33443 30901 
31689 36523 33156 30904 
28444 43384 32843 31162 
25947 48391 32514 31633 
24642 50929 32263 32294 
24753 50739 32015 32957 
26345 48154 31874 33615 
29125 43692 31834 34161 
32652 37900 31906 34484 
36319 31241 32063 34574 
39158 25084 32308 34469 
40539 20013 32498 34036 
40201 17006 32724 33507 
38107 16565 32904 32886 
34778 18803 33013 32273 
30941 23339 33101 31768 
27404 29236 33169 31422 
24951 35478 33189 31254 
24379 40510 33221 31317 
25731 43641 33251 31548 
28666 44445 33205 31845 
32731 43039 33186 32240 
36687 39920 33106 32597 
39722 35865 32969 32892 
41269 31746 32804 33117 
41157 28308 32655 33299 
39616 26219 32466 33371 
37081 25692 32257 33313 
34100 26837 32112 33271 
30917 29325 31970 33167 
28002 32590 31963 33124 
25557 35880 32025 33075 
23908 38479 32179 33040 
23501 39765 32391 32997 
24672 39223 32651 32943 
27298 36792 32927 32831 
30835 32779 33155 32658 
34705 27944 33379 32474 
38003 23489 33465 32218 
40461 20593 33440 31975 
41875 20236 33320 31796 
42154 22892 33139 31757 
41112 28026 32867 31821 
38721 34557 32608 32025 
35100 41056 32386 32367 
30732 46296 32261 32811 
26742 49058 32216 33237 
24115 49163 32292 33644 
23531 46717 32475 33925 
24960 42023 32664 33987 
27711 35911 32863 33851 
30764 28985 33013 33502 
33274 22107 33051 33011 
34898 16293 33058 32484 
35621 12794 32953 31980 
35820 12333 32780 31556 
35768 15294 32613 31389 
35498 21431 32415 31404 
34996 29551 32282 31674 
34253 38405 32235 32109 
33402 46527 32274 32631 
32690 52749 32418 33215 
32343 55724 32632 33702 
32378 54945 32848 34020 
32711 50439 33053 34108 
33138 42468 33228 33958 
33460 32892 33285 33587 
33695 23235 33302 33107 
33708 15319 33205 32541 
33409 10579 33046 31993 
32599 9876 32802 31519 
31290 13057 32621 31311 
29528 19400 32456 31293 
27803 27366 32325 31467 
26738 35741 32312 31859 
26867 43323 32335 32318 
28526 49330 32415 32875 
31377 52769 32476 33363 
34896 53287 32530 33761 
38258 50683 32587 34011 
40757 45030 32607 34075 
41889 37283 32660 33996 
41439 28480 32666 33708 
39634 20368 32721 33380 
36728 14397 32784 32936 
33311 12029 32877 32496 
29757 13473 32987 32083 
26505 18245 33108 31750 
23855 25298 33230 31534 
22245 32873 33303 31426 
21960 39653 33293 31441 
23316 44694 33230 31611 
26461 47527 33077 31896 
30898 48031 32864 32239 
36018 46497 32586 32633 
40851 43334 32349 33075 
44524 38788 32128 33471 
46228 33410 31989 33817 
45662 27903 31943 34016 
43061 22981 31992 34070 
38836 19484 32090 33951 
33733 18143 32296 33732 
28308 19236 32472 33359 
23403 22670 32694 32951 
19708 27724 32880 32526 
17840 33635 33029 32095 
18369 39138 33172 31808 
21105 43569 33283 31623 
25732 46419 33396 31628 
31469 47196 33420 31711 
37354 45784 33441 31922 
42558 42189 33395 32139 
46449 36775 33300 32389 
48613 30042 33153 32648 
48591 23291 32906 32818 
46335 17756 32628 32944 
42051 14741 32324 33057 
36052 15204 32043 33156 
29287 19251 31815 33235 
22669 26161 31656 33278 
17340 34547 31628 33322 
14239 42973 31770 33384 
14011 49473 32008 33395 
16668 52948 32339 33343 
21834 52750 32728 33217 
28753 48683 33104 32988 
36233 41554 33457 32711 
43186 32368 33719 32396 
48794 22672 33858 32089 
52304 14217 33847 31819 
53204 8709 33716 31651 
51166 7538 33431 31562 
46193 11512 33118 31655 
38889 19979 32743 31834 
30157 31530 32429 32165 
21272 43992 32126 32537 
13732 55061 31846 32928 
9399 62132 31728 33365 
9027 63747 31689 33695 
12771 59558 31801 33978 
20061 49824 31999 34068 
29380 36275 32277 34013 
39002 21541 32612 33822 
47371 8093 32971 33475 
53190 330 33270 33041 
55687 59 33519 32518 
54463 39 33708 32051 
49841 11004 33746 31618 
42551 25360 33651 31303 
33678 41819 33471 31193 
24813 56701 33170 31216 
17315 65217 32836 31451 
12333 65482 32507 31843 
10711 65515 32237 32363 
12748 65518 32029 32902 
18090 51564 31890 33395 
25875 33823 31879 33810 
35227 15257 31988 34087 
43870 1073 32149 34168 
50614 83 32335 34043 
54161 34 32527 33778 
53657 2400 32698 33389 
49269 15422 32844 32970 
41901 30442 32939 32550 
32955 45842 33037 32219 
23967 58869 33106 31977 
17020 65275 33169 31823 
13125 65490 33247 31803 
12808 65317 33310 31867 
16048 50861 33347 32000 
22012 35509 33308 32135 
29743 19166 33228 32288 
37964 4955 33066 32417 
45666 155 32842 32555 
50947 50 32558 32667 
52996 49 32307 32813 
51459 11185 32051 32941 
46594 24598 31854 33078 
39320 39560 31795 33252 
31124 52888 31844 33423 
23353 62659 32020 33569 
17139 65406 32266 33641 
13182 65480 32578 33620 
12073 59601 32888 33493 
13871 51309 33160 33222 
18521 38908 33384 32890 
25801 25640 33529 32492 
34391 13891 33601 32096 
43148 4880 33533 31723 
50623 310 33356 31435 
55451 89 33131 31324 
56475 918 32845 31348 
53689 10359 32549 31602 
47545 20943 32293 32019 
38922 33275 32094 32559 
29479 45240 31967 33111 
20630 55504 31952 33642 
13698 62733 32066 34086 
9977 65334 32300 34339 
10021 63598 32581 34345 
13582 57831 32846 34053 
19866 48915 33047 33533 
27901 38116 33245 32916 
35884 27178 33283 32223 
42956 17365 33324 31686 
48086 9633 33211 31267 
50874 4732 33022 31072 
51061 3387 32816 31145 
48895 5618 32637 31514 
44681 11301 32478 32050 
38935 20059 32393 32682 
32531 30549 32350 33265 
26301 41548 32399 33756 
21106 51640 32493 34074 
17681 59333 32622 34134 
16769 62921 32754 33997 
18505 61751 32865 33646 
22668 55618 32891 33120 
28526 45438 32896 32575 
34699 33173 32893 32116 
39958 20835 32815 31712 
43321 10926 32724 31511 
44278 5415 32663 31539 
42759 5380 32564 31727 
39477 10479 32486 32029 
35331 19390 32440 32437 
31145 30534 32458 32913 
27953 40991 32510 33343 
26261 49024 32612 33676 
26199 53572 32752 33846 
27693 54189 32916 33824 
30369 50796 33058 33595 
33498 44274 33196 33280 
36354 35649 33286 32862 
38182 26394 33317 32430 
38584 18189 33262 32005 
37550 13052 33099 31663 
35486 12125 32882 31491 
32834 15769 32636 31515 
29990 23398 32387 31726 
27341 32966 32155 32084 
25251 42323 31998 32515 
24191 49526 31961 33012 
24594 53026 31967 33404 
26939 52318 32167 33803 
30995 47824 32416 33984 
36228 40241 32646 33934 
41258 31382 32930 33731 
44524 22968 33071 33383 
45416 16150 33166 32967 
43635 12040 33193 32550 
39623 11529 33162 32172 
34503 14953 33061 31894 
29353 21871 32972 31750 
25033 30946 32879 31735 
22151 40726 32847 31866 
21140 48787 32878 32115 
21970 53721 32910 32378 
24438 54658 32913 32616 
28310 51611 32916 32849 
32750 45423 32857 32978 
37041 37479 32727 33041 
40345 29291 32591 33070 
41971 22151 32399 33036 
41565 17451 32203 32980 
39414 15648 32048 32922 
36186 16790 31964 32900 
32604 20509 31988 32913 
29829 25551 32150 33001 
28163 30769 32360 33043 
27885 35318 32682 33087 
28826 38560 33022 33070 
30625 40209 33314 32971 
32842 40643 33561 32827 
35011 40238 33689 32610 
36731 39401 33724 32377 
37408 38385 33580 32097 
