32345 32398 31992 33335 
32345 32398 31992 33335 
32318 32201 31961 33483 
32300 32018 31987 33519 
32357 31964 32139 33500 
32470 32035 32400 33363 
32624 32242 32703 33126 
32812 32560 33014 32806 
33017 32940 33307 32420 
33217 33345 33545 32042 
33351 33692 33690 31754 
33411 33886 33716 31579 
33386 33911 33637 31565 
33272 33754 33442 31702 
33084 33449 33173 31999 
32864 33040 32886 32335 
32619 32585 32562 32730 
32436 32166 32304 33128 
32215 31755 32050 33410 
32133 31558 31918 33637 
32078 31485 31815 33674 
32105 31590 31802 33620 
32227 31888 31870 33464 
32399 32273 32020 33270 
32586 32711 32232 33051 
32760 33139 32486 32844 
32893 33473 32752 32645 
33026 33718 33095 32532 
33098 33774 33416 32437 
33112 33662 33703 32377 
33083 33408 33888 32299 
33011 33065 33949 32221 
32962 32718 33888 32143 
32903 32414 33685 32074 
32905 32245 33399 32046 
32881 32150 32971 32016 
32889 32220 32520 32101 
32917 32425 32112 32306 
32885 32650 31735 32562 
32812 32882 31498 32910 
32702 33044 31428 33292 
32586 33132 31552 33659 
32410 33055 31796 33909 
32280 32913 32177 34045 
32122 32604 32544 33979 
32065 32317 32945 33798 
32053 32036 33233 33433 
32119 31849 33421 32981 
32299 31828 33516 32507 
32568 32017 33505 32074 
32887 32364 33422 31730 
33200 32820 33271 31496 
33470 33320 33112 31423 
33659 33775 32997 31517 
33694 34050 32883 31716 
33602 34097 32818 32009 
33407 33921 32769 32356 
33101 33532 32704 32683 
32775 33039 32641 33013 
32449 32494 32547 33292 
32208 32017 32447 33544 
32079 31671 32341 33690 
32040 31524 32210 33744 
32102 31557 32103 33695 
32297 31846 32117 33615 
32500 32207 32177 33424 
32696 32628 32316 33182 
32856 33035 32525 32897 
32930 33332 32771 32584 
32919 33473 33020 32261 
32861 33454 33272 31998 
32753 33282 33465 31792 
32693 33060 33616 31719 
32633 32776 33631 31738 
32662 32569 33573 31869 
32755 32452 33392 32078 
32874 32429 33105 32337 
33039 32533 32766 32656 
33173 32706 32404 32986 
33258 32895 32058 33300 
33244 33034 31824 33563 
33110 33080 31693 33743 
32905 33020 31731 33814 
32624 32856 31922 33735 
32380 32647 32229 33579 
32182 32435 32642 33330 
32043 32257 33052 32974 
32174 32213 33695 32160 
32382 32357 33820 31815 
32690 32635 33796 31615 
32973 32907 33579 31529 
33197 33178 33242 31620 
33355 33396 32849 31864 
33421 33510 32468 32210 
33347 33492 32131 32645 
33216 33372 31940 33104 
32966 33073 31838 33453 
32719 32753 31927 33734 
32494 32415 32130 33889 
32361 32137 32432 33868 
32302 31975 32756 33695 
32331 31931 33025 33402 
32453 32053 33247 33023 
32632 32310 33392 32644 
32829 32665 33423 32285 
33000 33011 33373 32015 
33017 33238 33146 31780 
32947 33346 32870 31696 
32835 33344 32608 31813 
32661 33205 32364 32045 
32457 32943 32175 32349 
32320 32649 32103 32715 
32284 32414 32150 33103 
32356 32272 32320 33428 
32547 32263 32586 33654 
32833 32421 32927 33762 
33100 32632 33207 33642 
33368 32921 33446 33405 
33560 33203 33589 33070 
33628 33418 33592 32692 
33530 33512 33436 32298 
33291 33419 33162 31974 
32942 33163 32790 31777 
32551 32821 32425 31755 
32168 32413 32096 31899 
31871 32043 31876 32181 
31734 31811 31824 32553 
31766 31741 31909 32956 
31938 31872 32126 33307 
32268 32210 32462 33598 
32656 32620 32825 33720 
33027 33047 33126 33668 
33376 33471 33396 33485 
33575 33723 33536 33153 
33625 33816 33544 32782 
33582 33719 33452 32412 
33407 33463 33264 32083 
33130 33075 32988 31832 
32846 32675 32716 31755 
32630 32348 32525 31907 
32407 32034 32328 32145 
32231 31842 32201 32501 
32140 31793 32156 32915 
32108 31873 32194 33326 
32156 32085 32283 33667 
32271 32397 32447 33871 
32428 32734 32629 33864 
32613 33050 32816 33656 
32799 33314 32987 33283 
33019 33535 33179 32844 
33193 33616 33311 32325 
33385 33660 33442 31896 
33458 33529 33444 31532 
33462 33348 33378 31392 
33378 33110 33230 31461 
33238 32866 33025 31737 
33003 32593 32735 32154 
32802 32412 32506 32734 
32555 32236 32271 33282 
32294 32088 32070 33769 
32086 31994 31965 34099 
31973 31965 31991 34218 
31933 31995 32084 34098 
32020 32113 32302 33796 
32218 32308 32564 33359 
32448 32535 32815 32838 
32710 32786 33032 32328 
32974 33043 33177 31896 
33205 33321 33287 31643 
33388 33552 33335 31610 
33468 33672 33293 31740 
33494 33744 33244 32025 
33411 33674 33153 32357 
33286 33542 33073 32733 
33117 33294 32985 33033 
32886 32973 32904 33245 
32676 32615 32815 33302 
32527 32318 32778 33304 
32382 32032 32686 33158 
32279 31841 32586 32969 
32266 31765 32472 32781 
32289 31820 32357 32611 
32345 31971 32244 32530 
32454 32234 32180 32557 
32578 32539 32170 32677 
32712 32876 32244 32869 
32763 33095 32338 32998 
32861 33351 32571 33188 
32951 33512 32853 33282 
32976 33562 33119 33234 
33017 33541 33370 33091 
33060 33453 33566 32862 
33086 33284 33644 32541 
33115 33121 33638 32249 
33086 32850 33472 31943 
33072 32645 33256 31796 
33047 32476 32997 31795 
32971 32305 32707 31921 
32854 32198 32439 32194 
32703 32135 32200 32595 
32528 32128 32045 33041 
32341 32139 31943 33453 
32167 32206 31920 33804 
32059 32330 32006 34008 
32052 32521 32179 34059 
32129 32748 32409 33928 
32287 32980 32672 33610 
32533 33237 32942 33176 
32852 33471 33227 32687 
33211 33667 33498 32221 
33497 33724 33656 31797 
33682 33644 33698 31484 
33737 33459 33652 31379 
33659 33148 33505 31454 
33439 32767 33261 31702 
33128 32392 32976 32067 
32793 32079 32680 32514 
32510 31906 32430 33013 
32205 31805 32157 33399 
32073 31907 32008 33743 
32023 32132 31938 33921 
32101 32447 31981 33953 
32262 32802 32104 33818 
32445 33122 32290 33579 
32663 33388 32544 33274 
32836 33525 32795 32914 
32943 33502 33004 32573 
33033 33390 33209 32391 
33037 33137 33324 32352 
32965 32792 33333 32436 
32863 32406 33264 32459 
32762 32081 33117 32268 
32703 31882 32969 31750 
32666 31830 32787 31026 
32695 31959 32649 30420 
32818 32314 32588 30333 
32985 32801 32608 31006 
33127 33311 32665 32417 
33274 33813 32804 34324 
33291 34100 32917 36148 
33223 34150 33032 37410 
33031 33932 33066 37816 
32771 33495 33036 37305 
32463 32895 32894 35925 
32203 32282 32691 34021 
32051 31773 32506 31864 
31974 31369 32312 29619 
31997 31195 32183 27613 
32134 31246 32124 26129 
32427 31593 32195 25497 
32849 32199 32368 26001 
33355 32995 32622 27737 
33793 33803 32872 30477 
34082 34493 33174 33939 
34004 34792 33385 37508 
33595 34627 33540 40690 
32917 34003 33605 42713 
32119 33014 33547 43142 
31494 31990 33398 41848 
31216 31130 33125 38796 
31416 30769 32854 34627 
31884 30817 32506 29873 
32458 31274 32206 25428 
32974 31986 31990 22053 
33318 32658 31871 20457 
33538 33265 31858 20906 
33825 33813 31948 23348 
34321 34449 32238 27490 
34827 35031 32562 32486 
35179 35492 32942 37522 
34960 35446 33259 41830 
33980 34717 33526 44562 
32243 33304 33716 45359 
30021 31473 33744 44080 
27832 29702 33593 40806 
26623 28724 33398 36338 
26762 28663 33074 31415 
28478 29389 32753 26869 
31495 30523 32429 23349 
35142 31611 32206 21592 
38517 32464 32056 21655 
40888 33274 32023 23486 
41661 34372 32069 26779 
40676 35973 32224 30818 
38164 37941 32441 34923 
34577 39719 32692 38431 
30423 40517 32933 40831 
26611 39548 33130 41727 
23706 36654 33238 41145 
22271 32130 33317 39263 
22680 26989 33332 36474 
24958 22491 33208 33320 
28877 19763 33052 30382 
33952 19524 32871 28097 
39035 21862 32649 26832 
43367 26349 32469 26711 
45966 32133 32355 27623 
46094 38401 32325 29398 
43468 43755 32373 31533 
38538 47513 32509 33597 
32139 49140 32681 35229 
25436 48334 32896 36213 
19775 44957 33118 36407 
16326 39276 33292 35882 
15810 31919 33335 34752 
18539 23988 33321 33340 
24053 17209 33177 31948 
31491 12933 32970 30878 
39761 12151 32722 30302 
47495 15236 32493 30326 
52925 21513 32308 30899 
54923 29737 32203 31880 
52730 38437 32188 33037 
46248 46239 32260 34137 
36800 51659 32445 34972 
26054 53947 32666 35350 
16301 52811 32906 35256 
9532 48240 33089 34623 
7579 41120 33250 33655 
10502 32432 33288 32473 
17699 23739 33349 31404 
27535 16352 33259 30492 
37858 11933 33063 29947 
46962 11316 32860 29908 
53246 14618 32625 30319 
55744 21463 32438 31186 
53952 30208 32271 32275 
48466 39259 32249 33480 
40081 46896 32217 34507 
30748 51397 32346 35282 
22037 52054 32571 35658 
15697 48959 32804 35574 
12876 43051 33055 35042 
14025 35775 33267 34184 
18640 28686 33385 33087 
25890 23087 33459 32009 
33814 19939 33407 31081 
40995 19257 33208 30411 
46199 20896 32975 30125 
48552 24369 32697 30289 
47714 28851 32462 30823 
43987 33635 32247 31615 
38201 37927 32099 32524 
31448 41131 32126 33484 
25154 42508 32181 34187 
20664 41997 32377 34690 
18890 39682 32607 34819 
20400 36138 32867 34670 
24726 32298 33043 34175 
30988 29077 33229 33550 
37620 27026 33324 32854 
43153 26364 33343 32175 
46148 26954 33322 31694 
46000 28243 33165 31386 
42877 29896 33010 31353 
37346 31641 32737 31490 
30827 33525 32544 31915 
24513 35363 32341 32374 
19721 37063 32242 32927 
17637 38022 32174 33361 
18809 37973 32242 33727 
23042 36718 32392 33899 
29492 34481 32608 33852 
36391 32005 32829 33599 
42267 30111 33094 33268 
45882 29274 33270 32805 
46748 29627 33414 32327 
45084 30709 33478 31979 
41571 31776 33394 31685 
37251 32455 33249 31605 
32741 32537 33023 31702 
28776 32176 32739 31962 
25646 31789 32501 32355 
23626 31749 32308 32822 
22822 32280 32160 33252 
23355 33432 32112 33625 
24958 35012 32169 33862 
27313 36618 32301 33921 
30160 37690 32519 33859 
33047 37593 32705 33590 
35964 36048 32875 33262 
38689 33092 32984 32872 
40956 29276 33036 32501 
42257 25835 33105 32275 
42003 23609 33060 32070 
40161 23506 33028 32029 
36964 25755 32980 32038 
33345 29792 32971 32131 
30049 34694 32957 32238 
27727 39444 32982 32358 
26506 43170 33019 32468 
26179 44987 33025 32527 
26399 44703 33004 32625 
26936 42326 32948 32696 
27870 38057 32801 32777 
29339 32675 32646 32904 
31441 26882 32476 33116 
34020 21577 32321 33307 
36710 17716 32205 33520 
38911 16237 32125 33674 
40335 17622 32175 33769 
40592 21777 32261 33709 
39625 28420 32476 33564 
37499 36224 32725 33268 
34455 43964 32972 32839 
30965 50307 33216 32380 
27567 53970 33423 31914 
25050 54014 33566 31557 
23823 50280 33604 31332 
24193 43305 33516 31267 
26243 33960 33352 31419 
29492 24132 33097 31734 
33422 15394 32802 32167 
37281 9366 32519 32694 
40427 7223 32258 33270 
42146 9460 32020 33755 
42258 15701 31901 34151 
40701 25026 31906 34387 
37767 35408 31990 34399 
34002 45260 32237 34266 
29984 52854 32526 33918 
26279 57064 32864 33424 
23546 57161 33155 32812 
22169 53559 33444 32237 
22271 46963 33626 31649 
23978 38537 33691 31222 
27168 29851 33638 31006 
31399 22404 33462 30993 
36106 17017 33194 31212 
40555 14234 32860 31612 
44194 14251 32533 32205 
46145 16786 32306 32898 
45988 21050 32095 33493 
43737 26402 32039 34033 
39539 32012 32060 34368 
34273 36993 32199 34513 
28729 40777 32373 34390 
23784 43036 32616 34077 
20178 43689 32851 33599 
18493 42924 33018 33010 
18840 41285 33142 32400 
21186 39406 33249 31896 
25260 37556 33231 31452 
30553 36056 33157 31248 
36085 34756 33022 31259 
41236 33227 32826 31453 
45218 31221 32622 31811 
47309 28684 32498 32332 
46834 25916 32392 32886 
43824 23425 32368 33402 
38787 21910 32417 33834 
32736 21904 32572 34122 
27133 23522 32777 34187 
23063 26481 32984 34030 
21253 30272 33171 33661 
22011 34346 33336 33180 
24665 37852 33391 32615 
28450 40694 33346 32081 
32410 42710 33187 31629 
35856 43968 32941 31361 
38128 44337 32651 31304 
39082 43717 32393 31518 
38650 41791 32171 31903 
37101 38561 32042 32405 
34842 34187 32033 32982 
32381 29124 32120 33501 
30293 24050 32328 33926 
29111 20033 32611 34182 
28990 17626 32881 34202 
29871 17196 33070 33954 
31601 18923 33222 33589 
33710 22451 33250 33094 
35650 27179 33211 32620 
37000 32607 33121 32183 
37362 37995 32979 31856 
36544 42764 32829 31653 
34709 46267 32768 31680 
32109 48120 32730 31806 
29398 48303 32793 32050 
27105 46811 32843 32320 
25959 44045 32914 32598 
26241 40276 32996 32873 
27871 35464 32943 33016 
30624 29985 32873 33149 
33796 24236 32743 33185 
36801 18762 32582 33216 
39020 14411 32385 33176 
40135 12280 32248 33147 
39835 13200 32122 33090 
38342 17437 32128 33078 
35902 24292 32230 33064 
32858 32914 32423 33056 
29891 41263 32670 32998 
27540 48001 32961 32940 
26131 52245 33226 32810 
25976 53621 33491 32656 
27143 51970 33654 32454 
29433 47844 33688 32262 
32460 41851 33623 32103 
35618 34496 33362 31938 
38229 27042 33002 31876 
39688 20468 32631 31961 
39597 15822 32247 32165 
37823 13921 31924 32476 
34800 15224 31718 32845 
31126 19413 31660 33219 
27633 25671 31795 33581 
25089 32963 32113 33882 
24214 39324 32467 33941 
25283 43996 32928 33900 
28035 46138 33322 33613 
31971 45716 33693 33274 
36149 43006 33869 32808 
39657 38818 33886 32312 
41812 34028 33749 31888 
42161 29719 33464 31591 
40929 26577 33076 31480 
38502 25057 32622 31545 
35369 25452 32222 31815 
32049 27461 31926 32195 
28810 30570 31774 32631 
25946 34095 31805 33073 
23700 37274 31950 33435 
22658 39321 32253 33723 
23168 39644 32587 33823 
25377 37976 32938 33775 
28929 34322 33166 33530 
32977 29692 33302 33254 
36830 24972 33324 32932 
39970 21417 33209 32630 
42166 20186 33041 32416 
43109 21916 32830 32271 
42772 26468 32674 32242 
40964 32849 32583 32259 
37611 39846 32589 32348 
33239 45646 32704 32458 
28686 49209 32872 32522 
25032 49931 33015 32520 
23203 47827 33162 32520 
23582 43403 33237 32522 
25647 37269 33210 32497 
28519 30163 33039 32494 
31349 22924 32824 32598 
33399 16752 32534 32761 
34628 12647 32262 32979 
35298 11536 32034 33242 
35729 13968 31910 33495 
35995 19661 31927 33663 
35991 27756 32090 33728 
35620 36936 32328 33631 
34989 45778 32688 33427 
34188 52694 33024 33058 
33497 56565 33334 32648 
33098 56589 33587 32203 
32953 52602 33706 31837 
32922 45092 33671 31546 
32946 35278 33554 31456 
32952 24695 33325 31544 
32966 15774 33062 31802 
32841 9988 32766 32190 
32390 8306 32475 32636 
31411 10927 32220 33105 
29960 16997 32040 33541 
28259 25158 31918 33859 
26915 34019 31939 34058 
26509 42270 31997 34046 
27573 48754 32191 33907 
30076 52891 32422 33596 
33551 54202 32706 33222 
37360 52356 32989 32759 
40546 47576 33258 32319 
42505 40314 33450 31898 
42915 31687 33599 31612 
41696 22913 33627 31474 
39102 16010 33535 31476 
35606 12194 33381 31661 
31558 12182 33142 31966 
27531 15905 32878 32357 
24066 22175 32615 32776 
21514 29606 32363 33192 
20319 36805 32171 33534 
20933 42664 32088 33802 
23542 46331 32072 33906 
27962 47811 32168 33878 
33487 47260 32308 33715 
39384 44825 32442 33405 
44160 41111 32618 33096 
47016 36287 32728 32730 
47569 30944 32835 32422 
45615 25551 32861 32132 
41746 21289 32919 32003 
36537 18838 32968 31970 
30736 18749 33008 32032 
24935 21263 33092 32183 
20457 25709 33211 32393 
17785 31182 33300 32569 
17392 36819 33350 32701 
19517 41805 33369 32805 
23626 45248 33269 32810 
29114 46833 33087 32771 
35190 46350 32893 32772 
40873 43545 32598 32732 
45349 38843 32354 32800 
48081 32623 32087 32865 
48767 25825 31883 32992 
47228 19664 31775 33132 
43525 15552 31813 33287 
38073 14587 31959 33434 
31378 17272 32204 33470 
24621 23215 32525 33402 
18882 31329 32914 33251 
15084 39946 33216 32940 
14061 47606 33530 32619 
15997 52527 33718 32246 
20589 53940 33807 31931 
27125 51483 33744 31679 
34676 45314 33542 31578 
41804 36648 33299 31662 
47754 26699 33017 31882 
51723 16937 32678 32170 
53120 9636 32429 32607 
51644 6458 32242 33037 
47213 8264 32084 33380 
40185 15365 32024 33675 
31677 26270 32053 33862 
22667 38976 32079 33847 
14829 51203 32162 33737 
9635 60565 32263 33527 
8469 64635 32438 33304 
11471 62691 32587 33006 
18237 54839 32766 32704 
27292 42532 32992 32470 
37161 27702 33198 32245 
46146 12992 33429 32069 
52825 1501 33620 31955 
56238 88 33731 31869 
55949 37 33769 31832 
51975 6626 33699 31883 
45088 19812 33472 31947 
36388 35791 33169 32114 
27051 52051 32769 32340 
18869 64465 32386 32686 
12910 65456 32022 33068 
10097 65511 31729 33435 
10977 65525 31593 33795 
15415 56806 31594 34048 
22643 40026 31730 34141 
31622 21342 31984 34062 
40826 4710 32317 33858 
48657 149 32648 33493 
53696 38 32943 33032 
54919 26 33197 32523 
52099 10804 33402 32069 
45748 25406 33543 31717 
37128 41389 33591 31496 
27744 55926 33575 31423 
19798 65000 33552 31543 
14459 65479 33461 31768 
12607 65516 33360 32082 
14361 56872 33163 32406 
19308 41697 32992 32770 
26383 24487 32698 33023 
34496 8390 32464 33305 
42305 273 32187 33471 
48528 61 31966 33580 
51975 39 31782 33577 
52008 6552 31756 33568 
48491 18908 31786 33459 
42322 33623 31947 33307 
34603 48028 32201 33143 
26590 59882 32549 32959 
19823 65332 32901 32763 
15063 65474 33257 32568 
12802 65484 33537 32346 
13461 55399 33775 32224 
16909 43251 33824 32032 
23053 29860 33778 31950 
31108 17106 33617 31917 
40081 6581 33345 31940 
48137 461 33022 32063 
54001 95 32665 32247 
56480 77 32320 32532 
55039 7614 32030 32875 
49961 17613 31834 33233 
42073 29531 31735 33536 
32571 42156 31817 33812 
23082 53377 32025 33940 
15307 61557 32319 33921 
10382 65286 32653 33743 
9094 65452 33026 33468 
11646 59913 33327 33011 
17411 51708 33550 32529 
25214 41441 33664 32061 
33738 30507 33634 31639 
41721 20152 33501 31412 
47731 11813 33237 31305 
51329 6140 32929 31417 
52178 3627 32585 31682 
50341 4647 32357 32203 
46245 9041 32147 32707 
40481 16534 32055 33231 
33822 26310 32088 33707 
27042 37442 32247 34076 
21287 48118 32460 34232 
17337 56938 32725 34184 
15836 62423 32971 33956 
17076 63274 33107 33491 
20941 59276 33182 32971 
26766 50856 33179 32451 
33481 39016 33056 31968 
39616 25933 32849 31618 
43843 14515 32640 31483 
45513 6813 32447 31556 
44552 4332 32346 31826 
41370 7372 32327 32186 
37021 14948 32447 32626 
32469 25269 32649 33027 
28600 36112 32900 33333 
26063 45577 33155 33493 
25309 51876 33369 33506 
26305 54340 33476 33344 
28717 52852 33502 33125 
32013 47421 33313 32782 
35194 39497 33074 32529 
37515 30211 32724 32310 
38480 21370 32371 32240 
37890 14615 32038 32263 
36167 11875 31879 32485 
33679 13681 31806 32718 
30964 19843 31908 32994 
28335 29150 32164 33256 
26163 39286 32489 33395 
24904 47778 32862 33404 
24982 52973 33192 33280 
26780 53962 33454 33025 
30344 50772 33607 32698 
35119 44346 33644 32356 
40076 35923 33526 32017 
43983 26769 33306 31806 
45542 18345 32994 31727 
44266 12524 32675 31853 
40588 10022 32387 32142 
35390 11481 32162 32553 
29695 17011 32003 32979 
24905 25584 31950 33373 
21679 35691 32045 33728 
20380 45304 32255 33942 
21093 52598 32509 33919 
23711 56037 32841 33762 
27662 55165 33084 33386 
32459 50553 33311 32946 
37231 43234 33466 32471 
41056 34609 33492 32021 
43146 26290 33422 31673 
43058 19512 33239 31490 
40890 15518 32988 31500 
37329 14694 32731 31714 
33209 16766 32462 32054 
29509 21158 32262 32482 
27082 26668 32147 32962 
26285 31989 32114 33366 
27019 36355 32185 33683 
28976 39360 32342 33867 
31715 41008 32546 33860 
34526 41443 32764 33694 
36883 41095 32949 33414 
38338 40297 33096 33065 
38366 39118 33172 32653 
