33482 33519 33443 32507 
33482 33519 33443 32507 
33580 33902 33451 32330 
33517 34037 33342 32181 
33300 33914 33137 32103 
32972 33559 32857 32113 
32646 33090 32564 32241 
32347 32564 32292 32459 
32173 32094 32121 32759 
32055 31693 31974 33022 
32064 31500 31946 33270 
32238 31569 32080 33475 
32474 31847 32300 33564 
32764 32286 32605 33528 
33016 32789 32901 33317 
33202 33270 33164 33001 
33271 33642 33347 32605 
33299 33893 33490 32251 
33154 33847 33467 31880 
32951 33597 33354 31653 
32662 33174 33124 31579 
32394 32658 32844 31672 
32183 32156 32567 31934 
32100 31781 32343 32329 
32095 31574 32149 32752 
32201 31602 32040 33185 
32437 31871 32051 33565 
32766 32310 32191 33864 
33040 32782 32353 33927 
33271 33251 32569 33842 
33408 33606 32776 33569 
33412 33784 32960 33194 
33282 33740 33081 32735 
33104 33556 33176 32308 
32841 33202 33195 31900 
32541 32756 33131 31603 
32262 32296 33008 31487 
32053 31874 32825 31515 
31958 31616 32664 31768 
31962 31555 32508 32138 
32089 31672 32391 32587 
32305 31966 32341 33067 
32564 32366 32349 33491 
32857 32840 32451 33826 
33107 33287 32590 33957 
33321 33686 32794 33926 
33410 33878 32946 33675 
33408 33889 33077 33291 
33316 33714 33139 32808 
33122 33372 33095 32270 
32971 33023 33055 31861 
32742 32579 32883 31502 
32541 32197 32700 31384 
32405 31930 32533 31440 
32331 31803 32396 31706 
32323 31833 32335 32145 
32340 31988 32340 32632 
32381 32191 32378 33128 
32452 32469 32485 33591 
32541 32753 32635 33922 
32625 32977 32779 34046 
32693 33128 32895 33947 
32753 33212 32974 33661 
32823 33199 33018 33251 
32834 33084 32979 32742 
32863 32945 32909 32278 
32885 32781 32823 31899 
32842 32594 32679 31643 
32780 32458 32529 31592 
32746 32399 32447 31747 
32717 32422 32417 32026 
32668 32483 32426 32362 
32700 32640 32550 32756 
32736 32815 32704 33095 
32778 32961 32873 33312 
32809 33051 33022 33376 
32871 33119 33159 33349 
32913 33122 33232 33203 
32883 33014 33165 32932 
32832 32873 33047 32661 
32761 32701 32849 32437 
32657 32513 32625 32289 
32565 32364 32415 32261 
32465 32232 32243 32333 
32351 32136 32125 32464 
32323 32142 32145 32696 
32352 32218 32257 32923 
32406 32347 32412 33114 
32542 32571 32624 33238 
32687 32787 32827 33242 
32849 33022 32987 33116 
33012 33265 33110 32914 
33151 33440 33176 32661 
33262 33557 33214 32422 
33254 33521 33146 32175 
33174 33345 33012 31990 
33013 33080 32862 31909 
32822 32753 32708 31980 
32583 32368 32537 32156 
32374 32031 32409 32452 
32188 31769 32307 32821 
32058 31621 32253 33179 
32036 31661 32246 33495 
32124 31852 32322 33715 
32346 32237 32500 33828 
32582 32658 32672 33684 
32892 33145 32907 33461 
33111 33526 33069 33028 
33267 33776 33182 32534 
33350 33887 33278 32043 
33332 33770 33275 31636 
33128 33427 33119 31336 
32924 33017 32961 31277 
32650 32533 32720 31402 
32482 32180 32553 31813 
32361 31935 32400 32309 
32305 31829 32279 32853 
32360 31928 32237 33431 
32451 32139 32254 33872 
32633 32471 32362 34169 
32796 32794 32498 34228 
32908 33058 32642 34038 
32989 33233 32797 33684 
32969 33243 32905 33179 
32895 33150 32984 32614 
32767 32930 33032 32033 
32639 32681 33063 31592 
32505 32409 33024 31329 
32377 32169 32937 31253 
32318 32050 32822 31411 
32323 32068 32691 31759 
32435 32269 32575 32267 
32587 32572 32476 32828 
32714 32876 32353 33322 
32890 33235 32337 33740 
33045 33536 32397 34001 
33175 33716 32534 34045 
33236 33718 32720 33860 
33199 33525 32885 33487 
33095 33173 33046 32992 
32917 32714 33145 32456 
32750 32268 33226 31970 
32573 31866 33177 31590 
32418 31599 33049 31390 
32316 31545 32846 31431 
32289 31678 32622 31666 
32316 31996 32411 32081 
32421 32398 32279 32584 
32541 32855 32216 33136 
32610 33201 32175 33546 
32723 33515 32276 33882 
32801 33676 32435 33991 
32855 33673 32633 33898 
32867 33519 32826 33590 
32850 33237 32981 33147 
32835 32910 33095 32628 
32874 32639 33204 32162 
32896 32389 33217 31752 
32930 32246 33156 31514 
32932 32172 33007 31448 
32898 32162 32794 31577 
32857 32254 32592 31929 
32760 32360 32390 32376 
32631 32471 32246 32893 
32429 32498 32119 33364 
32265 32518 32128 33758 
32160 32540 32256 34007 
32147 32559 32472 34039 
32192 32584 32709 33815 
32358 32695 32965 33448 
32590 32846 33179 32946 
32904 33064 33348 32413 
33253 33367 33466 31943 
33525 33587 33436 31543 
33674 33728 33303 31322 
33684 33748 33078 31322 
33524 33596 32783 31535 
33249 33326 32518 31944 
32856 32891 32257 32422 
32428 32388 32082 32954 
32014 31869 31995 33459 
31714 31445 32017 33836 
31576 31192 32145 34059 
31609 31140 32351 34077 
31835 31321 32604 33895 
32187 31719 32851 33563 
32570 32230 32995 33092 
32959 32797 33047 32587 
33357 33429 33095 32172 
33578 33913 33023 31817 
33653 34171 32902 31603 
33548 34207 32771 31626 
33348 34063 32712 31861 
33062 33720 32708 32226 
32719 33246 32734 32631 
32447 32763 32828 33031 
32240 32296 32947 33306 
32192 31986 33058 33382 
32234 31802 33118 33202 
32402 31800 33122 32829 
32577 31919 33016 32279 
32757 32118 32804 31729 
32880 32342 32551 31332 
32952 32598 32312 31234 
32922 32763 32079 31454 
32797 32847 31902 32062 
32673 32911 31884 32976 
32509 32875 31961 34022 
32402 32825 32176 35021 
32365 32796 32505 35831 
32414 32794 32882 36179 
32514 32813 33215 35943 
32705 32891 33495 35155 
32924 33011 33663 33837 
33158 33171 33698 32171 
33356 33318 33609 30485 
33477 33398 33412 29001 
33435 33349 33112 27948 
33284 33183 32793 27551 
32990 32873 32464 27915 
32606 32449 32168 28946 
32233 32027 31976 30615 
31900 31633 31862 32632 
31660 31365 31824 34651 
31624 31307 31895 36461 
31771 31470 32073 37783 
32075 31871 32310 38457 
32527 32443 32634 38338 
33436 33721 33253 35887 
33783 34269 33491 33878 
33966 34575 33658 31723 
33997 34657 33763 29777 
33777 34399 33685 28219 
33428 33896 33520 27362 
32905 33133 33206 27266 
32421 32362 32892 28090 
31979 31615 32550 29584 
31674 31047 32251 31663 
31555 30756 32019 33818 
31661 30803 31902 35750 
31937 31157 31879 37138 
32370 31818 32012 37735 
32846 32599 32206 37385 
33293 33407 32472 36138 
33595 34045 32710 34169 
33744 34437 32936 31843 
33709 34536 33142 29698 
33505 34307 33273 28060 
33171 33814 33334 27275 
32767 33151 33320 27595 
32370 32446 33224 28935 
32096 31858 33105 31151 
31923 31427 32947 33810 
31912 31262 32750 36545 
32079 31419 32617 38759 
32326 31767 32486 39976 
32667 32280 32428 40049 
32982 32847 32430 38881 
33238 33367 32467 36566 
33412 33778 32590 33555 
33480 34007 32741 30268 
33416 33978 32892 27212 
33212 33719 33005 24843 
32970 33348 33067 23674 
32718 32905 33093 23835 
32519 32478 33031 25302 
32402 32169 32937 27971 
32381 31996 32782 31247 
32466 32019 32646 34799 
32603 32174 32504 38030 
32751 32403 32415 40484 
32912 32685 32431 41856 
32968 32870 32475 41906 
32919 32943 32552 40684 
32836 32960 32716 38428 
32693 32870 32872 35514 
32504 32688 32974 32321 
32397 32575 33062 29414 
32303 32464 33046 27058 
32314 32435 32962 25649 
32430 32531 32862 25287 
32641 32751 32764 25968 
32921 33038 32684 27486 
33213 33345 32646 29625 
33460 33604 32691 31914 
33626 33770 32786 34051 
33638 33733 32893 35724 
33511 33541 32999 36846 
33268 33197 33095 37261 
32939 32757 33135 37051 
32568 32256 33108 36314 
32208 31793 32997 35230 
31931 31434 32788 34012 
31789 31340 32570 32903 
31832 31486 32391 32062 
31988 31827 32224 31506 
32276 32335 32151 31283 
32652 32946 32211 31376 
32933 33452 32286 31553 
33257 33932 32519 31895 
33454 34186 32783 32150 
33516 34172 33020 32286 
33450 33934 33220 32282 
33340 33565 33388 32229 
33176 33085 33478 32091 
32997 32594 33456 31981 
32848 32169 33386 31975 
32728 31874 33210 32081 
32662 31747 33022 32369 
32636 31805 32809 32774 
32609 31988 32579 33265 
32578 32277 32372 33773 
32552 32635 32234 34245 
32467 32919 32117 34541 
32372 33127 32083 34662 
32274 33242 32116 34565 
32219 33242 32230 34210 
32220 33132 32407 33655 
32333 32995 32648 33008 
32510 32826 32878 32268 
32796 32733 33158 31609 
33149 32717 33401 31079 
33497 32776 33580 30759 
33775 32867 33656 30662 
33934 32995 33618 30795 
33916 33115 33481 31180 
33735 33166 33262 31740 
33373 33099 32950 32360 
32935 32978 32650 33036 
32402 32747 32328 33662 
31935 32485 32090 34141 
31599 32247 31941 34435 
31427 32066 31880 34494 
31491 32017 31968 34409 
31759 32095 32159 34143 
32184 32331 32449 33788 
32691 32636 32761 33333 
33201 32982 33078 32865 
33596 33277 33292 32388 
33878 33536 33455 32035 
33952 33640 33508 31756 
33785 33561 33415 31570 
33457 33336 33229 31567 
32998 32975 32960 31663 
32521 32575 32682 31876 
32162 32267 32511 32199 
31933 32037 32391 32530 
31892 31984 32378 32877 
32012 32082 32446 33149 
32326 32354 32619 33363 
32738 32737 32836 33489 
33152 33132 33038 33482 
33483 33462 33185 33379 
33657 33647 33258 33223 
33616 33633 33186 33025 
33396 33450 33029 32839 
33070 33172 32821 32715 
32670 32788 32582 32619 
32272 32405 32348 32596 
32001 32099 32199 32629 
31846 31892 32124 32670 
31894 31877 32180 32763 
32104 32000 32334 32818 
32404 32232 32536 32820 
32802 32576 32816 32800 
33190 32933 33094 32745 
33510 33265 33331 32666 
33692 33482 33483 32532 
33738 33630 33561 32439 
33626 33631 33523 32376 
33338 33454 33350 32315 
33015 33212 33128 32369 
32594 32856 32801 32430 
32250 32547 32503 32601 
32008 32309 32246 32857 
31835 32104 32011 33074 
31837 32061 31899 33333 
31987 32123 31929 33540 
32254 32300 32083 33661 
32598 32533 32363 33659 
32946 32778 32706 33548 
33248 32973 33060 33296 
33440 33066 33367 32933 
33533 33120 33590 32538 
33504 33098 33702 32139 
33391 33053 33666 31795 
33166 32963 33478 31540 
32927 32878 33169 31474 
32696 32826 32829 31574 
32520 32827 32494 31855 
32419 32870 32206 32263 
32393 32938 32032 32758 
32428 32978 31981 33228 
32475 32956 32016 33638 
32570 32897 32193 33961 
32655 32796 32452 34098 
32723 32628 32712 34068 
32773 32453 33012 33875 
32745 32229 33179 33454 
32718 32118 33302 32997 
32721 32087 33360 32505 
32732 32174 33312 32041 
32768 32364 33195 31695 
32814 32641 33006 31499 
32861 32937 32786 31504 
32900 33201 32573 31698 
32928 33427 32397 32068 
32937 33547 32305 32547 
32895 33513 32255 33033 
32821 33336 32280 33459 
32748 33096 32387 33778 
32709 32856 32578 33931 
32703 32613 32796 33877 
32727 32434 33031 33630 
32768 32352 33223 33247 
32821 32346 33359 32776 
32874 32430 33428 32284 
32959 32622 33443 31930 
32943 32756 33315 31665 
32889 32875 33111 31606 
32803 32949 32845 31754 
32704 32965 32584 32060 
32605 32937 32346 32482 
32525 32815 32159 32934 
32468 32678 32058 33359 
32481 32549 32056 33677 
32544 32472 32173 33820 
32652 32437 32333 33766 
32777 32486 32558 33577 
32889 32591 32777 33255 
32963 32723 32941 32890 
32982 32867 33048 32527 
33001 33026 33148 32300 
32899 33096 33152 32128 
32779 33101 33145 32126 
32682 33059 33119 32233 
32581 32940 33070 32404 
32569 32819 33062 32631 
32603 32697 33023 32767 
32705 32640 33005 32855 
32824 32606 32943 32845 
33008 32685 32918 32778 
33143 32779 32820 32627 
33218 32887 32714 32493 
33207 32985 32582 32415 
33124 33036 32449 32429 
32920 32991 32315 32530 
32661 32863 32203 32720 
32378 32653 32149 32976 
32149 32433 32166 33268 
31965 32198 32254 33507 
31922 32051 32428 33681 
32035 32034 32664 33726 
32247 32116 32919 33599 
32560 32336 33163 33330 
32939 32673 33385 32935 
33321 33072 33529 32487 
33643 33464 33570 32064 
33841 33799 33517 31727 
33905 33996 33388 31532 
33737 33956 33143 31474 
33446 33735 32880 31600 
33042 33375 32632 31891 
32626 32922 32445 32305 
32191 32390 32287 32747 
31863 31933 32218 33212 
31643 31553 32160 33551 
31612 31421 32173 33840 
31739 31454 32218 33947 
31997 31667 32278 33905 
32351 32051 32367 33730 
32735 32474 32471 33483 
33092 32912 32607 33162 
33376 33277 32737 32794 
33557 33581 32923 32438 
33626 33755 33132 32131 
33560 33780 33343 31925 
33425 33688 33544 31815 
33203 33492 33671 31791 
32981 33258 33737 31874 
32701 32944 33618 31977 
32515 32699 33418 32159 
32410 32525 33122 32409 
32356 32405 32717 32635 
32406 32364 32319 32904 
32467 32364 31934 33126 
32578 32393 31674 33336 
32667 32419 31568 33503 
32699 32407 31615 33611 
32715 32388 31850 33666 
32647 32329 32159 33625 
32588 32289 32550 33518 
32496 32267 32921 33328 
32425 32293 33224 33059 
32422 32414 33447 32801 
32506 32644 33561 32536 
32673 32942 33576 32306 
32870 33254 33459 32073 
33072 33554 33291 31907 
33327 33824 33146 31863 
33490 33948 32967 31847 
33583 33930 32839 31911 
33565 33762 32749 32036 
33402 33444 32694 32197 
33176 33039 32682 32434 
32847 32523 32650 32676 
32508 32046 32637 32972 
32174 31607 32545 33224 
31906 31343 32436 33467 
31772 31272 32315 33680 
31773 31419 32205 33798 
31929 31776 32159 33839 
32199 32262 32183 33760 
32501 32767 32260 33565 
32848 33269 32436 33275 
33109 33624 32643 32872 
33328 33861 32936 32484 
33468 33905 33236 32127 
33457 33755 33477 31772 
33389 33519 33654 31573 
33259 33218 33696 31516 
33078 32907 33620 31598 
32952 32675 33459 31832 
32795 32484 33176 32111 
32670 32381 32839 32464 
32594 32358 32506 32834 
32511 32339 32185 33174 
32440 32356 31934 33487 
32377 32364 31789 33704 
32320 32347 31776 33828 
32253 32290 31855 33822 
32229 32256 32064 33713 
32232 32216 32328 33494 
32333 32275 32677 33248 
32499 32421 33028 32940 
32717 32666 33342 32622 
33017 33035 33622 32295 
33311 33436 33763 32029 
33537 33805 33775 31779 
33706 34085 33680 31650 
33713 34178 33451 31607 
33590 34048 33140 31699 
33319 33699 32792 31892 
32973 33174 32457 32179 
32572 32546 32174 32542 
32208 31903 32002 32981 
31911 31344 31893 33377 
31729 30978 31908 33695 
31761 30912 32051 33966 
31911 31108 32260 34056 
32199 31574 32506 34027 
32522 32184 32723 33802 
32825 32842 32867 33466 
33074 33468 32950 33025 
33262 33986 33023 32581 
33344 34305 33054 32170 
33332 34384 33084 31839 
33209 34187 33086 31574 
33023 33764 33103 31491 
32836 33257 33127 31561 
32682 32699 33143 31732 
32599 32210 33167 32018 
32603 31867 33165 32383 
32658 31690 33077 32738 
32709 31698 32897 33041 
32803 31903 32702 33331 
32897 32225 32501 33540 
32895 32546 32265 33657 
32832 32835 32081 33657 
32675 33003 31948 33555 
32502 33091 31935 33407 
32348 33070 32060 33214 
32216 32947 32245 32974 
32175 32802 32500 32722 
32259 32696 32813 32518 
32452 32660 33125 32330 
32696 32685 33338 32167 
32968 32778 33480 32078 
33223 32904 33505 32014 
33446 33071 33451 32015 
33578 33203 33339 32099 
33561 33240 33144 32204 
33400 33173 32907 32318 
33175 33054 32723 32542 
32848 32818 32540 32761 
32456 32495 32349 32946 
32109 32188 32217 33154 
31831 31912 32127 33351 
31715 31784 32117 33512 
31748 31783 32153 33609 
31963 31991 32284 33663 
32266 32308 32431 33600 
32685 32750 32651 33459 
33071 33165 32850 33192 
33387 33513 33017 32811 
33637 33775 33213 32419 
33727 33865 33369 32035 
33656 33746 33447 31680 
33418 33465 33413 31418 
33115 33100 33331 31321 
32782 32691 33167 31398 
32466 32330 32955 31671 
32227 32051 32697 32072 
32109 31924 32455 32570 
32094 31944 32247 33109 
32199 32091 32104 33612 
32407 32371 32088 34039 
32646 32691 32162 34278 
32831 32946 32277 34310 
32977 33126 32442 34128 
32998 33160 32596 33752 
32939 33075 32750 33289 
32802 32877 32869 32776 
32599 32576 32916 32247 
32430 32315 32927 31850 
32339 32164 32954 31594 
32329 32117 32945 31502 
32466 32294 32986 31602 
32685 32595 33021 31802 
32999 33004 33102 32074 
33292 33435 33147 32359 
33566 33809 33215 32651 
33688 33980 33203 32870 
33611 33880 33098 32986 
33415 33606 32949 33066 
33048 33145 32713 33090 
32625 32587 32456 33112 
32200 32037 32207 33124 
31840 31571 31986 33163 
31608 31303 31858 33205 
31582 31280 31859 33279 
31734 31487 31981 33326 
32039 31902 32224 33344 
32409 32397 32526 33257 
32860 32967 32896 33135 
33183 33412 33171 32813 
33494 33792 33457 32493 
33666 33966 33635 32138 
33694 33943 33684 31815 
33584 33728 33618 31568 
33344 33365 33422 31446 
33097 32991 33198 31517 
32798 32572 32884 31698 
32545 32244 32595 32051 
32389 32092 32360 32522 
32269 32044 32138 33023 
32223 32112 32002 33512 
32192 32247 31905 33897 
32235 32457 31949 34194 
32310 32646 32069 34316 
32385 32784 32263 34257 
32450 32821 32490 33979 
32498 32747 32715 33503 
32613 32688 32995 32998 
32744 32596 33226 32403 
32943 32582 33453 31886 
33157 32635 33605 31443 
33324 32733 33613 31116 
33449 32895 33534 31016 
33506 33103 33365 31109 
33484 33352 33147 31440 
33329 33494 32833 31888 
33140 33616 32551 32482 
32879 33573 32299 33090 
32571 33397 32111 33625 
32253 33061 31966 34018 
32027 32677 31978 34274 
31909 32260 32071 34314 
31888 31885 32253 34169 
31935 31549 32429 33802 
32097 31420 32624 33351 
32297 31433 32767 32868 
32539 31628 32869 32422 
32799 31997 32960 32083 
32999 32405 32969 31833 
33191 32889 32987 31761 
33280 33303 32990 31776 
33334 33680 33026 31912 
33349 33937 33101 32100 
33291 34039 33186 32276 
33207 33961 33246 32416 
33121 33799 33284 32547 
33035 33563 33289 32665 
32919 33238 33159 32726 
32781 32881 32953 32785 
32639 32520 32684 32864 
32517 32222 32413 33019 
32386 31936 32126 33183 
32235 31717 31891 33351 
32113 31605 31756 33502 
32047 31591 31753 33596 
32043 31676 31909 33632 
32078 31822 32125 33533 
32229 32074 32458 33345 
32436 32403 32808 33050 
32694 32779 33155 32648 
33009 33219 33454 32249 
33288 33606 33623 31843 
33564 33995 33733 31558 
33744 34214 33699 31399 
33781 34265 33531 31398 
33723 34143 33320 31586 
33512 33820 33038 31918 
33179 33300 32727 32327 
32814 32750 32482 32830 
32398 32130 32252 33236 
32043 31595 32118 33610 
31763 31187 32026 33844 
31641 31023 32035 33958 
31650 31067 32093 33902 
31740 31274 32127 33692 
31977 31716 32245 33420 
32284 32297 32387 33151 
32651 32922 32576 32866 
32965 33467 32730 32539 
33316 34004 32971 32288 
33572 34304 33169 32084 
33743 34416 33381 31934 
33791 34287 33536 31844 
33707 33960 33625 31837 
33532 33495 33639 31899 
33222 32916 33503 32006 
32900 32367 33319 32210 
32569 31904 33055 32457 
32263 31582 32715 32722 
32022 31449 32372 32979 
31882 31504 32065 33198 
31860 31738 31834 33400 
31945 32077 31717 33510 
32103 32437 31732 33553 
32327 32783 31890 33523 
32583 33074 32137 33402 
32820 33267 32459 33225 
33040 33375 32809 33007 
33202 33382 33130 32768 
33299 33318 33392 32537 
33374 33243 33576 32368 
33291 33078 33547 32187 
33166 32915 33419 32090 
32983 32735 33172 32056 
32796 32594 32893 32133 
32601 32477 32614 32240 
32435 32387 32391 32394 
32363 32364 32310 32571 
32326 32355 32315 32705 
32360 32393 32444 32828 
32446 32460 32633 32906 
32577 32556 32859 32947 
32720 32651 33047 32946 
32863 32786 33168 32954 
32956 32898 33165 32934 
33036 33034 33084 32962 
33075 33152 32893 32976 
33001 33195 32601 32975 
32958 33240 32366 33025 
32826 33163 32148 33019 
32703 33032 32026 32994 
32559 32814 32015 32912 
32459 32552 32148 32800 
32416 32322 32390 32666 
32442 32154 32713 32526 
32510 32048 33032 32351 
32620 32058 33316 32202 
32760 32208 33525 32123 
32894 32440 33620 32093 
33027 32761 33619 32178 
33075 33062 33433 32291 
33064 33322 33166 32475 
