32973 32805 33580 32036 
32973 32805 33580 32036 
33000 32917 33406 31816 
33058 33061 33167 31713 
33048 33169 32886 31739 
32991 33186 32579 31863 
32927 33178 32344 32155 
32775 33014 32115 32500 
32574 32745 31937 32872 
32388 32445 31859 33269 
32224 32177 31869 33626 
32127 31945 31949 33871 
32114 31866 32137 33976 
32216 31937 32387 33922 
32423 32176 32691 33729 
32662 32476 32983 33384 
32936 32865 33272 32964 
33157 33205 33485 32463 
33373 33539 33670 32025 
33461 33710 33730 31658 
33405 33670 33646 31385 
33247 33486 33453 31286 
32997 33176 33154 31351 
32715 32795 32789 31590 
32448 32425 32425 31965 
32297 32162 32138 32483 
32191 32002 31912 32981 
32194 31974 31812 33438 
32272 32071 31839 33795 
32428 32267 31999 34037 
32562 32449 32192 34033 
32660 32609 32398 33882 
32767 32774 32659 33643 
32777 32828 32814 33267 
32743 32818 32912 32852 
32689 32793 32976 32489 
32667 32789 33035 32186 
32665 32802 33054 32002 
32692 32819 33078 31877 
32763 32869 33126 31858 
32826 32903 33158 31889 
32947 32992 33226 32012 
33044 33064 33266 32123 
33116 33100 33241 32254 
33136 33120 33151 32402 
33121 33098 33003 32562 
33030 33021 32755 32724 
32907 32907 32466 32901 
32694 32706 32138 33074 
32488 32492 31881 33289 
32296 32262 31713 33454 
32103 32018 31651 33546 
31983 31813 31744 33560 
31979 31729 32001 33511 
32038 31756 32298 33343 
32255 31973 32734 33139 
32510 32270 33115 32823 
32846 32733 33484 32492 
33187 33230 33769 32184 
33455 33679 33874 31883 
33648 34064 33875 31734 
33678 34196 33681 31642 
33534 34094 33363 31698 
33250 33757 32958 31879 
32882 33247 32517 32150 
32473 32634 32099 32511 
32096 32009 31772 32878 
31848 31504 31575 33251 
31737 31208 31562 33554 
31819 31176 31736 33774 
32057 31413 32046 33836 
32429 31895 32491 33784 
32775 32429 32897 33529 
33092 32992 33296 33178 
33319 33460 33578 32741 
33434 33830 33767 32309 
33394 33937 33739 31907 
33234 33841 33558 31609 
32996 33569 33248 31485 
32708 33165 32835 31508 
32503 32795 32481 31782 
32348 32421 32152 32133 
32302 32150 31965 32606 
32332 31982 31898 33077 
32413 31909 31935 33447 
32542 31983 32122 33746 
32669 32152 32366 33867 
32815 32412 32691 33814 
32913 32707 32977 33597 
32929 32953 33148 33197 
32927 33152 33246 32738 
32940 33347 33313 32321 
32908 33408 33256 31971 
32785 33271 33073 31702 
32669 33045 32863 31629 
32546 32745 32633 31775 
32425 32404 32429 32055 
32310 32093 32258 32428 
32289 31918 32193 32880 
32296 31860 32181 33250 
32424 32035 32304 33563 
32654 32384 32532 33749 
32887 32803 32760 33719 
33087 33219 32975 33482 
33258 33570 33150 33112 
33355 33777 33283 32653 
33373 33823 33354 32243 
33242 33603 33297 31849 
33013 33200 33132 31598 
32728 32719 32909 31533 
32506 32279 32712 31731 
32280 31878 32468 32038 
32171 31644 32289 32497 
32122 31608 32141 32955 
32169 31761 32069 33399 
32313 32075 32098 33754 
32517 32494 32223 33941 
32722 32925 32409 33895 
32891 33287 32622 33650 
33010 33545 32846 33272 
33060 33641 33047 32771 
33075 33604 33199 32295 
33034 33425 33280 31895 
32922 33122 33246 31624 
32761 32731 33104 31552 
32633 32371 32944 31710 
32511 32035 32730 32032 
32443 31840 32563 32480 
32388 31735 32416 32942 
32407 31823 32358 33361 
32500 32061 32409 33657 
32611 32377 32510 33745 
32755 32800 32655 33624 
32921 33244 32833 33329 
33060 33615 32948 32872 
33147 33881 33014 32394 
33198 33951 33024 31950 
33170 33829 32960 31669 
33014 33475 32796 31550 
32808 32988 32620 31658 
32587 32436 32481 32001 
32381 31918 32379 32476 
32213 31529 32327 32996 
32111 31324 32339 33492 
32142 31393 32440 33879 
32267 31698 32593 34068 
32462 32169 32744 34008 
32685 32701 32914 33737 
32925 33261 33064 33293 
33086 33663 33135 32707 
33204 33933 33179 32139 
33242 33949 33169 31643 
33150 33723 33054 31288 
33002 33346 32898 31148 
32807 32880 32686 31263 
32638 32430 32503 31619 
32505 32062 32326 32199 
32432 31853 32211 32839 
32414 31780 32140 33457 
32461 31894 32186 34025 
32540 32132 32308 34377 
32653 32439 32528 34506 
32722 32728 32766 34315 
32794 32993 33027 33870 
32780 33152 33207 33167 
32800 33263 33363 32444 
32821 33301 33427 31727 
32809 33263 33391 31153 
32776 33136 33209 30786 
32761 32997 32970 30747 
32767 32870 32723 31028 
32742 32725 32440 31550 
32733 32592 32238 32289 
32701 32478 32095 33036 
32673 32383 32053 33739 
32656 32327 32088 34278 
32660 32329 32242 34574 
32723 32405 32463 34603 
32784 32519 32699 34345 
32854 32664 32927 33869 
32877 32780 33104 33210 
32864 32862 33217 32504 
32857 32947 33299 31899 
32761 32930 33257 31392 
32612 32834 33122 31093 
32490 32742 32956 31060 
32379 32617 32744 31263 
32333 32541 32551 31686 
32363 32517 32379 32245 
32436 32546 32244 32823 
32563 32629 32189 33352 
32765 32777 32262 33799 
33143 33100 32612 34093 
33256 33186 32851 33901 
33244 33150 33034 33494 
33179 33092 33203 33008 
33025 32932 33277 32467 
32877 32787 33299 32019 
32705 32620 33207 31671 
32537 32443 33022 31510 
32434 32329 32805 31562 
32377 32257 32563 31810 
32376 32248 32370 32218 
32379 32248 32202 32642 
32431 32311 32139 33108 
32491 32407 32172 33505 
32539 32531 32258 33753 
32640 32724 32442 33859 
32734 32926 32653 33753 
32802 33110 32829 33457 
32889 33293 32989 33029 
33017 33484 33141 32607 
33081 33544 33210 32135 
33134 33504 33242 31787 
33098 33304 33159 31536 
33039 33016 33069 31532 
32884 32615 32885 31692 
32702 32194 32708 32072 
32511 31817 32504 32543 
32343 31550 32355 33056 
32194 31442 32212 33525 
32134 31571 32167 33887 
32213 31912 32235 34075 
32347 32362 32352 34022 
32549 32884 32556 33751 
32801 33423 32799 33323 
33035 33851 33037 32775 
33227 34087 33236 32263 
33363 34139 33368 31937 
33394 33975 33390 31785 
33319 33641 33310 31735 
33141 33185 33108 31619 
32920 32688 32862 31361 
32697 32224 32610 30970 
32438 31792 32357 30607 
32266 31527 32196 30650 
32123 31423 32097 31313 
32070 31494 32108 32680 
32142 31757 32250 34577 
32244 32070 32417 36385 
32404 32451 32614 37721 
32610 32864 32821 38238 
32765 33191 32922 37679 
32952 33497 33006 36365 
33085 33682 33009 34394 
33136 33703 32939 32072 
33154 33615 32889 29692 
33034 33329 32801 27480 
32886 32978 32769 25763 
32749 32617 32764 24846 
32730 32374 32829 25025 
32801 32301 32893 26386 
32987 32443 32963 28914 
33137 32671 32983 32294 
33238 32959 33006 36178 
33043 33002 32905 39798 
32691 32894 32809 42473 
32153 32502 32648 43678 
31698 32050 32491 43198 
31414 31602 32304 40833 
31457 31401 32171 37070 
31764 31495 32108 32411 
32227 31864 32145 27661 
32642 32339 32266 23532 
32987 32861 32462 20978 
33278 33300 32691 20298 
33688 33784 32961 21693 
34270 34297 33171 24945 
34954 34888 33337 29456 
35522 35429 33433 34497 
35604 35616 33416 39144 
34888 35132 33308 42767 
33297 33892 33175 44628 
31011 32031 32949 44479 
28619 30111 32747 42435 
26763 28648 32551 38797 
26132 28050 32367 34307 
27054 28344 32266 29724 
29445 29217 32198 25782 
32815 30299 32143 23091 
36364 31329 32172 22214 
39238 32348 32211 23047 
40892 33650 32325 25469 
40882 35473 32445 28972 
39292 37845 32634 32947 
36436 40117 32817 36533 
32873 41571 33036 39265 
29162 41383 33221 40721 
25940 39085 33413 40777 
23826 34869 33526 39453 
23158 29442 33542 37089 
24257 24064 33469 34181 
27124 19970 33319 31214 
31262 18279 33079 28791 
36032 19328 32745 27202 
40553 23039 32425 26709 
43953 28784 32151 27333 
45263 35246 31932 28817 
44131 41414 31825 30830 
40611 46332 31844 32977 
35071 49248 31934 34859 
28738 49607 32163 36197 
22696 47151 32400 36762 
18271 42064 32681 36589 
16292 34603 32899 35685 
17427 26479 33048 34396 
21500 18902 33145 32937 
27919 13477 33200 31625 
35886 11469 33240 30689 
43730 13431 33212 30179 
50225 19035 33195 30201 
53910 27156 33177 30647 
53743 36262 33142 31403 
49365 44620 33081 32280 
41423 50976 33027 33092 
31046 54218 32862 33690 
20830 53813 32707 34018 
12782 49900 32512 34014 
8645 43082 32320 33778 
9336 34249 32134 33354 
14535 25206 31996 32908 
22991 17351 31929 32484 
32922 12167 31956 32228 
42617 10627 32081 32147 
50078 13173 32279 32238 
54249 19304 32555 32454 
54439 27829 32861 32739 
50683 37248 33154 32985 
43827 45489 33398 33158 
35129 51091 33601 33211 
26221 52944 33687 33122 
18646 50685 33654 32887 
14345 45162 33463 32549 
13756 37767 33195 32258 
16762 30079 32844 32028 
22756 23525 32468 31931 
30284 19311 32111 32009 
37626 17939 31866 32267 
43592 19142 31748 32638 
47191 22628 31794 33056 
47650 27377 31957 33408 
45243 32664 32226 33667 
40549 37620 32605 33776 
34347 41500 32974 33608 
28119 43557 33310 33303 
23035 43516 33576 32874 
20109 41380 33647 32335 
20190 37728 33632 31892 
23176 33438 33423 31516 
28468 29527 33154 31417 
34645 26705 32815 31505 
40368 25381 32460 31819 
44133 25608 32208 32313 
45182 26869 32066 32868 
43311 28712 32009 33403 
38965 30879 32107 33874 
33196 33039 32264 34120 
27153 35125 32461 34133 
22082 36944 32624 33910 
19080 38130 32736 33490 
19044 38265 32800 32989 
22023 37201 32844 32484 
27346 35097 32837 32037 
33968 32516 32856 31726 
39954 30335 32875 31604 
44219 29189 32960 31666 
45939 29253 33024 31846 
45095 30297 33167 32159 
42111 31573 33245 32438 
38164 32527 33292 32709 
33988 32891 33289 32939 
30034 32635 33133 33009 
26717 32191 32892 33035 
24496 31976 32635 33040 
23417 32218 32294 32973 
23606 33091 32011 32952 
24873 34407 31797 32945 
26922 35833 31692 32971 
29413 36907 31743 33051 
32196 37109 31974 33148 
34900 35947 32263 33187 
37572 33478 32660 33199 
39881 30075 33048 33080 
41438 26596 33390 32857 
41654 24202 33637 32551 
40392 23731 33801 32281 
37757 25437 33796 31988 
34320 29120 33632 31734 
31053 33817 33380 31616 
28563 38532 33085 31699 
27083 42311 32736 31905 
26496 44460 32374 32229 
26502 44510 32085 32640 
26830 42502 31862 33085 
27494 38690 31715 33474 
28660 33621 31703 33806 
30539 27911 31840 34003 
32957 22650 32066 34035 
35606 18624 32344 33874 
38052 16683 32669 33565 
39851 17460 33037 33153 
40523 20952 33318 32653 
40033 26888 33579 32180 
38363 34350 33754 31751 
35553 42352 33793 31435 
32066 49120 33680 31278 
28711 53212 33490 31337 
25926 53968 33198 31548 
24242 51004 32844 31893 
24085 44590 32462 32352 
25567 35906 32170 32897 
28362 26185 31888 33363 
31973 17189 31740 33766 
35817 10426 31703 34042 
39104 7502 31835 34127 
41333 8803 32069 34060 
42023 14153 32328 33792 
41095 22828 32647 33412 
38710 32993 32912 32984 
35248 42864 33082 32495 
31360 50933 33256 32145 
27463 55858 33306 31842 
24409 56828 33323 31723 
22487 53994 33251 31705 
22004 48040 33112 31797 
23195 40088 33041 32005 
25919 31801 32961 32227 
29859 24347 32861 32432 
34552 18787 32797 32620 
39392 15694 32744 32779 
43492 15313 32705 32886 
46019 17271 32610 32933 
46556 20995 32541 32994 
44866 25717 32461 33045 
41050 30733 32385 33100 
35850 35271 32341 33206 
30089 38772 32312 33268 
24718 40933 32341 33342 
20540 41740 32433 33378 
18276 41342 32511 33316 
18146 40234 32645 33188 
20040 38878 32759 32953 
23728 37651 32838 32635 
28614 36768 32888 32289 
34178 36063 32940 31993 
39634 35134 32941 31767 
44248 33598 32917 31650 
47020 31335 32889 31716 
47485 28510 32897 31915 
45364 25573 32911 32201 
40798 23135 32940 32572 
34961 22023 32980 32933 
29081 22455 32990 33215 
24356 24380 32983 33417 
21684 27411 32985 33521 
21358 31071 32889 33463 
23198 34695 32765 33305 
26486 37963 32612 33110 
30317 40659 32420 32855 
34013 42801 32244 32626 
36769 44134 32071 32420 
38375 44544 32011 32357 
38667 43681 32021 32363 
37718 41267 32129 32427 
35845 37345 32326 32559 
33609 32423 32615 32716 
31528 27160 32968 32871 
29993 22287 33212 32896 
29472 18711 33493 32927 
30010 17229 33646 32864 
31378 17850 33658 32711 
33321 20479 33596 32565 
35295 24779 33390 32398 
36756 29957 33128 32262 
37323 35395 32832 32205 
36728 40409 32504 32211 
34935 44401 32215 32301 
32278 46790 31999 32497 
29299 47481 31855 32737 
26675 46562 31795 32989 
25079 44271 31830 33265 
25050 41051 31978 33491 
26592 37023 32187 33627 
29442 32375 32467 33662 
33063 27304 32792 33580 
36659 22148 33097 33333 
39540 17649 33379 32995 
41219 14684 33570 32561 
41392 14370 33729 32169 
40034 16954 33728 31781 
37452 22265 33629 31507 
34059 29463 33402 31403 
30572 37052 33092 31466 
27504 43750 32729 31676 
25406 48617 32401 32068 
24600 51039 32078 32535 
25360 50746 31877 33040 
27443 48066 31745 33450 
30541 43468 31770 33783 
34200 37253 31889 33930 
37479 30648 32128 33956 
39781 24373 32428 33797 
40590 19408 32770 33530 
39536 16530 33030 33130 
36993 16484 33284 32762 
33424 19151 33462 32393 
29612 24037 33562 32118 
26320 30134 33519 31886 
24444 36056 33367 31775 
24367 40794 33136 31776 
26107 43547 32819 31853 
29463 44032 32518 32057 
33538 42382 32272 32345 
37415 39188 32103 32669 
40228 35210 32017 32951 
41487 31254 32045 33234 
41144 28231 32230 33453 
39479 26509 32465 33556 
36878 26367 32752 33533 
33795 27759 33005 33365 
30675 30281 33219 33128 
27701 33352 33344 32815 
25196 36361 33361 32470 
23595 38623 33303 32191 
23344 39387 33117 31961 
24708 38416 32854 31858 
27516 35716 32592 31901 
31213 31714 32385 32109 
35043 27155 32234 32422 
38389 23156 32152 32791 
40853 20833 32149 33152 
42174 21125 32226 33446 
42324 24216 32397 33651 
41147 29520 32626 33697 
38448 36046 32835 33542 
34560 42210 33033 33247 
30228 46636 33169 32834 
26416 48751 33261 32405 
24119 48276 33297 32021 
23784 45347 33216 31703 
25246 40432 33037 31539 
27870 34197 32825 31602 
30612 27143 32553 31823 
32781 20567 32388 32291 
34067 15295 32205 32764 
34733 12473 32116 33252 
35113 12903 32136 33705 
35429 16787 32269 34007 
35645 23595 32500 34105 
35602 32130 32755 33934 
35281 41423 33050 33583 
34688 49194 33233 33049 
34091 54511 33359 32475 
33655 56449 33415 31955 
33379 54371 33332 31499 
33205 48574 33144 31249 
32993 39896 32875 31200 
32727 29749 32568 31373 
32534 19985 32374 31848 
32234 12568 32185 32371 
31798 8971 32092 32935 
31043 9503 32100 33473 
29925 13808 32205 33890 
28542 21032 32381 34119 
27418 29583 32634 34165 
27013 38129 32847 33967 
27830 45564 33040 33594 
30040 51195 33172 33114 
33277 54126 33282 32624 
36887 54020 33290 32145 
40073 50751 33211 31786 
42118 44424 33033 31534 
42598 36133 32819 31496 
41449 27043 32568 31627 
38908 18816 32330 31898 
35394 13042 32189 32300 
31509 10995 32114 32714 
27702 12802 32116 33086 
24474 17929 32263 33406 
22156 25247 32489 33617 
21113 33008 32740 33643 
21643 39889 32986 33525 
23915 45082 33231 33334 
27902 48086 33424 33061 
32911 48703 33482 32728 
38230 47278 33451 32450 
42821 44028 33276 32184 
45864 39247 32994 31983 
46744 33668 32714 31947 
45388 27875 32416 32006 
42133 22768 32184 32167 
37418 19156 31969 32355 
32111 17977 31893 32612 
26879 19392 31952 32876 
22324 23080 32087 33072 
19223 28464 32390 33266 
18109 34214 32706 33372 
19166 39499 33023 33353 
22261 43626 33283 33253 
27080 46061 33412 33072 
32678 46274 33423 32855 
38116 44348 33320 32664 
42812 40397 33137 32509 
46146 34788 32823 32352 
47794 28034 32495 32272 
47433 21879 32321 32337 
44936 17245 32169 32379 
40588 15368 32156 32463 
34783 17066 32342 32608 
28388 22033 32553 32659 
22405 29474 32865 32745 
17712 37883 33097 32723 
15261 45765 33311 32721 
15557 51252 33387 32684 
18504 53419 33323 32634 
23710 51780 33137 32626 
30375 46354 32816 32631 
37355 38240 32518 32725 
43690 28514 32201 32822 
48596 18812 31978 32933 
51438 10836 31865 33029 
51687 6656 31946 33146 
49108 7255 32129 33172 
43946 12996 32429 33168 
36442 23298 32761 33058 
28006 35940 33120 32939 
19803 48587 33379 32730 
13248 59297 33608 32534 
10225 64799 33657 32333 
11084 65357 33567 32142 
15713 58135 33340 32012 
23337 46452 32985 31948 
32366 31860 32590 31991 
41252 16609 32245 32180 
48562 3573 31920 32417 
53329 122 31760 32775 
54542 42 31770 33130 
52309 1684 31917 33451 
47030 15073 32211 33711 
39371 30739 32594 33812 
30793 46967 33002 33720 
22562 60904 33322 33446 
15906 65385 33609 33073 
12092 65502 33732 32607 
11645 65520 33706 32141 
14672 64906 33516 31724 
20896 45896 33184 31470 
29095 27505 32797 31409 
37992 10070 32398 31554 
46098 334 32108 31940 
52017 54 31885 32394 
54348 32 31821 32901 
52737 6776 31931 33406 
47393 19885 32108 33746 
39211 35637 32384 33960 
30061 50492 32697 33976 
21595 61684 32949 33789 
15311 65403 33106 33444 
12308 65503 33198 33071 
12910 58648 33170 32668 
16948 45493 33114 32317 
23685 29198 32970 32012 
31785 13414 32870 31889 
40070 1070 32776 31834 
47199 88 32708 31883 
51997 44 32736 32030 
53354 7592 32793 32214 
51060 15691 32842 32369 
45659 29926 32899 32529 
38071 44497 32913 32665 
29755 56948 32852 32754 
22074 64912 32789 32881 
15990 65458 32630 32981 
12485 65485 32470 33132 
11847 59043 32318 33279 
14236 47865 32196 33393 
19476 34862 32128 33476 
27068 21916 32198 33552 
36009 10783 32341 33516 
44943 2773 32541 33344 
52044 149 32754 33061 
56148 83 32983 32706 
56454 4809 33201 32336 
52808 13624 33340 31934 
46053 24725 33441 31659 
37178 36789 33423 31472 
27630 48198 33322 31449 
18856 57633 33181 31600 
12534 63363 32966 31869 
9493 64755 32691 32211 
10198 61720 32469 32663 
14477 54868 32209 33103 
21271 45535 31990 33485 
29389 34942 31884 33821 
37422 24480 31866 34002 
44346 15307 31981 34076 
49100 8721 32199 34002 
51353 5106 32458 33759 
51016 4816 32751 33387 
48259 8161 33102 32953 
43592 14570 33374 32456 
37622 23555 33605 31996 
31110 33920 33721 31588 
24775 44529 33663 31270 
19833 53551 33519 31149 
16893 59729 33274 31199 
16481 61818 32935 31407 
18844 59182 32573 31818 
23544 52189 32298 32370 
29634 41692 32032 32913 
35909 29524 31842 33432 
41194 17852 31834 33918 
44280 9224 31904 34204 
44743 5552 32103 34328 
42832 7207 32347 34225 
39242 13582 32601 33932 
34796 23285 32834 33510 
30606 33882 32964 32970 
27402 43424 33061 32460 
25697 50382 33119 32030 
25721 53757 33121 31680 
27441 52868 33087 31494 
30343 48407 33081 31525 
33636 41169 33089 31676 
36474 32284 33042 31870 
38303 23315 33077 32190 
38609 16266 33045 32479 
37579 12575 33015 32783 
35489 13167 32907 32980 
32765 18268 32748 33137 
29898 26545 32562 33229 
27194 36152 32379 33251 
25048 44934 32179 33222 
24048 51122 32039 33193 
24719 53197 31962 33125 
27352 51150 31987 33077 
31682 45641 32090 33009 
37003 37731 32315 32961 
41888 29000 32619 32916 
44959 21057 32902 32820 
45536 15041 33179 32708 
43464 11965 33395 32568 
39134 12584 33502 32382 
33902 17021 33505 32226 
28731 24538 33420 32104 
24450 33729 33258 32031 
21618 42991 33050 32017 
20664 50046 32835 32082 
21563 53673 32582 32175 
24239 53393 32420 32385 
28300 49277 32255 32619 
32934 42573 32158 32876 
37350 34649 32093 33145 
40669 26950 32081 33377 
42312 20723 32159 33604 
41893 17143 32256 33709 
39751 16458 32402 33706 
36591 18556 32613 33626 
33200 22683 32804 33405 
30245 27977 32991 33064 
28554 32916 33194 32712 
28085 36816 33328 32295 
28808 39271 33448 31923 
30374 40220 33431 31566 
32408 40047 33382 31390 
34444 39192 33244 31315 
36012 38111 33031 31392 
36680 37015 32771 31660 
