33001 32595 32765 32453 
33001 32595 32765 32453 
33231 32780 32904 32733 
33338 32939 33000 32917 
33374 33089 33051 33014 
33295 33189 33035 33033 
33121 33196 32941 32974 
32847 33078 32760 32876 
32529 32883 32556 32782 
32221 32654 32342 32753 
31988 32408 32174 32801 
31851 32175 32067 32877 
31842 32032 32060 33030 
31988 31999 32185 33194 
32231 32073 32389 33302 
32554 32281 32681 33354 
32898 32537 32978 33260 
33162 32793 33197 33001 
33388 33078 33380 32674 
33512 33315 33454 32278 
33542 33510 33447 31916 
33416 33541 33300 31580 
33217 33472 33101 31427 
32937 33278 32838 31407 
32640 33004 32585 31607 
32389 32691 32368 31989 
32179 32353 32197 32478 
32063 32070 32090 33037 
32038 31856 32057 33588 
32087 31744 32083 34037 
32245 31815 32213 34345 
32433 31983 32381 34419 
32635 32250 32571 34251 
32825 32604 32784 33871 
32986 32967 32995 33330 
33052 33282 33125 32663 
33136 33598 33282 32035 
33155 33758 33360 31434 
33102 33751 33347 31004 
33034 33629 33291 30807 
32936 33373 33162 30842 
32746 32662 32806 31617 
32680 32307 32603 32258 
32649 32050 32452 32972 
32555 31798 32245 33584 
32521 31745 32146 34114 
32488 31811 32092 34442 
32473 31993 32118 34518 
32430 32226 32181 34325 
32433 32533 32310 33971 
32449 32820 32483 33460 
32441 33030 32608 32864 
32484 33195 32774 32317 
32572 33274 32913 31873 
32640 33208 32996 31559 
32742 33134 33085 31469 
32880 33022 33153 31561 
32980 32889 33179 31771 
33108 32803 33227 32063 
33183 32731 33216 32360 
33224 32716 33194 32622 
33219 32752 33138 32838 
33119 32754 33014 32921 
32946 32759 32828 32926 
32773 32772 32641 32924 
32558 32720 32422 32869 
32360 32629 32205 32843 
32188 32501 32008 32860 
32088 32357 31897 32932 
32051 32223 31845 33032 
32108 32143 31915 33174 
32265 32165 32124 33323 
32480 32274 32417 33419 
32760 32486 32785 33454 
32981 32694 33099 33313 
33201 32997 33423 33080 
33320 33222 33598 32710 
33381 33455 33694 32322 
33359 33580 33664 31937 
33201 33571 33458 31572 
33003 33427 33183 31342 
32772 33177 32873 31287 
32547 32859 32555 31420 
32388 32541 32313 31765 
32284 32248 32135 32251 
32193 31963 31989 32766 
32211 31821 31956 33347 
32272 31776 32004 33884 
32389 31882 32135 34267 
32534 32079 32297 34464 
32662 32328 32496 34413 
32758 32610 32703 34135 
32869 32917 32938 33712 
32919 33152 33098 33105 
32980 33391 33271 32498 
33031 33544 33396 31876 
33061 33602 33456 31376 
33056 33544 33407 31016 
33045 33408 33304 30859 
32992 33190 33111 30926 
32904 32921 32878 31203 
32810 32612 32611 31654 
32737 32373 32415 32304 
32646 32166 32239 32952 
32504 31978 32077 33543 
32439 31947 32050 34087 
32390 32008 32091 34430 
32381 32170 32235 34558 
32363 32336 32385 34424 
32387 32553 32566 34089 
32455 32758 32754 33594 
32483 32882 32861 32992 
32529 32915 32901 32353 
32641 32964 32969 31862 
32708 32935 32950 31466 
32806 32888 32950 31294 
32928 32879 32948 31314 
33030 32873 32952 31510 
33132 32927 32990 31844 
33202 33004 33036 32235 
33223 33078 33055 32586 
33203 33150 33075 32911 
33080 33126 33013 33083 
32917 33059 32911 33188 
32707 32913 32768 33195 
32482 32677 32571 33133 
32310 32427 32399 33067 
32157 32166 32212 33010 
32053 31909 32035 32949 
32081 31796 31979 32981 
32159 31788 31978 33029 
32335 31929 32113 33113 
32523 32173 32296 33132 
32763 32533 32601 33140 
32947 32901 32893 33030 
33050 33208 33131 32802 
33131 33466 33346 32486 
33180 33656 33507 32201 
33131 33680 33521 31882 
33063 33604 33455 31649 
32986 33435 33302 31580 
32884 33188 33094 31624 
32784 32923 32861 31840 
32694 32624 32632 32165 
32618 32356 32423 32606 
32574 32153 32275 33091 
32495 31939 32124 33495 
32397 31789 32016 33827 
32367 31760 32007 34046 
32347 31808 32048 34108 
32336 31935 32143 33966 
32397 32180 32334 33713 
32448 32453 32521 33293 
32600 32826 32817 32858 
32704 33127 33046 32325 
32904 33513 33337 31890 
33076 33779 33548 31524 
33178 33923 33637 31290 
33271 33931 33653 31258 
33295 33786 33542 31370 
33224 33510 33299 31642 
33116 33147 33017 32040 
32917 32674 32645 32477 
32758 32282 32337 33017 
32544 31889 32035 33431 
32373 31637 31861 33788 
32262 31541 31797 33966 
32209 31601 31864 33986 
32208 31783 32033 33847 
32274 32080 32281 33609 
32332 32372 32538 33256 
32404 32696 32784 32875 
32510 32969 32975 32527 
32602 33196 33091 32247 
32677 33305 33115 32023 
32799 33391 33141 31948 
32893 33358 33092 31946 
33008 33304 33062 32057 
33116 33199 33042 32199 
33214 33084 33034 32358 
33280 32974 33053 32489 
33289 32861 33052 32573 
33252 32770 33045 32634 
33149 32690 32983 32651 
32981 32622 32884 32676 
32743 32528 32704 32677 
32508 32458 32526 32750 
32264 32356 32301 32866 
32038 32239 32073 32983 
31885 32131 31904 33121 
31828 32077 31835 33276 
31921 32107 31899 33419 
32105 32194 32074 33492 
32365 32351 32324 33462 
32728 32621 32707 33346 
33057 32898 33065 33131 
33337 33161 33385 32807 
33554 33421 33652 32444 
33651 33616 33801 32119 
33616 33692 33807 31823 
33457 33664 33653 31633 
33159 33463 33333 31527 
32854 33218 32994 31609 
32524 32877 32585 31780 
32315 32573 32291 32114 
32155 32265 32044 32476 
32104 32022 31922 32878 
32110 31828 31875 33235 
32218 31766 31951 33547 
32354 31790 32105 33769 
32485 31871 32256 33836 
32638 32092 32479 33845 
32723 32312 32642 33717 
32758 32576 32779 33516 
32756 32851 32893 33250 
32745 33101 32978 32920 
32764 33351 33088 32599 
32850 33593 33237 32312 
32931 33696 33336 31961 
33028 33732 33412 31675 
33158 33683 33467 31519 
33244 33531 33431 31446 
33267 33261 33292 31475 
33209 32935 33063 31632 
33081 32577 32764 31923 
32902 32252 32437 32327 
32630 31930 32081 32792 
32367 31722 31811 33351 
32164 31656 31664 34002 
32017 31688 31652 34548 
31960 31856 31818 34847 
32035 32095 32098 34680 
32121 32330 32409 33845 
32301 32606 32799 32556 
32487 32842 33134 31094 
32659 33023 33354 29980 
32871 33213 33498 29709 
33063 33364 33513 30399 
33204 33460 33410 31861 
33330 33521 33243 33764 
33352 33476 32996 35424 
33359 33421 32792 36543 
33337 33326 32666 36853 
33221 33153 32555 36283 
33045 32940 32523 34994 
32837 32668 32558 33174 
32619 32403 32652 31070 
32346 32076 32711 28826 
32083 31751 32737 26924 
31935 31558 32715 25748 
31920 31540 32614 25610 
32109 31773 32490 26809 
32437 32202 32363 29286 
32774 32730 32228 32719 
33051 33258 32208 36616 
33079 33552 32199 40262 
32940 33639 32358 42956 
32639 33452 32583 44095 
32364 33121 32878 43332 
32202 32714 33122 40546 
32374 32525 33391 36315 
32738 32525 33587 31179 
33103 32631 33637 25987 
33335 32746 33527 21592 
33392 32793 33338 18985 
33356 32779 33078 18587 
33364 32761 32746 20504 
33585 32902 32440 24483 
33996 33286 32178 29858 
34330 33743 31945 35710 
34306 34031 31795 41132 
33649 33845 31764 45298 
32208 33014 31828 47385 
30275 31771 32028 47141 
28329 30529 32334 44668 
26951 29671 32626 40330 
26763 29592 32958 34796 
28077 30208 33240 29147 
30733 31201 33503 24225 
34228 32184 33660 20748 
37828 32919 33732 19237 
40571 33453 33655 19859 
41866 34170 33476 22385 
41428 35312 33216 26302 
39212 37022 32885 31109 
35804 38729 32553 35734 
31704 39709 32241 39585 
27629 39231 31987 42120 
24266 36924 31828 43086 
22212 32971 31805 42461 
21815 28067 31870 40431 
23431 23373 32072 37436 
26835 20162 32321 34067 
31551 19213 32562 30833 
36825 20868 32794 28218 
41714 24942 32974 26544 
45109 30529 33062 26049 
46302 36645 33111 26633 
44912 42310 33121 28105 
40804 46779 33089 30118 
34984 49098 33049 32182 
28333 49032 33019 33996 
22211 46397 33021 35280 
17772 41208 33029 35898 
16109 34243 33044 35811 
17511 26473 33015 35178 
21839 19225 32960 34162 
28579 13947 32858 33029 
36408 11949 32702 32056 
44116 13708 32521 31434 
50275 18847 32290 31230 
53568 26590 32078 31458 
52919 35186 31944 32076 
48189 43291 31898 32843 
40034 49576 31983 33645 
29916 53025 32137 34234 
19963 53224 32424 34535 
12298 50038 32737 34403 
8660 43815 33068 33882 
9903 35741 33349 33065 
15510 27065 33544 32111 
24214 19328 33644 31198 
34395 13852 33603 30490 
43835 11933 33478 30143 
51101 13835 33239 30170 
54969 19228 32962 30621 
54739 27259 32647 31385 
50640 36072 32404 32431 
43374 43896 32173 33447 
34265 49250 32002 34365 
25095 51082 31930 35035 
17575 49177 31923 35387 
13145 44179 32007 35366 
12615 37283 32181 35005 
15905 30264 32378 34335 
22133 24501 32633 33494 
29911 20887 32899 32604 
38015 19810 33162 31733 
44329 21127 33350 31026 
48171 24341 33512 30620 
48934 28642 33561 30455 
46549 33374 33501 30538 
41688 37644 33347 30864 
35288 40801 33140 31408 
28549 42276 32862 32027 
22949 41896 32613 32710 
19579 39692 32341 33317 
19278 36248 32165 33870 
22055 32304 32024 34211 
27281 28843 32011 34411 
33663 26504 32046 34399 
39712 25624 32162 34204 
43849 26155 32331 33881 
45261 27641 32546 33458 
43697 29611 32745 32978 
39544 31788 32973 32504 
33886 33863 33164 32066 
27869 35827 33299 31700 
22621 37541 33343 31442 
19554 38597 33316 31335 
19312 38602 33208 31395 
22061 37367 33005 31589 
27261 34990 32747 31904 
33599 32239 32514 32333 
39563 29846 32350 32829 
43793 28450 32188 33266 
45530 28365 32142 33660 
44742 29331 32208 33962 
42003 30675 32357 34042 
38173 31792 32550 33940 
34000 32451 32832 33696 
30130 32522 33033 33251 
26969 32407 33230 32762 
24727 32396 33320 32225 
23624 32823 33327 31747 
23753 33767 33219 31423 
24945 35094 32994 31281 
27007 36574 32755 31401 
29615 37686 32530 31750 
32357 37863 32329 32228 
35067 36681 32180 32744 
37719 34012 32122 33278 
39935 30391 32162 33714 
41363 26673 32297 34012 
41500 23832 32470 34070 
40062 22803 32661 33931 
37307 24067 32813 33622 
33810 27313 32888 33177 
30471 31884 32939 32707 
27957 36876 32993 32308 
26593 41080 32981 31959 
26246 43845 32946 31725 
26546 44724 32930 31662 
27252 43611 32949 31732 
28262 40610 32980 31899 
29624 36106 33001 32109 
31501 30732 33016 32371 
33850 25170 32985 32621 
36260 20629 32914 32869 
38350 17853 32757 33045 
39752 17555 32602 33200 
40116 20041 32388 33297 
39335 24999 32223 33361 
37407 31735 32066 33348 
34627 39143 32000 33322 
31295 45976 32043 33264 
28036 50644 32173 33146 
25441 52347 32397 33003 
23985 50596 32688 32827 
24028 45402 32977 32594 
25668 37738 33238 32353 
28642 28816 33425 32146 
32415 20181 33513 31959 
36325 13442 33513 31853 
39683 9882 33387 31833 
41944 10241 33218 31909 
42667 14646 32982 32088 
41725 22184 32730 32336 
39292 31467 32497 32639 
35731 40912 32280 32936 
31519 48908 32087 33215 
27439 54001 32008 33483 
24078 55327 31967 33622 
21944 53053 32037 33717 
21255 47730 32140 33656 
22232 40246 32305 33515 
24831 32291 32539 33316 
28812 24996 32786 33055 
33703 19273 33003 32696 
38905 16082 33264 32379 
43225 15596 33448 32064 
46233 17512 33599 31836 
47233 21212 33622 31631 
45909 26113 33535 31560 
42490 31214 33373 31594 
37477 35908 33114 31749 
31636 39534 32814 32003 
25824 41781 32473 32355 
21196 42439 32180 32769 
18261 41742 31926 33170 
17467 40230 31816 33582 
18844 38377 31818 33909 
22138 36713 31897 34048 
26909 35502 32058 34054 
32753 34652 32304 33897 
38620 33751 32532 33576 
43599 32508 32748 33194 
46954 30659 32956 32756 
47946 28293 33120 32326 
46182 25760 33260 31947 
42061 23762 33348 31664 
36407 22876 33412 31553 
30391 23441 33437 31573 
25223 25441 33427 31716 
22037 28388 33294 31885 
21323 31893 33229 32209 
22789 35341 33037 32480 
25844 38398 32797 32738 
29630 40844 32541 32973 
33392 42640 32283 33175 
36434 43721 32032 33301 
38238 43850 31842 33380 
38700 42822 31753 33429 
37954 40446 31803 33467 
36109 36583 31916 33411 
33805 31816 32141 33348 
31543 26700 32454 33256 
29794 22018 32753 33079 
29031 18631 33096 32883 
29340 17176 33335 32605 
30683 17928 33569 32375 
32631 20628 33688 32135 
34787 24986 33657 31874 
36568 30262 33546 31706 
37595 35840 33391 31672 
37497 40975 33145 31717 
36123 45118 32852 31872 
33750 47596 32582 32130 
30831 48286 32342 32488 
28003 47197 32117 32859 
25890 44544 31894 33223 
25162 40890 31771 33590 
25966 36465 31763 33871 
28112 31459 31817 33999 
31265 26050 31980 33988 
34661 20875 32229 33803 
37706 16546 32606 33536 
39795 13878 32958 33121 
40625 13815 33329 32627 
40057 16804 33663 32153 
38235 22552 33881 31719 
35564 30094 33955 31396 
32414 38169 33872 31256 
29458 45108 33640 31267 
27115 50010 33258 31452 
25814 52224 32814 31805 
25864 51598 32348 32273 
27308 48530 32011 32864 
29799 43471 31719 33364 
32866 37081 31578 33763 
36006 30014 31606 34036 
38385 23497 31815 34120 
39424 18337 32089 34023 
38798 15332 32383 33723 
36691 15247 32701 33365 
33521 17984 32983 32964 
29922 22941 33113 32503 
26805 29455 33239 32171 
24924 36160 33282 31961 
24834 41405 33245 31836 
26597 44682 33201 31848 
29861 45595 33162 31954 
33974 44142 33124 32085 
37890 40968 33100 32267 
40772 36810 33073 32417 
42027 32519 33002 32515 
41601 28822 32915 32611 
39700 26394 32761 32666 
36882 25553 32580 32742 
33583 26312 32372 32852 
30106 28370 32127 32963 
26984 31257 31985 33150 
24396 34344 31872 33322 
22788 36887 31889 33511 
22589 38286 32009 33633 
24067 38064 32216 33654 
27019 36132 32490 33523 
31083 32755 32846 33303 
35227 28698 33156 32936 
38851 24937 33421 32484 
41545 22648 33622 32046 
43046 22611 33675 31585 
43222 25230 33636 31326 
41961 30004 33476 31210 
39238 35860 33245 31296 
35254 41518 32990 31609 
30575 45694 32652 32041 
26344 47683 32389 32620 
23464 47088 32122 33209 
22706 44188 31887 33704 
24052 39538 31805 34154 
26713 33613 31779 34331 
29862 27042 31873 34342 
32445 20882 32052 34121 
34229 16022 32344 33729 
35273 13378 32669 33213 
35847 13706 32994 32587 
36218 17293 33309 32004 
36367 23714 33593 31509 
36143 32062 33744 31154 
35552 40722 33755 31005 
34752 48448 33679 31121 
33900 53923 33482 31440 
33203 56089 33165 31913 
32842 54448 32839 32492 
32651 49070 32454 33045 
32584 40771 32163 33605 
32486 30821 31912 33981 
32404 21035 31773 34152 
32322 13312 31750 34129 
32128 9015 31875 33937 
31579 8962 32045 33545 
30674 12880 32330 33137 
29375 19774 32619 32663 
28129 28313 32972 32287 
27398 37050 33231 31956 
27734 44878 33423 31741 
29460 50942 33561 31723 
32276 54233 33539 31796 
35634 54464 33423 31976 
38793 51473 33213 32220 
41034 45464 32913 32488 
41926 37063 32573 32742 
41301 27892 32298 33010 
39310 19448 32079 33178 
36382 13391 31965 33312 
32857 10881 32001 33385 
29284 12385 32138 33351 
26036 17350 32382 33265 
23427 24688 32688 33097 
21902 32579 32985 32875 
21761 39720 33259 32654 
23246 45092 33423 32414 
26561 48245 33510 32220 
31181 48864 33410 32035 
36413 47370 33228 31999 
41257 44049 32969 32056 
44832 39344 32648 32192 
46430 33728 32331 32415 
45855 27917 32106 32714 
43203 22730 31957 32983 
38760 18932 31903 33189 
33607 17619 31986 33329 
28209 18882 32147 33349 
23368 22564 32396 33312 
19638 28089 32676 33160 
17926 33963 32898 32958 
18420 39432 33083 32741 
21108 43812 33219 32555 
25800 46514 33306 32441 
31332 46987 33322 32385 
37088 45291 33292 32394 
42231 41513 33210 32442 
46166 35888 33104 32466 
48337 29406 32994 32522 
48481 22950 32866 32551 
46436 17831 32720 32532 
42100 15189 32539 32461 
36327 16109 32411 32435 
29631 20365 32267 32397 
23042 27284 32173 32450 
17600 35683 32106 32552 
14476 43586 32114 32728 
14156 49592 32201 32953 
16691 52545 32329 33182 
21892 51893 32541 33440 
28656 47637 32769 33605 
36048 40460 32993 33640 
42949 31442 33141 33513 
48694 21702 33264 33246 
52164 13608 33335 32908 
52900 8762 33349 32498 
50683 8261 33272 32069 
45637 12608 33122 31694 
38062 21531 32953 31487 
29306 33016 32736 31446 
20523 45060 32471 31568 
13478 55417 32301 31912 
9464 61974 32120 32356 
9579 62966 32044 32878 
13704 58276 32041 33389 
21030 48448 32116 33794 
30466 34934 32305 34035 
40076 20201 32557 34059 
48150 7371 32852 33902 
53608 299 33116 33512 
55645 57 33321 32995 
53955 65 33431 32398 
48967 12660 33475 31916 
41486 27290 33392 31513 
32637 43298 33227 31329 
23684 57966 32966 31360 
16369 65304 32680 31615 
11704 65490 32447 32069 
10417 65516 32228 32559 
12950 65376 32084 33092 
18893 47828 32035 33523 
27127 30172 32100 33842 
36395 12973 32247 33961 
45085 640 32443 33870 
51833 71 32661 33611 
55036 34 32879 33232 
54150 5444 32988 32718 
49443 17702 33183 32341 
41566 33258 33274 31977 
32060 48603 33218 31691 
23126 60528 33172 31670 
16146 65378 33023 31773 
12306 65500 32826 32016 
12135 59049 32573 32355 
15537 48531 32395 32772 
21705 32927 32232 33138 
29593 16809 32130 33399 
38228 3096 32187 33592 
45750 123 32340 33614 
51057 49 32566 33472 
53179 106 32831 33202 
51637 12956 33078 32826 
46847 26745 33310 32461 
39765 41403 33458 32141 
31592 54362 33411 31856 
23858 63598 33315 31784 
17627 65429 33077 31840 
13652 65482 32759 32046 
12415 58831 32439 32411 
14218 50053 32178 32816 
18814 37366 31948 33155 
25865 24251 31891 33462 
34493 12382 31983 33663 
43078 3707 32176 33685 
50298 181 32427 33523 
54829 83 32731 33259 
55740 5347 33059 32913 
52746 11506 33258 32472 
46638 22411 33408 32101 
38372 34649 33479 31852 
29035 46756 33412 31695 
20477 56662 33233 31725 
13965 63211 32998 31882 
10502 65348 32725 32178 
10741 62934 32477 32588 
14452 56671 32251 33000 
20798 47476 32052 33331 
28594 36750 32000 33631 
36610 25800 32074 33841 
43348 16286 32206 33808 
48247 9079 32450 33685 
50735 4879 32724 33397 
50674 4091 32986 32984 
48222 6833 33197 32513 
43863 12910 33385 32075 
38070 21668 33447 31674 
31576 32230 33412 31424 
25448 42901 33292 31354 
20441 52376 33095 31471 
17321 59177 32827 31749 
16705 62071 32540 32169 
18836 60149 32331 32692 
23278 53635 32140 33198 
29245 43527 32061 33671 
35669 31274 32098 34041 
40934 19589 32181 34156 
44212 10613 32366 34132 
44931 6153 32558 33884 
43195 7042 32762 33495 
39635 12732 32864 32998 
35234 21773 32933 32471 
30961 32144 32983 32056 
27474 41916 32954 31685 
25504 49053 32911 31511 
25300 52758 32934 31570 
26699 52578 32918 31707 
29423 48697 32929 31968 
32726 42014 32980 32280 
35815 33661 33030 32615 
37962 25054 33046 32888 
38726 17783 32991 33070 
38113 13739 32928 33206 
36354 13762 32787 33216 
33882 18069 32612 33195 
31038 25904 32443 33147 
28190 35126 32220 33025 
25781 43833 32085 32947 
24334 50064 32027 32907 
24419 52544 32064 32893 
26465 50871 32194 32895 
30311 45754 32411 32887 
35304 38332 32681 32863 
40341 29872 32972 32798 
43894 22018 33213 32685 
45140 15884 33396 32541 
43761 12496 33487 32374 
40069 12578 33435 32195 
35199 16361 33298 32042 
30106 23308 33111 31976 
25734 32246 32889 31967 
22659 41515 32659 32038 
21366 49011 32495 32247 
21898 53363 32363 32505 
24097 53789 32265 32782 
27792 50358 32226 33122 
32305 43793 32193 33415 
36627 35982 32250 33695 
39968 28168 32309 33840 
41739 21718 32423 33871 
41536 17564 32549 33760 
39455 16336 32668 33478 
36375 18038 32837 33148 
33039 21847 32999 32697 
30245 26796 33163 32250 
28482 31868 33288 31780 
28095 35960 33402 31471 
28792 38568 33362 31232 
30426 39784 33280 31220 
32528 39841 33119 31371 
34666 39271 32939 31745 
36345 38418 32683 32193 
37155 37613 32449 32770 
