32291 32912 32314 33805 
32291 32912 32314 33805 
32461 33240 32592 33571 
32692 33503 32899 33260 
32922 33646 33182 32880 
33150 33695 33435 32498 
33385 33675 33645 32150 
33496 33509 33718 31835 
33516 33265 33661 31605 
33388 32944 33463 31481 
33205 32644 33196 31533 
32970 32400 32906 31740 
32693 32170 32565 32006 
32441 32044 32276 32377 
32211 31962 32013 32741 
32052 31975 31843 33133 
32006 32057 31804 33465 
32086 32216 31895 33734 
32241 32408 32077 33891 
32450 32596 32335 33863 
32699 32821 32637 33770 
32889 32954 32874 33463 
33033 33088 33087 33095 
33158 33227 33273 32717 
33175 33275 33344 32283 
33136 33282 33363 31936 
33013 33211 33266 31665 
32817 33060 33078 31523 
32618 32872 32874 31559 
32426 32644 32647 31756 
32327 32473 32486 32117 
32209 32259 32293 32476 
32249 32177 32237 32950 
32326 32115 32196 33322 
32531 32205 32297 33658 
32791 32393 32483 33855 
33040 32622 32701 33848 
33241 32858 32928 33648 
33333 33021 33082 33266 
33349 33163 33203 32795 
33304 33259 33282 32332 
33136 33237 33225 31899 
32906 33134 33088 31589 
32626 32961 32864 31482 
32375 32744 32615 31556 
32191 32569 32406 31871 
32075 32411 32233 32286 
32029 32305 32122 32770 
32081 32265 32118 33227 
32220 32306 32213 33623 
32401 32379 32364 33861 
32619 32499 32571 33920 
32799 32603 32770 33780 
32926 32665 32893 33467 
33022 32731 32992 33080 
33039 32742 33007 32640 
33080 32796 33009 32287 
33065 32817 32981 31970 
33011 32832 32908 31783 
33015 32918 32904 31779 
32987 32989 32901 31863 
32941 33070 32908 32037 
32918 33139 32930 32286 
32852 33137 32930 32499 
32738 33055 32889 32687 
32628 32958 32841 32857 
32476 32751 32709 32964 
32343 32552 32593 33075 
32234 32342 32440 33128 
32135 32150 32279 33142 
32104 32022 32154 33148 
32164 31995 32088 33147 
32296 32063 32110 33139 
32506 32248 32232 33113 
32726 32466 32394 33023 
33009 32792 32690 32973 
33208 33044 32930 32819 
33365 33274 33173 32638 
33475 33448 33385 32453 
33462 33513 33506 32249 
33341 33444 33482 32051 
33188 33335 33422 31955 
32956 33129 33250 31903 
32682 32849 33004 31901 
32437 32572 32733 32016 
32278 32348 32489 32248 
32121 32111 32235 32500 
32044 31950 32050 32811 
32051 31896 31944 33152 
32076 31884 31904 33446 
32173 31985 31979 33716 
32307 32181 32148 33881 
32470 32433 32355 33897 
32642 32715 32603 33758 
32846 33045 32893 33512 
33003 33299 33113 33085 
33198 33548 33337 32623 
33398 33733 33526 32164 
33492 33750 33570 31684 
33543 33687 33562 31351 
33528 33514 33465 31181 
33357 33177 33224 31151 
33126 32797 32936 31338 
32849 32408 32636 31739 
32546 32060 32358 32297 
32215 31739 32082 32897 
31923 31568 31904 33469 
31765 31550 31847 33971 
31716 31692 31904 34287 
31791 31924 32034 34364 
31989 32273 32267 34235 
32275 32650 32524 33916 
32577 33004 32752 33440 
32847 33286 32915 32855 
33137 33541 33071 32375 
33327 33652 33146 31943 
33398 33610 33153 31616 
33411 33516 33161 31519 
33322 33297 33138 31545 
33163 33033 33088 31669 
32993 32767 33071 31917 
32866 32572 33096 32217 
32705 32360 33053 32461 
32633 32267 33038 32734 
32599 32237 32969 32959 
32513 32173 32782 33058 
32497 32233 32594 33195 
32476 32304 32372 33267 
32460 32399 32141 33318 
32453 32543 31967 33356 
32444 32659 31825 33343 
32422 32787 31806 33311 
32446 32884 31908 33235 
32458 32937 32114 33089 
32541 32989 32456 32934 
32646 33018 32864 32734 
32749 32980 33229 32469 
32894 32957 33587 32232 
33018 32896 33798 31999 
33148 32868 33898 31849 
33212 32811 33788 31743 
33207 32759 33562 31743 
33186 32735 33262 31897 
33064 32688 32879 32112 
32870 32588 32469 32372 
32681 32542 32147 32739 
32455 32459 31864 33090 
32247 32372 31679 33397 
32092 32318 31628 33646 
32053 32325 31718 33831 
32093 32390 31912 33884 
32212 32484 32181 33780 
32418 32635 32518 33589 
32672 32825 32890 33303 
32909 32987 33205 32890 
33118 33147 33477 32445 
33313 33292 33693 32041 
33414 33368 33786 31709 
33348 33296 33693 31420 
33222 33163 33526 31334 
32987 32911 33229 31375 
32717 32637 32896 31608 
32445 32330 32524 31968 
32283 32152 32235 32450 
32158 32015 31981 32904 
32162 32026 31850 33379 
32275 32165 31838 33773 
32499 32434 31969 34055 
32730 32734 32180 34145 
32947 33006 32426 34029 
33088 33225 32690 33745 
33165 33338 32949 33344 
33131 33326 33128 32872 
33022 33198 33273 32389 
32863 33002 33332 31973 
32657 32723 33301 31621 
32516 32485 33235 31492 
32332 32224 33021 31461 
32238 32043 32776 31602 
32323 32079 32370 32339 
32438 32225 32196 32772 
32557 32432 32105 33164 
32719 32714 32142 33511 
32896 33032 32291 33767 
33021 33271 32511 33818 
33136 33461 32807 33714 
33181 33531 33080 33468 
33198 33529 33328 33118 
33170 33423 33501 32714 
33139 33273 33572 32328 
33020 33004 33451 31948 
32917 32752 33220 31719 
32763 32460 32882 31652 
32601 32207 32493 31737 
32433 31988 32147 31974 
32238 31818 31849 32299 
32120 31765 31733 32720 
31999 31771 31736 33094 
31992 31901 31934 33417 
32088 32144 32245 33633 
32238 32439 32592 33679 
32499 32810 32973 33603 
32733 33105 33224 33350 
32991 33398 33403 33063 
33238 33621 33457 32739 
33411 33727 33385 32452 
33501 33719 33231 32235 
33494 33607 33028 32113 
33384 33413 32820 32097 
33201 33116 32643 32142 
32995 32837 32573 32287 
32732 32495 32528 32398 
32492 32225 32569 32532 
32254 31951 32597 32594 
32109 31806 32657 32654 
32072 31780 32708 32697 
32096 31848 32697 32702 
32211 32037 32647 32739 
32371 32287 32551 32809 
32582 32610 32462 32922 
32743 32891 32368 33045 
32871 33113 32315 33158 
32971 33309 32366 33299 
33041 33421 32501 33392 
33011 33361 32642 33332 
32999 33289 32863 33232 
32947 33120 33065 33018 
32887 32936 33205 32788 
32871 32804 33322 32652 
32879 32719 33372 32597 
32885 32656 33317 32523 
32872 32628 33170 32283 
32844 32594 32963 31725 
32779 32555 32728 30937 
32704 32512 32501 30143 
32583 32435 32290 29727 
32466 32355 32140 30060 
32308 32237 32024 31255 
32214 32188 32013 33229 
32120 32167 32056 35485 
32134 32245 32179 37441 
32182 32372 32342 38593 
32381 32637 32603 38752 
32631 32935 32857 37802 
32907 33241 33098 35991 
33208 33535 33327 33577 
33461 33705 33496 30840 
33611 33717 33593 28047 
33611 33556 33605 25699 
33469 33217 33477 24101 
33315 32887 33285 23734 
33116 32565 32991 24777 
32959 32393 32665 27280 
32805 32369 32331 30974 
32585 32386 32039 35269 
32243 32383 31829 39598 
31815 32254 31744 42983 
31351 31988 31786 44860 
31073 31725 31953 44826 
31089 31564 32213 42747 
31448 31608 32498 38852 
32111 31906 32785 33773 
32838 32357 33029 28208 
33444 32892 33199 23201 
33761 33269 33254 19843 
33853 33506 33229 18618 
33922 33693 33169 19740 
34165 33974 33111 23128 
34553 34364 33010 28054 
34972 34864 32957 33679 
35114 35201 32897 39106 
34615 35036 32887 43570 
33270 34080 32878 45997 
31256 32494 32857 46158 
28968 30648 32796 44095 
27071 29085 32685 40217 
26240 28289 32551 35259 
26786 28278 32356 29989 
28861 28943 32177 25359 
32110 29941 32026 22086 
35669 30951 31956 20779 
38824 32018 31973 21465 
40820 33337 32107 23964 
41258 35279 32352 27885 
39917 37726 32647 32380 
37279 40148 33006 36541 
33672 41692 33288 39721 
29831 41687 33552 41620 
26285 39454 33686 41900 
23820 35273 33719 40670 
22766 29775 33602 38216 
23515 24236 33392 35087 
26142 19870 33099 31748 
30183 17939 32779 28931 
35057 18847 32453 26997 
39877 22454 32166 26180 
43703 28166 31945 26549 
45524 34820 31839 27960 
44770 41135 31812 30002 
41492 46188 31873 32288 
36163 49248 32027 34420 
29596 49770 32223 36047 
23323 47549 32509 36910 
18503 42689 32784 36929 
16174 35752 33047 36188 
16931 27613 33303 34869 
20786 20026 33508 33316 
27120 14311 33590 31771 
34995 11828 33626 30576 
43217 13206 33533 29844 
50032 18241 33374 29744 
54108 25877 33144 30225 
54360 34653 32865 31125 
50122 43331 32547 32321 
41970 49958 32305 33504 
31594 53429 32081 34412 
20985 53456 31959 34938 
12265 49882 31893 35014 
7682 43485 31968 34706 
7969 35103 32082 33989 
13006 26223 32280 33104 
21785 18248 32499 32158 
32478 12826 32735 31349 
42547 11289 32946 30865 
50648 13691 33129 30712 
55392 19609 33220 30884 
56020 28157 33324 31423 
52324 37440 33330 32129 
45307 45478 33246 32863 
36118 50788 33087 33533 
26573 52338 32892 34036 
18324 49864 32687 34282 
13267 44209 32521 34300 
12134 36765 32395 34056 
14943 29207 32336 33632 
21079 22919 32338 33077 
28975 19231 32419 32533 
37056 18364 32556 32043 
43904 20107 32707 31662 
48064 23811 32849 31478 
49087 28656 32928 31459 
46927 33798 32949 31588 
41931 38612 32941 31911 
35112 41993 32829 32264 
28254 43449 32743 32687 
22495 42791 32616 33042 
19101 40248 32503 33359 
18879 36306 32438 33567 
21888 32004 32413 33639 
27433 28328 32508 33642 
34142 25880 32590 33475 
40506 25098 32752 33280 
44889 25846 32909 33012 
46259 27542 33015 32729 
44527 29702 33133 32479 
40120 31880 33189 32263 
33876 33938 33158 32093 
27287 35731 33027 31969 
21673 37273 32858 31973 
18230 38166 32618 32004 
17920 38157 32420 32213 
20840 36970 32221 32435 
26401 34799 32073 32683 
33241 32270 32032 32964 
39818 30143 32098 33218 
44711 29052 32273 33397 
46876 29273 32556 33487 
46310 30428 32882 33474 
43493 31759 33183 33295 
39295 32799 33490 33068 
34621 33014 33611 32701 
30201 32617 33651 32360 
26457 31903 33545 32074 
23716 31359 33321 31883 
22339 31373 32979 31802 
22390 32121 32585 31870 
23790 33566 32235 32115 
26247 35442 31946 32458 
29216 37068 31768 32811 
32407 37835 31762 33163 
35504 37235 31900 33430 
38411 35086 32130 33559 
40851 31691 32451 33576 
42294 27982 32769 33440 
42298 24965 33016 33171 
40667 23599 33162 32853 
37609 24527 33283 32613 
33871 27462 33270 32406 
30290 31745 33147 32252 
27673 36418 33036 32235 
26242 40570 32893 32302 
25927 43301 32776 32383 
26340 44171 32737 32522 
27114 43048 32759 32618 
28134 40042 32789 32622 
29529 35470 32828 32581 
31381 30089 32865 32504 
33632 24697 32845 32405 
36028 20232 32792 32351 
38172 17566 32675 32383 
39605 17515 32522 32504 
40068 20240 32336 32709 
39403 25634 32203 32996 
37625 32834 32101 33284 
34989 40493 32101 33549 
31838 47288 32227 33733 
28558 51942 32404 33731 
25874 53281 32675 33577 
24323 50904 32962 33261 
24166 45105 33176 32793 
25596 36807 33382 32305 
28449 27212 33515 31871 
32059 18294 33515 31522 
35817 11526 33365 31335 
39173 8295 33188 31385 
41459 9290 32917 31611 
42236 14368 32635 32009 
41426 22672 32386 32499 
39107 32656 32149 32978 
35623 42697 31987 33439 
31561 50848 31898 33762 
27692 55723 31952 33979 
24479 56729 32096 33985 
22380 53913 32291 33805 
21747 47663 32576 33486 
22735 39692 32847 33112 
25293 31194 33093 32660 
29207 23590 33320 32255 
34040 17840 33464 31899 
39015 14739 33479 31618 
43207 14607 33425 31573 
45983 16906 33273 31622 
46744 21024 33034 31793 
45266 26327 32800 32104 
41661 31682 32539 32445 
36573 36557 32349 32842 
30780 40193 32170 33168 
25147 42355 32088 33442 
20797 42888 32085 33606 
18277 42090 32168 33664 
17860 40448 32309 33574 
19599 38542 32498 33405 
23131 36873 32669 33142 
28084 35699 32849 32850 
33741 34845 32956 32509 
39683 34010 33092 32252 
44524 32691 33152 32051 
47479 30752 33178 31950 
47953 28226 33128 31934 
45707 25513 33011 32005 
40977 23257 32837 32154 
34890 22168 32651 32382 
28693 22581 32511 32676 
23629 24452 32363 32936 
20755 27423 32284 33194 
20430 31045 32288 33356 
22421 34776 32358 33434 
26005 38165 32479 33382 
30411 41129 32688 33267 
34484 43379 32857 33031 
37697 44856 33041 32763 
39596 45311 33184 32491 
39952 44340 33233 32204 
38910 41816 33198 31990 
36817 37767 33102 31892 
34154 32543 32920 31914 
31473 26769 32693 32036 
29458 21561 32474 32279 
28489 17746 32298 32586 
28664 15940 32187 32935 
29914 16450 32173 33254 
31847 19100 32226 33478 
34025 23528 32361 33594 
35892 29084 32544 33582 
36980 35056 32736 33450 
36930 40604 32832 33156 
35719 45123 32945 32879 
33448 47999 32958 32545 
30650 49066 32954 32286 
28078 48280 32918 32121 
26348 45963 32881 32049 
25925 42418 32828 32069 
27027 37892 32828 32188 
29533 32651 32878 32362 
32762 27052 32941 32554 
36029 21398 32974 32672 
38725 16492 32983 32744 
40329 13278 32950 32744 
40557 12738 32866 32714 
39385 15317 32728 32665 
37014 20991 32551 32640 
33916 28507 32357 32656 
30659 36572 32176 32724 
27751 43813 32073 32848 
25692 49264 32071 33051 
24899 51980 32170 33247 
25540 51952 32365 33428 
27527 49371 32624 33508 
30670 44522 32896 33464 
34160 38369 33146 33296 
37435 31494 33336 33011 
39834 24828 33460 32642 
40753 19329 33458 32225 
39881 16128 33348 31827 
37415 15722 33173 31536 
33828 18136 32926 31358 
29820 23029 32643 31353 
26450 29259 32425 31560 
24371 35572 32233 31921 
24036 40750 32082 32365 
25696 43989 32054 32964 
28838 44654 32047 33497 
32893 43027 32149 34010 
36806 39633 32293 34337 
39806 35259 32518 34500 
41206 30967 32712 34401 
41045 27571 32936 34075 
39544 25602 33113 33535 
37134 25438 33274 32848 
34331 27045 33366 32136 
31455 30037 33446 31499 
28629 33652 33404 30982 
26121 37264 33282 30661 
24428 39949 33125 30650 
23904 41027 32908 30884 
24851 40109 32654 31403 
27315 37118 32437 32157 
30633 32525 32220 32910 
34184 27241 32089 33701 
37333 22366 32002 34286 
39793 19297 32027 34680 
41309 18974 32124 34753 
41682 21839 32296 34564 
40786 27288 32485 34119 
38519 34210 32654 33486 
34948 41148 32816 32798 
30799 46519 32955 32126 
27020 49510 33065 31632 
24564 49708 33085 31306 
24139 47264 33165 31276 
25571 42600 33181 31431 
28186 36341 33187 31748 
30979 29216 33170 32118 
33286 22047 33150 32523 
34658 16135 33103 32857 
35239 12678 33001 33082 
35440 12432 32855 33154 
35529 15782 32711 33154 
35472 22282 32562 33097 
35134 30557 32357 32960 
34528 39428 32191 32855 
33729 47393 32030 32781 
33013 53161 31966 32803 
32553 55462 31976 32888 
32404 53910 32058 32994 
32521 48670 32266 33147 
32697 40130 32525 33219 
32868 30396 32813 33230 
33030 21017 33094 33118 
33123 13863 33335 32924 
33015 10201 33525 32631 
32439 10874 33597 32283 
31369 15337 33587 31990 
29895 22439 33462 31725 
28423 30742 33266 31620 
27529 39106 33025 31648 
27769 46018 32725 31815 
29321 50868 32447 32125 
31987 53046 32171 32486 
35143 52262 31952 32932 
38149 48369 31798 33370 
40253 41969 31784 33772 
41041 33778 31827 34016 
40464 25156 32002 34110 
38660 17636 32305 34070 
35974 12927 32637 33792 
32809 11880 32975 33358 
29534 14594 33292 32820 
26542 20559 33609 32283 
24224 28133 33784 31766 
22812 35761 33797 31313 
22738 42252 33724 31095 
24275 46644 33479 31057 
27458 48549 33147 31263 
31902 48099 32786 31681 
36749 45670 32362 32184 
41235 41798 32048 32793 
44426 36749 31804 33358 
45632 31295 31714 33871 
44689 25901 31758 34161 
41864 21381 31918 34254 
37450 18463 32169 34167 
32398 17960 32449 33877 
27269 19909 32704 33455 
22740 23988 32939 33001 
19471 29489 33091 32515 
18225 35330 33204 32153 
19162 40594 33223 31866 
22255 44595 33212 31709 
26977 46870 33151 31695 
32868 47096 33101 31804 
38542 45144 33046 31939 
43441 41182 32999 32120 
46974 35538 32946 32285 
48714 28829 32919 32474 
48276 22356 32879 32622 
45585 17271 32766 32743 
40865 14811 32628 32871 
34535 15768 32446 33008 
27650 20140 32263 33162 
21150 27130 32123 33340 
16115 35394 31983 33439 
13510 43503 31966 33574 
13893 49517 32025 33610 
17235 52517 32204 33543 
23041 51954 32464 33399 
30627 47519 32726 33068 
38315 40339 33072 32744 
45206 31306 33313 32316 
50574 21760 33524 31914 
53451 13801 33596 31583 
53495 8953 33571 31368 
50501 8545 33431 31319 
44625 13208 33234 31471 
36609 22128 32934 31724 
27478 33700 32638 32127 
18672 45808 32379 32635 
11713 56122 32117 33110 
8319 62144 31937 33586 
9099 62631 31853 33963 
13921 57414 31900 34195 
21935 46809 31978 34193 
31475 33181 32187 34053 
41055 18608 32452 33738 
49047 5947 32742 33290 
54448 191 33083 32782 
56054 48 33307 32205 
53991 420 33486 31716 
48631 14257 33542 31343 
40800 29690 33531 31154 
31879 45895 33346 31101 
23215 60140 33135 31307 
16129 65359 32872 31668 
11696 65499 32602 32199 
10794 65519 32364 32759 
13481 65425 32191 33305 
19318 47946 32083 33774 
27610 29283 32064 34092 
36657 11656 32130 34224 
45024 439 32267 34174 
51302 61 32453 33923 
54223 31 32633 33492 
53059 5911 32788 32975 
48242 18784 32970 32460 
40603 34313 33072 31948 
31495 49622 33164 31551 
22931 61226 33162 31325 
16457 65389 33127 31295 
13082 65502 33018 31454 
13340 59367 32873 31829 
16904 46323 32666 32255 
23171 30287 32518 32801 
31004 14109 32387 33334 
39122 1167 32341 33803 
46203 91 32358 34090 
50967 44 32427 34160 
52570 2681 32587 34031 
50557 14894 32803 33692 
45451 29226 32987 33195 
38191 44074 33132 32605 
30217 56921 33249 32040 
22509 65108 33239 31523 
16775 65461 33147 31224 
13359 65487 32970 31137 
12627 58709 32718 31281 
14883 49243 32510 31688 
19861 35820 32282 32198 
27061 22230 32146 32791 
35608 10398 32093 33363 
44315 1816 32181 33873 
51306 121 32331 34171 
55426 80 32525 34245 
55844 4796 32715 34080 
52544 12451 32938 33788 
45789 23988 33051 33297 
37125 36148 33112 32822 
27766 47712 33080 32321 
19259 57197 33015 31959 
12929 63170 32894 31694 
9811 64762 32778 31594 
10425 61939 32741 31679 
14594 55266 32708 31841 
21694 45703 32740 32083 
29796 35207 32803 32338 
37796 24857 32874 32576 
44590 15896 32897 32747 
49471 9052 32914 32913 
51546 5391 32845 33005 
51008 4968 32736 33091 
48098 7881 32584 33167 
43109 14099 32455 33271 
36877 22693 32285 33313 
30212 32921 32203 33350 
24017 43351 32193 33370 
19098 52777 32271 33324 
16484 59355 32463 33259 
16433 61942 32664 33056 
19075 59869 32870 32759 
24047 53295 33087 32459 
30343 43126 33259 32145 
36701 31031 33313 31830 
42014 19194 33359 31669 
44932 10311 33246 31563 
45235 6044 33109 31637 
43095 7030 32917 31811 
39199 12997 32717 32119 
34628 22193 32504 32495 
30295 32547 32305 32904 
26993 42115 32192 33345 
25171 49266 32103 33715 
25207 52808 32078 33962 
26965 52367 32212 34111 
29896 48340 32386 34087 
33229 41474 32568 33878 
36296 32791 32778 33515 
38183 24174 32961 33050 
38672 17205 33147 32552 
37778 13412 33278 32028 
35783 13860 33357 31558 
33172 18777 33352 31226 
30371 26891 33257 31038 
27725 36404 33133 31077 
25593 45071 32926 31317 
24533 51196 32719 31772 
25123 53252 32532 32345 
27618 51143 32374 32969 
31729 45531 32222 33538 
36857 37508 32166 34050 
41501 28827 32213 34372 
44499 20735 32322 34478 
44966 14484 32424 34317 
42730 11174 32605 34017 
38352 11715 32704 33481 
33083 16091 32745 32915 
27958 23692 32791 32370 
23818 33343 32807 31890 
21356 42816 32775 31525 
20806 50383 32771 31375 
22171 54615 32807 31379 
25367 54742 32876 31541 
29778 50859 32968 31810 
34563 44199 33117 32146 
38886 36047 33234 32494 
41870 27893 33285 32780 
42950 21038 33284 33035 
41886 16765 33159 33215 
39067 15442 32939 33306 
35317 17053 32669 33364 
31459 21155 32386 33411 
28528 26431 32105 33393 
27024 31611 31911 33339 
27020 35954 31820 33265 
28259 38832 31826 33124 
30433 40298 31991 32991 
32983 40539 32260 32825 
35400 40010 32571 32631 
37205 39105 32904 32418 
37834 38036 33154 32162 
