32321 32619 32057 33898 
32321 32619 32057 33898 
32519 33013 32246 34086 
32621 33248 32389 34007 
32754 33376 32620 33793 
32793 33326 32798 33411 
32764 33102 32930 32983 
32658 32761 32978 32516 
32601 32437 33029 32166 
32545 32168 33013 31906 
32537 32041 32972 31792 
32636 32131 32985 31838 
32796 32366 33001 31975 
33000 32733 33024 32172 
33222 33147 33060 32394 
33398 33511 33076 32570 
33467 33755 33030 32678 
33435 33832 32940 32756 
33256 33641 32767 32760 
32939 33272 32545 32731 
32561 32775 32305 32734 
32179 32221 32114 32786 
31826 31672 31932 32846 
31593 31312 31860 33000 
31525 31146 31895 33167 
31665 31274 32081 33358 
31964 31637 32336 33492 
32368 32191 32663 33527 
32860 32861 33050 33476 
33297 33473 33333 33231 
33658 33989 33574 32893 
33865 34280 33695 32480 
33874 34303 33693 32043 
33697 34063 33558 31643 
33360 33569 33281 31349 
32931 32972 32936 31198 
32481 32338 32554 31239 
32179 31868 32291 31578 
31941 31511 32025 32001 
31850 31391 31871 32552 
31891 31480 31797 33156 
32051 31752 31833 33734 
32322 32179 32014 34253 
32592 32610 32229 34536 
32811 32996 32494 34569 
32972 33304 32784 34362 
33056 33478 33069 33934 
33047 33504 33308 33334 
32951 33371 33477 32609 
32869 33198 33591 31913 
32751 32939 33553 31280 
32678 32706 33429 30844 
32697 32568 33242 30658 
32776 32512 32983 30721 
32906 32562 32712 31062 
33048 32666 32452 31618 
33155 32791 32229 32301 
33166 32870 32062 33004 
33038 32832 31943 33663 
32850 32739 31974 34220 
32573 32579 32070 34559 
32297 32386 32267 34668 
32047 32184 32480 34507 
31870 32037 32695 34087 
31844 32011 32899 33515 
31971 32124 33063 32838 
32192 32321 33138 32150 
32540 32663 33168 31591 
32899 33021 33121 31215 
33183 33306 32965 31008 
33413 33549 32828 31109 
33536 33653 32715 31440 
33499 33580 32612 31926 
33356 33385 32592 32497 
33101 33051 32587 33038 
32800 32684 32640 33503 
32514 32322 32741 33819 
32304 32045 32846 33885 
32188 31892 32917 33743 
32195 31910 32949 33447 
32292 32067 32922 33029 
32476 32338 32856 32603 
32712 32686 32749 32246 
32876 32986 32595 31974 
32953 33179 32411 31859 
32973 33289 32299 31952 
32883 33235 32221 32175 
32725 33071 32210 32494 
32559 32847 32300 32875 
32423 32597 32444 33202 
32335 32378 32626 33396 
32376 32274 32848 33474 
32493 32285 33046 33381 
32712 32429 33225 33152 
32919 32604 33295 32782 
33177 32871 33346 32405 
33324 33072 33270 32041 
33372 33207 33123 31771 
33311 33246 32943 31722 
33068 33116 32667 31814 
32789 32917 32464 32137 
32396 32564 32220 32515 
32047 32212 32070 32993 
31744 31876 31955 33430 
31647 31727 32014 33793 
31736 31764 32136 33948 
32013 31987 32363 33896 
32444 32411 32636 33629 
32944 32951 32961 33225 
33379 33442 33199 32653 
33794 33937 33440 32126 
33973 34172 33542 31613 
33931 34148 33535 31304 
33672 33849 33382 31218 
33239 33314 33129 31355 
32708 32646 32811 31727 
32222 31993 32514 32277 
31834 31463 32265 32884 
31540 31085 32019 33404 
31485 31009 31910 33839 
31654 31248 31955 34091 
31950 31708 32071 34072 
32368 32356 32291 33891 
32819 33051 32551 33514 
33197 33672 32799 33024 
33498 34149 33020 32529 
33682 34302 33303 31736 
33541 33959 33325 31553 
33271 33427 33267 31594 
32895 32732 33082 31739 
32548 32091 32893 32059 
32239 31529 32659 32421 
32008 31199 32418 32846 
31889 31112 32225 33191 
31916 31302 32109 33434 
32085 31779 32141 33605 
32319 32337 32253 33586 
32580 32925 32429 33410 
32845 33459 32675 33157 
33056 33866 32941 32855 
33193 34031 33155 32513 
33267 33993 33324 32243 
33240 33755 33373 32031 
33140 33404 33299 31939 
32980 32964 33114 31934 
32829 32560 32880 32065 
32673 32195 32598 32255 
32565 31974 32366 32535 
32496 31844 32165 32793 
32445 31817 32051 32993 
32451 31927 32050 33166 
32516 32143 32198 33288 
32607 32407 32417 33348 
32680 32655 32672 33311 
32753 32886 32939 33226 
32714 32984 33094 33002 
32684 33071 33200 32773 
32655 33093 33226 32571 
32586 33058 33146 32368 
32503 32967 32953 32184 
32472 32893 32739 32113 
32476 32813 32519 32125 
32549 32788 32371 32259 
32639 32758 32286 32433 
32790 32765 32327 32671 
32939 32771 32452 32887 
33015 32702 32585 33015 
33142 32689 32828 33135 
33195 32648 33019 33130 
33191 32602 33165 33049 
33129 32561 33245 32883 
32985 32493 33200 32653 
32810 32490 33075 32460 
32609 32483 32867 32306 
32379 32485 32591 32200 
32228 32548 32363 32234 
32102 32605 32159 32327 
32094 32724 32075 32557 
32140 32823 32055 32782 
32261 32910 32155 33024 
32434 33000 32359 33239 
32649 33055 32636 33367 
32878 33080 32934 33410 
33018 33018 33161 33289 
33170 32928 33346 33091 
33255 32808 33407 32804 
33291 32697 33382 32500 
33276 32602 33252 32188 
33192 32508 33038 31938 
33069 32461 32788 31792 
32892 32425 32544 31774 
32688 32411 32340 31925 
32444 32379 32177 32166 
32201 32348 32090 32496 
32036 32356 32101 32892 
31940 32392 32179 33286 
31926 32470 32299 33610 
32054 32618 32480 33830 
32256 32793 32652 33857 
32566 33031 32869 33748 
32848 33211 32999 33440 
33143 33364 33121 33033 
33407 33478 33224 32573 
33570 33495 33293 32114 
33588 33399 33295 31681 
33483 33202 33231 31414 
33242 32880 33090 31283 
32955 32536 32912 31364 
32651 32213 32745 31685 
32343 31911 32528 32116 
32094 31707 32332 32627 
31971 31664 32203 33164 
31924 31733 32085 33615 
32038 31998 32084 33963 
32250 32343 32150 34111 
32526 32748 32292 34047 
32777 33125 32441 33792 
32968 33422 32598 33355 
33092 33604 32758 32921 
33100 33600 32878 32469 
33020 33457 32958 32086 
32876 33185 33003 31819 
32700 32868 33024 31728 
32544 32561 33017 31787 
32537 32366 33067 31987 
32535 32234 33060 32230 
32630 32221 33048 32474 
32786 32311 33059 32752 
32937 32460 33021 33049 
33038 32605 32934 33287 
33112 32758 32831 33405 
33061 32805 32661 33144 
32941 32800 32490 32512 
32733 32723 32307 31547 
32513 32624 32166 30674 
32275 32495 32033 30197 
32142 32449 32019 30548 
32105 32481 32083 31804 
32183 32608 32233 33692 
32343 32781 32441 35722 
32590 33000 32709 37369 
32824 33169 32949 38126 
33043 33298 33170 37856 
33209 33335 33347 36640 
33297 33266 33453 34660 
33231 33042 33415 32195 
33094 32757 33346 29620 
32838 32371 33195 27106 
32548 31996 32976 25203 
32305 31703 32725 24200 
32284 31719 32537 24525 
32356 31911 32328 26164 
32605 32311 32163 29089 
32877 32832 32051 32972 
33007 33253 31948 37248 
32979 33534 31976 41139 
32710 33480 32077 43936 
32308 33161 32249 45105 
31919 32683 32478 44223 
31783 32273 32766 41374 
31917 32007 33032 36881 
32286 32003 33300 31340 
32739 32239 33503 25776 
33081 32526 33610 21245 
33277 32822 33618 18490 
33360 33007 33475 17967 
33556 33250 33250 20021 
33901 33554 32905 24059 
34447 34071 32574 29567 
34939 34606 32274 35616 
34990 34838 31998 41233 
34351 34520 31852 45367 
32839 33429 31811 47422 
30663 31788 31910 47132 
28465 30122 32138 44593 
26791 28864 32369 40216 
26293 28429 32616 34799 
27326 28848 32856 29155 
29816 29796 33003 24257 
33209 30911 33110 21078 
36772 31987 33167 19866 
39657 33029 33163 20712 
41263 34345 33107 23424 
41196 36092 33047 27358 
39532 38244 32999 31814 
36616 40272 32975 36017 
32864 41338 32922 39301 
28980 40730 32895 41295 
25634 38064 32870 41749 
23255 33403 32752 40659 
22539 27884 32653 38465 
23654 22674 32537 35625 
26526 19016 32409 32666 
30900 17877 32268 30063 
35915 19627 32155 28297 
40665 23948 32114 27514 
44195 29997 32143 27752 
45656 36893 32243 28838 
44493 43034 32428 30440 
40853 47671 32683 32180 
35310 50115 32957 33707 
28527 49798 33154 34765 
22470 46706 33335 35159 
18120 41128 33469 34976 
16314 33611 33430 34234 
17644 25270 33313 33222 
21898 17865 33103 32183 
28438 12757 32833 31382 
36389 11098 32505 30963 
44128 13438 32211 31034 
50330 19255 32011 31564 
53650 27481 31926 32439 
52988 36699 31948 33410 
48183 44914 32104 34306 
39963 51072 32387 34906 
29606 54177 32732 35105 
19643 53657 33061 34816 
12098 49687 33343 34115 
8622 42894 33536 33089 
10049 34212 33579 31953 
15846 25348 33492 30894 
24624 17739 33257 30124 
34876 12715 32928 29749 
44267 11459 32574 29873 
51349 14130 32263 30477 
54953 20188 32030 31432 
54426 28594 31895 32584 
50015 37429 31921 33722 
42495 45039 32031 34623 
33406 49961 32308 35239 
24156 51149 32593 35411 
16974 48572 32882 35177 
13026 43073 33100 34580 
12975 36050 33235 33763 
16727 28966 33218 32818 
23274 23498 33121 31978 
31196 20376 32954 31337 
38937 19850 32763 30999 
45153 21709 32623 30981 
48521 25236 32521 31202 
48770 29763 32509 31625 
46003 34436 32619 32144 
40670 38569 32765 32630 
34100 41357 32932 32993 
27411 42370 33021 33164 
21925 41484 33091 33224 
18988 38799 33054 33115 
19289 35065 32930 32931 
22633 31054 32671 32677 
28352 27823 32455 32583 
34862 25862 32202 32541 
40730 25451 32015 32614 
44546 26401 31929 32801 
45475 28195 31975 33042 
43310 30338 32175 33318 
38762 32426 32485 33528 
32796 34344 32826 33582 
26642 36099 33153 33477 
21650 37577 33431 33229 
18933 38465 33592 32835 
19248 38409 33627 32405 
22721 37199 33548 31976 
28549 34998 33325 31594 
35165 32444 33024 31371 
41163 30317 32716 31360 
45194 29145 32411 31530 
46366 29143 32126 31853 
44858 29891 31928 32277 
41406 30777 31849 32794 
36886 31292 31832 33253 
32259 31295 31951 33713 
28147 30908 32165 34059 
24960 30525 32438 34205 
23003 30611 32745 34156 
22494 31467 33024 33923 
23392 33176 33271 33524 
25440 35443 33426 33010 
28253 37840 33527 32460 
31327 39701 33536 31944 
34396 40324 33468 31534 
37210 39116 33301 31252 
39561 36068 33053 31148 
41286 31677 32763 31230 
42026 26980 32499 31533 
41333 23114 32246 31970 
39156 21340 32087 32495 
35788 22097 31988 33027 
31872 25376 31992 33557 
28561 30179 32053 33925 
26414 35499 32224 34147 
25536 40322 32405 34146 
25822 43852 32654 33983 
26672 45331 32865 33639 
27789 44597 33015 33167 
29062 41770 33126 32664 
30599 37055 33154 32164 
32451 31321 33110 31768 
34569 25386 33013 31535 
36686 20303 32856 31495 
38521 17112 32724 31663 
39610 16669 32600 31945 
39814 19273 32574 32331 
38976 24637 32607 32752 
37122 32054 32677 33093 
34500 40003 32815 33367 
31404 47097 32925 33453 
28341 51984 33008 33396 
25807 53601 33049 33205 
24400 51383 33025 32938 
24343 45593 32876 32613 
25812 37194 32694 32327 
28592 27382 32474 32171 
32072 18216 32227 32093 
35729 11282 32033 32178 
38921 7943 31932 32386 
41162 8977 31972 32715 
41866 14155 32072 32993 
41085 22607 32318 33276 
38907 32847 32651 33456 
35613 43127 32997 33490 
31861 51330 33293 33358 
28187 56331 33557 33139 
25102 57376 33704 32818 
22968 54300 33646 32396 
22312 48144 33560 32099 
23080 39909 33306 31797 
25404 31069 32982 31630 
29118 22951 32614 31627 
33622 17057 32281 31801 
38305 13877 32011 32044 
42384 13597 31810 32419 
45261 16067 31723 32842 
46086 20446 31733 33253 
44758 25974 31886 33638 
41414 31761 32150 33932 
36443 37062 32469 34065 
30859 41017 32771 34000 
25507 43312 33068 33760 
21264 43881 33309 33397 
18838 43042 33555 32953 
18417 41188 33643 32415 
20052 39014 33649 31883 
23544 36959 33518 31392 
28397 35433 33310 31077 
33959 34289 33045 30940 
39465 33165 32700 31010 
44144 31777 32422 31347 
47086 29871 32175 31881 
47642 27519 32005 32527 
45424 25060 31907 33215 
40856 23166 31902 33817 
34940 22465 32041 34327 
28803 23169 32217 34598 
23652 25371 32467 34626 
20826 28435 32656 34344 
20560 31980 32842 33890 
22546 35424 32945 33240 
26158 38537 32955 32530 
30395 41058 33004 31938 
34377 42883 32952 31416 
37498 44019 32940 31141 
39341 44202 32907 31085 
39714 43177 32937 31262 
38727 40736 32984 31596 
36730 36914 33017 32048 
34153 31955 33048 32487 
31717 26792 33087 32941 
29831 22078 33019 33238 
28923 18682 32909 33428 
29152 17182 32751 33501 
30352 17833 32569 33467 
32160 20394 32375 33334 
34137 24503 32187 33176 
35822 29736 32049 33003 
36693 35171 31964 32830 
36517 40309 31970 32739 
35196 44420 32072 32664 
32870 47146 32277 32637 
30221 48053 32570 32647 
27793 47262 32857 32602 
26208 44968 33135 32498 
25992 41543 33372 32405 
27268 37298 33544 32303 
29769 32318 33589 32209 
33004 26741 33494 32156 
36184 21219 33252 32155 
38723 16441 32931 32237 
40216 13471 32605 32446 
40387 13236 32342 32762 
39145 16140 32118 33069 
36843 21897 32044 33364 
33846 29458 32065 33542 
30747 37568 32241 33637 
27984 44698 32467 33524 
26122 49872 32762 33318 
25391 52385 32974 32924 
26076 52071 33142 32496 
27974 49192 33200 32071 
30804 44242 33147 31724 
34153 37703 32979 31542 
37188 30587 32763 31581 
39323 23776 32538 31817 
40021 18333 32346 32204 
39036 15183 32217 32690 
36565 14922 32182 33198 
33100 17607 32243 33646 
29334 22786 32389 33933 
26292 29326 32641 34041 
24574 35920 32892 33883 
24607 41306 33083 33490 
26560 44759 33251 32992 
29928 45656 33336 32428 
34024 44215 33340 31905 
37820 40906 33214 31463 
40513 36558 32996 31241 
41629 32100 32769 31268 
41090 28306 32536 31496 
39213 25806 32354 31967 
36505 25026 32216 32475 
33446 25998 32166 33019 
30373 28377 32195 33532 
27446 31680 32247 33889 
25102 35122 32370 34071 
23618 37938 32513 34053 
23404 39399 32641 33855 
24731 39030 32721 33481 
27426 36735 32782 33040 
31008 32942 32850 32619 
34755 28362 32898 32209 
38145 24017 32967 31897 
40590 21447 33048 31698 
41985 21344 33080 31604 
42289 24063 33149 31641 
41304 29240 33202 31806 
38922 35566 33207 31998 
35291 41661 33135 32235 
31043 46275 32986 32502 
27105 48601 32771 32785 
24645 48266 32526 33065 
24096 45508 32290 33324 
25361 40600 32061 33499 
27746 34378 31940 33612 
30236 27427 31898 33617 
32194 20685 31992 33554 
33333 15073 32127 33331 
33938 12064 32379 33103 
34291 12237 32629 32811 
34658 16003 32863 32521 
35014 22903 33070 32275 
35169 31607 33153 32080 
35106 40821 33207 31988 
34839 49122 33203 31991 
34536 54925 33178 32108 
34335 57170 33156 32286 
34222 55412 33111 32468 
34073 49713 33041 32609 
33793 40604 32967 32712 
33418 30266 32908 32772 
32950 20270 32837 32751 
32408 12545 32731 32720 
31704 8501 32592 32666 
30766 8727 32452 32643 
29510 12915 32286 32697 
28069 20221 32146 32783 
26882 28879 32011 32925 
26534 37747 31975 33119 
27367 45522 32008 33302 
29675 51422 32174 33477 
32939 54439 32414 33544 
36532 54283 32715 33481 
39663 50822 33003 33274 
41718 44223 33243 32909 
42318 35725 33465 32523 
41369 26526 33582 32093 
39142 18409 33594 31698 
35959 12873 33471 31407 
32469 11273 33322 31330 
28954 13550 33062 31396 
25729 19288 32771 31664 
23286 27046 32478 32100 
22019 34740 32259 32597 
22108 41225 32069 33131 
23759 45661 31897 33584 
27196 47789 31838 33968 
31779 47532 31875 34209 
36728 45325 31981 34248 
41261 41539 32193 34117 
44324 36739 32436 33811 
45486 31431 32739 33384 
44625 26264 33067 32891 
41805 21867 33331 32297 
37795 19455 33572 31770 
33020 19324 33670 31317 
28163 21619 33677 31029 
23832 25832 33551 30911 
20711 31132 33324 31007 
19341 36575 33019 31302 
20036 41287 32673 31793 
22725 44519 32374 32406 
26944 45883 32086 33048 
32036 45256 31902 33671 
37298 42629 31858 34237 
41839 38262 31901 34564 
45206 32607 32037 34673 
47046 26173 32282 34521 
46840 20522 32545 34130 
44579 16603 32799 33514 
40401 15479 32996 32783 
34675 17806 33161 32061 
28327 23213 33236 31437 
22268 30784 33205 30995 
17577 39061 33094 30816 
15050 46508 32922 30898 
15381 51457 32751 31254 
18460 53116 32614 31838 
24110 50970 32529 32512 
30983 45482 32538 33186 
38241 37394 32573 33707 
44815 27997 32709 34117 
49909 18667 32848 34246 
52621 11440 32929 34073 
52667 7743 33005 33732 
49682 8625 33002 33227 
43692 14466 32911 32630 
35636 24309 32799 32127 
26495 36240 32643 31695 
17667 48342 32453 31485 
11197 57836 32315 31499 
8292 62937 32222 31736 
9617 62396 32194 32120 
15189 55850 32236 32579 
23627 44808 32390 33105 
33401 30980 32584 33518 
42972 16725 32778 33763 
50679 4807 32963 33802 
55434 170 33125 33646 
56499 47 33217 33303 
53684 6756 33266 32888 
47529 16450 33159 32377 
39145 31672 33058 32028 
29729 47434 32853 31760 
20857 60803 32648 31694 
13893 65373 32464 31846 
9943 65497 32312 32111 
9780 65518 32248 32487 
13498 57014 32274 32896 
20450 43159 32417 33279 
29848 24805 32560 33486 
39496 8633 32750 33544 
48119 284 32945 33440 
54059 52 33063 33144 
56127 32 33112 32757 
53765 9187 33103 32395 
47539 22870 32987 32070 
38500 38638 32817 31871 
28756 52773 32648 31853 
19933 62971 32463 32022 
13705 65432 32329 32304 
11061 65505 32298 32701 
12360 56550 32327 33109 
17112 43065 32425 33423 
24408 27231 32571 33613 
33162 11776 32778 33664 
41656 725 32916 33482 
48654 81 33024 33155 
52886 45 33061 32744 
53561 5731 33066 32344 
50462 17401 32982 31969 
44367 31678 32853 31719 
36411 45969 32746 31669 
27879 58081 32654 31798 
20491 65087 32606 32078 
15107 65460 32575 32448 
12315 65484 32540 32826 
12433 57223 32505 33178 
15537 46075 32507 33489 
21278 33288 32481 33637 
29116 20635 32480 33681 
38049 9712 32498 33591 
46266 2218 32521 33353 
52608 135 32599 33082 
55816 82 32687 32739 
55231 5313 32819 32382 
51097 14253 32989 32095 
44094 25557 33151 31875 
35173 38053 33278 31731 
26027 49505 33319 31685 
18074 58703 33318 31794 
12515 64251 33222 31991 
10238 65430 32987 32225 
11588 62095 32730 32545 
16178 55114 32457 32888 
23157 45299 32148 33180 
31058 34431 31950 33461 
38610 23745 31851 33659 
44741 14442 31861 33729 
48857 7424 31989 33700 
50465 3609 32180 33547 
49642 3289 32442 33311 
46630 6556 32692 32980 
41795 13412 32940 32634 
35970 22878 33164 32330 
29849 34010 33356 32128 
24221 45139 33441 31949 
19914 54881 33480 31889 
17613 61552 33448 31906 
17773 63822 33349 31975 
20518 61034 33208 32118 
25308 53609 33004 32246 
31229 42507 32747 32359 
37153 29753 32562 32544 
41830 17373 32343 32684 
44204 8435 32164 32829 
44035 4407 32010 32941 
41720 5969 31970 33128 
37836 12565 31969 33292 
33543 22403 32086 33454 
29601 33288 32228 33556 
26755 43222 32427 33586 
25448 50462 32661 33538 
25857 54008 32914 33416 
27684 53424 33076 33115 
30645 48982 33243 32765 
33900 41706 33353 32407 
36657 32676 33366 32021 
38341 23654 33326 31695 
38597 16285 33200 31467 
37526 12484 33032 31367 
35514 13158 32858 31450 
32907 18399 32694 31677 
30157 26825 32565 32061 
27534 36575 32450 32490 
25412 45345 32340 32957 
24363 51368 32258 33408 
24974 53235 32206 33809 
27511 50900 32166 34045 
31803 45013 32180 34121 
36790 37045 32224 34041 
41331 28339 32313 33775 
44243 20380 32486 33441 
44685 14322 32714 33009 
42560 11423 32920 32514 
38572 12341 33194 32074 
33617 17025 33381 31646 
28688 25005 33508 31355 
24806 34541 33550 31230 
22370 43769 33487 31254 
21652 51052 33336 31445 
22708 54609 33095 31777 
25383 54070 32814 32223 
29220 49710 32489 32701 
33675 42515 32218 33214 
37675 34176 31973 33646 
40540 26176 31836 33977 
41693 19759 31830 34146 
40903 16135 31911 34123 
38566 15610 32094 33952 
35276 17868 32261 33565 
31996 22253 32503 33168 
29387 27544 32687 32685 
28002 32768 32914 32300 
27873 36915 33066 31924 
28910 39470 33181 31711 
30758 40541 33259 31661 
33005 40425 33296 31717 
35192 39680 33319 31891 
36885 38740 33346 32125 
37539 37727 33288 32320 
