32058 31831 32126 33650 
32058 31831 32126 33650 
32890 33043 32776 33592 
33262 33571 33060 33294 
33614 34026 33366 32954 
33806 34211 33559 32524 
33848 34198 33663 32128 
33669 33892 33562 31721 
33365 33443 33380 31473 
32995 32910 33071 31381 
32628 32436 32757 31539 
32304 32035 32428 31845 
32087 31793 32169 32303 
32012 31746 32009 32825 
32023 31818 31936 33307 
32141 32039 32009 33744 
32324 32295 32188 34033 
32509 32552 32426 34087 
32657 32752 32686 33945 
32740 32868 32897 33615 
32740 32883 33026 33166 
32718 32855 33076 32682 
32714 32809 33059 32234 
32694 32764 32970 31897 
32723 32752 32880 31720 
32786 32767 32771 31700 
32920 32867 32750 31882 
33059 32986 32758 32116 
33182 33103 32829 32380 
33307 33246 32942 32673 
33329 33317 33002 32862 
33252 33311 33049 32965 
33134 33255 33033 33015 
32895 33069 32924 32941 
32619 32824 32767 32846 
32338 32506 32578 32742 
32091 32184 32380 32695 
31894 31853 32197 32668 
31788 31603 32068 32735 
31795 31497 32026 32848 
31956 31581 32102 33022 
32196 31802 32248 33167 
32539 32198 32478 33270 
32921 32699 32759 33313 
33284 33219 33044 33242 
33527 33654 33239 33015 
33679 33998 33400 32722 
33712 34135 33495 32397 
33596 34065 33472 32081 
33333 33751 33339 31793 
33007 33348 33136 31639 
32674 32881 32882 31632 
32396 32448 32642 31784 
32216 32110 32458 32108 
32125 31901 32318 32479 
32141 31822 32240 32889 
32168 31801 32164 33237 
32263 31887 32166 33551 
32393 32053 32239 33802 
32476 32194 32293 33850 
32528 32307 32347 33765 
32604 32475 32458 33620 
32650 32622 32562 33358 
32743 32811 32733 33056 
32815 33006 32900 32695 
32933 33233 33094 32350 
33053 33449 33288 32050 
33197 33637 33477 31842 
33288 33738 33564 31697 
33337 33723 33559 31676 
33314 33591 33457 31749 
33230 33359 33242 31895 
33075 33042 32948 32124 
32829 32631 32562 32390 
32658 32329 32302 32778 
32391 31973 31997 33089 
32099 31638 31727 33322 
31917 31488 31657 33559 
31820 31475 31735 33717 
31800 31558 31907 33712 
31935 31831 32207 33649 
32184 32186 32572 33449 
32515 32625 32945 33190 
32860 33067 33247 32830 
33214 33514 33483 32494 
33507 33847 33589 32170 
33697 34029 33581 31938 
33697 33967 33419 31788 
33557 33746 33173 31796 
33248 33361 32871 31906 
32896 32903 32586 32154 
32549 32457 32400 32509 
32210 32022 32247 32816 
32020 31768 32227 33099 
31980 31712 32313 33291 
32073 31845 32473 33349 
32318 32150 32691 33305 
32586 32520 32888 33129 
32846 32874 33012 32841 
33006 33153 33029 32517 
33144 33365 33014 32308 
33118 33372 32874 32131 
33018 33248 32697 32102 
32856 33011 32491 32215 
32666 32718 32307 32423 
32553 32485 32252 32758 
32469 32242 32230 33072 
32468 32156 32352 33365 
32572 32194 32571 33573 
32680 32315 32805 33617 
32783 32493 33029 33490 
32863 32701 33186 33231 
32880 32904 33247 32875 
32846 33076 33206 32481 
32788 33217 33105 32151 
32681 33281 32912 31898 
32559 33246 32693 31765 
32482 33149 32522 31811 
32425 32944 32388 31932 
32446 32711 32364 32176 
32531 32458 32430 32464 
32689 32261 32583 32767 
32891 32152 32786 33035 
33035 32093 32919 33174 
33190 32186 33050 33268 
33281 32388 33100 33263 
33309 32682 33077 33225 
33233 32991 32944 33132 
33026 33204 32724 32991 
32779 33357 32513 32905 
32495 33370 32301 32853 
32202 33211 32158 32812 
31961 32948 32096 32768 
31813 32606 32133 32723 
31878 32367 32344 32754 
32022 32160 32589 32687 
32296 32103 32874 32596 
32660 32174 33158 32449 
33036 32391 33391 32302 
33385 32695 33547 32181 
33595 32970 33532 32035 
33663 33216 33394 31979 
33596 33363 33186 32019 
33414 33407 32924 32192 
33133 33299 32623 32429 
32843 33111 32379 32761 
32520 32818 32153 33074 
32255 32497 32012 33386 
32104 32223 32008 33676 
32006 31987 32045 33836 
32000 31874 32151 33864 
32074 31870 32300 33743 
32191 31978 32483 33519 
32339 32183 32665 33174 
32526 32486 32862 32779 
32718 32837 33048 32362 
32921 33208 33205 31961 
33111 33553 33345 31653 
33276 33814 33429 31479 
33413 33943 33486 31435 
33457 33872 33439 31508 
33408 33629 33312 31702 
33291 33264 33136 32020 
33086 32766 32892 32366 
32852 32246 32616 32785 
32598 31815 32343 33188 
32372 31517 32116 33571 
32186 31416 31927 33843 
32082 31525 31846 33982 
32076 31831 31886 34000 
32117 32227 32012 33847 
32236 32665 32213 33584 
32348 33023 32422 33214 
32476 33301 32656 32806 
32609 33436 32868 32393 
32746 33443 33046 32062 
32851 33336 33173 31835 
32950 33147 33247 31706 
33040 32969 33278 31717 
33124 32841 33278 31844 
33193 32760 33263 32040 
33251 32758 33256 32294 
33263 32795 33220 32557 
33189 32803 33123 32727 
33078 32803 32999 32877 
32899 32711 32814 32940 
32747 32630 32648 33026 
32574 32507 32464 33075 
32383 32333 32232 33070 
32226 32194 32031 33088 
32127 32091 31874 33091 
32067 32064 31810 33117 
32076 32110 31835 33128 
32140 32243 31965 33130 
32238 32440 32178 33079 
32426 32732 32516 33010 
32651 33046 32888 32905 
32872 33339 33218 32706 
33152 33648 33563 32518 
33422 33874 33825 32331 
33595 33923 33916 32138 
33642 33800 33848 31987 
33570 33512 33639 31881 
33357 33081 33313 31887 
33074 32575 32937 31991 
32710 32017 32510 32193 
32339 31540 32128 32486 
32022 31217 31813 32808 
31798 31090 31614 33114 
31734 31215 31579 33394 
31863 31613 31722 33651 
32109 32184 31988 33776 
32447 32835 32337 33740 
32801 33490 32715 33583 
33118 34021 33057 33322 
33322 34324 33320 32941 
33440 34407 33520 32565 
33416 34239 33596 32172 
33284 33854 33557 31862 
33097 33338 33421 31665 
32857 32731 33197 31588 
32650 32170 32960 31698 
32466 31678 32693 31903 
32386 31383 32502 32234 
32305 31218 32288 32586 
32302 31283 32163 32982 
32320 31490 32059 33365 
32384 31881 32039 33804 
32495 32376 32109 34202 
32579 32875 32189 34413 
32691 33361 32348 34310 
32811 33777 32565 33733 
32891 33996 32805 32636 
32983 34034 33084 31263 
33015 33855 33326 29986 
33035 33534 33526 29297 
33014 33116 33613 29525 
33003 32708 33617 30707 
32978 32355 33497 32556 
32953 32119 33305 34606 
32854 31976 32973 36205 
32761 31964 32603 37107 
32656 32080 32237 37203 
32540 32271 31948 36526 
32442 32493 31758 35191 
32330 32650 31700 33352 
32205 32722 31773 31130 
32165 32720 32000 29001 
32142 32615 32280 27163 
32302 32593 32641 26085 
32574 32638 32958 26014 
33005 32870 33257 27183 
33467 33209 33468 29542 
33827 33595 33587 32827 
33915 33827 33600 36366 
33657 33759 33500 39576 
33081 33379 33320 41824 
32323 32693 33054 42576 
31690 32003 32798 41529 
31384 31461 32556 38828 
31404 31217 32322 34813 
31721 31300 32152 30119 
32199 31692 32098 25676 
32610 32191 32102 22365 
32953 32677 32189 20734 
33303 33108 32293 21103 
33833 33629 32467 23540 
34490 34232 32632 27543 
35161 34886 32813 32539 
35568 35387 32953 37769 
35249 35344 33012 42063 
34074 34578 33059 44738 
32091 33094 33088 45475 
29602 31188 33039 44055 
27397 29507 33014 40758 
26111 28494 32928 36214 
26319 28418 32871 31199 
28131 29088 32803 26437 
31192 30092 32724 22881 
34937 31173 32706 21023 
38435 32197 32668 21075 
40941 33342 32627 22984 
41806 34877 32562 26288 
40991 36953 32544 30421 
38634 39263 32554 34691 
35043 41118 32578 38468 
30978 41557 32608 41043 
27069 40014 32659 42179 
23997 36385 32707 41788 
22256 31179 32724 40012 
22336 25525 32767 37296 
24291 20692 32719 34078 
28120 17947 32706 30968 
33017 18007 32666 28497 
38206 20890 32621 26958 
42679 26099 32615 26517 
45473 32681 32636 27117 
45819 39317 32729 28548 
43523 45081 32863 30429 
38861 49040 32997 32359 
32721 50654 33134 34055 
26208 49538 33229 35193 
20637 45638 33250 35693 
17157 39174 33203 35548 
16617 31223 33059 34874 
19176 22983 32863 33913 
24441 15991 32584 32868 
31756 11677 32326 32045 
39684 11214 32129 31598 
46896 14595 31971 31530 
52077 21404 31942 31893 
53714 30036 32012 32487 
51274 39011 32213 33201 
44834 46819 32440 33771 
35166 52385 32756 34149 
24793 54423 33047 34122 
15671 52922 33287 33763 
9773 48053 33456 33112 
8469 40378 33511 32276 
12034 31508 33493 31486 
19463 22748 33365 30856 
29319 15617 33169 30504 
39617 11690 32932 30549 
48260 11744 32673 30944 
53971 15743 32455 31674 
55780 23020 32265 32629 
53312 31884 32098 33549 
47234 40645 32025 34374 
38443 47635 32007 34934 
28942 51236 32072 35174 
20324 50920 32206 35024 
14298 47048 32422 34570 
11986 40444 32707 33833 
13814 33161 32979 32968 
19053 26518 33175 32054 
26645 21879 33427 31350 
34892 19734 33545 30825 
42257 20146 33587 30605 
47377 22674 33521 30658 
49494 26756 33317 30956 
48330 31457 33065 31507 
44287 36014 32763 32170 
38187 39695 32464 32833 
31247 41946 32209 33436 
24778 42318 31998 33879 
20205 40831 31929 34168 
18463 37706 31932 34196 
20054 33828 32056 34082 
24530 30056 32264 33816 
30765 27178 32513 33454 
37541 25694 32763 33030 
42731 25785 33012 32665 
45414 27016 33183 32320 
45076 28936 33320 32081 
41923 31050 33380 31917 
36704 33124 33337 31845 
30514 35023 33180 31824 
24580 36820 32993 31937 
20327 38048 32739 32068 
18724 38505 32535 32303 
20206 37837 32383 32574 
24441 35993 32251 32825 
30485 33385 32179 33016 
36934 30838 32221 33228 
42396 29113 32383 33408 
45483 28693 32595 33486 
45912 29434 32823 33455 
43978 30768 33006 33303 
40478 32064 33169 33094 
36282 32759 33253 32803 
32037 32769 33237 32492 
28163 32255 33126 32167 
25180 31697 32958 31935 
23301 31526 32736 31823 
22724 32045 32523 31864 
23509 33237 32349 32032 
25330 34896 32208 32271 
27918 36629 32175 32627 
30926 37813 32256 33030 
34015 37784 32375 33356 
37000 36257 32570 33607 
39730 33216 32752 33713 
41684 29436 32886 33664 
42464 25918 32987 33488 
41651 23701 33014 33205 
39189 23552 32968 32844 
35675 25677 32901 32490 
31928 29570 32847 32183 
28763 34336 32775 31947 
26685 38988 32746 31802 
25861 42534 32781 31782 
25922 44353 32857 31887 
26467 44104 32925 32069 
27324 41854 32980 32304 
28552 37884 33002 32565 
30256 32745 32964 32827 
32478 27045 32834 33027 
35041 21991 32682 33220 
37511 18390 32489 33339 
39470 17063 32297 33390 
40443 18513 32139 33374 
40244 22686 32048 33302 
38863 29024 32067 33225 
36359 36665 32173 33095 
33169 43983 32387 32968 
29716 49780 32650 32818 
26574 52908 32949 32616 
24478 52527 33231 32427 
23761 48599 33446 32252 
24665 41648 33557 32074 
27112 32755 33561 31968 
30628 23441 33443 31916 
34536 15348 33218 31946 
38200 10020 32945 32065 
40968 8468 32661 32260 
42351 11105 32406 32531 
42082 17633 32223 32824 
40189 26586 32079 33036 
37067 36556 32051 33304 
33154 45774 32126 33489 
29011 52753 32231 33597 
25420 56130 32376 33627 
22816 55612 32517 33562 
21578 51426 32658 33428 
21923 44457 32735 33205 
23929 36327 32835 32973 
27351 28228 32887 32693 
32040 21367 32997 32436 
37020 16861 33069 32153 
41695 15038 33155 31935 
45316 15847 33266 31784 
47153 18879 33318 31654 
46726 23398 33349 31670 
44030 28589 33294 31767 
39235 33819 33178 31959 
33398 37956 32937 32195 
27419 40812 32649 32537 
22276 42188 32361 32951 
18647 42052 32059 33357 
17247 40912 31857 33730 
18025 39212 31724 33974 
20879 37575 31771 34080 
25409 36309 31927 34036 
30982 35415 32174 33796 
36959 34721 32518 33474 
42570 33649 32875 33040 
46462 31937 33129 32538 
48233 29659 33385 32162 
47266 26909 33476 31806 
43712 24449 33500 31633 
38233 22856 33406 31590 
31998 22645 33247 31672 
26189 23980 33063 31845 
22247 26574 32925 32105 
20654 29897 32775 32350 
21534 33468 32697 32609 
24308 36814 32624 32798 
28198 39619 32590 32961 
32288 41842 32567 33075 
35857 43382 32489 33114 
38247 44081 32412 33146 
39266 43735 32330 33187 
38878 42068 32253 33227 
37270 38863 32153 33241 
34950 34500 32123 33282 
32442 29403 32170 33297 
30348 24367 32318 33293 
29110 20260 32553 33215 
28974 17777 32812 33026 
29897 17330 33073 32742 
31722 19116 33360 32426 
33884 22653 33574 32093 
35856 27452 33688 31782 
37152 32850 33651 31538 
37428 38148 33519 31441 
36522 42740 33296 31513 
34455 46000 32971 31716 
31587 47630 32596 32064 
28722 47573 32294 32554 
26415 45942 31975 33023 
25252 43076 31713 33450 
25660 39332 31610 33853 
27539 34877 31669 34131 
30530 29806 31816 34213 
34054 24327 32086 34127 
37278 19220 32440 33869 
39657 15217 32816 33447 
40768 13350 33176 32926 
40463 14467 33531 32411 
38826 18673 33781 31936 
36138 25298 33853 31484 
32937 33385 33834 31259 
29812 41111 33670 31197 
27204 47330 33379 31309 
25576 51161 32993 31548 
25265 52248 32589 31959 
26389 50643 32252 32458 
28649 46676 31914 32903 
31770 41032 31741 33389 
35176 34161 31679 33738 
38085 27275 31765 33978 
39902 21249 31992 34079 
40073 16998 32246 33971 
38586 15341 32540 33747 
35725 16608 32866 33447 
32027 20433 33070 32994 
28321 26280 33261 32573 
25560 32690 33386 32160 
24303 38487 33385 31805 
24902 42690 33335 31564 
27321 44631 33192 31461 
31011 44152 33015 31517 
35100 41641 32804 31730 
38619 37820 32589 32027 
40923 33534 32436 32486 
41504 29702 32299 32907 
40582 27004 32278 33363 
38474 25800 32281 33689 
35697 26301 32387 33921 
32615 28285 32539 33958 
29565 31298 32713 33802 
26736 34774 32893 33497 
24545 37733 32999 33024 
23451 39658 33073 32534 
23859 39941 33119 32068 
25865 38209 33087 31685 
29002 34686 32923 31442 
32753 30004 32754 31407 
36423 25067 32603 31607 
39319 21278 32442 31963 
41291 19734 32367 32444 
42149 21037 32352 32951 
41757 25279 32395 33412 
40040 31481 32503 33787 
36937 38282 32632 33936 
32851 44192 32765 33911 
28505 48134 32848 33693 
25143 49359 32885 33359 
23539 47883 32870 32927 
24023 44098 32828 32515 
26240 38458 32798 32172 
29179 31814 32752 31937 
31988 24923 32742 31837 
34005 18737 32758 31863 
35171 14199 32807 31990 
35726 12664 32880 32193 
35939 14407 32940 32384 
35975 19387 33018 32613 
35712 26918 33012 32770 
35137 35519 32953 32861 
34295 43852 32818 32922 
33393 50592 32644 32967 
32711 54612 32462 33036 
32388 54984 32285 33089 
32402 51593 32153 33137 
32551 44807 32072 33142 
32798 35630 32138 33196 
32965 25869 32277 33157 
33113 17377 32540 33117 
33014 11596 32782 32935 
32627 9823 33073 32769 
31722 12001 33291 32540 
30352 17700 33474 32351 
28763 25358 33495 32135 
27543 33810 33439 31995 
27241 41684 33261 31911 
28313 48210 33030 31927 
30686 52360 32776 32055 
33897 53693 32521 32242 
37206 51908 32270 32478 
39985 46843 32060 32760 
41448 39513 31974 33084 
41390 30737 31928 33355 
39954 22104 32015 33603 
37312 15080 32168 33763 
34068 11567 32380 33791 
30653 11950 32674 33713 
27408 15979 32956 33499 
24688 22632 33223 33151 
22814 30480 33426 32724 
22163 37975 33588 32291 
23019 44023 33641 31838 
25537 47732 33559 31476 
29566 49054 33395 31275 
34512 48149 33164 31278 
39516 45274 32854 31459 
43485 40908 32505 31804 
45744 35530 32227 32292 
45818 29636 31984 32838 
43753 23948 31848 33367 
40029 19610 31847 33825 
35232 17328 31954 34109 
29948 17600 32096 34145 
24885 20549 32332 34016 
20951 25552 32597 33753 
18635 31586 32801 33363 
18382 37629 32967 32914 
20379 42854 33076 32464 
24259 46362 33154 32119 
29420 47839 33205 31889 
35073 46995 33200 31767 
40467 43832 33189 31783 
44715 38728 33179 31894 
47447 32237 33152 32054 
48299 25330 33116 32245 
47060 19207 33027 32395 
43795 15305 32954 32582 
38688 14545 32786 32666 
32298 17469 32596 32741 
25694 23521 32407 32824 
19810 31577 32180 32891 
15702 40070 32007 32999 
14143 47457 31938 33189 
15467 52004 31909 33329 
19513 53108 32021 33493 
25745 50381 32225 33588 
32947 44351 32494 33580 
40213 35904 32828 33510 
46436 26302 33131 33258 
50948 17055 33380 32881 
52965 10344 33552 32476 
52171 7512 33615 32043 
48415 9492 33576 31685 
41862 16447 33378 31388 
33370 27279 33121 31264 
24377 39685 32835 31339 
16336 51465 32570 31626 
10787 60224 32348 32051 
8967 64026 32174 32578 
11245 61911 32065 33126 
17148 54070 31968 33584 
25833 41507 32021 33992 
35313 26768 32138 34242 
44206 12341 32307 34299 
51057 1205 32508 34150 
54915 83 32718 33799 
55171 37 32969 33362 
51891 6897 33151 32773 
45615 20096 33293 32202 
37236 36383 33437 31704 
28343 52203 33477 31307 
20203 64507 33425 31085 
14038 65456 33298 31056 
10889 65512 33115 31244 
11392 65522 32866 31612 
15385 56949 32570 32086 
22501 40051 32336 32670 
31240 21542 32125 33227 
40361 5098 31952 33695 
48233 156 31926 34069 
53519 40 32037 34290 
54838 30 32175 34275 
52107 10650 32394 34074 
45772 24967 32618 33733 
36908 40944 32823 33269 
27523 54800 32941 32746 
19382 64223 33058 32314 
13887 65463 33093 31927 
11901 65502 33095 31681 
13738 54172 33074 31588 
18830 39609 33036 31608 
26235 23288 33025 31764 
34659 8251 33032 31970 
42795 289 33032 32201 
49283 61 33009 32430 
52938 42 32942 32605 
52943 7718 32847 32763 
49452 20313 32762 32938 
43055 34971 32582 33046 
34990 49235 32416 33162 
26697 60572 32250 33253 
19514 65360 32086 33339 
14325 65478 32024 33451 
11866 65487 32033 33511 
12333 55938 32131 33514 
15805 43851 32325 33457 
21996 30496 32595 33301 
30168 17802 32899 33072 
39176 7397 33165 32718 
47787 733 33416 32341 
54072 100 33553 31940 
56974 78 33571 31586 
56015 6979 33504 31390 
51111 16882 33322 31329 
43454 28578 33076 31433 
34091 40652 32788 31703 
24572 51576 32508 32118 
16228 59991 32240 32600 
10752 64324 32061 33118 
8804 64114 31924 33597 
10739 59698 31887 33976 
16122 51779 31943 34194 
23645 41891 32092 34251 
32006 31284 32308 34131 
40063 21158 32599 33841 
46597 12760 32906 33408 
50568 7269 33144 32888 
51989 4900 33400 32368 
50774 5861 33567 31859 
47265 10278 33666 31465 
41914 17578 33607 31176 
35518 27009 33462 31056 
28850 37486 33215 31116 
22757 47759 32917 31368 
18355 55902 32595 31804 
16248 60758 32313 32330 
16822 61265 32055 32927 
20032 57108 31887 33505 
25323 48785 31840 34019 
31699 37598 31918 34352 
38031 24997 32106 34507 
42539 14443 32348 34411 
44677 7598 32615 34091 
44220 5794 32839 33600 
41517 9280 32992 32977 
37484 16958 33060 32330 
33112 27109 33102 31817 
29267 37521 33078 31421 
26587 46407 33009 31224 
25609 52012 32962 31266 
26368 53885 32937 31506 
28601 51882 32955 31888 
31769 46341 32986 32304 
35040 38492 33064 32732 
37573 29471 33085 33066 
38791 20944 33077 33272 
38457 14527 32963 33324 
36835 12012 32837 33310 
34355 14013 32630 33191 
31463 20160 32399 33034 
28469 29270 32142 32877 
25846 39109 31926 32763 
24113 47276 31813 32731 
23773 52238 31818 32779 
25273 53121 31956 32892 
28781 49884 32179 32981 
33732 43610 32512 33080 
39080 35546 32911 33117 
43487 27045 33281 33044 
45790 19495 33585 32881 
45370 14108 33773 32608 
42388 11848 33821 32290 
37589 13401 33734 31998 
32123 18562 33476 31723 
27093 26585 33140 31579 
23253 35839 32787 31600 
21055 44636 32436 31793 
20863 50944 32195 32158 
22513 53661 32029 32604 
25726 52421 31941 33046 
30068 47631 31928 33473 
34696 40615 32035 33858 
38729 32759 32184 34078 
41330 25446 32325 34110 
42038 19852 32505 34000 
40754 16960 32636 33704 
37988 16958 32741 33320 
34578 19577 32874 32887 
31312 24032 32978 32406 
29070 29137 33107 31991 
28161 33903 33250 31653 
28515 37482 33343 31406 
30016 39686 33463 31335 
32093 40419 33505 31400 
34315 40083 33448 31570 
36239 39205 33328 31867 
37326 38026 33052 32204 
37214 36881 32751 32641 
