31849 31436 31997 33529 
31849 31436 31997 33529 
31828 31351 31897 33536 
31938 31478 31901 33510 
32143 31773 31975 33375 
32470 32269 32169 33215 
32822 32853 32412 32986 
33169 33448 32688 32722 
33458 33990 32998 32454 
33635 34339 33297 32206 
33692 34455 33556 32020 
33572 34282 33706 31878 
33349 33858 33745 31819 
33053 33235 33681 31843 
32696 32553 33476 31944 
32378 31894 33179 32154 
32095 31347 32796 32402 
31896 31023 32360 32691 
31861 31009 32008 33031 
31902 31220 31713 33318 
32070 31671 31581 33550 
32367 32320 31656 33711 
32653 32954 31857 33727 
32952 33531 32185 33611 
33210 33984 32595 33390 
33376 34197 33013 33056 
33438 34142 33343 32652 
33402 33916 33605 32304 
33277 33493 33693 31980 
33065 33002 33619 31756 
32827 32493 33395 31660 
32637 32108 33129 31763 
32473 31843 32796 31966 
32358 31734 32476 32274 
32311 31789 32237 32632 
32316 31962 32103 32975 
32312 32158 32033 33254 
32373 32442 32117 33452 
32450 32695 32281 33514 
32556 32937 32508 33471 
32634 33088 32720 33272 
32729 33193 32910 33017 
32852 33242 33068 32737 
32953 33244 33166 32468 
33050 33175 33167 32248 
33119 33082 33096 32130 
33122 32924 32921 32094 
33078 32775 32728 32189 
32991 32623 32535 32385 
32841 32485 32370 32634 
32640 32340 32262 32875 
32449 32262 32256 33125 
32305 32228 32343 33303 
32191 32233 32499 33356 
32158 32298 32691 33274 
32250 32452 32942 33129 
32410 32630 33140 32857 
32635 32849 33301 32550 
32896 33070 33384 32263 
33133 33267 33368 32030 
33294 33359 33234 31856 
33349 33348 33016 31817 
33320 33265 32743 31912 
33160 33085 32462 32121 
32962 32884 32238 32446 
32707 32620 32057 32767 
32481 32410 32007 33132 
32309 32256 32050 33442 
32204 32173 32186 33645 
32179 32159 32392 33721 
32226 32209 32607 33672 
32328 32333 32820 33510 
32440 32439 32950 33226 
32553 32561 33028 32907 
32701 32715 33071 32627 
32797 32796 33037 32355 
32872 32836 32976 32142 
32904 32838 32897 31992 
32932 32859 32845 31949 
33006 32914 32864 31994 
33008 32950 32860 32047 
33063 33059 32928 32166 
33079 33135 32958 32257 
33083 33222 32976 32370 
33026 33237 32935 32462 
32941 33203 32851 32587 
32773 33063 32699 32731 
32573 32838 32518 32896 
32344 32522 32309 33080 
32172 32218 32161 33309 
31995 31879 32010 33490 
31958 31702 32005 33671 
32022 31661 32072 33741 
32191 31757 32241 33704 
32458 32019 32508 33547 
32783 32408 32829 33291 
33087 32826 33121 32881 
33332 33241 33352 32402 
33533 33639 33545 31969 
33601 33902 33615 31574 
33524 33956 33543 31303 
33348 33853 33375 31188 
33073 33553 33108 31232 
32735 33158 32805 31476 
32450 32730 32515 31882 
32254 32342 32309 32424 
32110 32005 32150 32963 
32046 31760 32061 33461 
32078 31661 32062 33870 
32181 31739 32134 34141 
32336 31919 32265 34270 
32500 32149 32412 34207 
32640 32397 32554 33990 
32763 32649 32678 33674 
32846 32865 32800 33267 
32876 32995 32850 32756 
32946 33185 32956 32303 
33019 33323 33044 31890 
33106 33446 33145 31565 
33170 33492 33213 31344 
33211 33493 33262 31253 
33227 33445 33292 31309 
33195 33331 33271 31497 
33079 33126 33170 31772 
32894 32863 33004 32145 
32676 32555 32778 32579 
32437 32266 32536 33044 
32214 31994 32291 33480 
32040 31800 32082 33867 
31940 31697 31947 34106 
31918 31708 31895 34186 
32012 31856 31939 34123 
32205 32076 32062 33891 
32456 32382 32254 33556 
32742 32712 32480 33133 
32995 33015 32693 32683 
33214 33279 32913 32245 
33333 33445 33085 31873 
33401 33536 33271 31644 
33356 33509 33380 31546 
33256 33412 33461 31566 
33107 33263 33481 31710 
32905 33054 33420 31891 
32739 32881 33345 32135 
32577 32699 33194 32356 
32468 32547 33008 32590 
32402 32446 32798 32804 
32383 32368 32552 32993 
32383 32310 32304 33150 
32446 32306 32085 33317 
32489 32307 31902 33451 
32556 32324 31799 33562 
32608 32362 31793 33620 
32652 32408 31877 33626 
32676 32462 32058 33543 
32710 32557 32334 33386 
32736 32653 32665 33123 
32777 32794 32997 32818 
32789 32889 33260 32413 
32857 33042 33516 32046 
32928 33203 33681 31747 
32992 33338 33748 31533 
33008 33390 33675 31422 
33027 33381 33526 31463 
32973 33243 33271 31609 
32877 33055 32975 31883 
32797 32838 32691 32294 
32636 32506 32330 32712 
32505 32229 32056 33162 
32378 31974 31826 33571 
32283 31788 31689 33897 
32265 31743 31696 34106 
32282 31809 31805 34174 
32400 32017 32022 34097 
32547 32355 32338 33862 
32736 32750 32691 33496 
32892 33118 33033 32996 
33022 33456 33346 32455 
33129 33729 33613 31931 
33165 33828 33763 31455 
33114 33743 33779 31118 
33022 33517 33670 30962 
32859 33146 33414 30983 
32736 32777 33128 31259 
32598 32379 32747 31696 
32536 32100 32409 32302 
32545 31951 32142 32954 
32579 31925 31925 33556 
32652 32032 31844 34063 
32735 32260 31898 34389 
32790 32515 32042 34508 
32772 32738 32238 34380 
32705 32888 32439 34053 
32586 32945 32628 33569 
32409 32880 32755 33014 
32280 32769 32860 32463 
32231 32662 32950 32036 
32244 32548 33002 31698 
32351 32484 33049 31505 
32562 32543 33114 31500 
32837 32674 33205 31615 
33116 32854 33267 31790 
33383 33098 33311 32006 
33601 33370 33349 32283 
33700 33554 33290 32525 
33638 33612 33145 32746 
33400 33477 32885 32886 
33058 33228 32579 33030 
32683 32901 32307 33209 
32274 32471 32017 33312 
31944 32070 31814 33437 
31727 31741 31734 33519 
31647 31534 31747 33507 
31766 31544 31945 33496 
31992 31711 32213 33375 
32315 32031 32572 33217 
32678 32423 32927 32977 
33018 32838 33253 32681 
33306 33249 33509 32346 
33478 33578 33655 32024 
33551 33793 33682 31762 
33515 33854 33609 31606 
33332 33706 33375 31534 
33081 33452 33073 31609 
32790 33090 32723 31805 
32516 32694 32381 32128 
32310 32321 32120 32561 
32161 32010 31933 33071 
32105 31831 31871 33693 
32163 31789 31943 34311 
32289 31910 32132 34681 
32461 32115 32400 34599 
32674 32420 32740 33940 
32854 32711 33053 32700 
33003 32984 33304 31289 
33066 33146 33417 30082 
33111 33284 33446 29625 
33119 33343 33350 30130 
33048 33314 33137 31444 
32941 33208 32863 33263 
32790 33048 32581 35048 
32649 32870 32360 36372 
32530 32695 32227 36922 
32443 32533 32183 36649 
32405 32425 32240 35644 
32486 32387 32579 32132 
32585 32437 32806 30037 
32657 32451 32963 27976 
32745 32496 33067 26468 
32917 32633 33114 25874 
33129 32823 33096 26428 
33321 33047 32976 28216 
33450 33287 32843 31064 
33388 33380 32683 34555 
33043 33231 32507 38069 
32456 32809 32377 41022 
31763 32181 32307 42699 
31186 31557 32292 42746 
30951 31136 32341 41025 
31179 31099 32470 37750 
31786 31480 32622 33426 
32583 32221 32830 28753 
33358 33082 33025 24475 
33900 33864 33164 21535 
34254 34447 33307 20419 
34486 34765 33347 21301 
34692 34897 33294 24104 
34971 35022 33191 28352 
35083 34982 32986 33285 
34822 34648 32739 38256 
33915 33781 32485 42171 
32272 32350 32254 44563 
30083 30518 32107 45057 
27889 28790 32017 43530 
26317 27711 32032 40321 
25982 27628 32131 36010 
27163 28562 32313 31294 
29859 30130 32567 26963 
33407 31776 32778 23659 
37222 33203 32958 21914 
40215 34294 33064 21971 
41796 35288 33096 23707 
41672 36545 33108 26792 
39798 38048 33051 30619 
36615 39579 32989 34526 
32619 40407 32899 37868 
28551 39874 32842 40176 
25134 37561 32843 41165 
22903 33552 32852 40726 
22302 28452 32900 39027 
23569 23558 32926 36467 
26611 19994 32918 33527 
30972 18634 32842 30702 
36025 19933 32728 28452 
40814 23699 32594 27147 
44366 29199 32424 26885 
45893 35609 32246 27650 
44791 41525 32082 29122 
41244 46211 32022 31078 
35754 49024 32101 33151 
29231 49409 32212 34852 
23013 47243 32445 36013 
18353 42583 32746 36477 
16162 35756 33040 36181 
17089 27954 33300 35292 
21017 20475 33491 34055 
27466 14642 33574 32654 
35424 12006 33584 31450 
43303 13115 33428 30585 
49899 17858 33230 30233 
53798 25357 32945 30362 
53851 34042 32665 30925 
49744 42373 32413 31802 
41974 49029 32219 32772 
31624 52957 32056 33648 
21190 53408 31961 34256 
12744 50424 31940 34546 
8131 44488 32001 34508 
8341 36510 32151 34204 
13202 27760 32341 33660 
21581 19764 32538 32981 
31898 13957 32786 32324 
41887 11684 33030 31781 
50068 13313 33244 31425 
55050 18708 33423 31275 
55919 26691 33566 31382 
52620 35704 33615 31629 
45972 43949 33586 32001 
36868 49879 33453 32411 
27372 52053 33226 32780 
19168 50270 32922 33083 
13772 45070 32576 33320 
12302 37775 32252 33497 
14777 30233 31944 33538 
20484 23903 31759 33536 
28281 19814 31731 33476 
36161 18479 31767 33316 
42922 19797 31981 33201 
47263 23058 32211 33000 
48636 27804 32534 32840 
46864 32881 32857 32682 
42411 37520 33072 32442 
36254 41082 33225 32264 
29315 42972 33331 32112 
23507 42748 33346 32018 
19888 40613 33311 31986 
19286 36984 33232 32007 
21880 32855 33099 32066 
27065 29201 33019 32233 
33529 26660 32912 32389 
39879 25723 32858 32630 
44315 26217 32785 32823 
45976 27699 32708 32988 
44553 29663 32612 33139 
40367 31743 32512 33248 
34455 33642 32392 33302 
28035 35390 32290 33324 
22372 36869 32189 33289 
18724 37787 32121 33237 
17964 37788 32082 33112 
20413 36722 32159 33010 
25650 34620 32305 32870 
32292 32149 32535 32749 
38849 30022 32810 32607 
43803 28855 33037 32381 
46360 29067 33298 32208 
46112 30218 33447 32029 
43713 31753 33591 31965 
39835 32907 33568 31909 
35314 33358 33419 31921 
31028 33133 33242 32067 
27304 32498 32989 32269 
24504 31949 32735 32572 
22978 31882 32495 32903 
22786 32449 32250 33170 
23897 33675 32093 33420 
25982 35279 32025 33619 
28651 36691 31981 33687 
31547 37312 32003 33646 
34548 36686 32088 33528 
37389 34599 32234 33343 
39905 31382 32433 33115 
41655 27800 32638 32852 
42074 24844 32842 32542 
40941 23595 33099 32307 
38351 24547 33319 32075 
34886 27537 33481 31886 
31363 32053 33609 31761 
28644 36957 33656 31715 
27051 41139 33565 31726 
26519 43942 33419 31863 
26654 44843 33169 32071 
27153 43530 32831 32360 
27909 40323 32474 32700 
28992 35605 32136 33057 
30601 29995 31858 33405 
32756 24265 31685 33710 
35113 19586 31645 33917 
37371 16798 31779 33958 
39098 16650 32033 33883 
39827 19418 32326 33621 
39423 24789 32633 33272 
37922 31980 32905 32850 
35426 39978 33145 32451 
32341 47048 33293 32101 
29152 51998 33338 31852 
26432 53802 33329 31719 
24713 51878 33251 31732 
24459 46455 33156 31837 
25801 38475 33120 32072 
28442 29079 33043 32288 
31986 19937 33010 32535 
35688 12678 32914 32689 
38999 8775 32855 32824 
41277 8935 32736 32876 
42026 13378 32575 32896 
41194 21125 32431 32920 
38893 30845 32265 32941 
35447 40926 32094 32966 
31461 49366 31987 33053 
27659 54692 31973 33152 
24495 56286 32030 33253 
22469 54005 32216 33350 
21845 48362 32421 33348 
22825 40793 32696 33297 
25346 32514 32993 33152 
29137 24858 33223 32881 
33946 18802 33446 32541 
38727 15553 33598 32208 
42892 14984 33644 31866 
45802 16956 33577 31592 
46716 20815 33388 31464 
45450 25806 33121 31492 
42085 31061 32796 31694 
37071 35985 32458 32075 
31342 39678 32137 32554 
25776 41882 31888 33075 
21221 42463 31712 33537 
18389 41714 31734 33969 
17677 40088 31862 34164 
19129 38267 32154 34199 
22540 36658 32506 33988 
27513 35613 32902 33591 
33259 35003 33236 33058 
39053 34389 33469 32441 
44149 33342 33640 31896 
47437 31534 33626 31463 
48215 29061 33487 31230 
46272 26288 33241 31218 
41883 23840 32913 31420 
35804 22434 32610 31847 
29529 22523 32351 32387 
24307 24119 32182 32942 
21084 26840 32053 33400 
20406 30334 32050 33742 
22084 34046 32147 33927 
25450 37558 32312 33894 
29723 40666 32493 33647 
33836 43165 32715 33331 
37130 44878 32895 32913 
39161 45527 33033 32498 
39740 44761 33132 32142 
38877 42343 33173 31924 
36904 38277 33146 31843 
34254 32893 33020 31892 
31587 26963 32852 32059 
29482 21449 32680 32353 
28395 17312 32506 32698 
28517 15242 32356 33010 
29750 15682 32304 33287 
31783 18436 32334 33461 
34118 23088 32432 33463 
36193 28996 32593 33336 
37543 35387 32809 33094 
37745 41368 33005 32740 
36590 46359 33172 32359 
34389 49396 33321 32080 
31457 50311 33305 31835 
28521 49233 33226 31784 
26353 46405 33033 31862 
25476 42307 32788 32125 
26098 37230 32498 32458 
28169 31444 32259 32890 
31179 25467 32090 33306 
34486 19657 31960 33583 
37442 14856 31983 33750 
39575 12004 32122 33791 
40350 11990 32320 33606 
39784 15254 32613 33344 
37936 21591 32916 32987 
35226 29637 33173 32571 
32148 38168 33396 32202 
29169 45739 33513 31878 
26878 51081 33528 31676 
25701 53445 33402 31619 
25878 52870 33200 31730 
27399 49567 32888 31940 
30004 44209 32547 32244 
33212 37535 32272 32646 
36368 30235 32025 33047 
38758 23366 31893 33405 
39783 17946 31850 33645 
39201 14917 31967 33780 
37021 14849 32225 33761 
33760 17750 32534 33589 
30141 23011 32916 33320 
26962 29598 33241 32938 
24934 36291 33496 32522 
24699 41615 33657 32149 
26276 44820 33644 31822 
29363 45522 33504 31643 
33446 43683 33181 31583 
37306 40181 32875 31744 
40160 35746 32519 31992 
41483 31342 32225 32356 
41162 27726 32023 32754 
39511 25643 31958 33141 
36908 25264 31964 33407 
33782 26724 32125 33612 
30666 29458 32331 33678 
27737 32906 32595 33654 
25202 36215 32768 33473 
23456 38750 32903 33214 
23078 39775 32973 32961 
24274 38938 32995 32705 
26943 36246 32968 32480 
30596 32102 32924 32280 
34515 27362 32934 32162 
38035 23126 32921 32051 
40847 20627 32981 32019 
42541 20801 33028 32004 
43040 23891 33099 32052 
42124 29310 33126 32102 
39631 36083 33096 32198 
35787 42365 32987 32368 
31202 47034 32804 32572 
26909 49252 32581 32839 
23895 48654 32290 33105 
23022 45561 32088 33404 
24111 40396 31888 33601 
26606 33819 31837 33771 
29442 26803 31910 33819 
31896 20138 32104 33697 
33612 14920 32395 33487 
34775 12194 32778 33166 
35520 12754 33108 32752 
36132 16740 33417 32305 
36530 23649 33661 31909 
36516 32254 33732 31579 
36064 41232 33674 31397 
35298 49150 33521 31386 
34351 54646 33223 31496 
33557 56597 32909 31797 
32994 54630 32575 32188 
32580 48708 32225 32637 
32279 39947 31978 33099 
32024 29727 31788 33523 
31869 19917 31750 33869 
31804 12307 31832 34090 
31631 8560 31988 34097 
31195 9053 32227 33930 
30393 13637 32577 33690 
29262 20996 32918 33324 
28184 29789 33237 32874 
27665 38530 33499 32383 
28273 46243 33683 31936 
30155 51739 33755 31565 
33059 54536 33694 31337 
36426 54214 33514 31275 
39564 50486 33230 31370 
41583 44051 32883 31629 
42188 35640 32532 32040 
41262 26501 32189 32506 
39019 18396 31930 33023 
35805 12811 31736 33452 
32146 10913 31710 33817 
28400 12967 31833 34017 
25106 18253 32028 34050 
22588 25502 32309 33938 
21186 33247 32618 33671 
21218 40152 32871 33283 
23017 45030 33081 32875 
26574 47659 33219 32496 
31564 48069 33314 32172 
37038 46468 33312 31944 
42077 43263 33292 31810 
45689 38830 33210 31779 
47249 33489 33096 31824 
46470 28110 32992 31947 
43666 23410 32913 32145 
39245 20168 32834 32330 
33767 19060 32759 32541 
27944 20487 32660 32711 
22931 24084 32586 32917 
19210 28997 32475 33065 
17427 34356 32343 33181 
17961 39333 32248 33301 
20753 43095 32162 33377 
25369 45209 32120 33413 
31056 45414 32161 33412 
36898 43600 32248 33342 
42274 39692 32409 33172 
46200 34439 32667 33030 
48339 28302 32899 32786 
48397 22336 33127 32489 
46196 17752 33335 32227 
41970 15885 33474 32016 
36177 17351 33550 31904 
29550 22043 33487 31841 
22977 29332 33355 31873 
17856 37598 33134 31990 
14959 45275 32887 32189 
14828 50859 32607 32426 
17607 53301 32358 32731 
22692 51902 32130 32993 
29326 46880 31928 33209 
36498 39058 31865 33433 
43161 29272 31856 33563 
48389 19389 31971 33650 
51406 11392 32178 33628 
51868 6770 32468 33542 
49511 6827 32793 33368 
44357 12116 33117 33074 
37110 21788 33390 32740 
28662 34183 33616 32368 
20369 47006 33707 31999 
13713 58011 33694 31689 
10338 64465 33548 31489 
10873 65460 33288 31409 
15378 59500 32970 31505 
22767 48742 32603 31728 
31797 34530 32285 32115 
40801 19225 32047 32606 
48425 5492 31882 33133 
53209 183 31798 33593 
54705 48 31869 33986 
52703 54 32017 34189 
47474 12878 32264 34226 
39982 27817 32553 34051 
31445 43985 32853 33692 
22913 58754 33087 33153 
16095 65326 33324 32615 
12064 65497 33507 32086 
11303 65519 33531 31606 
14049 65403 33470 31305 
20024 47450 33309 31222 
28053 29238 33055 31333 
36953 11625 32774 31667 
45246 430 32435 32107 
51469 61 32185 32664 
54372 31 32015 33189 
53314 5497 31921 33623 
48402 18422 32020 33965 
40452 34591 32230 34074 
31477 49826 32528 33980 
22901 61729 32850 33663 
16369 65404 33131 33199 
12944 65506 33374 32667 
13192 64785 33519 32157 
16800 49096 33542 31722 
23150 32496 33377 31436 
30985 15802 33122 31360 
39086 1937 32792 31509 
46141 105 32467 31869 
50967 47 32175 32371 
52472 97 31979 32911 
50466 12765 31896 33400 
45389 26574 31965 33793 
38012 41457 32183 34009 
29990 54348 32416 33954 
22581 63407 32719 33768 
16813 65425 32970 33409 
13341 65481 33118 32956 
12614 59261 33226 32519 
14784 48746 33221 32144 
19848 35887 33143 31873 
27095 23028 33027 31774 
35691 11739 32885 31797 
44297 3511 32781 31962 
51489 180 32706 32202 
55688 83 32688 32457 
56194 4624 32754 32711 
52823 13156 32779 32850 
46179 24531 32811 32931 
37538 36735 32820 32962 
28078 48350 32778 32938 
19259 58036 32701 32903 
12690 64033 32588 32916 
9497 65429 32441 32956 
10017 62361 32312 33023 
14140 55294 32203 33099 
20874 45672 32164 33195 
29026 34803 32228 33230 
37169 24121 32359 33214 
44274 14712 32593 33115 
49180 7930 32836 32905 
51599 4145 33080 32610 
51343 3810 33289 32256 
48627 7113 33479 31977 
43967 13630 33541 31719 
37919 22724 33502 31598 
31208 33646 33373 31608 
24810 44688 33140 31784 
19810 54150 32873 32132 
16808 60709 32559 32556 
16366 63110 32270 33058 
18546 60686 31972 33511 
23054 53647 31745 33871 
29073 42962 31667 34090 
35562 29961 31709 34127 
40943 17579 31938 33982 
43987 8713 32229 33634 
44558 4754 32613 33191 
42847 6333 33045 32686 
39378 13136 33480 32134 
35254 22998 33783 31646 
31351 33975 33988 31343 
28317 43809 34004 31186 
26608 51025 33832 31223 
26509 54293 33533 31481 
27843 53438 33123 31886 
30264 48654 32634 32390 
33139 40923 32211 32965 
35546 31679 31777 33428 
37034 22567 31531 33833 
37274 15364 31458 34047 
36320 11658 31535 34048 
34602 12511 31791 33917 
32397 17866 32117 33580 
29998 26747 32500 33186 
27801 36883 32879 32762 
26051 46081 33187 32387 
25244 52355 33421 32131 
25918 54496 33541 31979 
28299 52163 33517 31930 
32269 46215 33428 32013 
37085 38003 33314 32231 
41571 28725 33130 32388 
44404 20304 32987 32570 
44822 13888 32847 32668 
42737 10596 32736 32702 
38612 11179 32645 32654 
33599 15761 32578 32599 
28645 23555 32508 32523 
24635 33219 32446 32488 
21994 43015 32332 32514 
21200 50711 32294 32695 
22199 54870 32260 32926 
24758 54871 32230 33192 
28667 50835 32231 33448 
33104 43971 32316 33668 
37329 35643 32460 33782 
40473 27406 32629 33686 
41946 20735 32857 33473 
41468 16570 33034 33071 
39346 15486 33195 32625 
36130 17500 33373 32158 
32804 21754 33431 31715 
30155 27042 33403 31425 
28603 32308 33317 31302 
28321 36574 33202 31390 
29122 39338 32972 31614 
30733 40448 32745 32005 
32724 40317 32521 32479 
34665 39388 32261 32954 
36022 38168 32019 33374 
36533 37009 31898 33764 
35779 35930 31820 33978 
