32486 32168 32629 31962 
32486 32168 32629 31962 
32168 31572 32292 32444 
31939 31129 32019 33011 
31802 30854 31815 33544 
31861 30906 31773 34022 
32073 31241 31858 34305 
32343 31794 32017 34375 
32703 32513 32256 34235 
33014 33258 32502 33882 
33240 33895 32716 33359 
33394 34363 32919 32842 
33355 34520 33034 32259 
33212 34404 33124 31820 
32991 34028 33164 31509 
32741 33459 33177 31384 
32519 32809 33193 31442 
32384 32210 33207 31661 
32337 31709 33208 31967 
32381 31418 33192 32280 
32544 31373 33156 32617 
32729 31542 33075 32904 
32896 31875 32895 33070 
33011 32307 32707 33192 
33083 32775 32480 33236 
33032 33173 32220 33216 
32905 33459 31990 33178 
32721 33569 31828 33127 
32521 33545 31790 33122 
32347 33375 31852 33129 
32229 33092 32027 33121 
32199 32771 32290 33080 
32287 32498 32641 33025 
32442 32296 32994 32886 
32665 32205 33301 32684 
32913 32241 33562 32445 
33109 32347 33665 32146 
33283 32570 33701 31941 
33303 32740 33571 31740 
33248 32900 33369 31690 
33100 32999 33116 31777 
32870 33014 32809 31965 
32626 32958 32534 32275 
32427 32867 32301 32675 
32224 32679 32084 33068 
32133 32519 31944 33461 
32129 32393 31881 33774 
32203 32311 31876 33937 
32369 32324 31985 33959 
32572 32409 32143 33811 
32842 32619 32433 33592 
33034 32801 32701 33219 
33274 33155 33301 32312 
33291 33267 33556 31920 
33184 33248 33674 31590 
33030 33182 33704 31423 
32827 33023 33598 31393 
32597 32821 33368 31514 
32404 32607 33056 31781 
32300 32449 32718 32164 
32263 32326 32380 32622 
32311 32286 32107 33076 
32386 32268 31900 33468 
32528 32320 31826 33797 
32677 32415 31876 33973 
32823 32541 32031 33999 
32950 32696 32286 33864 
32999 32814 32522 33543 
33081 32996 32827 33190 
33048 33094 33035 32723 
33033 33216 33246 32319 
32961 33252 33367 31943 
32834 33179 33381 31656 
32686 33025 33294 31533 
32558 32830 33165 31595 
32421 32557 32957 31785 
32322 32286 32724 32120 
32269 32075 32522 32535 
32282 31956 32389 33007 
32315 31914 32276 33373 
32441 32043 32291 33685 
32630 32310 32381 33852 
32857 32675 32549 33812 
33066 33093 32725 33602 
33246 33497 32883 33262 
33368 33818 33004 32795 
33437 33992 33109 32338 
33374 33946 33099 31918 
33220 33687 33034 31606 
32940 33241 32878 31465 
32619 32653 32671 31481 
32359 32120 32547 31778 
32117 31606 32404 32143 
31969 31283 32333 32639 
31965 31228 32344 33150 
32040 31365 32387 33570 
32258 31790 32541 33936 
32546 32325 32711 34074 
32814 32896 32852 34014 
33003 33376 32908 33721 
33161 33778 32957 33363 
33212 33956 32922 32918 
33163 33916 32862 32490 
33019 33670 32769 32085 
32818 33272 32669 31778 
32619 32796 32613 31592 
32462 32327 32589 31553 
32460 32069 32690 31735 
32510 31904 32790 31920 
32641 31946 32915 32171 
32849 32173 33054 32484 
33032 32487 33120 32757 
33163 32837 33120 33008 
33147 33088 32981 33163 
33073 33280 32820 33316 
32882 33286 32585 33391 
32629 33166 32371 33438 
32318 32873 32152 33403 
32048 32495 31976 33301 
31907 32181 31963 33224 
31876 31921 32038 33062 
32021 31848 32259 32914 
32307 31976 32567 32737 
32661 32253 32904 32528 
33029 32617 33205 32297 
33392 33085 33457 32113 
33622 33487 33575 31945 
33728 33816 33605 31885 
33684 33952 33511 31902 
33468 33867 33294 31975 
33137 33572 33040 32135 
32717 33112 32716 32343 
32334 32598 32442 32632 
31999 32049 32199 32929 
31776 31597 31979 33205 
31713 31329 31867 33445 
31822 31308 31837 33617 
32089 31548 31951 33733 
32416 31950 32103 33712 
32784 32457 32364 33592 
33096 32981 32664 33366 
33307 33439 32961 33041 
33398 33754 33243 32671 
33361 33906 33489 32304 
33223 33834 33640 31949 
33009 33618 33693 31678 
32814 33314 33627 31537 
32631 32954 33446 31513 
32520 32610 33163 31614 
32511 32338 32853 31887 
32584 32161 32515 32230 
32684 32091 32188 32615 
32802 32146 31957 33025 
32890 32279 31808 33429 
32929 32473 31806 33748 
32868 32627 31903 33912 
32734 32722 32105 33911 
32526 32742 32362 33761 
32277 32668 32627 33502 
32103 32573 32895 33179 
31970 32411 33062 32777 
31958 32332 33160 32413 
32117 32347 33206 32140 
32380 32446 33184 31961 
32738 32648 33122 31881 
33155 32960 33089 31955 
33496 33256 33020 32063 
33736 33505 32995 32204 
33836 33681 32991 32393 
33779 33745 33013 32559 
33544 33631 32973 32651 
33218 33402 32917 32726 
32797 33024 32785 32720 
32390 32618 32611 32744 
32061 32230 32415 32783 
31829 31874 32201 32852 
31722 31623 32007 32949 
31774 31531 31891 33112 
31930 31600 31866 33254 
32148 31791 31957 33358 
32462 32127 32212 33470 
32712 32452 32496 33397 
32954 32827 32873 33280 
33097 33126 33214 33025 
33204 33381 33512 32717 
33261 33568 33714 32369 
33262 33649 33771 32037 
33259 33657 33703 31768 
33222 33585 33496 31604 
33153 33431 33194 31577 
33089 33271 32865 31713 
32920 32981 32481 31927 
32760 32712 32170 32273 
32560 32403 31954 32707 
32308 32074 31790 33107 
32067 31760 31725 33455 
31875 31508 31778 33719 
31806 31447 31948 33908 
31842 31503 32210 33921 
32022 31748 32529 33808 
32329 32124 32883 33549 
32649 32542 33173 33176 
33025 33044 33434 32760 
33395 33541 33631 32325 
33671 33983 33729 31956 
33794 34212 33670 31619 
33760 34264 33509 31477 
33589 34101 33259 31461 
33285 33754 32925 31612 
32906 33282 32589 31893 
32552 32765 32299 32295 
32198 32212 32053 32714 
31920 31704 31868 33116 
31808 31394 31819 33482 
31837 31274 31887 33750 
32011 31375 32060 33886 
32291 31665 32316 33852 
32612 32083 32613 33687 
32898 32531 32915 33410 
33112 32972 33177 33051 
33213 33319 33361 32616 
33263 33580 33487 32250 
33154 33650 33457 31934 
33002 33586 33326 31722 
32803 33403 33087 31674 
32615 33141 32793 31781 
32479 32852 32515 32034 
32419 32615 32297 32463 
32460 32441 32179 33027 
32504 32292 32114 33600 
32626 32262 32179 34033 
32793 32336 32382 34047 
32921 32429 32610 33477 
33007 32552 32873 32418 
33056 32680 33114 31153 
33016 32769 33256 30149 
32921 32820 33310 29829 
32807 32890 33286 30490 
32685 32933 33159 31960 
32566 32931 32940 33858 
32472 32895 32672 35664 
32446 32865 32444 37028 
32452 32787 32235 37479 
32531 32746 32145 37073 
32606 32679 32151 35881 
32716 32640 32251 34090 
32742 32529 32403 31788 
32758 32453 32622 29414 
32682 32313 32778 27187 
32672 32278 32931 25611 
32667 32315 32999 25045 
32767 32506 33006 25813 
32925 32817 32947 27928 
33121 33193 32871 31196 
33183 33511 32772 35272 
33065 33605 32722 39228 
32768 33421 32747 42316 
32335 32970 32787 43899 
31922 32371 32850 43592 
31770 31869 32958 41286 
31941 31619 33045 37335 
32328 31666 33068 32299 
32820 32005 33057 27073 
33199 32456 32943 22492 
33363 32878 32759 19589 
33441 33244 32563 18862 
33521 33566 32336 20462 
33809 33957 32163 24290 
34235 34406 32053 29516 
34649 34832 32071 35414 
34681 34961 32160 40879 
33977 34412 32323 45124 
32530 33164 32579 47223 
30485 31407 32829 46969 
28308 29579 33008 44389 
26697 28302 33154 39915 
26310 27956 33208 34400 
27434 28555 33192 28727 
30097 29857 33137 23782 
33592 31289 33029 20460 
37293 32673 32946 19213 
40302 33905 32874 20107 
41956 35242 32801 23012 
41818 36891 32779 27225 
40047 38826 32825 32065 
36840 40496 32797 36616 
32766 41269 32793 40331 
28506 40293 32725 42558 
24909 37362 32634 43099 
22454 32668 32492 41992 
21670 27137 32378 39614 
22805 21823 32218 36294 
25867 18289 32116 32829 
30351 17287 32055 29692 
35612 19255 32119 27420 
40693 23827 32285 26242 
44517 30112 32544 26228 
46236 36985 32841 27208 
45300 43417 33128 28959 
41802 48260 33418 31074 
36298 50847 33630 33109 
29786 50741 33717 34740 
23402 47714 33648 35711 
18708 42099 33463 35981 
16543 34555 33177 35593 
17396 26169 32833 34724 
21369 18279 32481 33581 
27676 12743 32191 32476 
35313 10633 31990 31624 
43057 12476 31875 31182 
49534 18080 31865 31201 
53046 26070 31925 31617 
52786 35096 32079 32358 
48432 43611 32293 33202 
40324 50197 32464 33929 
30342 53699 32696 34419 
20357 53716 32897 34538 
12593 50265 33083 34270 
8775 43669 33255 33619 
9968 35398 33380 32773 
15599 26676 33482 31839 
24321 19014 33528 30989 
34520 13745 33467 30371 
44000 12060 33348 30105 
51285 14234 33167 30260 
55103 19836 32908 30756 
54869 27770 32642 31594 
50702 36486 32373 32617 
43405 44220 32119 33630 
34059 49465 31901 34502 
24897 51044 31852 35121 
17428 48839 31859 35372 
13072 43490 32000 35281 
12683 36470 32178 34799 
16105 29443 32446 34107 
22404 23726 32725 33247 
30314 20224 32942 32360 
38023 19435 33118 31621 
44214 21023 33229 31092 
47887 24498 33264 30827 
48389 29080 33255 30883 
45887 33887 33217 31163 
40964 38176 33143 31582 
34419 41412 33077 32109 
27890 42830 32995 32543 
22756 42314 32948 32918 
19910 39938 32842 33104 
20141 36295 32775 33209 
23416 32200 32679 33192 
28842 28650 32541 33119 
35133 26315 32412 33056 
40713 25423 32262 33018 
44328 25926 32145 33049 
45048 27329 32062 33135 
42881 29216 32044 33256 
38350 31241 32121 33381 
32355 33341 32301 33460 
26335 35357 32532 33433 
21486 37169 32816 33290 
18865 38371 33074 32956 
19264 38595 33285 32528 
22767 37655 33502 32125 
28466 35609 33570 31691 
35012 33076 33536 31361 
41070 30786 33396 31205 
45045 29497 33201 31260 
46329 29304 32934 31503 
45003 29939 32648 31926 
41755 30807 32391 32465 
37456 31411 32160 33043 
32958 31489 31966 33554 
28875 31211 31895 34022 
25716 30879 31903 34277 
23670 30933 31998 34341 
22921 31661 32182 34211 
23532 33146 32446 33916 
25214 35066 32709 33420 
27668 37115 32998 32911 
30471 38680 33249 32339 
33335 39141 33466 31849 
36096 38018 33588 31454 
38597 35282 33620 31236 
40636 31294 33522 31153 
41769 27158 33350 31261 
41601 23975 33132 31573 
39866 22598 32821 31960 
36829 23650 32524 32433 
33216 26931 32273 32979 
29900 31497 32044 33419 
27555 36458 31935 33824 
26334 40696 31905 34028 
26107 43512 31958 34078 
26485 44431 32106 33952 
27177 43299 32308 33709 
28135 40117 32519 33325 
29442 35520 32729 32912 
31229 29999 32863 32474 
33538 24579 33043 32165 
36000 20024 33126 31925 
38165 17503 33189 31826 
39683 17593 33243 31888 
40207 20453 33235 31996 
39625 25988 33227 32200 
37976 33159 33224 32428 
35412 40863 33184 32612 
32267 47618 33105 32725 
28987 52240 32984 32759 
26278 53480 32813 32731 
24601 51045 32620 32676 
24322 45206 32409 32656 
25603 36625 32219 32677 
28155 27051 32052 32763 
31522 17983 31913 32899 
35241 11022 31873 33113 
38438 7784 31932 33333 
40642 8758 32096 33505 
41473 13849 32317 33577 
40840 22418 32680 33581 
38784 32516 32981 33402 
35732 42620 33290 33096 
32150 50960 33523 32686 
28543 56287 33680 32249 
25560 57562 33710 31822 
23591 54947 33639 31522 
22887 49095 33452 31355 
23680 40760 33184 31364 
25986 31658 32853 31549 
29482 23650 32544 31927 
33770 17531 32239 32395 
38178 14008 31956 32902 
42063 13337 31762 33426 
44640 15374 31693 33881 
45405 19445 31746 34160 
44063 24809 31866 34238 
40678 30854 32131 34122 
36052 36320 32504 33890 
30772 40542 32851 33424 
25770 43264 33244 32934 
21775 44246 33554 32361 
19572 43703 33801 31872 
19250 42064 33887 31455 
20842 39929 33789 31189 
24089 37824 33562 31085 
28633 36079 33246 31223 
33906 34650 32875 31523 
39264 33235 32472 31998 
43790 31555 32104 32536 
46578 29472 31869 33112 
47009 27009 31712 33595 
44907 24626 31741 33999 
40580 22851 31906 34205 
34855 22209 32129 34210 
28946 22958 32413 34020 
24038 25091 32698 33671 
21243 28188 32947 33237 
20859 31588 33071 32723 
22696 35042 33148 32270 
26086 38131 33146 31917 
30181 40767 33090 31684 
34079 42841 33025 31643 
37215 44290 32968 31740 
39152 44824 32908 31907 
39741 44124 32917 32164 
38988 41913 32961 32438 
37177 38167 32980 32649 
34800 33230 33004 32832 
32269 27568 32938 32886 
30309 22390 32864 32944 
29180 18389 32701 32933 
29083 16271 32502 32926 
29957 16359 32293 32954 
31466 18603 32109 32977 
33231 22628 31958 33021 
34834 27976 31934 33110 
35887 34051 32054 33205 
35969 39831 32234 33244 
35023 44720 32514 33211 
33237 48112 32826 33115 
30906 49620 33096 32889 
28779 49230 33347 32625 
27409 47170 33542 32368 
27169 43647 33615 32100 
28206 38846 33567 31868 
30291 33198 33400 31709 
32984 26935 33129 31664 
35854 20464 32817 31800 
38050 15032 32453 32016 
39284 11773 32187 32379 
39278 11431 31950 32773 
38101 14482 31813 33205 
35977 20593 31810 33600 
33318 28690 31933 33890 
30569 37309 32174 34017 
28071 45220 32484 33975 
26503 50702 32843 33760 
26002 53393 33164 33403 
26742 53131 33425 32927 
28733 50153 33612 32416 
31519 44958 33625 31882 
34720 38328 33560 31489 
37576 30952 33334 31217 
39537 23767 33013 31147 
40026 18173 32681 31306 
38891 14977 32367 31682 
36306 14735 32117 32208 
32738 17554 31971 32804 
29038 22672 31908 33351 
26034 29202 32029 33860 
24366 35763 32228 34174 
24448 41158 32443 34247 
26371 44371 32701 34120 
29710 45130 32932 33810 
33693 43506 33054 33315 
37503 40034 33079 32774 
40192 35746 33065 32291 
41296 31442 32969 31886 
40881 27981 32853 31635 
39166 25903 32747 31555 
36703 25630 32687 31673 
33896 27070 32703 31912 
30990 29806 32742 32170 
28223 33327 32868 32517 
25901 36713 32963 32788 
24333 39204 33022 32982 
23981 40192 33046 33093 
25164 39223 33034 33147 
27657 36298 32910 33090 
30920 31864 32719 33000 
34415 26857 32512 32915 
37496 22317 32285 32847 
39807 19751 32143 32854 
41151 19870 32022 32851 
41465 22980 32027 32910 
40521 28701 32115 32954 
38284 35569 32311 33001 
34847 42151 32556 32974 
30880 47192 32868 32938 
27185 49766 33119 32778 
24967 49526 33366 32614 
24701 46668 33508 32402 
26172 41684 33545 32220 
28594 35141 33437 32014 
31189 27721 33270 31935 
33086 20666 33002 31895 
34147 15014 32758 31987 
34577 11846 32530 32184 
34761 12046 32357 32465 
34849 15804 32224 32775 
34854 22510 32153 33054 
34704 31100 32139 33335 
34316 40394 32172 33554 
33806 48423 32234 33696 
33376 54091 32330 33765 
33157 56333 32441 33715 
33194 54621 32573 33560 
33364 49150 32729 33340 
33475 40726 32906 33035 
33499 30788 33082 32687 
33427 20990 33234 32276 
33215 13604 33339 31864 
32786 9797 33426 31528 
31945 10078 33431 31297 
30612 14236 33343 31198 
29004 21125 33191 31258 
27546 29435 32984 31493 
26814 37800 32713 31904 
27354 45255 32455 32470 
29318 50632 32245 33096 
32347 53385 32040 33678 
35861 53188 31974 34228 
39072 49741 31968 34540 
41228 43535 32047 34606 
41975 35353 32240 34474 
41099 26451 32415 34041 
38875 18434 32635 33457 
35727 13129 32788 32768 
32115 11441 32913 32090 
28545 13578 33019 31546 
25314 19008 33053 31178 
22898 26612 33058 31039 
21765 34270 33068 31152 
22102 40950 33088 31473 
24126 45776 33096 31908 
27888 48381 33145 32391 
32776 48634 33192 32857 
37945 46782 33145 33185 
42535 43255 33096 33425 
45582 38392 32980 33509 
46499 32699 32760 33438 
45254 26975 32555 33343 
41934 21881 32277 33162 
37268 18576 32009 32972 
31912 17672 31819 32825 
26603 19352 31736 32738 
21944 23428 31768 32725 
18899 28945 31991 32780 
17806 34851 32272 32811 
18967 40261 32638 32863 
22319 44406 33006 32853 
27183 46647 33331 32751 
32932 46796 33608 32625 
38566 44729 33723 32409 
43513 40532 33722 32183 
46967 34789 33581 31973 
48634 28224 33357 31848 
48215 21932 33084 31821 
45567 17143 32787 31931 
40936 15208 32474 32139 
34853 16704 32230 32487 
28029 21466 32040 32880 
21436 28828 31907 33290 
16367 37274 31897 33709 
13748 44853 31935 33978 
14007 50283 32064 34082 
17178 52567 32228 34010 
22924 51155 32465 33753 
30113 46277 32700 33360 
37709 38698 32980 32894 
44671 29519 33205 32340 
50184 20123 33442 31864 
53281 12588 33572 31456 
53560 8398 33602 31217 
50792 8687 33542 31160 
44929 14155 33384 31306 
36978 23614 33152 31630 
27809 35491 32867 32111 
18934 47543 32534 32592 
11936 57584 32247 33137 
8440 63066 31976 33540 
9184 62953 31862 33914 
13949 57150 31837 34066 
21985 46183 31946 34069 
31509 32254 32127 33882 
41059 17578 32376 33576 
48993 4908 32629 33179 
54286 159 32884 32764 
55787 47 33057 32363 
53617 811 33186 32089 
48128 14454 33183 31881 
40202 29890 33169 31826 
31324 45903 33099 31895 
22739 59985 33025 32048 
15716 65360 32948 32225 
11640 65496 32886 32392 
11102 65518 32908 32596 
14132 65371 32901 32689 
20419 47196 32883 32728 
28715 29144 32854 32725 
37803 11827 32770 32691 
46092 473 32685 32702 
52158 62 32557 32762 
54510 33 32390 32851 
52856 5996 32237 33015 
47321 18918 32133 33212 
38981 34504 32081 33398 
29701 49203 32116 33539 
21199 60585 32239 33615 
15017 65374 32443 33573 
12160 65500 32708 33382 
13086 58170 32960 33068 
17361 45536 33160 32589 
24383 29800 33364 32120 
32640 14392 33495 31684 
40919 2017 33508 31358 
47888 103 33406 31183 
52380 46 33243 31217 
53338 7109 33018 31468 
50656 15226 32753 31891 
44823 29716 32549 32461 
37087 44282 32389 33063 
28694 56818 32232 33587 
21143 64920 32178 33993 
15387 65457 32172 34237 
12256 65484 32191 34254 
11966 58468 32227 34081 
14647 49489 32280 33749 
20363 35939 32362 33305 
28046 22674 32451 32852 
36844 11073 32574 32427 
45446 2659 32768 32103 
52406 137 32917 31810 
56229 80 33135 31676 
56233 4819 33340 31644 
52518 12509 33528 31746 
45616 23941 33654 31869 
36816 36185 33671 32039 
27441 47867 33553 32215 
18932 57396 33317 32378 
12598 63467 32978 32581 
9655 64882 32566 32790 
10413 61924 32198 33037 
14578 55184 31837 33256 
21482 45617 31603 33470 
29820 34501 31525 33647 
37697 24017 31630 33768 
44364 14999 31887 33790 
48990 8417 32237 33692 
51094 4763 32565 33439 
50646 4628 32920 33135 
47816 7891 33161 32714 
43112 14416 33367 32337 
37014 23693 33452 31962 
30459 34419 33441 31695 
24458 44964 33331 31526 
19806 54106 33232 31535 
17200 60328 33110 31662 
17172 62377 33009 31883 
19781 59599 32919 32164 
24530 52306 32839 32487 
30552 41613 32777 32791 
36692 28965 32684 33059 
41492 17339 32595 33303 
44151 8816 32483 33479 
44232 5073 32325 33545 
42039 6863 32214 33576 
38306 13415 32095 33498 
34042 23116 32048 33395 
30061 33907 32034 33209 
27098 43771 32103 33011 
25732 50756 32279 32808 
26037 54062 32535 32615 
27843 53361 32826 32415 
30695 48761 33061 32161 
33935 41266 33330 32018 
36643 32248 33510 31906 
38258 23288 33614 31887 
38470 16026 33644 31934 
37281 12245 33531 32017 
35193 13131 33359 32207 
32581 18398 33119 32417 
29823 26848 32832 32664 
27217 36588 32512 32895 
25218 45384 32227 33169 
24266 51307 31930 33362 
24963 53272 31727 33516 
27589 50992 31632 33625 
31866 45309 31655 33679 
36929 37437 31818 33636 
41646 28638 32080 33487 
44571 20689 32426 33274 
45022 14685 32818 32955 
42867 11667 33229 32574 
38813 12432 33599 32182 
33807 16990 33862 31779 
28890 24684 33986 31466 
24722 34417 33906 31241 
22225 43561 33723 31222 
21440 50665 33389 31381 
22464 54335 32974 31722 
25094 53854 32546 32214 
28963 49641 32168 32793 
33305 42699 31811 33314 
37477 34393 31645 33872 
40395 26462 31604 34210 
41587 20157 31722 34381 
40894 16404 31931 34324 
38598 15675 32218 34057 
35455 17834 32523 33653 
32246 22060 32766 33122 
29755 27323 32976 32560 
28440 32533 33159 32073 
28383 36742 33287 31712 
29393 39444 33349 31507 
31215 40694 33376 31456 
33279 40657 33336 31527 
35309 39978 33334 31787 
36731 38949 33283 32052 
37146 37833 33179 32334 
