33225 33184 33344 31585 
33225 33184 33344 31585 
32986 32941 33076 31682 
32730 32709 32792 31938 
32484 32508 32513 32280 
32301 32365 32250 32709 
32092 32191 32003 33103 
31967 32065 31844 33507 
31917 31975 31757 33810 
31977 31975 31829 33982 
32067 31979 31958 33971 
32248 32083 32205 33822 
32523 32291 32557 33552 
32799 32536 32916 33159 
33054 32789 33232 32704 
33293 33076 33507 32226 
33451 33339 33663 31798 
33561 33557 33731 31488 
33569 33695 33652 31361 
33456 33688 33438 31359 
33267 33570 33141 31529 
33014 33365 32810 31845 
32722 33062 32466 32259 
32437 32728 32164 32746 
32172 32387 31953 33198 
31893 31855 31881 33899 
31924 31762 32016 34041 
32037 31775 32232 34002 
32249 31930 32509 33852 
32509 32156 32791 33517 
32766 32439 33016 33103 
33007 32738 33184 32638 
33206 33030 33272 32167 
33309 33235 33242 31766 
33280 33332 33102 31492 
33198 33356 32932 31439 
33009 33238 32716 31538 
32810 33060 32530 31819 
32628 32865 32433 32230 
32443 32604 32369 32654 
32402 32475 32474 33152 
32383 32356 32612 33517 
32468 32360 32812 33739 
32576 32448 33007 33763 
32719 32613 33152 33610 
32859 32833 33235 33316 
32951 33018 33181 32886 
32979 33149 33042 32430 
32971 33227 32838 32085 
32862 33150 32541 31831 
32737 32975 32284 31753 
32567 32701 32059 31846 
32428 32390 31950 32096 
32338 32118 31950 32451 
32340 31941 32086 32854 
32395 31887 32321 33215 
32541 31994 32633 33508 
32710 32216 32936 33615 
32890 32559 33221 33578 
33076 32957 33446 33415 
33192 33322 33554 33107 
33227 33592 33539 32722 
33191 33741 33433 32347 
33028 33661 33187 32007 
32795 33417 32890 31785 
32527 33025 32559 31714 
32287 32589 32266 31851 
32131 32184 32056 32134 
32004 31812 31886 32483 
32053 31666 31878 32933 
32164 31665 31927 33303 
32402 31879 32126 33596 
32704 32233 32398 33734 
33048 32690 32744 33710 
33352 33150 33088 33485 
33520 33514 33346 33099 
33577 33745 33547 32645 
33543 33856 33674 32244 
33313 33695 33619 31840 
33015 33391 33454 31599 
32614 32946 33155 31539 
32259 32485 32817 31703 
31992 32067 32478 32049 
31850 31784 32197 32507 
31829 31632 31966 32960 
31930 31661 31826 33365 
32186 31903 31850 33703 
32503 32259 31980 33866 
32841 32687 32187 33811 
33142 33109 32475 33597 
33337 33451 32742 33218 
33448 33691 33016 32803 
33452 33780 33246 32352 
33336 33697 33410 31969 
33147 33444 33472 31706 
32888 33066 33407 31592 
32620 32624 33267 31662 
32329 32146 33015 31863 
32146 31774 32746 32214 
32033 31533 32465 32640 
32014 31472 32228 33060 
32073 31581 32046 33416 
32282 31936 32027 33731 
32529 32374 32088 33873 
32796 32888 32267 33817 
33068 33404 32537 33620 
33263 33813 32806 33271 
33363 34027 33055 32815 
33385 34040 33263 32323 
33295 33844 33372 31859 
33142 33474 33404 31534 
32898 32971 33266 31356 
32642 32443 33061 31378 
32419 31982 32814 31624 
32236 31618 32534 32012 
32177 31514 32335 32540 
32191 31594 32200 33069 
32216 31792 32080 33503 
32364 32143 32111 33855 
32584 32607 32257 34073 
32795 33051 32459 34073 
32955 33382 32649 33837 
33078 33614 32869 33476 
33131 33675 33044 33016 
33118 33595 33175 32524 
33080 33429 33282 32093 
32954 33135 33272 31731 
32766 32771 33138 31479 
32607 32434 32985 31448 
32483 32157 32770 31599 
32401 31973 32539 31914 
32359 31885 32338 32326 
32385 31912 32190 32764 
32419 32002 32102 33158 
32537 32225 32156 33531 
32627 32456 32268 33746 
32792 32773 32517 33845 
32924 33069 32788 33763 
32979 33271 33002 33468 
33027 33453 33229 33095 
33082 33581 33410 32708 
33081 33606 33476 32272 
33007 33507 33419 31892 
32895 33306 33236 31614 
32744 33033 32962 31520 
32607 32732 32684 31613 
32522 32431 32405 31891 
32442 32144 32161 32268 
32410 31918 31997 32736 
32417 31767 31947 33179 
32469 31749 32018 33586 
32552 31850 32200 33866 
32648 32047 32456 33951 
32733 32321 32734 33844 
32772 32625 32966 33565 
32767 32904 33112 33174 
32738 33145 33180 32716 
32697 33356 33175 32288 
32673 33491 33095 31965 
32636 33499 32953 31742 
32627 33437 32784 31679 
32689 33339 32677 31802 
32813 33212 32651 32037 
32928 33028 32646 32311 
33080 32872 32738 32635 
33178 32674 32819 32874 
33213 32482 32912 33061 
33173 32313 32980 33167 
33075 32198 33018 33209 
32833 32048 32912 33118 
32605 32003 32805 33043 
32338 31993 32601 32938 
32092 32036 32363 32835 
31939 32157 32152 32789 
31901 32343 32023 32771 
32002 32619 31992 32801 
32182 32866 32055 32767 
32449 33152 32253 32768 
32765 33425 32548 32729 
33103 33667 32936 32704 
33356 33758 33251 32601 
33531 33749 33518 32501 
33582 33585 33659 32371 
33543 33322 33671 32290 
33398 32996 33566 32283 
33147 32583 33303 32268 
32876 32221 33006 32343 
32536 31842 32608 32408 
32252 31622 32275 32561 
32041 31544 32006 32750 
31897 31587 31814 32939 
31852 31763 31746 33124 
31938 32072 31840 33308 
32109 32441 32020 33422 
32369 32855 32316 33484 
32642 33252 32650 33452 
32908 33549 32966 33313 
33152 33746 33270 33111 
33309 33789 33479 32783 
33438 33712 33611 32459 
33442 33520 33587 32127 
33372 33247 33466 31837 
33232 32921 33241 31645 
33030 32587 32950 31567 
32842 32338 32680 31683 
32625 32109 32408 31908 
32426 31975 32198 32220 
32260 31931 32066 32596 
32185 32012 32054 33034 
32140 32143 32091 33439 
32196 32348 32236 33780 
32268 32531 32382 33914 
32443 32786 32616 33947 
32616 32963 32805 33768 
32779 33106 32955 33425 
32961 33212 33093 33032 
33078 33234 33142 32584 
33139 33196 33155 32166 
33109 33064 33080 31829 
33004 32887 32922 31650 
32843 32674 32745 31669 
32681 32474 32581 31876 
32517 32306 32436 32185 
32412 32195 32367 32552 
32378 32203 32382 32952 
32394 32267 32456 33229 
32527 32469 32637 33466 
32728 32732 32859 33617 
32916 33005 33051 33673 
33095 33251 33204 33598 
33201 33381 33261 33236 
33227 33431 33241 32553 
33159 33359 33120 31548 
32966 33133 32890 30404 
32698 32823 32606 29529 
32486 32540 32368 29452 
32282 32285 32150 30327 
32141 32093 32010 32061 
32092 32009 31973 34322 
32120 32018 32057 36545 
32258 32136 32260 38124 
32466 32320 32523 38712 
32720 32561 32849 38226 
32942 32770 33099 36709 
33154 33000 33327 34456 
33300 33173 33466 31735 
33381 33293 33514 29006 
33350 33317 33432 26504 
33265 33281 33238 24668 
33099 33217 32967 23882 
32884 33090 32663 24466 
32592 32909 32367 26499 
32263 32615 32116 29762 
31938 32271 31950 33843 
31740 31972 31929 38153 
31679 31746 31978 41941 
31961 31811 32209 44462 
32474 32136 32516 45180 
33085 32632 32846 43824 
33634 33175 33149 40511 
33953 33609 33402 35605 
33897 33781 33539 29976 
33508 33689 33561 24688 
32883 33361 33415 20518 
32319 32872 33182 18314 
32023 32135 32857 18415 
32006 31423 32536 21004 
31882 31215 32269 25514 
31381 31890 32070 31195 
30806 33252 31985 37116 
31033 34319 31975 42344 
33038 33945 32153 46001 
36304 31803 32378 47410 
39164 29113 32667 46491 
39228 28028 32878 43375 
35111 30475 33057 38552 
27917 36464 33209 32947 
21299 43254 33236 27524 
19225 47222 33231 23132 
23836 45041 33178 20432 
33626 35999 33008 19697 
44778 22551 32827 21068 
51817 10371 32668 24273 
51162 5189 32486 28493 
43285 9438 32317 33073 
31491 21654 32197 37300 
20344 37583 32158 40614 
13896 51778 32221 42438 
13123 60047 32332 42586 
16602 61605 32558 41267 
22181 57534 32770 38715 
28604 49909 32997 35429 
35190 40838 33188 32014 
41749 31560 33380 29152 
48002 21946 33444 27086 
53348 12024 33396 26088 
56864 2551 33238 26186 
57395 140 33022 27325 
53533 47 32713 29131 
44984 92 32420 31264 
32383 15386 32157 33311 
17477 33236 32013 34991 
2866 53359 31936 36055 
127 65172 32007 36413 
43 65468 32211 36153 
23 65516 32443 35340 
8935 65535 32685 34267 
23912 65535 32938 33133 
41980 56654 33069 32103 
60260 34934 33185 31471 
65369 11392 33115 31145 
65535 280 33011 31249 
65535 0 32885 31638 
65535 0 32753 32221 
64987 7547 32655 32761 
42183 25199 32681 33223 
21801 44599 32717 33413 
6520 60167 32847 33395 
611 65401 32968 33108 
2975 65515 33076 32642 
10404 62527 33161 32184 
19629 49011 33125 31735 
28483 35379 32972 31476 
36100 21985 32727 31470 
42195 9772 32439 31756 
46215 581 32173 32248 
47488 122 31915 32820 
45728 79 31780 33422 
40974 52 31835 34010 
33942 8209 32005 34350 
26012 21591 32336 34473 
19321 37172 32736 34302 
15467 52076 33116 33853 
15659 63047 33484 33271 
19983 65431 33719 32583 
27648 65487 33845 31954 
36463 58539 33760 31384 
43838 51366 33537 31085 
47779 42155 33219 31016 
47139 34814 32840 31178 
42418 29940 32456 31535 
35513 27087 32139 32047 
28614 25182 31878 32599 
24310 23362 31771 33149 
23560 20881 31733 33558 
26437 17579 31829 33860 
32048 13594 32052 34020 
39052 9370 32342 34015 
45486 6303 32686 33881 
49481 5976 33006 33600 
49398 9826 33258 33206 
44622 18426 33463 32810 
35640 31004 33582 32382 
24619 45266 33621 32021 
14631 58362 33527 31750 
7750 65277 33335 31554 
5138 65435 33085 31524 
6801 65456 32814 31665 
12008 65475 32504 31879 
20004 65498 32305 32244 
30504 58964 32118 32613 
43125 43646 32014 33020 
56545 24165 31984 33371 
65213 4064 32055 33661 
65494 142 32159 33807 
65535 24 32362 33831 
65535 9 32563 33647 
55582 6756 32800 33410 
38502 20391 32974 33025 
20607 34842 33164 32634 
8575 46050 33314 32272 
3920 51822 33375 31953 
5729 51812 33367 31769 
11473 47461 33283 31705 
18349 41267 33103 31825 
23836 35984 32875 32040 
27219 32735 32608 32348 
29139 31090 32397 32740 
31109 29313 32186 33102 
34655 25893 32054 33403 
40005 20816 32055 33596 
45964 15592 32151 33649 
50166 12917 32355 33561 
50133 15074 32622 33341 
44841 22733 32915 33001 
35933 33805 33155 32600 
26589 45240 33379 32252 
20466 53878 33457 31902 
19845 57580 33433 31709 
24345 55874 33283 31670 
31185 50051 33043 31820 
36802 42490 32742 32069 
38938 35142 32457 32431 
37319 29273 32236 32858 
33401 25267 32057 33225 
29461 22825 32020 33565 
27540 21365 32119 33771 
28112 20140 32240 33773 
30645 19052 32423 33639 
33918 18347 32620 33381 
36769 18581 32785 33000 
38122 20391 32879 32595 
37759 24207 32949 32241 
35833 29921 32972 31978 
32982 36915 32968 31812 
30082 44319 33000 31864 
27993 50440 33012 31989 
27032 54413 33019 32184 
27247 55646 33073 32446 
28262 53901 33089 32675 
29780 49214 33087 32872 
31450 42396 32999 32940 
33385 34082 32853 32948 
35578 25178 32663 32889 
37994 16740 32453 32836 
40158 10246 32222 32748 
41746 6568 32087 32765 
42156 6096 31958 32771 
41129 9035 31946 32867 
38633 15041 32055 32998 
34963 23204 32263 33125 
30459 32765 32564 33239 
25592 42755 32874 33253 
20951 52249 33135 33136 
17390 60284 33395 32941 
15918 64896 33562 32681 
17035 65449 33603 32380 
20826 60183 33540 32084 
26763 50680 33331 31813 
33768 38308 33058 31658 
40555 25585 32745 31660 
46439 14548 32465 31814 
50849 6525 32213 32098 
53542 1757 32022 32485 
53942 256 31923 32925 
51788 1590 31913 33351 
46660 6053 31983 33719 
38542 14367 32136 33965 
28092 26755 32369 34064 
16761 42461 32641 33963 
7350 58673 32909 33691 
2467 65313 33149 33286 
3461 65511 33360 32807 
10023 65535 33491 32279 
20426 65528 33569 31821 
32385 56113 33515 31408 
43170 39764 33360 31187 
51316 25210 33145 31181 
55881 15707 32907 31374 
56616 11622 32629 31766 
53775 11511 32382 32267 
47986 13318 32154 32811 
40634 15422 31973 33319 
33073 17508 31900 33750 
26435 20108 31896 34029 
21654 24093 32042 34132 
18893 29974 32270 34062 
18046 37086 32566 33823 
18604 44249 32830 33401 
20437 49699 33056 32883 
23631 51941 33243 32390 
28338 50060 33391 31995 
34017 44112 33373 31667 
39295 36358 33270 31562 
43156 28899 33071 31621 
44651 23908 32837 31831 
43632 22382 32595 32160 
40519 23870 32398 32548 
36516 26779 32314 32944 
32600 29317 32294 33236 
29703 30417 32388 33419 
28347 30137 32577 33480 
28543 29494 32762 33352 
29873 30035 32943 33100 
31431 32463 33085 32814 
32440 36417 33125 32488 
32538 40487 33071 32240 
31969 42913 32932 32075 
31385 42209 32719 32071 
31275 38587 32505 32197 
31708 33368 32323 32441 
32347 28495 32208 32754 
32754 25616 32172 33073 
32741 25301 32230 33325 
32435 26997 32363 33475 
32280 29261 32567 33493 
32560 30864 32785 33367 
33203 31510 32993 33111 
33842 31874 33150 32748 
34082 33002 33294 32392 
33958 35255 33332 32035 
33836 37971 33283 31765 
34034 39783 33169 31646 
34430 39473 32970 31700 
34587 36771 32725 31916 
34142 32798 32496 32289 
33044 29071 32272 32738 
31691 26867 32113 33208 
30594 26392 31991 33576 
30110 27153 32028 33888 
30158 28299 32171 34000 
30456 29324 32378 33880 
30963 30497 32650 33569 
31872 32311 32975 33151 
33070 35165 33225 32600 
34184 38739 33390 32043 
34662 42066 33502 31639 
34079 43668 33457 31352 
32760 42427 33298 31267 
31566 38039 33072 31437 
31436 31647 32761 31782 
32671 25292 32478 32282 
34501 21216 32237 32811 
35591 20776 32047 33299 
34993 23918 31990 33730 
32923 28748 32038 33969 
30774 33266 32214 34031 
29879 35895 32409 33846 
30853 36542 32683 33525 
32899 36132 32925 33091 
34529 36020 33114 32624 
34795 36844 33267 32208 
33749 38025 33308 31849 
32410 38404 33277 31660 
31832 36779 33131 31640 
32381 33102 32912 31776 
33362 28334 32647 32021 
33828 24133 32437 32410 
33251 21765 32217 32760 
32063 22069 32078 33118 
31166 24976 32047 33390 
31143 29906 32164 33556 
31707 35863 32385 33578 
32002 41772 32690 33476 
31264 46361 32995 33209 
29830 48307 33272 32874 
28755 47183 33455 32499 
29327 43377 33556 32215 
31680 37699 33455 31944 
35050 31332 33253 31833 
38086 24946 32940 31848 
39689 19240 32577 32000 
39849 14501 32269 32303 
39142 11472 32043 32664 
38119 11224 31870 32981 
36928 15124 31888 33300 
34986 23407 32048 33532 
31701 34598 32287 33617 
27126 46538 32568 33545 
22412 56784 32883 33366 
19232 62996 33132 33052 
19026 63593 33361 32717 
22061 58370 33458 32330 
27091 48679 33444 32037 
32491 36340 33324 31837 
36858 23767 33093 31729 
39930 13374 32796 31776 
42244 6773 32520 32015 
44106 4797 32265 32377 
45311 6739 32060 32778 
45135 11447 31960 33169 
42861 17820 31986 33498 
38553 25156 32152 33747 
33038 33374 32426 33839 
27864 42069 32769 33728 
24205 50535 33090 33439 
22114 57967 33367 33039 
20894 62869 33557 32584 
19846 63609 33624 32131 
18963 59397 33511 31713 
19322 50577 33249 31472 
22217 38482 32887 31396 
28216 25103 32523 31556 
36703 12634 32222 31939 
45373 3539 31941 32361 
51759 173 31792 32833 
54466 86 31806 33288 
53412 4443 32018 33731 
49289 11959 32228 33928 
43430 21633 32558 33968 
36884 32270 32898 33844 
30089 43203 33211 33565 
23453 53490 33393 33123 
17447 62053 33464 32625 
12639 65367 33504 32191 
9895 65458 33396 31807 
9768 65486 33172 31541 
12912 64097 32879 31465 
19801 49145 32582 31588 
30013 32234 32299 31873 
42611 13050 32101 32294 
54186 446 31940 32741 
61698 60 31929 33206 
62953 21 32049 33607 
57914 116 32278 33866 
48132 14506 32565 33930 
36545 29173 32931 33833 
26159 42786 33194 33486 
18909 52663 33429 33045 
14595 58347 33594 32581 
12258 60097 33590 32069 
11531 58482 33468 31666 
13019 53293 33236 31418 
17977 43854 32883 31371 
26311 31113 32547 31567 
36889 16333 32253 31975 
47301 2308 31981 32436 
54910 118 31827 32958 
57742 33 31794 33428 
55140 32 31922 33793 
48320 13878 32182 33976 
38848 30537 32460 33927 
28624 48591 32784 33729 
19332 64221 33026 33324 
13071 65461 33214 32896 
11070 65527 33293 32469 
13618 65535 33315 32142 
20005 65398 33222 31916 
28691 46120 33088 31831 
37726 27886 32945 31904 
44531 12851 32807 32071 
47978 3316 32753 32342 
47798 177 32697 32565 
44986 881 32705 32757 
40751 8271 32726 32886 
36276 17599 32727 32930 
31814 29004 32723 32890 
27183 41365 32671 32799 
22441 52821 32600 32742 
18242 60987 32476 32670 
16345 63088 32379 32700 
18119 57998 32259 32744 
24068 46338 32208 32873 
33090 30833 32213 33017 
42949 15154 32327 33170 
50301 4271 32539 33313 
53145 677 32781 33331 
50930 4870 33005 33221 
44910 14987 33216 33030 
37126 28237 33395 32754 
29975 40919 33483 32442 
24682 51198 33469 32149 
21372 58050 33327 31868 
19671 61180 33154 31723 
19122 60343 32889 31700 
19872 55210 32609 31818 
22298 45809 32377 32066 
26545 32686 32141 32363 
32329 17720 32001 32776 
38394 4589 31900 33153 
43145 139 31900 33499 
45467 21 31999 33760 
44834 7039 32197 33938 
41692 20788 32413 33895 
37435 36198 32693 33719 
33938 48544 32969 33436 
32329 55459 33246 33030 
32590 56351 33472 32567 
33547 52587 33645 32113 
33469 46321 33669 31654 
31142 39710 33619 31389 
26935 34221 33455 31276 
22370 29830 33182 31338 
19539 26353 32860 31600 
19864 23788 32488 31987 
23503 22556 32183 32524 
28979 23217 31950 33081 
34471 25746 31766 33539 
38866 29428 31750 33937 
42153 32791 31864 34141 
44851 34079 32041 34103 
47359 32745 32322 33914 
48794 29618 32572 33531 
47795 26673 32816 33092 
43076 25935 32965 32584 
34846 28535 33098 32183 
24313 34243 33161 31864 
15093 40861 33164 31686 
9403 46554 33170 31715 
8505 49612 33167 31839 
12370 49404 33182 32081 
19896 46100 33175 32315 
29364 40591 33219 32603 
38978 33823 33173 32785 
47434 26518 33072 32886 
53417 19501 32899 32911 
55811 13815 32708 32938 
53977 10489 32426 32891 
48622 10593 32174 32841 
41143 14162 31935 32831 
33191 20734 31786 32869 
25950 29437 31720 32902 
19817 39464 31796 33002 
14991 49379 32019 33108 
11563 57912 32312 33163 
10575 63357 32663 33156 
13503 63633 33057 33113 
21240 57512 33365 32937 
32935 45248 33601 32711 
45583 29418 33761 32500 
55931 13538 33739 32225 
60586 1823 33600 32012 
57832 62 33349 31875 
48415 36 32979 31804 
36075 11697 32599 31871 
24585 24884 32248 32064 
17330 37571 31956 32328 
15649 46975 31813 32707 
18495 51758 31818 33128 
23367 51830 31906 33445 
27908 48741 32142 33713 
31058 44255 32463 33849 
33056 39874 32803 33792 
34665 36515 33091 33552 
36494 34223 33340 33220 
38258 32431 33471 32790 
39198 30344 33527 32361 
38641 27469 33403 31957 
36752 24200 33191 31665 
34427 21359 32903 31544 
33028 20015 32579 31603 
33188 20648 32326 31856 
34264 22952 32096 32172 
34973 26405 32019 32611 
34038 30433 32075 33082 
31093 34606 32180 33442 
27373 38831 32411 33701 
24475 43037 32700 33831 
23604 46734 32951 33739 
24952 49178 33146 33505 
27732 49598 33257 33123 
30659 47577 33277 32732 
33093 43190 33239 32339 
35208 36840 33103 32002 
37786 29013 32914 31768 
41374 20347 32703 31671 
45224 12341 32522 31757 
47963 6061 32371 31962 
47696 3112 32236 32228 
43276 5318 32205 32578 
35190 13418 32216 32947 
25099 26635 32272 33278 
15587 42825 32402 33565 
9167 58585 32574 33745 
7571 65327 32731 33771 
11434 65512 32914 33671 
19845 65535 33079 33450 
31036 65529 33243 33137 
42913 51097 33313 32717 
52843 31926 33382 32319 
58189 15222 33366 31953 
58243 3523 33214 31612 
53411 124 33009 31440 
45071 55 32729 31384 
34848 7453 32505 31576 
24560 18542 32264 31889 
15842 31145 32087 32296 
9724 43494 32011 32806 
7318 53589 32001 33251 
9820 59728 32095 33700 
17705 60054 32294 34026 
29079 54268 32547 34172 
41809 43379 32750 34087 
52923 29380 32955 33850 
59739 14937 33064 33443 
60399 3859 33118 33006 
55226 132 33109 32544 
45890 31 33049 32110 
