32616 33577 33075 31847 
32616 33577 33075 31847 
32295 33378 32768 31601 
32056 33089 32466 31568 
31946 32731 32216 31733 
31928 32347 32030 32026 
32057 32046 31973 32444 
32220 31775 31968 32873 
32429 31647 32065 33296 
32689 31737 32286 33678 
32934 31969 32564 33892 
33130 32303 32851 33908 
33243 32691 33092 33718 
33251 33105 33286 33382 
33183 33451 33376 32929 
33038 33652 33338 32419 
32855 33718 33243 31975 
32645 33602 33028 31651 
32468 33356 32793 31544 
32344 32983 32557 31616 
32313 32582 32371 31901 
32371 32224 32293 32315 
32489 31929 32291 32762 
32676 31803 32386 33229 
32846 31813 32533 33560 
33024 32013 32730 33743 
33157 32321 32928 33714 
33176 32659 33045 33450 
33126 33047 33119 33050 
32977 33343 33082 32561 
32796 33527 32983 32125 
32582 33572 32810 31779 
32378 33478 32623 31634 
32236 33287 32456 31732 
32156 32965 32322 31976 
32158 32659 32266 32378 
32265 32391 32300 32870 
32411 32170 32388 33318 
32629 32066 32548 33682 
32850 32050 32750 33894 
33083 32156 32956 33884 
33249 32319 33114 33656 
33362 32512 33211 33281 
33382 32725 33246 32823 
33293 32887 33184 32271 
33125 33002 33046 31808 
32907 33074 32855 31496 
32630 33069 32626 31383 
32344 33005 32390 31484 
32103 32901 32181 31780 
31947 32780 32082 32250 
31903 32665 32069 32789 
32024 32613 32187 33350 
32211 32545 32355 33777 
32497 32533 32606 34030 
32864 32598 32933 34089 
33143 32651 33186 33878 
33394 32743 33407 33498 
33557 32837 33548 33001 
33543 32882 33521 32384 
33425 32924 33403 31850 
33199 32917 33184 31448 
32875 32868 32869 31227 
32511 32757 32514 31206 
32259 32694 32237 31510 
32047 32585 32002 31958 
31980 32499 31876 32514 
32045 32440 31883 33099 
32180 32401 31979 33623 
32456 32469 32233 34043 
32717 32539 32496 34197 
32979 32661 32786 34151 
33133 32761 33024 33866 
33183 32834 33174 33407 
33107 32869 33220 32881 
32944 32865 33189 32359 
32753 32848 33116 31944 
32545 32790 33002 31661 
32413 32719 32895 31578 
32362 32648 32800 31669 
32396 32589 32727 31873 
32565 32629 32754 32188 
32747 32630 32749 32470 
32965 32719 32792 32756 
33114 32801 32792 32923 
33198 32871 32767 33017 
33233 32969 32739 33059 
33141 33008 32653 33043 
32973 32992 32531 32970 
32712 32890 32373 32906 
32469 32769 32275 32898 
32258 32625 32217 32937 
32089 32462 32199 32996 
32031 32357 32276 33088 
32092 32306 32440 33154 
32221 32306 32648 33145 
32431 32386 32909 33072 
32669 32508 33138 32918 
32902 32653 33313 32665 
33135 32841 33444 32416 
33247 32958 33425 32098 
33323 33152 33167 31702 
33228 33139 32926 31666 
33098 33091 32685 31773 
32946 33011 32483 32026 
32706 32815 32246 32325 
32512 32647 32123 32741 
32330 32462 32048 33163 
32165 32268 32020 33546 
32139 32204 32149 33932 
32117 32137 32259 34089 
32221 32196 32455 34154 
32375 32311 32674 34023 
32593 32511 32924 33751 
32801 32715 33119 33287 
33030 32988 33330 32767 
33176 33195 33427 32151 
33276 33392 33485 31601 
33270 33493 33429 31137 
33204 33510 33311 30871 
33064 33410 33106 30828 
32869 33174 32836 30982 
32692 32909 32574 31417 
32557 32611 32344 32031 
32440 32286 32150 32721 
32414 32058 32050 33450 
32413 31890 32022 34083 
32486 31858 32094 34533 
32555 31918 32208 34732 
32634 32097 32370 34702 
32675 32328 32533 34385 
32697 32614 32708 33912 
32632 32868 32826 33273 
32525 33039 32890 32561 
32479 33226 32975 31968 
32444 33318 33041 31451 
32508 33354 33113 31157 
32603 33285 33161 31038 
32794 33179 33220 31149 
33001 33001 33227 31375 
33209 32829 33209 31752 
33375 32671 33157 32143 
33451 32564 33056 32583 
33400 32478 32875 32957 
33231 32409 32653 33266 
32998 32450 32447 33577 
32709 32483 32240 33752 
32356 32469 32019 33809 
32105 32515 31931 33823 
31902 32533 31915 33719 
31794 32524 31962 33545 
31837 32549 32126 33319 
31999 32577 32361 33032 
32263 32639 32656 32729 
32602 32758 32978 32395 
32905 32850 33238 32078 
33214 32992 33452 31840 
33439 33114 33573 31663 
33563 33220 33598 31610 
33590 33271 33528 31654 
33492 33214 33352 31786 
33322 33103 33141 32017 
33066 32906 32880 32312 
32732 32602 32556 32604 
32465 32352 32335 33016 
32177 32072 32073 33337 
31957 31892 31914 33631 
31842 31828 31832 33845 
31851 31899 31872 33927 
31983 32123 32010 33904 
32202 32433 32231 33725 
32515 32828 32529 33481 
32854 33189 32858 33115 
33145 33478 33151 32649 
33428 33679 33435 32207 
33602 33729 33616 31783 
33600 33581 33636 31415 
33501 33355 33564 31235 
33277 33031 33384 31206 
32955 32656 33094 31345 
32615 32344 32789 31690 
32323 32131 32496 32158 
32108 32019 32241 32672 
31977 32005 32053 33197 
31998 32110 31986 33678 
32122 32286 32011 34048 
32380 32513 32158 34271 
32623 32674 32324 34241 
32852 32808 32517 34052 
33025 32863 32696 33712 
33071 32835 32809 33250 
33015 32759 32870 32756 
32930 32734 32935 32359 
32782 32711 32963 32013 
32627 32722 32955 31756 
32514 32773 32956 31618 
32477 32879 32974 31613 
32558 33027 33025 31709 
32689 33167 33082 31886 
32910 33296 33139 32110 
33079 33282 33132 32292 
33235 33217 33095 32517 
33292 33037 32982 32714 
33248 32782 32804 32914 
33076 32454 32573 33087 
32834 32175 32356 33273 
32527 31921 32138 33415 
32230 31796 31992 33530 
31986 31785 31924 33579 
31876 31969 32011 33622 
31862 32234 32145 33539 
31997 32599 32377 33389 
32230 32960 32650 33130 
32555 33308 32919 32780 
32939 33584 33193 32414 
33272 33695 33377 32033 
33557 33699 33512 31727 
33662 33489 33497 31466 
33630 33166 33391 31373 
33463 32797 33219 31462 
33135 32368 32929 31672 
32763 32035 32640 32048 
32390 31838 32375 32543 
32057 31776 32151 33060 
31802 31863 31992 33541 
31733 32116 31977 33939 
31847 32453 32082 34186 
32127 32867 32313 34361 
32471 33181 32579 34345 
32898 33461 32899 34214 
33258 33543 33144 33767 
33519 33456 33321 32962 
33660 33251 33403 31784 
33615 32935 33376 30343 
33386 32561 33192 29051 
33057 32245 32954 28445 
32692 32056 32680 28837 
32353 32015 32422 30326 
32094 32152 32243 32661 
31920 32365 32112 35168 
31905 32652 32108 37301 
32038 32953 32220 38641 
32226 33169 32383 38846 
32533 33340 32627 37976 
32836 33360 32871 36209 
33078 33237 33039 33759 
33279 33047 33187 31014 
33383 32803 33266 28224 
33361 32521 33219 25772 
33305 32371 33133 24350 
33126 32256 32937 24127 
32867 32238 32727 25395 
32491 32193 32476 28057 
32113 32165 32268 31857 
31823 32158 32144 36087 
31648 32172 32084 40078 
31808 32350 32165 43137 
32201 32659 32321 44601 
32826 33115 32579 44084 
33442 33611 32865 41554 
33909 33959 33133 37348 
34060 34049 33385 32153 
33841 33872 33551 26740 
33285 33468 33576 22168 
32671 32898 33447 19314 
32210 32149 33199 18645 
32035 31362 32883 20350 
31834 30873 32493 24169 
31336 31258 32162 29516 
30675 32494 31917 35350 
30582 33785 31799 40759 
31928 33944 31790 44789 
34963 32341 31945 46911 
38240 29781 32234 46715 
39448 28121 32548 44244 
36855 29461 32889 39990 
30561 34492 33188 34547 
23570 41295 33389 29032 
19819 46545 33541 24279 
22181 46586 33565 21004 
30444 39769 33452 19662 
41466 27407 33254 20468 
49888 14602 32981 23146 
51819 6801 32685 27197 
46156 7733 32413 31889 
34999 17839 32151 36557 
23567 32468 31980 40191 
15700 46903 31924 42443 
13201 56914 32008 43097 
15413 60498 32165 42043 
20350 58141 32459 39688 
26331 51795 32747 36420 
32641 43529 33047 32826 
39242 34460 33275 29429 
45696 25295 33425 26896 
51550 15783 33479 25498 
55937 6316 33450 25354 
57715 278 33289 26395 
55366 67 33027 28294 
48316 22 32723 30638 
36890 11014 32459 33066 
22383 27585 32237 35167 
7245 47419 32104 36675 
239 64529 32059 37322 
56 65425 32130 37200 
27 65503 32257 36387 
7922 65535 32482 35105 
18666 65535 32623 33537 
35849 65444 32806 32135 
53970 43585 32937 31062 
65175 20218 32961 30402 
65506 776 32949 30277 
65535 41 32899 30607 
65535 0 32854 31279 
65535 7 32821 32126 
48919 18025 32834 32919 
28753 37387 32864 33529 
10879 54578 32938 33835 
1593 64845 33046 33827 
1312 65496 33121 33520 
6910 65317 33112 32986 
15996 51770 33091 32431 
25309 38704 32970 31932 
33721 25499 32743 31607 
40612 13444 32497 31582 
45613 3045 32219 31809 
47993 165 31966 32245 
47242 88 31809 32816 
43296 59 31800 33416 
36723 5784 31954 33981 
28738 17645 32183 34251 
21052 33158 32547 34301 
15887 48698 32924 34063 
14572 61200 33326 33616 
17573 65384 33605 32995 
24378 65488 33769 32301 
33245 65469 33790 31685 
41540 55431 33656 31240 
47055 45686 33409 31023 
48207 37240 33084 31045 
44705 30932 32698 31309 
38197 27110 32381 31812 
31129 24735 32088 32372 
25726 22765 31875 32953 
23602 20517 31762 33489 
25174 17638 31762 33914 
29945 14026 31871 34148 
36416 10229 32105 34218 
42969 7060 32342 34054 
47876 6147 32666 33782 
49273 8962 32964 33347 
45907 16754 33250 32856 
38097 28499 33448 32333 
27969 42089 33645 31955 
17786 55294 33672 31606 
10010 64980 33579 31422 
6167 65417 33431 31392 
6534 65451 33189 31536 
10737 65470 32889 31815 
17831 65494 32588 32166 
27536 64796 32330 32600 
39662 48277 32131 33055 
53228 29073 31961 33447 
64750 8740 31889 33753 
65465 248 31915 33933 
65535 36 32041 33928 
65535 10 32241 33781 
63437 3674 32480 33476 
42546 16594 32774 33113 
24171 30849 32976 32615 
10691 42759 33184 32191 
4273 49796 33293 31830 
4614 51233 33342 31620 
9424 48041 33278 31568 
16068 42456 33118 31686 
21953 37313 32952 31997 
26026 33937 32778 32390 
28570 32221 32652 32869 
30975 30641 32551 33298 
34667 27630 32519 33626 
40031 22819 32533 33781 
46174 17444 32622 33723 
50822 14013 32713 33505 
51556 14908 32810 33132 
46893 21195 32843 32650 
38193 31354 32870 32228 
28244 42491 32795 31831 
20838 51455 32704 31608 
18621 55919 32575 31580 
21948 55196 32481 31787 
28224 50299 32391 32121 
34280 43266 32372 32554 
37501 36113 32405 33027 
37076 30169 32495 33453 
34051 26165 32619 33772 
30677 23813 32755 33878 
28854 22457 32933 33848 
29289 21358 33038 33580 
31707 20328 33163 33234 
34853 19458 33194 32748 
37494 19389 33210 32307 
38672 20652 33106 31880 
38081 23778 32952 31581 
35816 28913 32739 31482 
32547 35536 32509 31598 
29347 42469 32330 31909 
26986 48543 32203 32328 
25946 52729 32148 32809 
26214 54297 32143 33225 
27555 53021 32290 33631 
29466 49149 32513 33865 
31595 43045 32767 33862 
33830 35361 33009 33654 
36105 26932 33162 33267 
38481 18760 33297 32810 
40567 12278 33333 32337 
41960 8237 33250 31920 
42222 7233 33065 31610 
41100 9480 32827 31505 
38575 14749 32581 31633 
34987 22249 32384 31944 
30597 31154 32212 32321 
25961 40782 32178 32794 
21495 50298 32237 33247 
18026 58376 32354 33616 
16512 63551 32558 33857 
17424 64458 32766 33902 
20811 60539 32920 33731 
26351 51915 33015 33401 
33097 39757 33056 32979 
39635 27148 33030 32531 
45393 15984 32993 32158 
49699 7585 32844 31784 
52405 2472 32679 31586 
53109 630 32524 31585 
51522 1668 32410 31738 
47161 5683 32348 32031 
39899 13356 32384 32448 
29944 25154 32433 32892 
19046 40258 32538 33290 
9737 56013 32730 33652 
4162 65238 32898 33805 
4048 65496 33067 33778 
9548 65535 33165 33546 
19287 65532 33253 33200 
30589 56939 33222 32741 
41239 41558 33170 32327 
49544 26361 33010 31897 
54545 15760 32780 31602 
55790 11005 32578 31556 
53552 10604 32377 31690 
48467 12501 32185 31958 
41545 15187 32079 32370 
34114 17902 32073 32869 
27587 20879 32124 33311 
22746 24965 32296 33690 
19815 30490 32507 33877 
18681 37300 32767 33882 
18920 43993 32948 33642 
20380 49119 33065 33241 
23179 51258 33172 32819 
27345 49448 33149 32351 
32656 43951 33070 31960 
37922 36453 32963 31753 
42061 29121 32826 31705 
44099 24071 32683 31840 
43755 22527 32649 32156 
41286 24062 32605 32486 
37676 27119 32636 32809 
33923 29941 32696 33070 
30851 31195 32745 33209 
29120 30808 32825 33226 
28881 29794 32839 33089 
29708 29636 32817 32876 
30819 31342 32731 32626 
31614 34931 32664 32457 
31557 38888 32517 32315 
31015 41613 32391 32320 
30530 41803 32317 32456 
30551 39149 32265 32634 
31269 34661 32301 32901 
32317 30213 32410 33155 
33227 27348 32593 33357 
33663 26731 32795 33419 
33665 27935 33004 33336 
33562 29706 33185 33134 
33667 30806 33313 32819 
33974 30957 33365 32445 
34143 30815 33321 32089 
33889 31495 33223 31805 
33285 33491 33038 31669 
32748 36260 32775 31656 
32709 38537 32534 31847 
33147 39063 32339 32173 
33589 37196 32111 32556 
33605 33912 31989 33019 
33003 30525 31894 33377 
32127 28370 31930 33716 
31345 27745 32069 33905 
31051 28202 32272 33887 
31123 28925 32575 33718 
31309 29510 32877 33383 
31565 30193 33178 32946 
32128 31624 33478 32481 
33014 34242 33716 32064 
33850 37620 33770 31676 
34134 40977 33738 31484 
33552 42845 33565 31457 
32327 42020 33267 31587 
31238 38094 32849 31842 
31262 32189 32440 32188 
32599 26210 32063 32615 
34508 22265 31759 33029 
35703 21777 31598 33407 
35166 24539 31587 33672 
33132 28970 31748 33813 
30947 33081 32048 33795 
29956 35405 32382 33611 
30759 35812 32744 33378 
32579 35304 33016 33033 
34119 35208 33226 32701 
34400 36167 33351 32424 
33379 37654 33364 32194 
32148 38265 33275 32074 
31752 36960 33151 32035 
32465 33588 33003 32061 
33639 29093 32876 32149 
34283 24947 32796 32273 
33887 22672 32757 32364 
32886 22926 32772 32464 
32047 25610 32790 32516 
31905 30263 32802 32548 
32188 35944 32773 32584 
32054 41405 32678 32635 
30942 45559 32550 32744 
29141 47279 32378 32878 
27848 46056 32208 33073 
28285 42135 32065 33272 
30700 36673 32039 33495 
34167 30626 32096 33654 
37314 24700 32233 33672 
39283 19247 32459 33564 
39828 14786 32758 33353 
39526 12150 33062 33008 
38878 12352 33311 32558 
37937 16529 33546 32131 
35955 24829 33619 31683 
32499 35812 33575 31366 
27711 47439 33435 31222 
22827 57149 33215 31257 
19539 62780 32955 31482 
19224 62830 32643 31867 
22041 57448 32374 32368 
26776 47537 32122 32873 
31886 35209 31945 33385 
36108 22618 31830 33831 
39152 12670 31859 34146 
41477 6529 31918 34253 
43522 4764 32090 34223 
45009 6820 32309 33975 
45021 11725 32600 33605 
42863 18261 32886 33143 
38629 25779 33151 32623 
33334 34063 33428 32128 
28281 42979 33634 31710 
24676 51583 33712 31383 
22513 58964 33681 31220 
21123 63524 33552 31235 
19873 63763 33327 31389 
18898 58969 33001 31651 
19285 49728 32603 31985 
22363 37353 32268 32408 
28519 23909 32014 32876 
36809 11801 31823 33310 
45542 2835 31745 33693 
51713 143 31800 33967 
54248 85 31998 34111 
53000 4781 32233 34081 
48781 12895 32506 33922 
42931 22829 32786 33636 
36365 33531 32973 33236 
29466 44375 33073 32784 
22724 54469 33172 32393 
16713 62690 33203 32068 
11964 65376 33154 31777 
9410 65458 33114 31626 
9635 65487 33064 31612 
13284 58379 33027 31699 
20739 47485 32995 31872 
31666 30238 32945 32043 
44032 12182 32941 32273 
55297 426 32882 32493 
62466 59 32771 32666 
63243 21 32666 32887 
57314 3736 32479 33044 
47130 15951 32309 33216 
35438 30088 32152 33359 
25117 42993 32034 33469 
17732 52495 32008 33553 
13212 57997 32102 33642 
10895 59602 32232 33582 
10464 57954 32469 33464 
12506 52888 32741 33256 
18004 44065 33016 32967 
27123 31405 33243 32584 
38194 16942 33423 32210 
48745 3284 33498 31841 
56185 130 33456 31539 
58664 33 33332 31363 
55605 74 33150 31356 
48243 14824 32901 31483 
38443 31550 32692 31785 
28021 49396 32540 32204 
18815 64224 32346 32622 
12532 65464 32226 33105 
10587 65526 32149 33542 
13217 65533 32138 33947 
19736 64349 32148 34164 
28489 44583 32194 34227 
37497 26702 32286 34130 
44358 12222 32442 33880 
47841 3115 32615 33491 
47785 202 32812 33000 
45022 2316 32957 32382 
40953 8865 33219 31896 
36381 18574 33385 31433 
31860 30187 33501 31140 
27144 42483 33520 31014 
22344 53614 33433 31078 
18284 61302 33278 31372 
16655 62699 33039 31854 
18826 56959 32748 32415 
25092 44958 32447 33026 
34142 29501 32166 33589 
43444 14552 31929 34014 
50418 4133 31802 34281 
52701 1302 31816 34356 
50067 5932 31929 34202 
43830 16169 32140 33873 
36199 28916 32440 33399 
29116 41512 32738 32829 
23958 51556 33035 32272 
20955 57977 33321 31808 
19473 60675 33503 31462 
19191 59475 33573 31312 
20262 53834 33493 31319 
23037 44018 33319 31527 
27606 30807 33052 31898 
33442 16480 32758 32375 
39527 3969 32447 32882 
44033 115 32216 33386 
45783 21 32051 33726 
44598 9386 32060 33974 
41102 23565 32157 33962 
36735 38729 32374 33765 
33314 50482 32617 33381 
31931 56293 32906 32925 
32264 56085 33113 32416 
33079 51539 33287 31964 
32753 44934 33311 31613 
30319 38228 33238 31486 
26127 32538 33004 31509 
22035 28280 32787 31796 
19829 25144 32525 32171 
20757 23233 32328 32673 
24575 22828 32193 33151 
30019 24374 32155 33568 
35273 27717 32259 33864 
39309 31690 32435 33945 
42306 34722 32634 33803 
44928 35343 32858 33498 
47402 33198 33061 33089 
48697 29371 33178 32615 
47429 25999 33271 32197 
42404 25091 33243 31846 
33855 27762 33131 31624 
23452 33473 32904 31570 
14654 40110 32653 31706 
9517 45740 32431 32018 
9120 48792 32224 32395 
13362 48654 32093 32819 
20926 45559 32066 33207 
30032 40369 32127 33526 
39294 33875 32337 33734 
47405 26765 32603 33782 
53015 19850 32920 33656 
55050 14131 33188 33364 
53113 11043 33416 32998 
47843 11250 33514 32578 
40605 14944 33512 32166 
33056 21641 33390 31847 
26019 30580 33168 31679 
20096 40406 32851 31645 
15209 50211 32533 31809 
11805 58522 32256 32091 
11050 63427 32053 32460 
14501 62825 31940 32869 
22570 55903 31906 33180 
34177 43206 32033 33467 
46447 27199 32247 33593 
56043 11733 32530 33591 
59747 945 32839 33465 
56077 51 33064 33168 
46581 79 33258 32869 
34544 13260 33336 32538 
23573 26938 33340 32286 
17179 39594 33225 32123 
16253 48330 32989 32061 
19348 52336 32751 32158 
24079 51946 32525 32340 
28427 48397 32356 32603 
31424 43540 32291 32848 
33370 38999 32314 33053 
35116 35566 32457 33168 
36996 33214 32621 33152 
38764 31378 32849 33056 
39534 29222 33026 32825 
38766 26550 33141 32557 
36736 23699 33170 32296 
34448 21550 33101 32083 
33074 20885 32959 31974 
33078 22066 32709 31972 
33937 24730 32528 32173 
34241 28182 32358 32464 
32947 31849 32245 32832 
29945 35529 32194 33192 
26436 39249 32241 33538 
24103 42798 32388 33766 
23873 45845 32588 33862 
25708 47761 32828 33769 
28611 47757 32981 33446 
31511 45622 33138 33080 
33852 41330 33221 32605 
35949 35351 33263 32143 
38489 28166 33216 31748 
41967 20280 33090 31445 
45580 12897 32894 31338 
47842 7214 32666 31411 
47085 4913 32469 31724 
42215 7616 32247 32148 
33955 15925 32092 32644 
24050 28989 32067 33198 
14907 44540 32082 33657 
9018 59268 32201 34002 
8028 65345 32457 34187 
12346 65511 32762 34149 
21039 65532 33058 33875 
32288 65462 33342 33436 
43906 47401 33564 32899 
53216 28921 33633 32292 
58098 12959 33600 31765 
57787 2201 33426 31368 
52689 98 33134 31158 
44096 57 32765 31164 
33875 8384 32411 31426 
23898 19543 32117 31908 
15344 32121 31938 32485 
9446 44260 31835 33055 
7416 54093 31879 33585 
10365 59886 32051 34006 
18249 59925 32250 34156 
29664 54104 32526 34121 
42299 43275 32752 33862 
53258 29257 32929 33452 
59571 15489 33037 32966 
59983 4814 33101 32541 
54719 251 33136 32163 
45174 510 33085 31852 
