32560 31536 32114 33377 
32560 31536 32114 33377 
32530 31843 32274 33586 
32582 32297 32518 33651 
32664 32802 32779 33538 
32757 33274 33008 33247 
32843 33658 33158 32824 
32966 33961 33293 32446 
33050 34088 33339 32112 
33022 33967 33221 31822 
32947 33718 33046 31722 
32785 33322 32785 31758 
32627 32884 32545 31968 
32466 32425 32343 32294 
32379 32042 32232 32733 
32306 31693 32163 33135 
32327 31517 32205 33506 
32431 31505 32328 33751 
32615 31664 32525 33861 
32820 31941 32744 33786 
32987 32290 32935 33516 
33107 32676 33084 33136 
33143 33040 33159 32675 
33141 33417 33189 32247 
33023 33647 33126 31818 
32873 33766 33017 31547 
32663 33717 32832 31412 
32485 33538 32639 31500 
32357 33271 32482 31808 
32220 32863 32288 32168 
32187 32494 32202 32677 
32253 32170 32210 33218 
32353 31920 32262 33668 
32554 31835 32439 34018 
32757 31855 32638 34110 
32956 32017 32875 34001 
33139 32289 33107 33689 
33257 32609 33273 33227 
33310 32918 33372 32665 
33311 33212 33418 32100 
33214 33390 33334 31600 
33048 33453 33169 31299 
32830 33374 32916 31186 
32584 33202 32610 31316 
32393 33016 32359 31703 
32217 32783 32116 32221 
32135 32606 31995 32813 
32141 32480 31975 33384 
32189 32401 32044 33819 
32362 32429 32257 34112 
32534 32448 32483 34134 
32701 32459 32724 33923 
32861 32499 32963 33574 
32935 32446 33072 33074 
32968 32407 33124 32580 
32977 32380 33138 32159 
32915 32356 33057 31836 
32863 32403 32958 31718 
32792 32491 32853 31772 
32761 32659 32812 31950 
32767 32890 32815 32237 
32791 33129 32844 32541 
32856 33383 32905 32822 
32916 33562 32954 32993 
32966 33650 32961 33080 
33004 33637 32931 33079 
32973 33461 32806 32983 
32883 33158 32622 32834 
32736 32795 32427 32699 
32575 32403 32243 32595 
32341 31978 32063 32527 
32155 31673 31990 32539 
32018 31502 32001 32622 
31997 31531 32164 32783 
32063 31695 32386 32932 
32242 31998 32686 33098 
32525 32387 33007 33188 
32847 32825 33314 33205 
33142 33222 33515 33101 
33419 33580 33634 32939 
33610 33833 33640 32696 
33692 33945 33538 32435 
33646 33895 33325 32194 
33406 33640 32977 31963 
33058 33269 32584 31839 
32697 32845 32244 31907 
32267 32356 31916 32058 
31962 31962 31740 32379 
31748 31650 31690 32755 
31661 31482 31763 33127 
31769 31505 31985 33456 
32006 31703 32311 33692 
32394 32102 32744 33808 
32786 32513 33131 33682 
33147 32954 33471 33405 
33410 33331 33692 32981 
33552 33640 33781 32506 
33547 33793 33699 32045 
33450 33810 33524 31720 
33178 33609 33161 31516 
32903 33345 32788 31557 
32609 32979 32401 31780 
32385 32624 32087 32180 
32227 32270 31860 32640 
32197 32046 31814 33153 
32224 31888 31856 33560 
32331 31868 32045 33829 
32507 32014 32339 33931 
32670 32235 32653 33795 
32806 32522 32934 33476 
32888 32812 33156 33024 
32929 33057 33290 32522 
32962 33300 33389 32120 
32920 33386 33349 31768 
32869 33370 33240 31585 
32797 33239 33083 31613 
32756 33025 32922 31818 
32726 32782 32750 32146 
32724 32525 32604 32561 
32720 32287 32456 32964 
32679 32090 32302 33308 
32692 32045 32238 33587 
32649 32068 32186 33721 
32605 32198 32186 33712 
32598 32452 32287 33596 
32607 32779 32463 33396 
32592 33068 32631 33067 
32602 33337 32846 32721 
32623 33514 33047 32338 
32678 33594 33250 32023 
32746 33507 33377 31756 
32836 33311 33444 31614 
32928 33020 33397 31605 
32991 32662 33249 31697 
33070 32349 33075 31982 
33093 32072 32796 32301 
33069 31936 32534 32705 
33004 31928 32301 33126 
32872 32021 32126 33481 
32715 32247 32037 33784 
32501 32492 32012 33922 
32339 32787 32104 33929 
32182 32982 32241 33759 
32041 33088 32373 33439 
32034 33125 32584 33074 
32073 33026 32727 32651 
32276 32935 32915 32322 
32493 32754 33011 31986 
32756 32584 33082 31758 
33066 32529 33173 31711 
33336 32573 33232 31792 
33515 32675 33260 31942 
33624 32844 33270 32157 
33584 33023 33225 32383 
33431 33176 33146 32601 
33182 33243 33019 32800 
32876 33190 32831 32936 
32554 33034 32622 33047 
32310 32819 32433 33164 
32073 32491 32207 33191 
31951 32220 32049 33243 
31896 31955 31918 33236 
31976 31862 31912 33259 
32117 31887 31983 33234 
32315 32063 32160 33185 
32525 32357 32385 33071 
32751 32742 32683 32903 
32932 33110 32971 32682 
33093 33409 33231 32413 
33224 33639 33463 32150 
33305 33683 33600 31918 
33344 33577 33646 31756 
33339 33341 33570 31694 
33240 32980 33356 31754 
33135 32598 33108 31965 
32966 32247 32795 32283 
32743 31953 32444 32694 
32503 31799 32131 33156 
32277 31806 31904 33602 
32081 31944 31784 33937 
31962 32205 31783 34099 
31950 32563 31946 34103 
32047 32920 32213 33888 
32211 33210 32525 33479 
32475 33428 32891 32967 
32745 33494 33198 32360 
33042 33473 33486 31828 
33287 33321 33649 31368 
33440 33095 33667 31112 
33470 32835 33529 31076 
33416 32568 33278 31257 
33268 32379 32968 31679 
33033 32226 32587 32246 
32803 32191 32273 32897 
32583 32226 32052 33523 
32337 32255 31877 33983 
32224 32391 31890 34290 
32142 32516 32005 34351 
32212 32693 32257 34206 
32375 32920 32792 33240 
32491 32980 33018 32594 
32654 33085 33224 32045 
32789 33163 33352 31598 
32883 33189 33361 31329 
32971 33165 33298 31239 
33047 33102 33189 31394 
33072 32953 32985 31688 
33065 32727 32745 32096 
33055 32505 32534 32594 
33015 32255 32327 33097 
32887 31977 32133 33495 
32723 31790 32034 33801 
32607 31779 32095 33998 
32448 31867 32204 33973 
32283 32082 32369 33762 
32217 32461 32628 33478 
32222 32932 32915 33097 
32261 33353 33128 32592 
32457 33809 33372 32133 
32680 34066 33489 31738 
32899 34113 33474 31469 
33111 33960 33355 31371 
33294 33638 33172 31480 
33356 33152 32882 31723 
33327 32608 32595 32112 
33232 32128 32349 32605 
33022 31707 32156 33102 
32734 31430 32000 33596 
32470 31360 31982 34091 
32261 31492 32074 34461 
32130 31771 32241 34550 
32050 32097 32424 34160 
32065 32451 32624 33256 
32172 32827 32821 31928 
32324 33108 32960 30515 
32503 33328 33029 29519 
32728 33496 33083 29397 
32909 33540 33049 30231 
33095 33573 33049 31995 
33213 33510 33013 34093 
33215 33328 32945 35958 
33221 33159 32925 37220 
33156 32948 32921 37560 
33041 32675 32874 36849 
32951 32479 32861 35404 
32849 32300 32811 33367 
32698 32118 32721 30997 
32587 32017 32623 28601 
32511 31985 32509 26626 
32457 32020 32373 25379 
32414 32136 32249 25255 
32381 32311 32191 26487 
32288 32466 32189 29062 
32184 32596 32254 32578 
32089 32701 32387 36464 
32069 32812 32575 40098 
32229 32979 32781 42801 
32558 33239 32972 43903 
33080 33611 33180 43184 
33612 33957 33334 40573 
33991 34120 33415 36330 
34061 33985 33394 31170 
33767 33530 33269 26065 
33207 32891 33018 21833 
32630 32191 32753 19322 
32226 31387 32480 19015 
32045 30581 32207 21070 
31872 30144 32038 25109 
31380 30522 31956 30472 
30682 31844 32026 36244 
30425 33436 32210 41483 
31566 34151 32466 45390 
34360 33210 32771 47169 
37602 31062 33038 46583 
39214 29485 33273 43801 
37175 30431 33379 39103 
31572 34698 33401 33535 
24720 40905 33278 27912 
20543 46016 33111 23217 
22119 46407 32859 20105 
29641 40226 32624 19168 
40055 28725 32381 20382 
48738 16015 32244 23508 
51449 7284 32155 28121 
46563 7292 32168 33042 
36539 15935 32275 37655 
25393 29901 32469 41282 
17043 44582 32648 43335 
13966 55204 32878 43606 
15420 59765 33028 42129 
19734 58431 33140 39302 
25457 52625 33153 35509 
31680 44453 33090 31587 
37898 35674 32928 28312 
44094 26462 32738 26042 
49844 16934 32535 25068 
54426 7310 32353 25429 
56593 416 32255 26941 
55216 79 32217 29182 
49440 27 32338 31755 
39198 9691 32580 34151 
25296 25756 32811 35954 
10888 44679 33080 36914 
495 63136 33302 37006 
74 65393 33443 36306 
31 65502 33432 34986 
1650 65530 33311 33481 
16204 65535 33076 32045 
32569 65535 32761 30965 
50703 46207 32404 30424 
64880 22893 32109 30483 
65476 1433 31911 31054 
65535 68 31824 31967 
65535 0 31892 32975 
65535 0 32083 33900 
51409 15803 32380 34485 
31860 34318 32721 34645 
13606 51620 33059 34369 
3000 63218 33331 33679 
1488 65464 33524 32776 
6486 59896 33587 31834 
14806 51743 33559 31049 
23817 39261 33386 30565 
32037 26424 33075 30422 
39000 14486 32730 30731 
44054 4688 32389 31439 
46750 216 32075 32344 
46636 93 31864 33316 
43385 63 31774 34202 
37627 5841 31917 34897 
30316 17486 32092 35144 
23252 32442 32421 35044 
18183 47859 32823 34577 
16455 60769 33165 33745 
18811 65371 33448 32809 
24758 65485 33647 31873 
32761 65479 33698 31099 
40561 57189 33570 30581 
46015 47193 33316 30392 
47283 38348 32986 30598 
44181 31691 32599 31107 
38014 27343 32283 31894 
30771 24556 32012 32731 
25092 22540 31852 33519 
22619 20529 31861 34147 
23856 18000 31943 34471 
28629 14779 32228 34576 
35362 11154 32512 34320 
42402 8062 32829 33865 
47930 6787 33109 33259 
50092 8940 33289 32605 
47716 15716 33443 32057 
40896 26326 33456 31644 
31156 39242 33337 31420 
20820 52315 33160 31422 
12195 63505 32872 31618 
7222 65390 32602 32011 
6390 65445 32349 32468 
9186 65463 32141 32899 
15176 65488 32033 33296 
24385 65510 32062 33585 
36325 51810 32243 33737 
49584 33354 32446 33661 
62298 13367 32755 33495 
65416 438 33020 33159 
65529 54 33228 32734 
65535 16 33381 32355 
65183 46 33401 32018 
45269 12961 33303 31769 
27001 26674 33136 31697 
12960 38764 32871 31761 
5550 46762 32653 31985 
4786 49583 32436 32316 
8930 47820 32262 32684 
15174 43630 32193 33097 
21144 39290 32156 33408 
25576 36380 32212 33642 
28545 34862 32346 33785 
31020 33439 32516 33743 
34456 30533 32696 33582 
39450 25553 32869 33284 
45311 19467 32971 32871 
50115 14701 33059 32453 
51266 13980 33065 32050 
47452 18446 33023 31756 
39369 27300 32929 31597 
29400 38155 32776 31605 
21557 47596 32672 31815 
18785 53109 32594 32175 
21348 53850 32569 32599 
27287 50499 32612 33031 
33458 44772 32677 33408 
37290 38292 32795 33668 
37398 32910 32921 33751 
34817 28971 33007 33646 
31464 26317 33040 33376 
29213 24388 33009 32998 
29183 22680 32904 32564 
31070 20999 32757 32187 
33878 19506 32571 31903 
36443 18733 32379 31734 
37900 19378 32218 31735 
37750 22155 32146 31923 
36093 26983 32195 32265 
33401 33510 32333 32669 
30503 40693 32518 33061 
28185 47396 32751 33402 
27060 52231 32978 33648 
27099 54447 33164 33720 
28049 53821 33310 33639 
29468 50367 33371 33412 
31150 44435 33321 33056 
32952 36868 33227 32659 
34917 28400 33050 32263 
37037 20160 32822 31930 
39110 13166 32566 31705 
40700 8680 32332 31690 
41286 7284 32114 31813 
40700 9095 32007 32097 
38839 13850 31999 32491 
35829 20918 32061 32884 
31890 29756 32205 33260 
27657 39188 32473 33588 
23453 48507 32776 33754 
19946 56600 33059 33717 
17987 62286 33333 33555 
18179 64046 33525 33223 
20754 61060 33590 32789 
25409 53619 33556 32357 
31295 42746 33382 31962 
37469 30540 33136 31694 
43193 18950 32847 31613 
47679 10086 32526 31702 
50679 4363 32230 31942 
51980 1786 32013 32275 
51115 2007 31889 32667 
47655 5208 31871 33075 
41349 11748 31960 33370 
32560 22094 32174 33614 
22454 35802 32496 33759 
12952 51114 32805 33690 
6415 64571 33121 33508 
4898 65456 33349 33214 
8725 65526 33447 32845 
16964 65532 33447 32499 
27684 63923 33295 32168 
38363 44735 33041 31954 
46956 29149 32726 31859 
52604 17622 32450 31929 
54777 11491 32235 32093 
53593 10098 32130 32350 
49355 11659 32160 32643 
43246 14338 32329 32913 
36278 17189 32571 33089 
29757 20254 32841 33162 
24609 24113 33127 33131 
21179 29384 33336 33005 
19528 35938 33422 32813 
19380 42684 33409 32656 
20405 48315 33241 32518 
22631 51292 32943 32436 
26201 50582 32585 32434 
31030 46088 32264 32574 
36284 38922 31994 32724 
40622 31345 31830 32891 
43185 25468 31811 33036 
43469 22688 31933 33132 
41647 23102 32196 33146 
38374 25596 32563 33096 
34588 28387 32930 32927 
31478 29973 33297 32726 
29561 30120 33596 32523 
29023 29503 33735 32312 
29671 29457 33725 32153 
30860 31063 33561 32062 
31773 34367 33261 32078 
31927 38357 32856 32180 
31435 41442 32417 32348 
30835 42229 32015 32603 
30681 40110 31742 32898 
31128 35944 31621 33161 
32014 31331 31684 33381 
32844 27959 31919 33508 
33325 26744 32297 33549 
33378 27537 32740 33445 
33290 29224 33186 33239 
33391 30566 33558 32925 
33776 31021 33813 32595 
34160 31002 33896 32224 
34059 31476 33733 31884 
33581 33202 33446 31700 
32989 35772 32984 31599 
32826 38162 32521 31699 
33109 39026 32100 31973 
33506 37661 31743 32294 
33610 34671 31599 32729 
33188 31273 31620 33139 
32445 28817 31831 33511 
31778 27836 32184 33789 
31461 27989 32615 33886 
31487 28580 33040 33815 
31536 29062 33328 33565 
31554 29616 33514 33205 
31656 30697 33495 32776 
32093 32847 33356 32377 
32720 36119 33100 32018 
33094 39646 32805 31815 
32894 42213 32555 31777 
32087 42441 32356 31856 
31293 39749 32273 32046 
31405 34572 32357 32337 
32802 28676 32526 32628 
34991 24103 32773 32869 
36743 22434 32985 32990 
36838 24116 33129 33021 
35032 28040 33197 32967 
32399 32131 33148 32870 
30437 34839 32982 32762 
30089 35669 32724 32681 
31142 35273 32426 32655 
32515 34900 32143 32731 
33042 35417 31953 32884 
32429 36642 31843 33025 
31488 37610 31949 33251 
31142 37015 32142 33348 
32035 34365 32499 33384 
33557 30279 32864 33241 
34747 26107 33218 32970 
34892 23271 33499 32588 
34144 22771 33729 32208 
33108 24766 33735 31783 
32582 28849 33618 31504 
32524 34252 33370 31406 
32328 39929 33035 31512 
31314 44721 32652 31786 
29494 47461 32308 32214 
27880 47265 32008 32723 
27690 44236 31791 33232 
29465 39098 31680 33684 
32844 32683 31747 34013 
36301 26340 31964 34171 
38574 20534 32205 34063 
39515 15648 32546 33843 
39433 12254 32916 33450 
38908 11391 33231 32977 
38092 14344 33491 32449 
36580 21405 33649 32002 
33703 31731 33677 31643 
29367 43456 33598 31434 
24423 54131 33379 31363 
20534 61592 33108 31455 
19346 63734 32805 31688 
21294 60295 32502 32022 
25588 51959 32230 32412 
30676 40306 32012 32799 
35186 27433 31874 33175 
38450 16219 31830 33514 
40828 8303 31884 33786 
42828 4669 32004 33922 
44419 5162 32212 33968 
44835 8979 32437 33876 
43309 15040 32711 33700 
39566 22459 32970 33404 
34422 30749 33219 33019 
29258 39673 33451 32583 
25215 48822 33623 32108 
22868 56818 33704 31656 
21654 62480 33704 31316 
20806 64183 33600 31121 
20053 61010 33362 31066 
20188 53020 33031 31223 
22402 41528 32661 31580 
27412 28262 32267 32077 
34875 15670 31955 32713 
42939 5847 31678 33309 
49566 500 31528 33884 
52789 92 31519 34282 
52356 3560 31667 34526 
49007 10460 31960 34536 
43751 19634 32333 34297 
37492 30174 32746 33855 
31201 40745 33166 33292 
24977 50795 33491 32651 
19282 59374 33732 32031 
14591 65073 33847 31513 
11668 65435 33811 31192 
10995 65475 33623 31049 
13244 58427 33311 31091 
18964 49881 32983 31349 
28232 34398 32609 31751 
39495 17207 32333 32272 
50747 1540 32106 32772 
59029 101 31950 33210 
61930 29 31898 33571 
58340 29 31975 33812 
49798 11810 32127 33894 
38982 25618 32317 33817 
28624 39315 32544 33635 
20569 50466 32738 33357 
15578 57325 32921 33066 
12771 60298 33044 32763 
11649 59834 33109 32482 
12579 56042 33131 32271 
16606 48358 33105 32137 
24051 37089 33058 32084 
34038 23047 32965 32066 
44542 8737 32894 32139 
53191 288 32803 32209 
57196 51 32732 32307 
55988 22 32683 32429 
50227 9268 32647 32551 
41536 24234 32635 32670 
31388 41877 32584 32755 
21771 58633 32561 32848 
14996 65325 32564 32954 
11976 65511 32587 33057 
13242 65530 32624 33138 
18457 65506 32633 33149 
26553 49194 32695 33167 
35132 31954 32707 33125 
42320 16621 32690 33033 
46532 5911 32662 32927 
47252 910 32625 32831 
44885 1772 32524 32679 
40977 7112 32488 32611 
36548 15799 32496 32541 
32182 26771 32576 32509 
27795 39101 32697 32478 
23567 50562 32894 32480 
19917 59045 33099 32461 
18096 62269 33310 32431 
19490 58561 33453 32362 
24639 48507 33479 32278 
32809 34255 33424 32254 
41727 19328 33209 32227 
48876 7879 32921 32291 
51986 2817 32588 32455 
50003 5439 32239 32679 
44199 14023 31935 32951 
36662 25774 31728 33242 
29389 38062 31673 33504 
24141 48177 31772 33698 
21109 55241 32027 33815 
19822 58826 32327 33734 
19759 58687 32673 33503 
20944 54449 33056 33164 
23531 46080 33316 32694 
27782 34259 33568 32263 
33190 20665 33676 31861 
38911 8125 33644 31517 
43380 755 33495 31363 
45440 45 33235 31358 
44577 7685 32930 31543 
41196 20719 32627 31935 
36729 35164 32312 32371 
32878 47335 32052 32849 
30917 54445 31910 33347 
31036 55686 31901 33797 
32240 51881 32013 34066 
32751 45708 32210 34143 
31471 39201 32475 34017 
28316 33574 32764 33687 
24463 29194 33053 33253 
21868 26104 33276 32722 
21821 24137 33359 32147 
24597 23605 33415 31730 
29266 24800 33320 31415 
33978 27643 33106 31274 
37684 31280 32862 31392 
40480 34214 32631 31676 
42935 35015 32421 32112 
45449 33123 32261 32602 
47266 29327 32189 33084 
46927 25765 32222 33515 
43188 24434 32318 33799 
35987 26545 32496 33933 
26568 31839 32688 33871 
17473 38827 32878 33651 
11713 44897 32977 33299 
10389 48694 33054 32909 
13507 49393 33067 32525 
19920 47097 33010 32148 
28371 42347 32878 31847 
37132 36155 32793 31702 
45001 29070 32687 31698 
50782 21906 32632 31839 
53445 15493 32589 32054 
52227 11462 32567 32347 
47764 10624 32543 32663 
41269 13272 32523 32973 
34204 19067 32511 33253 
27523 27445 32509 33480 
21717 37321 32538 33642 
16878 47363 32592 33699 
13301 56369 32686 33652 
12006 62435 32782 33467 
14562 63482 32901 33190 
21622 58323 33004 32810 
32291 47106 33094 32386 
44218 31959 33217 32034 
54042 16349 33224 31676 
58687 4185 33167 31442 
56402 136 33044 31364 
48102 63 32829 31465 
36616 11065 32621 31757 
25730 23528 32433 32211 
18491 36021 32225 32717 
16570 45305 32131 33255 
18859 50272 32091 33718 
23265 50971 32158 34078 
27654 48540 32325 34258 
30819 44389 32472 34181 
32826 40130 32628 33882 
34358 36802 32769 33451 
36013 34444 32872 32960 
37659 32541 32918 32431 
38726 30451 33002 32029 
38362 27657 32981 31677 
36810 24671 33013 31542 
34811 22191 33010 31539 
33547 21098 33032 31688 
33642 21868 33096 31975 
34676 24194 33139 32254 
35353 27375 33147 32517 
34543 30897 33099 32766 
31882 34399 32963 32918 
28175 37919 32761 33022 
25031 41443 32533 33088 
23727 44588 32273 33128 
24510 46833 32083 33182 
26648 47460 31902 33216 
29282 45972 31839 33245 
31650 42404 31895 33291 
33944 37010 32074 33313 
36745 30231 32341 33280 
40599 22610 32703 33191 
44796 15043 33024 32965 
47883 8996 33295 32669 
48196 5977 33536 32375 
44631 7486 33637 32051 
37219 14616 33617 31761 
27734 26597 33514 31593 
18377 41317 33271 31502 
11597 55948 33030 31632 
9108 65161 32781 31893 
11685 65493 32514 32249 
18703 65527 32265 32660 
28744 65428 32105 33122 
39584 48088 31961 33521 
48947 30455 31901 33846 
54893 14100 31976 34073 
55992 2758 32098 34125 
52438 109 32257 33973 
45489 57 32489 33675 
36578 6987 32694 33218 
27227 18130 32998 32755 
18966 30803 33227 32228 
12837 43452 33440 31766 
10013 54024 33586 31440 
11495 60645 33626 31262 
17890 61809 33600 31295 
27900 56861 33416 31469 
39589 46709 33177 31817 
50236 33110 32856 32228 
57201 18485 32473 32675 
58671 6634 32207 33171 
54605 367 31928 33538 
46314 46 31798 33817 
