32479 32365 32705 33079 
32479 32365 32705 33079 
32563 32448 33074 33038 
32663 32545 33371 32930 
32828 32714 33624 32767 
32995 32913 33746 32560 
33121 33084 33715 32286 
33230 33249 33558 32039 
33260 33341 33286 31835 
33240 33394 32969 31748 
33089 33307 32557 31738 
32912 33185 32198 31935 
32654 32953 31904 32232 
32394 32669 31707 32615 
32203 32415 31691 33103 
32040 32156 31778 33535 
31978 31973 31995 33877 
32036 31863 32306 34032 
32194 31878 32681 34000 
32450 32026 33073 33787 
32742 32254 33410 33366 
33039 32576 33658 32870 
33280 32914 33767 32308 
33428 33229 33710 31794 
33457 33486 33519 31401 
33336 33618 33194 31196 
33129 33619 32808 31245 
32890 33500 32461 31536 
32603 33251 32128 31980 
32381 32934 31912 32544 
32238 32600 31829 33116 
32214 32294 31888 33649 
32230 32040 32031 33995 
32369 31920 32299 34172 
32518 31875 32579 34069 
32714 32022 32884 33831 
32847 32226 33107 33384 
32945 32497 33259 32865 
32986 32781 33322 32327 
33010 33097 33341 31879 
32941 33259 33210 31533 
32793 33298 32990 31373 
32673 33257 32770 31449 
32517 33075 32522 31714 
32422 32856 32348 32137 
32371 32606 32228 32619 
32372 32405 32186 33107 
32440 32300 32251 33533 
32579 32292 32400 33806 
32770 32424 32626 33913 
32936 32591 32850 33775 
33096 32831 33091 33495 
33216 33059 33256 33083 
33255 33209 33337 32599 
33259 33319 33367 32180 
33159 33292 33279 31829 
32965 33123 33061 31583 
32743 32878 32803 31564 
32488 32563 32501 31698 
32288 32283 32270 32013 
32158 32087 32103 32419 
32069 31950 32000 32839 
32089 31948 32021 33236 
32197 32078 32134 33534 
32406 32336 32351 33737 
32640 32650 32604 33780 
32873 32946 32831 33625 
33052 33163 33001 33359 
33149 33293 33088 33039 
33168 33317 33117 32710 
33078 33210 33079 32387 
32932 33011 32985 32140 
32744 32777 32861 31978 
32598 32573 32796 31967 
32524 32458 32780 32052 
32528 32443 32805 32201 
32596 32511 32850 32356 
32705 32628 32916 32509 
32875 32819 32999 32660 
33008 32999 33032 32772 
33068 33098 33000 32831 
33049 33094 32874 32838 
32921 32983 32664 32849 
32735 32781 32423 32858 
32497 32520 32171 32883 
32284 32246 31968 32926 
32097 32011 31829 32957 
32036 31890 31837 33012 
32044 31900 31963 33053 
32442 32384 32615 33068 
32770 32792 33033 33026 
33059 33164 33374 32876 
33359 33533 33686 32714 
33562 33791 33863 32517 
33642 33864 33858 32310 
33563 33731 33686 32098 
33377 33470 33409 31974 
33078 33072 33041 31893 
32739 32628 32640 31927 
32419 32221 32293 32076 
32122 31853 31990 32292 
31895 31601 31765 32572 
31803 31537 31682 32916 
31791 31633 31701 33258 
31925 31876 31857 33569 
32154 32233 32097 33802 
32461 32657 32419 33912 
32776 33061 32749 33851 
33070 33421 33062 33628 
33310 33657 33316 33274 
33460 33748 33507 32805 
33535 33729 33642 32316 
33501 33559 33644 31842 
33360 33273 33536 31441 
33143 32919 33344 31214 
32892 32565 33082 31180 
32640 32244 32790 31349 
32420 32031 32506 31714 
32274 31941 32276 32243 
32189 31970 32113 32805 
32169 32078 31988 33384 
32236 32283 31994 33896 
32348 32533 32095 34237 
32463 32761 32232 34372 
32539 32899 32371 34240 
32645 33013 32550 33923 
32752 33086 32744 33441 
32805 33066 32887 32837 
32890 33052 33032 32262 
32990 33030 33161 31759 
33034 32946 33201 31345 
33012 32801 33151 31131 
33016 32711 33098 31187 
32973 32612 32980 31441 
32885 32516 32825 31867 
32786 32455 32677 32415 
32681 32439 32551 33006 
32537 32416 32427 33505 
32447 32447 32394 33910 
32387 32522 32432 34107 
32385 32629 32534 34106 
32442 32772 32692 33896 
32523 32880 32832 33490 
32620 32954 32949 32961 
32764 33034 33027 32417 
32915 33113 33085 31959 
33024 33106 33014 31580 
33051 33014 32868 31381 
33045 32894 32700 31414 
32994 32745 32538 31676 
32873 32569 32385 32077 
32716 32403 32290 32554 
32549 32280 32267 33022 
32434 32229 32323 33455 
32359 32253 32422 33735 
32363 32388 32575 33860 
32490 32607 32790 33814 
32619 32837 32961 33562 
32776 33032 33082 33190 
32926 33199 33181 32781 
33052 33286 33241 32374 
33117 33279 33221 32020 
33081 33137 33133 31780 
32973 32899 32986 31690 
32796 32612 32790 31794 
32611 32320 32590 32038 
32377 32042 32368 32376 
32233 31878 32205 32781 
32133 31848 32091 33155 
32125 31944 32052 33442 
32241 32197 32125 33620 
32472 32599 32310 33651 
32759 33059 32572 33513 
33030 33488 32846 33238 
33257 33825 33100 32851 
33429 34024 33352 32464 
33465 33997 33495 32092 
33413 33786 33530 31839 
33215 33358 33419 31673 
32974 32861 33228 31736 
32670 32267 32917 31874 
32442 31807 32651 32224 
32245 31420 32346 32599 
32123 31229 32110 33002 
32053 31227 31945 33335 
32121 31470 31938 33605 
32262 31916 32052 33746 
32461 32454 32277 33727 
32678 33038 32555 33561 
32861 33585 32839 33260 
32974 33972 33059 32836 
33043 34178 33239 32418 
33051 34176 33308 32075 
33021 33938 33273 31844 
32882 33476 33081 31711 
32771 32932 32848 31802 
32674 32365 32594 32018 
32650 31910 32406 32392 
32640 31570 32278 32780 
32687 31449 32260 33142 
32729 31524 32339 33414 
32835 31848 32576 33582 
32907 32260 32855 33555 
32923 32710 33130 33371 
32853 33107 33328 33012 
32743 33416 33435 32587 
32638 33634 33428 32225 
32505 33658 33249 31895 
32416 33553 32966 31731 
32364 33296 32593 31729 
32395 33003 32244 31930 
32484 32673 31940 32270 
32643 32396 31795 32756 
32783 32129 31748 33198 
32929 32019 31903 33618 
33031 32018 32178 33877 
33079 32138 32529 33945 
33072 32353 32924 33806 
32976 32602 33253 33468 
32853 32851 33509 33008 
32713 33048 33643 32484 
32618 33219 33701 32014 
32544 33264 33590 31631 
32486 33173 33344 31399 
32500 33030 33047 31406 
32513 32819 32669 31608 
32548 32574 32291 32046 
32613 32415 32016 32722 
32643 32273 31796 33454 
32658 32210 31714 34095 
32664 32240 31801 34372 
32688 32369 32036 34056 
32723 32578 32388 33179 
32761 32789 32779 31929 
32831 33006 33169 30779 
32867 33167 33461 30139 
32968 33318 33670 30408 
33092 33423 33732 31519 
33210 33456 33645 33186 
33189 33313 33344 34864 
33048 33060 33012 36181 
32715 32577 32630 36778 
32291 32054 32315 36651 
31719 31689 32059 35779 
31141 31805 31897 34290 
31090 32315 31882 32389 
32217 32602 32040 30308 
34711 31775 32234 28233 
37778 29801 32510 26589 
39290 27890 32767 25712 
36852 28567 33022 26041 
30081 33289 33194 27626 
21237 41442 33299 30381 
14702 50048 33318 34004 
15763 53673 33209 37786 
25213 48804 33024 40887 
39835 35687 32810 42845 
54307 17853 32559 43145 
62897 1668 32386 41694 
61833 35 32259 38575 
51999 0 32231 34256 
37329 11858 32283 29433 
22384 29619 32459 24906 
11361 47275 32677 21574 
5603 60359 32910 20113 
3896 65346 33103 20687 
5093 65443 33260 23329 
9219 65453 33327 27727 
16710 65475 33291 32899 
27588 57281 33122 37939 
41069 43829 32903 42126 
55331 25677 32680 44804 
65138 4414 32458 45503 
65449 212 32224 44075 
65508 59 32074 40862 
65535 0 32067 36494 
65535 0 32157 31449 
57486 11425 32304 26848 
37243 30836 32529 23451 
16276 52725 32823 21711 
546 65158 33024 21700 
16 65508 33231 23492 
0 65535 33327 26562 
5067 65535 33352 30377 
18744 65535 33239 34250 
34761 48935 33009 37591 
49964 25169 32758 40074 
60201 1851 32504 41110 
63599 118 32277 40803 
59308 23 32154 39323 
47812 0 32140 36972 
31610 65 32245 34244 
13916 16783 32423 31573 
585 35385 32713 29418 
74 54912 32989 27980 
30 65244 33243 27401 
29 65506 33399 27702 
11033 65535 33422 28641 
25479 65535 33355 30064 
41870 65473 33177 31639 
57419 43802 32911 33143 
65282 21637 32574 34256 
65486 1660 32310 34973 
65514 117 32082 35230 
65519 47 31954 35079 
65193 35 31953 34629 
47255 1262 32062 33981 
30637 14514 32290 33348 
15735 29275 32552 32793 
5193 44482 32840 32418 
446 56779 33039 32231 
88 64095 33205 32269 
5905 65421 33254 32373 
14266 59293 33221 32562 
23948 48869 33127 32707 
33397 35795 33004 32775 
40998 22644 32850 32696 
45682 11901 32766 32531 
47068 4940 32739 32305 
45461 2760 32713 32027 
41910 5228 32746 31800 
37526 11897 32775 31658 
33470 22051 32810 31686 
30927 33609 32781 31871 
30480 44763 32748 32210 
31961 53292 32640 32637 
34639 57819 32526 33142 
37078 57528 32373 33635 
38124 53281 32242 34017 
37375 46562 32177 34258 
35249 38882 32186 34315 
32707 31170 32269 34167 
30724 24008 32484 33881 
29472 17869 32686 33378 
28489 13762 32953 32847 
26810 12920 33179 32248 
24168 16382 33385 31717 
21267 23752 33505 31331 
19829 33150 33524 31089 
21666 41927 33432 31026 
27269 47005 33258 31184 
35443 47238 33011 31502 
43817 43033 32749 31961 
50028 36142 32471 32452 
52284 29351 32263 33004 
50317 24973 32083 33459 
44834 24107 31943 33799 
37121 26638 31935 34042 
28455 31269 31944 34109 
21160 35965 32054 34075 
16800 38982 32201 33894 
16656 39507 32403 33627 
20871 37568 32665 33317 
27828 34294 32917 32943 
35050 31279 33176 32549 
40084 29762 33455 32201 
41465 29877 33650 31837 
39585 30769 33735 31537 
36440 31140 33725 31353 
34094 30152 33595 31271 
33543 28099 33401 31361 
33935 26282 33075 31565 
33424 26652 32729 31913 
30565 30284 32396 32371 
25494 36674 32074 32858 
20211 43995 31820 33360 
17737 49662 31684 33819 
20463 50941 31697 34153 
28454 46809 31818 34309 
39658 37804 32045 34302 
51061 25670 32295 34047 
58766 14094 32593 33671 
60565 5837 32843 33192 
55855 3185 33023 32642 
45446 7210 33166 32126 
31519 17642 33267 31724 
17653 31528 33290 31498 
6067 46598 33322 31490 
261 59691 33301 31605 
51 65348 33271 31823 
1408 65489 33224 32093 
14356 65506 33200 32408 
28057 59492 33127 32663 
42264 46010 33025 32886 
54300 29897 32851 33019 
63019 13791 32652 33085 
65396 768 32403 33130 
65466 113 32127 33103 
65492 52 31864 33064 
55828 21 31665 33037 
41518 9215 31609 33080 
24166 24952 31664 33077 
6411 44186 31900 33132 
175 62046 32285 33196 
15 65420 32725 33184 
1 65534 33156 33092 
10573 65535 33560 32933 
25481 65533 33860 32695 
40334 50652 34026 32426 
51821 30990 33994 32122 
58345 12104 33807 31852 
59462 413 33485 31652 
56171 73 33062 31590 
49711 49 32626 31634 
40907 589 32194 31827 
30536 13305 31860 32134 
19542 27451 31610 32531 
10055 42600 31537 33009 
3713 56379 31567 33450 
2106 65129 31803 33925 
5842 65473 32088 34212 
14267 65510 32432 34328 
26018 65513 32820 34261 
39132 50941 33159 33961 
51835 32915 33446 33480 
61369 14774 33637 32898 
65367 790 33746 32288 
65483 81 33733 31680 
58674 41 33580 31160 
48485 100 33349 30842 
36434 11969 33053 30770 
24805 24096 32769 30961 
15630 36471 32448 31351 
10081 47530 32188 31987 
8453 55674 32006 32652 
10025 60466 31933 33348 
13814 61424 31912 33929 
19148 58290 31980 34341 
25353 51252 32146 34523 
32009 41026 32335 34463 
38625 29090 32563 34207 
44675 17030 32758 33744 
48909 7841 32873 33176 
50752 3078 32981 32621 
50094 3132 33063 32153 
47154 7410 33090 31776 
42522 14903 33101 31556 
37023 24135 33139 31535 
31290 33640 33159 31633 
25766 42997 33153 31808 
21059 51793 33182 32041 
17663 59592 33166 32284 
16471 64756 33129 32510 
17858 65448 32987 32639 
21853 63325 32806 32781 
27842 52502 32568 32875 
34396 38515 32340 32998 
40324 22790 32105 33108 
44731 8875 31936 33254 
47105 424 31831 33367 
47215 83 31830 33476 
45135 79 31938 33524 
40997 5913 32139 33494 
35261 14441 32465 33417 
29011 24621 32759 33173 
23515 36076 33068 32870 
19934 47894 33339 32494 
18847 58930 33563 32125 
20152 65242 33715 31828 
23147 65473 33694 31551 
27346 65508 33590 31446 
32479 57870 33365 31476 
37904 43170 33069 31692 
43010 27080 32717 32059 
46947 12354 32379 32530 
48467 1759 32049 33018 
46671 87 31765 33483 
41677 47 31652 33898 
34472 7922 31691 34133 
26902 20080 31874 34157 
20763 34181 32187 33992 
17579 47002 32559 33619 
17657 55745 32952 33130 
20364 59120 33263 32525 
24958 57162 33569 31988 
30466 50727 33702 31501 
35833 41943 33680 31207 
40387 32474 33491 31101 
43551 23848 33219 31267 
44840 16810 32866 31653 
43979 12266 32487 32167 
41290 10707 32210 32774 
37290 12768 32003 33334 
32696 18968 31942 33848 
28415 28585 31990 34131 
24989 40113 32139 34196 
22926 51266 32364 34050 
22572 59167 32621 33716 
24164 61317 32864 33214 
27420 56560 33040 32661 
31892 46062 33184 32154 
36526 32243 33222 31713 
40360 18417 33173 31454 
42244 8457 33034 31356 
41832 4454 32874 31490 
39143 6801 32640 31771 
34763 14774 32477 32218 
30095 25386 32327 32694 
26243 36315 32279 33180 
24201 45338 32293 33580 
24485 51208 32402 33850 
26863 53122 32585 33933 
30469 51496 32796 33825 
34196 47110 32963 33469 
37213 40893 33116 33049 
38903 33998 33215 32562 
39274 27111 33214 32089 
38574 21033 33136 31707 
37055 16707 32979 31496 
35007 15341 32769 31498 
32610 17458 32564 31696 
30079 22726 32371 32059 
27857 30010 32249 32507 
26430 37274 32184 32965 
26268 42754 32174 33373 
27618 45264 32298 33722 
30188 44497 32438 33848 
33126 41426 32635 33791 
35487 37555 32778 33534 
36759 34147 32929 33171 
36763 31747 33013 32727 
35857 30284 33123 32322 
34479 29278 33116 31938 
33095 28519 33093 31698 
31869 28145 33018 31628 
30918 28561 32881 31690 
30537 30073 32752 31971 
30896 32221 32596 32299 
32120 34204 32466 32722 
33850 34902 32330 33110 
35601 33718 32253 33451 
36643 30937 32239 33693 
36498 27686 32303 33779 
35093 25688 32437 33695 
32809 26395 32616 33474 
30305 30313 32836 33120 
28193 36268 33033 32680 
26821 42405 33253 32301 
26224 46391 33358 31890 
26639 46694 33386 31587 
28318 42940 33299 31464 
31417 36351 33121 31505 
35695 28933 32857 31697 
40284 22803 32572 32069 
43591 19749 32323 32527 
44403 19897 32101 33000 
42218 22490 31917 33383 
37604 26525 31925 33775 
31899 30632 32007 33949 
26699 34317 32219 33993 
23049 37344 32467 33838 
21494 39917 32741 33525 
21990 41782 32996 33145 
24016 42598 33145 32688 
27116 41904 33257 32303 
30821 39274 33262 31973 
34479 35028 33176 31741 
37901 29938 33019 31613 
40927 25250 32871 31669 
43309 22049 32726 31823 
44508 21307 32671 32084 
43827 22980 32660 32340 
40837 26476 32670 32574 
35748 30905 32743 32813 
29191 35406 32758 32952 
23132 39227 32772 33087 
19181 42065 32757 33179 
18403 43634 32658 33232 
20887 43719 32534 33263 
25489 41963 32405 33299 
30615 38126 32266 33277 
34990 32537 32166 33227 
38245 26164 32171 33175 
40601 20382 32250 33059 
42409 17040 32421 32904 
43629 17110 32671 32711 
43546 20668 32970 32495 
41161 26852 33226 32196 
36472 33947 33421 31963 
30400 40368 33557 31814 
24565 44940 33516 31702 
20807 47125 33365 31738 
20294 46773 33135 31858 
22713 44326 32851 32094 
26831 40405 32550 32408 
31190 35703 32321 32797 
34484 31013 32122 33151 
36398 27060 32023 33484 
37324 24111 32008 33720 
37753 22353 32077 33869 
37876 21860 32193 33880 
37588 22664 32311 33720 
36917 24725 32503 33525 
35828 27603 32648 33215 
34595 30905 32828 32870 
33417 33884 32991 32485 
32264 36295 33131 32138 
30987 38203 33273 31845 
29544 39791 33362 31583 
28341 41200 33405 31493 
27924 42047 33388 31474 
28715 41785 33319 31594 
30555 39724 33172 31830 
32517 35864 32947 32149 
33557 31128 32683 32509 
33294 26965 32426 32901 
32105 24768 32159 33286 
31087 25230 31961 33644 
31373 27701 31857 33882 
33315 30534 31871 33999 
36286 31974 31964 33966 
39127 31050 32136 33762 
40523 28327 32373 33487 
39772 25616 32614 33118 
36851 25074 32833 32706 
32435 28173 33026 32307 
27780 34553 33199 32023 
24141 41854 33260 31793 
22471 47557 33273 31665 
23171 49511 33281 31705 
26056 46889 33237 31849 
30160 40778 33195 32026 
34501 33238 33125 32236 
38126 26555 33036 32421 
40408 22317 32940 32630 
41114 20844 32790 32780 
40422 21613 32628 32913 
38738 23563 32475 33051 
36323 25862 32313 33155 
33419 28239 32164 33262 
30483 30721 32039 33334 
27951 33746 32001 33391 
26151 37308 32000 33393 
25404 41055 32100 33346 
25940 43830 32297 33267 
27648 44508 32507 33071 
30479 42448 32765 32846 
34031 37641 33030 32585 
37520 31328 33283 32318 
40152 25181 33460 32048 
41047 20957 33538 31814 
39762 19892 33555 31696 
36427 22270 33457 31660 
32067 27246 33275 31753 
27795 33573 33008 31938 
24647 39700 32669 32188 
23415 44432 32389 32597 
24267 46385 32111 33000 
27070 45098 31898 33386 
31414 40696 31826 33740 
36500 33884 31864 33982 
40974 26536 32074 34085 
43652 20353 32321 33983 
43722 16960 32669 33738 
40912 17074 32970 33309 
36213 20571 33229 32782 
30896 26560 33417 32231 
26251 33776 33497 31734 
23191 41045 33434 31317 
22332 46753 33275 31127 
23690 49592 33015 31141 
26976 48992 32726 31360 
31647 45037 32492 31811 
36692 38384 32290 32356 
40523 30762 32156 32920 
42190 23858 32157 33481 
41081 19061 32218 33910 
37639 17133 32356 34132 
33462 18121 32537 34157 
30067 21424 32740 33991 
28241 26363 32916 33645 
27711 32276 33018 33144 
27544 38692 33074 32638 
27096 44849 33102 32178 
26453 49735 33035 31784 
26691 52156 32903 31547 
29105 50609 32714 31486 
34102 44627 32558 31648 
40602 34572 32438 31974 
46525 22238 32338 32376 
49523 10490 32309 32815 
47825 3377 32350 33209 
41587 3192 32448 33520 
32508 10536 32604 33670 
23331 23623 32840 33705 
16512 38991 33027 33506 
14048 52267 33180 33182 
15934 60512 33318 32800 
20929 62370 33347 32375 
27416 58556 33297 32004 
33522 51310 33158 31744 
38389 42582 32937 31641 
41778 33751 32664 31731 
43961 24903 32376 31975 
45121 16524 32161 32360 
45187 8983 31997 32791 
43831 3826 31942 33241 
40758 2854 31983 33606 
36126 7647 32192 33871 
30718 17695 32422 33884 
25592 31115 32685 33712 
21881 45056 32936 33424 
20166 56490 33096 32956 
20672 62687 33211 32533 
22847 63043 33272 32178 
25926 58320 33182 31857 
29500 49793 33053 31708 
33168 39619 32915 31755 
36624 29283 32785 31924 
39372 20270 32684 32166 
40923 13746 32668 32489 
40747 11106 32681 32775 
39145 12333 32714 32978 
36911 16912 32758 33104 
35034 23644 32813 33143 
34258 30447 32835 33105 
34434 35935 32777 32978 
34860 39331 32685 32867 
34517 40669 32582 32794 
32709 40507 32461 32761 
29660 39740 32360 32787 
26276 38904 32245 32818 
23812 38273 32208 32893 
23054 37734 32280 33008 
23954 37079 32399 33025 
25910 36222 32596 32997 
28356 35094 32784 32841 
31337 33744 32995 32625 
35073 32097 33180 32365 
39452 30136 33352 32137 
43702 27937 33434 31949 
46406 25908 33431 31871 
46192 24558 33341 31909 
42763 24374 33156 32059 
37274 25360 32945 32331 
31678 27075 32672 32652 
27834 29038 32418 33032 
26361 30761 32160 33353 
26272 32481 31987 33633 
25840 34694 31846 33774 
24288 38006 31842 33810 
22241 42372 31944 33681 
21697 46632 32126 33452 
24426 48975 32420 33119 
30480 47858 32768 32748 
38013 42533 33081 32311 
44469 33819 33414 31921 
47264 24326 33653 31644 
45858 16846 33784 31499 
41340 13713 33745 31472 
35759 15689 33571 31601 
30876 21833 33299 31895 
27748 29483 32942 32256 
26346 36227 32584 32693 
26305 40140 32244 33146 
27400 40698 31941 33497 
29430 38790 31817 33799 
31862 36041 31821 33964 
33858 34008 31945 33948 
34728 33512 32148 33766 
34309 34354 32410 33476 
33330 35284 32715 33129 
32780 35067 32937 32694 
33360 33158 33111 32261 
34969 29978 33253 31934 
36278 27147 33257 31651 
36048 26468 33185 31535 
33737 28867 33052 31550 
