32827 32312 32903 33172 
32827 32312 32903 33172 
32953 32494 33062 32711 
33071 32769 33237 32266 
33160 33026 33366 31826 
33239 33313 33481 31503 
33269 33524 33530 31332 
33213 33606 33478 31267 
33196 33649 33411 31452 
33059 33513 33205 31726 
32883 33261 32915 32095 
32721 32994 32629 32540 
32556 32675 32304 33002 
32408 32359 32010 33417 
32322 32103 31808 33799 
32251 31894 31690 34005 
32248 31776 31718 34047 
32267 31750 31858 33927 
32368 31863 32136 33716 
32427 32014 32424 33361 
32516 32265 32745 32980 
32555 32511 33004 32573 
32598 32759 33210 32204 
32628 32997 33338 31926 
32668 33201 33381 31768 
32780 33385 33387 31770 
32923 33495 33337 31870 
33071 33533 33237 32023 
33240 33511 33135 32222 
33380 33427 33027 32412 
33471 33297 32912 32576 
33441 33090 32786 32663 
33358 32880 32691 32746 
33104 32590 32542 32744 
32808 32339 32432 32776 
32454 32098 32296 32826 
32114 31892 32165 32912 
31844 31775 32085 33066 
31685 31757 32050 33269 
31648 31803 32045 33453 
31806 32007 32169 33638 
32046 32265 32336 33718 
32393 32600 32578 33679 
32775 32968 32850 33486 
33070 33262 33049 33069 
33380 33558 33287 32601 
33581 33781 33463 32098 
33618 33823 33529 31562 
33585 33762 33537 31200 
33214 33285 33261 31050 
32969 32929 33041 31315 
32691 32525 32784 31761 
32469 32193 32549 32366 
32281 31899 32321 33019 
32104 31671 32076 33598 
31996 31613 31917 34090 
31977 31678 31843 34401 
32000 31856 31840 34511 
32125 32104 31952 34427 
32306 32425 32159 34138 
32548 32769 32460 33711 
32791 33065 32763 33141 
33041 33316 33095 32504 
33289 33523 33418 31886 
33477 33627 33650 31385 
33546 33609 33753 31005 
33512 33524 33735 30840 
33363 33344 33556 30882 
33143 33146 33305 31163 
32867 32921 32982 31618 
32538 32675 32622 32201 
32289 32486 32329 32869 
32048 32245 32034 33435 
31922 32076 31850 33961 
31927 31980 31800 34304 
32038 31935 31848 34423 
32262 31989 32016 34363 
32527 32099 32251 34091 
32804 32303 32535 33665 
33086 32587 32857 33187 
33241 32809 33096 32599 
33320 33045 33285 32073 
33306 33255 33401 31650 
33151 33319 33351 31364 
32980 33344 33247 31327 
32723 33223 33050 31438 
32497 33039 32812 31715 
32344 32830 32600 32124 
32268 32618 32449 32542 
32314 32497 32411 32995 
32410 32398 32435 33317 
32576 32417 32551 33542 
32770 32512 32711 33613 
32945 32640 32869 33485 
33032 32760 32948 33227 
33093 32876 33002 32938 
33068 32965 32962 32641 
32993 33011 32883 32428 
32834 32963 32723 32255 
32664 32858 32527 32222 
32524 32742 32384 32321 
32409 32593 32272 32496 
32332 32421 32201 32671 
32356 32330 32256 32887 
32407 32259 32352 33020 
32541 32284 32558 33111 
32720 32383 32813 33121 
32863 32501 33040 33014 
32977 32655 33229 32830 
33087 32854 33380 32663 
33087 32999 33407 32442 
33036 33102 33311 32260 
32913 33171 33140 32177 
32699 33128 32830 32133 
32508 33075 32536 32235 
32331 32985 32248 32413 
32230 32878 32056 32650 
32217 32759 31979 32909 
32305 32646 32035 33158 
32478 32549 32204 33331 
32752 32498 32507 33414 
33020 32432 32829 33368 
33251 32385 33114 33171 
33430 32386 33362 32935 
33453 32383 33461 32621 
33382 32425 33450 32328 
33153 32480 33285 32069 
32825 32555 32998 31905 
32446 32640 32665 31871 
32131 32778 32379 32012 
31869 32889 32121 32233 
31738 32982 31968 32525 
31805 33109 31990 32921 
32008 33170 32118 33241 
32316 33164 32350 33494 
32753 33160 32680 33646 
33138 33055 32980 33602 
33441 32880 33181 33396 
33640 32719 33329 33092 
33701 32599 33373 32764 
33618 32508 33319 32394 
33351 32420 33124 32036 
33013 32393 32906 31827 
32689 32428 32690 31761 
32346 32426 32479 31812 
32077 32440 32324 32012 
31891 32413 32212 32283 
31876 32424 32210 32672 
31908 32386 32209 33013 
32061 32387 32287 33348 
32318 32471 32455 33650 
32557 32542 32588 33774 
32821 32706 32759 33771 
33053 32877 32906 33620 
33251 33086 33057 33343 
33389 33322 33192 32980 
33451 33509 33274 32541 
33470 33683 33342 32158 
33385 33727 33317 31774 
33227 33638 33218 31496 
32996 33374 33029 31386 
32765 33035 32826 31466 
32498 32571 32560 31682 
32278 32110 32333 32082 
32089 31676 32138 32540 
31973 31387 32021 33056 
31944 31279 31982 33525 
32015 31391 32072 33898 
32172 31695 32238 34091 
32388 32145 32456 34099 
32641 32644 32688 33917 
32860 33125 32885 33593 
33021 33479 33002 33133 
33118 33723 33051 32677 
33207 33847 33083 32276 
33223 33753 33026 31920 
33155 33528 32943 31673 
33066 33227 32878 31597 
32956 32910 32859 31656 
32857 32586 32874 31813 
32776 32382 32970 32068 
32668 32192 33011 32306 
32595 32129 33051 32563 
32563 32187 33070 32802 
32515 32270 32974 32968 
32511 32411 32818 33132 
32508 32552 32605 33232 
32520 32675 32343 33305 
32533 32755 32125 33360 
32497 32751 31920 33325 
32499 32743 31843 33294 
32500 32721 31878 33203 
32535 32722 32050 33084 
32599 32754 32319 32909 
32699 32826 32675 32717 
32801 32906 33014 32482 
32930 32983 33338 32252 
33087 33081 33626 32089 
33207 33126 33777 31973 
33229 33062 33765 31897 
33231 32979 33642 31956 
33102 32808 33360 32053 
32899 32576 32974 32224 
32661 32366 32568 32476 
32394 32172 32173 32761 
32136 32025 31836 33040 
31937 31951 31632 33292 
31874 32018 31616 33525 
31943 32177 31759 33642 
32163 32466 32067 33664 
32486 32808 32450 33568 
32857 33140 32855 33331 
33219 33432 33218 33008 
33487 33601 33472 32610 
33699 33710 33672 32270 
33733 33632 33687 31935 
33564 33364 33517 31649 
33269 33020 33256 31550 
32871 32639 32914 31584 
32504 32324 32614 31822 
32165 32099 32359 32169 
31887 31951 32154 32578 
31767 31939 32069 33012 
31783 32019 32063 33382 
31968 32207 32182 33700 
32258 32436 32345 33845 
32636 32678 32559 33801 
33009 32911 32785 33687 
33292 33047 32923 33466 
33455 33113 33006 33246 
33494 33123 33035 33019 
33371 33053 32978 32617 
33133 32912 32886 31967 
32797 32712 32740 31063 
32473 32542 32601 30202 
32202 32419 32502 29638 
32037 32379 32455 29808 
32044 32449 32509 30837 
32206 32613 32617 32655 
32478 32842 32810 34804 
32763 33012 32957 36694 
33074 33180 33140 37903 
33305 33250 33261 38076 
33379 33204 33286 37205 
33360 33083 33232 35530 
33165 32862 33034 33226 
32897 32621 32783 30727 
32616 32395 32533 28328 
32317 32190 32247 26386 
32124 32060 32007 25184 
32078 32061 31878 25076 
32121 32139 31847 26201 
32252 32305 31964 28614 
32405 32471 32202 31956 
32542 32606 32515 35781 
32666 32715 32876 39486 
32779 32802 33189 42387 
32984 32963 33435 43834 
33286 33237 33599 43480 
33616 33594 33638 41271 
33840 33889 33566 37467 
33836 33982 33384 32436 
33482 33766 33100 27238 
32859 33320 32782 22809 
32173 32759 32502 19865 
31615 32048 32237 18937 
31441 31188 32004 20299 
31574 30537 31878 23828 
31591 30524 31838 28805 
31243 31499 31907 34513 
30857 33110 32042 39937 
31381 34233 32279 44268 
33619 33685 32571 46805 
36993 31338 32883 47028 
39524 28732 33162 44929 
39047 28224 33454 40986 
34463 31368 33634 35733 
26958 38129 33695 29875 
20736 45195 33658 24723 
19768 48522 33487 21032 
25521 45182 33235 19282 
36001 34988 32880 19633 
46829 20942 32511 22059 
52704 8975 32198 26160 
50370 5081 31944 30924 
41185 10741 31805 35723 
28900 23809 31793 39773 
18318 39321 31900 42513 
12653 52601 32093 43579 
12652 59634 32351 42925 
16534 60051 32602 40787 
22311 55366 32838 37636 
28853 47599 32996 33914 
35599 38943 33097 30433 
42566 30046 33162 27672 
49310 20891 33183 25982 
55063 11350 33177 25487 
58772 2146 33179 26185 
58917 130 33152 27737 
54437 41 33125 29811 
45014 4183 33111 32001 
31453 17635 33067 33947 
15542 36348 32961 35362 
1255 56103 32823 36070 
104 65234 32661 36105 
39 65476 32482 35563 
17 65521 32254 34635 
9699 65535 32068 33564 
25279 65535 31980 32690 
43601 54216 31962 32080 
61867 32572 31991 31798 
65414 8608 32172 31925 
65535 188 32365 32279 
65535 0 32649 32780 
65535 0 32919 33207 
62140 9669 33189 33455 
39152 27667 33432 33480 
18574 46873 33626 33218 
4653 61156 33686 32722 
231 65419 33628 32104 
3219 65509 33501 31543 
10799 58498 33147 31034 
20245 46317 32800 30866 
29219 33219 32435 31041 
37167 20360 32070 31511 
43612 8741 31831 32260 
48040 443 31720 33124 
49414 112 31693 33899 
47385 70 31898 34538 
41978 47 32214 34888 
34178 9831 32590 34882 
25481 23923 33029 34548 
18113 40120 33352 33819 
14165 54713 33607 32959 
14563 64631 33712 32078 
19293 65461 33661 31325 
27096 65487 33463 30815 
35991 58395 33144 30638 
43086 51188 32793 30807 
46582 42169 32439 31299 
45645 35025 32143 32009 
40848 30062 31967 32810 
34432 26879 31918 33512 
28725 24386 31984 34042 
25650 21784 32151 34292 
26112 18678 32440 34293 
29848 14843 32720 33973 
35904 10596 33002 33463 
42329 6864 33192 32859 
47624 4821 33332 32292 
50004 6020 33358 31832 
47985 11885 33288 31574 
41149 22441 33102 31517 
30978 35914 32862 31706 
19758 50107 32596 32059 
10289 62627 32383 32524 
4656 65379 32218 33025 
3876 65447 32110 33428 
7385 65460 32135 33715 
14202 65477 32293 33829 
23515 65495 32520 33731 
35243 54698 32779 33440 
48809 37459 33033 32965 
61791 17735 33263 32514 
65389 834 33404 32067 
65518 81 33423 31709 
65535 13 33338 31525 
65535 9 33132 31530 
52185 11028 32837 31695 
33738 25431 32577 32099 
16875 39280 32321 32539 
6420 49068 32117 33003 
3665 52967 32011 33443 
7047 51050 32037 33777 
13598 45417 32136 33916 
20301 38918 32357 33899 
25165 33914 32613 33721 
27775 31129 32834 33360 
29097 29852 33063 32945 
30980 28162 33242 32531 
34765 24722 33348 32129 
40379 19753 33358 31811 
46224 15198 33267 31634 
49771 13758 33074 31600 
48514 17513 32828 31732 
42335 26093 32565 31970 
33254 37323 32354 32353 
24537 48164 32152 32755 
20176 55214 32066 33143 
21591 56861 32074 33489 
27312 53584 32210 33736 
34231 47021 32399 33814 
39076 39543 32716 33781 
39896 32716 32982 33524 
37008 27950 33227 33180 
32410 25115 33435 32761 
28490 23594 33528 32312 
26904 22571 33504 31893 
28052 21465 33349 31562 
30918 20191 33068 31408 
34274 19195 32761 31451 
36809 19131 32419 31678 
37840 20771 32154 32101 
37098 24620 31966 32606 
34943 30449 31915 33153 
32059 37442 31947 33607 
29355 44588 32115 33962 
27548 50549 32389 34129 
26865 54324 32660 34063 
27289 55255 32924 33827 
28443 53263 33083 33384 
30019 48564 33151 32887 
31871 41669 33140 32402 
34041 33054 33077 31986 
36431 24063 32957 31687 
38906 15773 32817 31570 
41179 9375 32724 31626 
42661 5859 32706 31841 
42861 5790 32758 32133 
41477 9203 32827 32431 
38519 15609 32899 32680 
34308 24270 32967 32892 
29283 34371 33008 33058 
23756 45318 32969 33130 
19020 55187 32859 33141 
15736 62920 32671 33097 
14807 65397 32454 33071 
16725 65480 32244 33040 
21425 60010 32066 33037 
27932 49682 31975 33028 
35144 36580 31990 33024 
42086 23402 32132 33016 
48048 12082 32378 32967 
52423 4027 32705 32872 
54817 255 33031 32697 
54932 112 33328 32480 
52249 92 33542 32207 
46187 5722 33689 32010 
37018 15569 33668 31825 
25602 29648 33503 31731 
14105 46389 33182 31753 
5120 62910 32842 31984 
1331 65427 32409 32300 
3811 65531 32101 32786 
11593 65535 31817 33245 
22595 65517 31685 33688 
34574 51482 31738 34043 
44920 34590 31939 34161 
52200 21700 32261 34092 
55922 14260 32658 33802 
55992 11862 33045 33306 
52774 12638 33366 32695 
46942 14694 33586 32038 
39677 16876 33662 31481 
32380 19111 33568 31092 
26178 22226 33357 30973 
21734 26824 33082 31130 
19159 33010 32741 31507 
18233 40076 32435 32127 
18750 46397 32208 32810 
20650 50199 32046 33449 
24106 50400 32030 34004 
28975 46671 32097 34303 
34658 40009 32278 34381 
39960 32165 32502 34201 
43474 25750 32713 33769 
44402 22602 32892 33198 
42915 22993 33036 32570 
39714 25830 33126 31984 
35793 29192 33111 31479 
32193 31535 33089 31224 
29704 31887 32977 31161 
28613 30830 32834 31337 
28836 29733 32690 31715 
29898 30043 32545 32255 
31076 32546 32424 32861 
31707 36415 32358 33443 
31683 40134 32346 33909 
31366 41952 32401 34184 
31278 40848 32497 34228 
31800 37156 32687 34054 
32727 32440 32897 33696 
33630 28462 33056 33120 
34097 26621 33191 32497 
33943 27106 33265 31900 
33327 29016 33230 31376 
32773 30849 33133 31092 
32548 31597 32951 31035 
32571 31338 32698 31220 
32543 31068 32444 31637 
32341 31918 32267 32252 
32115 34061 32144 32897 
32268 36645 32080 33480 
33007 38313 32110 33967 
34083 38033 32258 34251 
34910 35648 32463 34316 
34981 32345 32686 34116 
34332 29713 32919 33746 
33283 28522 33089 33205 
32333 28712 33200 32624 
31695 29554 33256 32069 
31278 30273 33255 31607 
30968 30630 33187 31368 
30822 30988 33009 31300 
31166 32128 32831 31454 
31905 34321 32602 31790 
32664 37351 32437 32268 
32796 40172 32247 32753 
32151 41298 32141 33220 
31174 39722 32125 33596 
30854 35559 32249 33840 
31777 29968 32397 33846 
33884 25046 32657 33700 
36083 22653 32893 33391 
36918 23766 33092 32925 
35796 27493 33237 32488 
33433 31966 33310 32074 
31358 35249 33303 31797 
30755 36434 33176 31640 
31758 35898 32958 31667 
33338 35022 32724 31885 
34188 34969 32495 32226 
33664 35962 32299 32613 
32238 37166 32200 33029 
31042 37224 32162 33381 
31062 35286 32229 33616 
32145 31541 32361 33707 
33362 27244 32582 33676 
33732 23823 32741 33458 
33095 22458 32917 33120 
32059 23588 32987 32683 
31586 27041 33065 32308 
31900 32105 33056 31942 
32497 37866 33020 31711 
32412 43254 32901 31610 
31286 46838 32825 31713 
29624 47676 32680 31947 
28769 45604 32585 32326 
29701 41028 32484 32773 
32326 35061 32376 33174 
35543 28935 32356 33540 
38145 23142 32434 33850 
39334 17850 32518 33891 
39344 13562 32666 33795 
38705 11162 32814 33480 
37869 12207 32945 33051 
36659 17522 33081 32587 
34382 26841 33163 32115 
30614 38633 33177 31700 
25731 50562 33116 31417 
21406 59668 33021 31361 
19156 64045 32859 31478 
20007 62628 32672 31786 
23646 55919 32482 32189 
28912 44583 32273 32669 
33875 31949 32175 33201 
37627 19989 32119 33639 
40330 10949 32162 33958 
42453 6061 32263 34086 
44374 5441 32485 34043 
45342 8231 32658 33751 
44672 13274 32880 33365 
41812 19598 33060 32848 
37039 26932 33217 32346 
31567 35081 33274 31876 
26912 43711 33230 31541 
23688 52295 33089 31400 
21676 59552 32898 31472 
20108 63794 32664 31708 
18624 63492 32498 32156 
17777 58149 32366 32640 
18857 48317 32281 33094 
23111 35626 32311 33491 
30555 22153 32425 33736 
39923 10156 32612 33804 
48527 2076 32812 33656 
54236 124 32983 33318 
55864 85 33100 32873 
53684 5050 33135 32378 
48756 13280 33135 32001 
42381 23325 33021 31730 
35248 34527 32845 31626 
27807 45867 32640 31762 
20685 56391 32482 32078 
14302 64650 32338 32489 
9696 65417 32283 32956 
7492 65469 32292 33374 
8436 65496 32362 33669 
13309 62900 32485 33800 
22081 47022 32613 33708 
33941 28777 32726 33471 
46921 9717 32781 33109 
58152 284 32785 32677 
64521 41 32792 32303 
63842 15 32789 32030 
56895 7904 32812 31908 
45891 17379 32800 31873 
33889 31775 32856 32003 
23623 44785 33002 32257 
16572 53893 33090 32498 
12569 58674 33204 32732 
10615 59702 33277 32891 
10503 57179 33240 32939 
13108 50950 33140 32937 
19434 40472 32903 32846 
29304 26474 32632 32770 
40609 11355 32310 32686 
50840 474 32068 32730 
57368 71 31807 32764 
58607 24 31696 32898 
54534 7718 31729 33061 
46385 18442 31921 33222 
35978 36266 32195 33313 
24941 55177 32615 33302 
16015 65249 33055 33183 
10770 65504 33401 32888 
10135 65535 33641 32498 
14258 65535 33836 32167 
22033 60539 33843 31852 
31703 41252 33642 31605 
40575 23300 33336 31544 
46741 9352 33009 31701 
49117 1306 32633 31962 
47988 97 32291 32336 
44482 391 32030 32822 
40063 9154 31851 33283 
35469 19017 31775 33674 
30731 31042 31813 33946 
25618 43924 31935 34028 
20191 55953 32115 33894 
16126 63442 32419 33676 
14943 64132 32699 33310 
18145 57256 33016 32893 
25599 44024 33241 32389 
35933 27225 33459 31963 
45863 12026 33601 31633 
52591 2236 33611 31423 
54346 92 33560 31416 
50992 6038 33367 31510 
43947 17451 33144 31845 
35741 30655 32810 32170 
28618 42794 32498 32603 
23411 52407 32250 33049 
20051 58700 32016 33397 
18195 61411 31888 33675 
17685 60105 31873 33830 
18815 54297 31979 33816 
21959 44042 32143 33653 
27072 30398 32372 33425 
33510 15736 32609 33095 
40076 3500 32871 32767 
44948 106 33080 32439 
47080 23 33237 32160 
46118 9599 33347 31976 
42720 23432 33353 31847 
38364 37918 33291 31854 
34835 48646 33170 31969 
32967 53859 32966 32132 
32532 53663 32735 32367 
32331 49846 32544 32667 
30747 44486 32357 32942 
27288 39481 32255 33192 
22663 35277 32220 33383 
18753 31746 32257 33463 
17605 28653 32429 33505 
20071 25993 32604 33378 
25742 24406 32810 33163 
32566 24573 33003 32888 
38667 26495 33105 32549 
43039 29373 33168 32245 
45787 31672 33117 31980 
47652 32004 32983 31813 
48891 30094 32829 31844 
48728 26954 32625 31957 
45932 24686 32454 32192 
39642 25169 32326 32515 
30229 29268 32306 32909 
19655 36153 32306 33219 
11371 43411 32422 33496 
7249 49177 32587 33654 
8204 51876 32781 33664 
13669 50942 32924 33512 
22461 46762 33058 33243 
32505 40344 33141 32911 
42391 32532 33155 32544 
50690 24269 33121 32212 
55976 16568 32983 31898 
57129 10626 32778 31696 
53972 7925 32582 31691 
47337 8981 32385 31823 
38914 13791 32234 32087 
30461 21598 32122 32413 
23085 31589 32128 32813 
17331 42333 32226 33226 
12963 52679 32387 33562 
10371 61240 32658 33808 
10619 65336 32945 33849 
15146 65491 33186 33681 
24226 56657 33406 33413 
36420 43183 33558 33009 
48944 26451 33558 32531 
58300 10555 33482 32089 
61246 466 33239 31666 
56683 40 32906 31409 
46396 76 32567 31386 
33835 13162 32237 31565 
22955 26363 31964 31916 
16759 38767 31814 32384 
16122 47440 31808 32934 
19232 51537 31919 33436 
23676 51418 32157 33846 
27554 48284 32460 34069 
30200 43899 32803 34100 
32037 39709 33049 33891 
34040 36440 33240 33552 
36379 33946 33295 33066 
38601 31620 33278 32573 
39616 28769 33160 32110 
38926 25472 32988 31754 
37054 22226 32817 31574 
35183 20023 32690 31573 
34434 19652 32631 31726 
35004 21357 32636 31996 
35932 24645 32713 32290 
35704 28831 32835 32615 
33356 33275 32932 32870 
29112 37697 32935 33016 
24740 41974 32951 33146 
22072 45595 32861 33178 
22097 48188 32739 33178 
24463 49019 32529 33145 
28027 47619 32321 33112 
31417 43893 32125 33083 
34087 38404 31995 33060 
36479 31751 31961 33053 
39484 24479 32081 33039 
43395 16967 32272 32975 
47237 10342 32550 32856 
49312 5755 32881 32691 
47840 4812 33187 32455 
42043 9069 33473 32238 
32632 19202 33668 32010 
21996 33621 33750 31864 
12756 49821 33678 31767 
7462 64063 33538 31847 
7419 65451 33272 32001 
12898 65527 32913 32247 
22504 65535 32537 32583 
34178 64520 32180 32986 
45542 44072 31835 33334 
54336 25417 31613 33649 
58645 9412 31509 33869 
57543 428 31618 33987 
51640 63 31810 33888 
42692 74 32162 33684 
32473 10565 32576 33372 
22523 22277 33029 32962 
14116 35305 33448 32507 
8718 47331 33772 32022 
7425 56649 33951 31631 
11067 61444 34005 31407 
19533 60280 33827 31291 
31608 52853 33496 31341 
44910 40095 33080 31582 
55452 25237 32685 32019 
61118 10966 32293 32492 
60578 848 31988 32991 
54106 60 31749 33422 
