32450 32080 32118 32666 
32450 32080 32118 32666 
32259 31920 31832 33138 
32128 31863 31685 33542 
32124 31992 31772 33873 
32215 32213 32017 33971 
32362 32500 32356 33857 
32583 32833 32791 33558 
32814 33151 33200 33112 
33028 33409 33531 32575 
33224 33598 33766 32082 
33312 33629 33793 31641 
33338 33551 33662 31410 
33238 33313 33354 31374 
33057 32978 32932 31539 
32595 32279 32095 32424 
32398 32014 31817 32987 
32208 31808 31641 33493 
32130 31766 31673 33895 
32163 31894 31899 34104 
32271 32127 32236 34102 
32413 32414 32617 33842 
32612 32759 33010 33416 
32781 33053 33309 32880 
32958 33328 33534 32345 
33069 33493 33582 31825 
33180 33588 33557 31508 
33205 33550 33388 31355 
33152 33388 33122 31400 
33039 33138 32825 31619 
32916 32852 32553 32014 
32752 32530 32322 32481 
32575 32234 32171 32980 
32384 31952 32045 33399 
32263 31794 32036 33745 
32187 31747 32097 33945 
32202 31842 32248 33999 
32254 32034 32413 33851 
32402 32344 32638 33593 
32580 32693 32843 33219 
32770 33044 33028 32770 
32973 33387 33195 32322 
33159 33663 33327 31921 
33282 33820 33388 31583 
33322 33793 33374 31387 
33296 33650 33302 31363 
33160 33377 33133 31476 
32967 32994 32914 31747 
32753 32624 32699 32164 
32569 32280 32497 32646 
32393 31981 32303 33135 
32239 31758 32122 33547 
32192 31700 32054 33885 
32224 31803 32073 34057 
32313 31975 32155 34042 
32421 32220 32270 33857 
32577 32518 32451 33573 
32736 32830 32669 33218 
32805 33020 32796 32776 
32860 33177 32906 32371 
32886 33265 33014 32060 
32853 33249 33042 31832 
32823 33197 33072 31735 
32810 33128 33099 31752 
32819 33042 33121 31864 
32826 32942 33109 32003 
32899 32895 33130 32227 
32938 32820 33098 32397 
32989 32793 33074 32587 
33017 32750 32991 32742 
32971 32683 32841 32874 
32851 32577 32634 32996 
32739 32490 32452 33144 
32579 32371 32247 33267 
32395 32236 32039 33371 
32272 32161 31928 33477 
32175 32134 31857 33499 
32169 32183 31933 33480 
32232 32318 32110 33367 
32372 32498 32362 33159 
32551 32732 32690 32855 
32763 32984 33024 32501 
32941 33204 33319 32091 
33149 33424 33597 31806 
33273 33533 33745 31570 
33292 33506 33724 31441 
33299 33419 33624 31526 
33235 33259 33430 31764 
33110 33007 33122 32102 
32912 32695 32774 32489 
32717 32426 32438 32956 
32499 32155 32117 33378 
32272 31927 31851 33704 
32103 31803 31688 33917 
32001 31774 31651 33956 
32000 31877 31760 33868 
32083 32070 31967 33629 
32254 32340 32256 33302 
32493 32664 32612 32933 
32752 32988 32970 32533 
33014 33304 33327 32166 
33277 33576 33632 31873 
33426 33723 33816 31658 
33500 33762 33866 31600 
33477 33671 33769 31636 
33373 33488 33563 31817 
33145 33172 33223 32022 
32882 32806 32813 32312 
32611 32454 32400 32637 
32387 32144 32053 32989 
32199 31896 31770 33280 
32108 31778 31652 33543 
32097 31791 31681 33698 
32165 31897 31854 33747 
32292 32103 32112 33678 
32443 32348 32423 33501 
32620 32624 32756 33251 
32716 32820 32978 32908 
32776 32963 33126 32566 
32822 33092 33243 32303 
32846 33144 33255 32089 
32823 33111 33185 31932 
32852 33114 33123 31915 
32877 33078 33050 31961 
32915 33058 32988 32086 
32965 33051 32939 32234 
33023 33053 32923 32397 
33069 33027 32902 32547 
33052 32961 32857 32659 
33020 32867 32793 32736 
32894 32697 32666 32787 
32788 32556 32557 32904 
32623 32362 32406 33017 
32428 32152 32226 33089 
32239 31984 32078 33174 
32143 31912 32011 33281 
32111 31949 32051 33368 
32115 32035 32116 33354 
32226 32243 32290 33298 
32409 32519 32560 33160 
32645 32855 32868 32954 
32828 33112 33106 32608 
33055 33402 33352 32298 
33258 33643 33567 32032 
33361 33714 33627 31782 
33385 33693 33570 31650 
33357 33543 33439 31663 
33265 33326 33249 31842 
33051 32977 32942 32048 
32829 32606 32645 32364 
32624 32299 32401 32791 
32381 31987 32146 33144 
32148 31710 31911 33424 
31997 31609 31803 33666 
31922 31642 31778 33786 
31967 31818 31866 33797 
32112 32105 32064 33692 
32293 32415 32304 33462 
32561 32807 32622 33174 
32811 33143 32938 32788 
33071 33416 33228 32372 
33327 33648 33508 32026 
33486 33738 33698 31718 
33548 33699 33765 31544 
33493 33526 33685 31468 
33342 33264 33493 31545 
33117 32940 33184 31745 
32856 32620 32861 32069 
32616 32366 32536 32492 
32364 32131 32215 32925 
32160 31998 31958 33349 
32034 31942 31801 33669 
32015 31994 31793 33906 
32025 32058 31852 33909 
32123 32207 32008 33818 
32291 32382 32229 33609 
32454 32537 32447 33317 
32619 32677 32666 32970 
32760 32790 32846 32622 
32924 32920 33041 32283 
33039 33028 33194 32017 
33151 33150 33335 31868 
33246 33268 33457 31799 
33274 33332 33510 31805 
33282 33379 33518 31885 
33240 33377 33456 32034 
33143 33283 33303 32196 
33013 33140 33082 32403 
32833 32909 32789 32583 
32656 32655 32490 32810 
32458 32378 32175 33021 
32269 32102 31906 33184 
32130 31911 31745 33350 
32109 31852 31751 33505 
32092 31844 31824 33540 
32157 31944 32006 33538 
32283 32146 32265 33458 
32443 32383 32559 33309 
32603 32638 32825 33098 
32704 32835 33000 32789 
32832 33033 33137 32508 
32929 33194 33224 32259 
33024 33311 33271 32075 
33089 33356 33263 31928 
33133 33354 33236 31877 
33171 33334 33222 31903 
33183 33273 33201 31984 
33125 33125 33119 32059 
33103 33028 33086 32244 
33005 32868 32981 32413 
32880 32686 32828 32588 
32746 32529 32661 32799 
32592 32360 32456 33006 
32387 32176 32205 33173 
32254 32062 32026 33349 
32167 32008 31904 33510 
32106 31989 31841 33564 
32100 32014 31877 33544 
32179 32160 32033 33497 
32278 32324 32232 33318 
32402 32514 32468 33091 
32575 32758 32746 32834 
32726 32971 32980 32521 
32877 33174 33193 32254 
33034 33349 33380 32068 
33206 33484 33540 32024 
33342 33563 33647 32119 
33414 33533 33661 32259 
33423 33419 33597 32352 
33384 33266 33477 32343 
33244 33040 33266 32096 
33037 32768 32989 31696 
32798 32512 32668 31283 
32550 32318 32363 31067 
32314 32146 32054 31151 
32065 31984 31768 31641 
31919 31911 31587 32604 
31874 31933 31540 33951 
31925 32007 31628 35455 
32063 32145 31815 36832 
32265 32318 32095 37704 
32534 32547 32458 37886 
32790 32761 32840 37126 
33003 32933 33181 35445 
33192 33114 33486 33104 
33305 33247 33704 30394 
33394 33400 33858 27799 
33397 33469 33861 25656 
33308 33458 33725 24490 
33170 33391 33497 24556 
33021 33293 33203 25903 
32877 33152 32887 28351 
32690 32932 32532 31525 
32559 32721 32257 35130 
32441 32464 32035 38413 
32352 32235 31890 40827 
32278 32013 31822 42064 
32254 31884 31843 41994 
32235 31801 31934 40513 
32223 31785 32036 37893 
32280 31919 32234 34698 
32309 32060 32399 31261 
32446 32345 32672 28212 
32578 32633 32896 25892 
32729 32940 33123 24596 
32919 33253 33345 24553 
33117 33539 33548 25641 
33317 33773 33703 27590 
33434 33870 33743 30056 
33504 33860 33713 32634 
33451 33686 33542 34997 
33330 33426 33309 36797 
33136 33088 32984 37855 
32838 32644 32570 38081 
32597 32279 32223 37666 
32312 31887 31873 36620 
32091 31640 31618 35261 
31909 31481 31458 33765 
31838 31492 31468 32399 
31917 31708 31689 31380 
32047 31995 31977 30699 
32272 32375 32388 30407 
32545 32796 32826 30495 
32806 33157 33225 30790 
33057 33463 33554 31220 
33255 33649 33753 31667 
33390 33715 33835 32044 
33441 33663 33778 32290 
33373 33464 33556 32383 
33255 33215 33277 32427 
33061 32893 32913 32418 
32824 32574 32546 32481 
32636 32344 32257 32698 
32447 32167 32038 33019 
32294 32046 31900 33424 
32223 32047 31908 33891 
32236 32142 32014 34297 
32312 32300 32225 34579 
32432 32484 32456 34633 
32580 32671 32711 34398 
32745 32866 32955 33934 
32833 32943 33084 33173 
32912 33009 33170 32315 
32950 33041 33207 31454 
32965 33048 33197 30751 
32934 33016 33113 30280 
32858 32930 32985 30085 
32788 32850 32847 30284 
32732 32763 32719 30828 
32686 32675 32599 31661 
32612 32565 32455 32628 
32567 32478 32379 33613 
32508 32390 32304 34483 
32502 32354 32300 35099 
32531 32372 32357 35407 
32578 32440 32450 35338 
32655 32568 32585 34925 
32758 32739 32784 34188 
32835 32896 32943 33257 
32914 33035 33099 32269 
33016 33208 33274 31422 
33007 33220 33286 30672 
33013 33206 33280 30267 
32954 33105 33171 30200 
32813 32890 32956 30438 
32677 32670 32721 30996 
32571 32467 32498 31818 
32415 32230 32231 32619 
32308 32089 32047 33447 
32273 32026 31964 34151 
32302 32091 32008 34606 
32417 32271 32161 34805 
32566 32491 32391 34701 
32744 32764 32688 34367 
32905 33017 32967 33799 
33028 33212 33188 33125 
33109 33326 33330 32448 
33185 33406 33434 31895 
33174 33376 33408 31453 
33084 33228 33258 31204 
32923 33011 33030 31151 
32758 32770 32779 31291 
32573 32534 32535 31606 
32438 32338 32366 32073 
32311 32162 32217 32524 
32234 32063 32149 32978 
32234 32050 32176 33384 
32273 32106 32259 33666 
32437 32292 32453 33886 
32606 32496 32642 33888 
32780 32689 32797 33727 
32954 32917 32958 33492 
33044 33064 33016 33101 
33139 33218 33074 32711 
33183 33325 33074 32348 
33162 33361 33065 32040 
33054 33305 32978 31804 
32922 33197 32907 31696 
32757 33022 32799 31751 
32616 32815 32729 31948 
32489 32597 32655 32260 
32393 32371 32550 32624 
32302 32132 32434 32886 
32257 31981 32333 33081 
32261 31893 32265 33128 
32303 31927 32247 33060 
32399 32051 32286 32919 
32523 32282 32414 32831 
32663 32548 32588 32798 
32792 32841 32793 32896 
32924 33117 33010 33116 
33035 33353 33212 33413 
33172 33549 33388 33729 
33253 33641 33494 33932 
33289 33631 33492 33888 
33256 33487 33370 33561 
33166 33255 33156 32970 
32982 32927 32824 32135 
32809 32614 32514 31259 
32616 32330 32219 30470 
32406 32068 31973 29875 
32202 31876 31822 29660 
32091 31826 31831 29967 
32044 31875 31955 30724 
32068 32004 32163 31880 
32151 32196 32430 33265 
32273 32395 32674 34674 
32471 32639 32931 35900 
32664 32839 33117 36714 
32827 32996 33202 36987 
32988 33138 33239 36673 
33160 33280 33259 35789 
33266 33348 33210 34430 
33334 33374 33159 32784 
33356 33368 33094 31133 
33324 33319 33034 29669 
33214 33222 32957 28609 
33054 33066 32855 28110 
32889 32904 32759 28236 
32696 32685 32630 28964 
32516 32483 32496 30185 
32316 32250 32323 31686 
32180 32070 32202 33289 
32091 31935 32100 34736 
32036 31854 32046 35807 
32056 31862 32055 36469 
32130 31954 32144 36602 
32242 32110 32274 36222 
32444 32379 32503 35464 
32651 32674 32743 34403 
32866 32992 32999 33244 
33031 33243 33194 32040 
33262 33534 33430 31130 
33399 33691 33549 30478 
33497 33778 33609 30179 
33451 33681 33510 30127 
33400 33553 33385 30451 
33240 33305 33169 30929 
33024 32989 32902 31539 
32787 32670 32625 32188 
32569 32364 32411 32793 
32329 32084 32194 33272 
32095 31806 31981 33578 
31973 31695 31892 33814 
31871 31659 31841 33895 
31868 31729 31849 33910 
31935 31893 31946 33874 
32115 32154 32145 33858 
32343 32440 32374 33768 
32600 32754 32657 33652 
32895 33080 32977 33492 
33141 33343 33268 33185 
33390 33578 33550 32815 
33594 33740 33781 32393 
33695 33791 33909 31898 
33684 33699 33873 31380 
33563 33532 33718 30988 
33325 33269 33419 30732 
33038 32969 33059 30719 
32693 32610 32589 30928 
32395 32330 32180 31481 
32099 32037 31799 32165 
31894 31855 31544 32944 
31770 31741 31442 33710 
31776 31756 31520 34408 
31923 31890 31795 34906 
32150 32089 32141 35131 
32399 32321 32518 35022 
32661 32583 32899 34658 
32895 32797 33200 34017 
33029 32943 33360 33182 
33160 33094 33452 32397 
33247 33233 33459 31693 
33215 33275 33330 31114 
33167 33313 33181 30753 
33121 33341 33059 30660 
33028 33300 32910 30758 
32974 33268 32839 31093 
32890 33141 32758 31536 
32828 33019 32731 32092 
32784 32861 32713 32663 
32716 32683 32678 33177 
32643 32501 32626 33616 
32578 32316 32550 33919 
32508 32169 32457 34072 
32399 32026 32328 34064 
32337 31984 32262 33960 
32257 31966 32180 33729 
32183 31989 32135 33425 
32164 32099 32136 33109 
32203 32278 32239 32816 
32283 32489 32380 32533 
32453 32748 32603 32334 
32661 33013 32855 32185 
32869 33215 33083 32042 
33131 33440 33345 31984 
33363 33575 33547 31946 
33602 33703 33727 31998 
33695 33674 33747 31991 
33708 33589 33675 32044 
33587 33396 33489 32127 
33335 33126 33181 32223 
33008 32803 32819 32392 
32638 32460 32427 32636 
32293 32159 32090 32976 
31936 31844 31762 33278 
31711 31648 31580 33561 
31598 31560 31509 33756 
31633 31604 31586 33822 
31781 31756 31777 33694 
32046 32035 32089 33463 
32331 32343 32423 33093 
32635 32697 32775 32701 
32959 33075 33142 32367 
33214 33400 33431 32135 
33441 33690 33698 32086 
33579 33855 33834 32202 
33645 33898 33874 32438 
33582 33781 33746 32688 
33447 33564 33533 32881 
33252 33257 33237 32956 
33008 32879 32883 32854 
32808 32526 32585 32596 
32618 32232 32332 32262 
32391 31948 32079 31798 
32193 31731 31879 31392 
32004 31622 31741 31193 
31900 31634 31706 31288 
31863 31776 31774 31719 
31903 32001 31921 32468 
31976 32251 32078 33319 
32130 32559 32326 34277 
32382 32915 32643 35127 
32645 33212 32950 35640 
32941 33463 33260 35758 
33264 33691 33577 35421 
33559 33799 33816 34589 
33751 33764 33941 33361 
33807 33607 33910 31942 
33746 33380 33765 30570 
33545 33067 33475 29416 
33265 32729 33097 28729 
32903 32373 32651 28626 
32535 32104 32231 29132 
32188 31904 31858 30152 
31911 31784 31577 31528 
31774 31787 31476 33127 
31704 31860 31483 34624 
31772 32008 31650 35821 
31940 32225 31945 36571 
32164 32442 32272 36769 
32417 32678 32630 36422 
32689 32896 32978 35560 
32853 33005 33182 34334 
33072 33188 33416 33016 
33204 33287 33532 31694 
33356 33422 33612 30629 
33414 33471 33596 29871 
33435 33479 33527 29532 
33375 33398 33370 29613 
33292 33286 33210 30086 
33173 33126 33013 30814 
32981 32873 32763 31689 
32784 32618 32532 32605 
32587 32377 32328 33437 
32364 32114 32117 34042 
32128 31861 31900 34384 
32005 31747 31831 34558 
31917 31693 31793 34478 
31891 31745 31815 34236 
32002 31936 31973 33915 
32143 32163 32181 33522 
32370 32475 32452 33173 
32642 32852 32791 32859 
32885 33164 33093 32554 
33101 33471 33379 32315 
33316 33706 33633 32132 
33404 33796 33737 31934 
33479 33802 33783 31810 
33444 33668 33686 31686 
33350 33459 33481 31645 
33225 33180 33229 31640 
33036 32847 32886 31691 
32854 32500 32550 31851 
32653 32188 32272 32080 
32476 31938 32054 32397 
32281 31743 31874 32747 
32092 31619 31776 33131 
31949 31631 31766 33532 
31869 31746 31842 33917 
31873 31949 31990 34206 
31959 32228 32186 34369 
32126 32554 32422 34371 
32394 32927 32720 34207 
32678 33252 32988 33806 
32989 33527 33240 33254 
33302 33741 33492 32630 
33601 33879 33724 31993 
33792 33858 33846 31360 
33851 33721 33859 30875 
33754 33480 33734 30588 
33513 33127 33461 30518 
33206 32768 33137 30729 
32819 32384 32710 31200 
32436 32076 32300 31899 
32114 31855 31935 32666 
31845 31710 31644 33417 
31676 31661 31455 34056 
31681 31755 31476 34544 
31777 31904 31610 34784 
31986 32132 31897 34793 
32236 32394 32231 34554 
32503 32645 32582 34102 
32798 32907 32944 33544 
32992 33091 33214 32870 
33177 33279 33445 32248 
33323 33426 33598 31746 
33426 33553 33688 31408 
33459 33585 33677 31209 
33412 33555 33577 31171 
33350 33484 33431 31321 
33209 33310 33221 31541 
33051 33076 32980 31867 
32849 32788 32696 32213 
32659 32505 32449 32598 
32444 32208 32212 32959 
32235 31928 31998 33239 
32084 31730 31859 33480 
31965 31641 31776 33633 
31941 31683 31798 33722 
31974 31824 31872 33725 
32074 32037 32030 33631 
32271 32358 32287 33513 
32479 32674 32543 33299 
32741 33035 32864 33066 
32959 33311 33134 32770 
33201 33591 33431 32524 
33395 33761 33671 32284 
33494 33790 33775 32056 
33526 33689 33758 31873 
33481 33525 33664 31795 
33355 33279 33466 31777 
33182 32985 33186 31820 
32940 32651 32854 31942 
32706 32370 32542 32156 
32481 32131 32254 32408 
32243 31918 31988 32652 
32070 31803 31804 32931 
31938 31762 31688 33186 
31868 31799 31675 33453 
31910 31936 31780 33687 
32003 32123 31944 33835 
32177 32344 32196 33875 
32406 32614 32518 33818 
32725 32939 32918 33665 
32958 33173 33234 33316 
33239 33428 33557 32948 
33481 33641 33818 32515 
33670 33787 33970 32078 
33709 33781 33950 31616 
33637 33678 33776 31248 
33467 33498 33498 31008 
33216 33220 33125 30941 
32877 32862 32680 31051 
32535 32497 32256 31414 
32219 32144 31891 31972 
31969 31838 31634 32662 
31825 31641 31527 33447 
31749 31541 31545 34201 
31810 31572 31693 34821 
32004 31762 31988 35280 
32251 32012 32321 35382 
32555 32363 32702 35161 
32827 32706 33023 34551 
33065 33053 33292 33615 
33271 33400 33514 32520 
33400 33652 33627 31404 
33444 33816 33653 30431 
33392 33831 33565 29705 
33295 33754 33413 29387 
33112 33546 33173 29497 
32964 33305 32947 30079 
32788 32986 32717 30976 
32647 32671 32505 32156 
32539 32367 32350 33380 
32410 32059 32194 34506 
32316 31806 32088 35350 
32279 31685 32053 35888 
32211 31630 32009 35939 
32193 31685 32030 35629 
32194 31855 32115 34959 
32260 32104 32264 34067 
32366 32409 32448 33056 
32505 32760 32682 32046 
32695 33119 32962 31183 
32895 33444 33227 30508 
33100 33704 33462 30120 
33316 33892 33672 30063 
33485 33934 33772 30277 
33546 33825 33741 30732 
33505 33578 33572 31362 
33355 33237 33276 32096 
33134 32836 32923 32814 
32854 32426 32528 33506 
32571 32069 32164 34125 
32306 31789 31863 34537 
32073 31606 31673 34729 
31908 31553 31597 34697 
31866 31666 31692 34507 
31895 31872 31892 34143 
32034 32149 32166 33643 
32201 32445 32461 33103 
32399 32766 32766 32561 
32632 33052 33032 32068 
32838 33262 33235 31635 
33027 33427 33380 31355 
33229 33538 33468 31246 
33411 33587 33528 31293 
33503 33532 33495 31422 
33510 33415 33412 31652 
33491 33274 33316 31994 
33353 33046 33129 32279 
33172 32832 32949 32614 
32911 32571 32706 32894 
32651 32367 32477 33176 
32357 32156 32221 33377 
32118 32018 32028 33551 
31960 31955 31901 33680 
31863 31927 31815 33712 
31865 31972 31826 33696 
31951 32079 31915 33613 
32134 32278 32125 33501 
32363 32498 32376 33320 
32602 32704 32654 33047 
32884 32973 32981 32795 
33089 33161 33235 32430 
33295 33376 33494 32125 
33427 33500 33666 31815 
33492 33568 33747 31598 
33476 33544 33706 31465 
33377 33434 33573 31448 
33220 33272 33343 31553 
33015 33032 33045 31784 
32809 32790 32740 32123 
32596 32528 32426 32527 
32446 32307 32169 32986 
32244 32041 31896 33348 
32127 31869 31758 33692 
32050 31773 31703 33924 
31998 31721 31735 33984 
31967 31764 31816 33871 
32088 31984 32070 33731 
32218 32235 32339 33441 
32415 32572 32680 33121 
32662 32934 33021 32777 
32923 33292 33346 32433 
33208 33636 33654 32176 
33422 33852 33816 31934 
33625 33972 33918 31818 
33714 33936 33872 31800 
33670 33719 33656 31817 
33499 33404 33342 31909 
33234 32989 32941 32023 
32907 32538 32519 32215 
32563 32154 32152 32448 
32228 31788 31835 32664 
31958 31546 31628 32881 
31728 31412 31516 33060 
31687 31508 31598 33272 
31737 31704 31768 33417 
31973 32071 32079 33565 
32248 32480 32422 33645 
32537 32852 32759 33594 
32845 33210 33083 33470 
33091 33480 33341 33245 
33322 33671 33549 32993 
33448 33731 33647 32683 
33490 33671 33668 32360 
33462 33525 33599 32061 
33337 33281 33444 31800 
33150 33006 33209 31634 
32955 32742 32959 31610 
32766 32510 32712 31720 
32585 32324 32489 31940 
32442 32187 32282 32203 
32332 32098 32115 32520 
32207 32015 31947 32827 
32163 32012 31871 33136 
