32931 32365 32936 31668 
32931 32365 32936 31668 
32914 32212 32732 31712 
32870 32104 32518 31931 
32815 32080 32363 32295 
32698 32065 32222 32698 
32586 32142 32131 33151 
32518 32290 32146 33579 
32484 32489 32244 33913 
32495 32725 32407 34074 
32570 33025 32658 34085 
32636 33291 32892 33883 
32710 33499 33115 33493 
32773 33629 33294 32993 
32840 33687 33423 32434 
32894 33632 33465 31870 
32924 33466 33394 31362 
32935 33210 33227 31033 
32930 32874 33015 30910 
32889 32487 32728 31014 
32890 32162 32495 31392 
32836 31874 32267 31946 
32787 31677 32112 32599 
32678 31602 32020 33258 
32579 31682 32029 33875 
32534 31946 32175 34363 
32479 32248 32348 34584 
32431 32594 32556 34558 
32430 32963 32760 34292 
32408 33218 32877 33784 
32437 33371 32949 33163 
32476 33408 32950 32536 
32547 33329 32906 31959 
32630 33178 32842 31511 
32716 32975 32761 31242 
32825 32801 32742 31200 
32908 32644 32758 31323 
33043 32627 32877 31653 
33106 32629 32982 32024 
33152 32702 33121 32436 
33185 32823 33248 32833 
33113 32857 33244 33100 
33024 32882 33181 33295 
32912 32834 33025 33410 
32733 32691 32758 33429 
32566 32505 32442 33379 
32368 32250 32102 33253 
32202 32044 31832 33158 
32121 31936 31706 33075 
32055 31906 31687 32987 
32083 32027 31839 32929 
32199 32302 32129 32871 
32381 32686 32525 32808 
32613 33115 32959 32694 
32835 33495 33316 32486 
33079 33812 33635 32329 
33296 33964 33818 32143 
33457 33934 33844 31999 
33509 33698 33705 31864 
33442 33294 33411 31799 
33348 32860 33102 31875 
33145 32373 32729 32021 
32928 31969 32412 32313 
32623 31617 32112 32643 
32322 31442 31897 33034 
32051 31414 31780 33417 
31870 31563 31797 33779 
31762 31845 31889 34010 
31811 32243 32099 34130 
31952 32685 32360 34065 
32215 33144 32684 33844 
32528 33542 32981 33434 
32861 33832 33244 32930 
33178 33971 33447 32334 
33478 33985 33603 31789 
33636 33794 33618 31297 
33682 33500 33533 30988 
33626 33133 33352 30875 
33457 32720 33093 30986 
33229 32348 32804 31359 
32970 32052 32517 31908 
32683 31851 32244 32536 
32399 31726 32033 33190 
32161 31764 31913 33801 
32011 31903 31932 34272 
31910 32108 32030 34518 
31895 32356 32224 34540 
31941 32595 32446 34299 
32056 32823 32700 33876 
32223 32975 32902 33297 
32405 33049 33035 32702 
32655 33089 33125 32172 
32878 33042 33108 31726 
33101 32988 33055 31480 
33310 32952 32976 31409 
33462 32937 32888 31527 
33575 33015 32837 31793 
33571 33097 32799 32091 
33488 33207 32802 32391 
33320 33282 32852 32685 
33068 33245 32883 32862 
32761 33089 32895 32939 
32434 32837 32872 32955 
32134 32470 32786 32915 
31938 32115 32693 32905 
31805 31738 32527 32877 
31788 31484 32361 32915 
31885 31384 32205 32984 
32060 31484 32101 33095 
32323 31793 32094 33231 
32619 32249 32162 33342 
32897 32811 32336 33388 
33136 33376 32547 33315 
33330 33908 32821 33155 
33410 34230 33062 32859 
33410 34360 33277 32512 
33347 34245 33449 32122 
33226 33897 33505 31789 
33062 33361 33469 31539 
32866 32736 33316 31436 
32698 32110 33128 31523 
32550 31578 32887 31750 
32427 31227 32606 32104 
32338 31097 32345 32537 
32284 31207 32116 33012 
32195 31468 31885 33413 
32229 31978 31849 33846 
32225 32486 31861 34046 
32273 32998 31978 34104 
32346 33438 32194 33976 
32485 33772 32499 33728 
32650 33942 32824 33317 
32839 33934 33162 32845 
33047 33797 33461 32347 
33255 33549 33678 31874 
33378 33237 33751 31527 
33441 32874 33683 31313 
33408 32522 33488 31276 
33320 32250 33229 31457 
33088 32005 32841 31742 
32847 31881 32483 32178 
32575 31836 32156 32640 
32312 31881 31920 33097 
32095 31977 31787 33503 
31939 32152 31783 33797 
31929 32397 31937 33971 
32002 32655 32169 33961 
32161 32923 32464 33815 
32388 33146 32747 33508 
32655 33352 33007 33128 
32959 33518 33232 32712 
33281 33641 33406 32329 
33509 33609 33459 31993 
33575 33446 33368 31718 
33521 33176 33210 31603 
33329 32815 32977 31618 
32686 32069 32482 32088 
32320 31782 32280 32452 
32034 31642 32161 32861 
31823 31632 32118 33245 
31788 31817 32190 33560 
31938 32143 32400 33791 
32212 32538 32640 33816 
32572 32972 32909 33679 
32925 33320 33114 33366 
33267 33618 33278 32962 
33526 33781 33355 32501 
33684 33828 33343 32091 
33661 33703 33221 31760 
33463 33436 32972 31538 
33168 33113 32716 31548 
32791 32734 32443 31737 
32388 32334 32202 32065 
32082 32023 32058 32520 
31869 31791 32007 32977 
31801 31672 32052 33406 
31878 31688 32201 33723 
32114 31891 32467 33915 
32436 32165 32767 33893 
32778 32493 33048 33688 
33053 32792 33254 33311 
33271 33063 33383 32857 
33355 33249 33375 32380 
33322 33339 33250 31962 
33199 33335 33035 31669 
32997 33259 32769 31593 
32734 33097 32453 31673 
32520 32961 32255 31974 
32338 32820 32138 32338 
32283 32751 32184 32797 
32288 32697 32308 33171 
32375 32675 32536 33446 
32539 32698 32802 33560 
32733 32696 33043 33453 
32919 32685 33238 33230 
33050 32630 33314 32901 
33143 32539 33293 32542 
33173 32441 33191 32268 
33047 32277 32930 32052 
32884 32178 32661 32028 
32686 32145 32397 32161 
32472 32184 32162 32417 
32290 32334 32030 32718 
32250 32618 32061 33076 
32216 32885 32130 33281 
32272 33174 32297 33401 
32449 33480 32564 33407 
32649 33669 32850 33254 
32863 33713 33099 32993 
33073 33620 33301 32676 
33278 33432 33455 32392 
33373 33083 33472 32121 
33366 32657 33356 31918 
33275 32264 33186 31897 
33087 31906 32933 31993 
32779 31614 32615 32175 
32475 31530 32332 32530 
32173 31602 32101 32897 
31930 31809 31955 33246 
31813 32152 31927 33539 
31840 32576 32031 33722 
32022 33039 32247 33752 
32283 33416 32500 33566 
32639 33712 32818 33246 
33005 33821 33109 32800 
33375 33779 33370 32359 
33613 33570 33497 31954 
33717 33263 33506 31740 
33688 32920 33400 31788 
33512 32592 33207 32031 
33213 32327 32947 32269 
32832 32123 32650 32285 
32442 32022 32382 32009 
32074 31983 32173 31499 
31830 32049 32069 31162 
31740 32163 32053 31247 
31862 32402 32193 32049 
32060 32608 32331 33387 
32390 32851 32560 35084 
32745 33047 32772 36577 
33058 33192 32961 37400 
33276 33260 33084 37355 
33394 33234 33146 36431 
33392 33168 33153 34847 
33292 33038 33107 32840 
33065 32839 32977 30582 
32797 32586 32790 28421 
32567 32417 32648 26663 
32367 32256 32477 25505 
32258 32174 32341 25287 
32235 32191 32290 26275 
32236 32250 32320 28411 
32243 32305 32413 31502 
32326 32432 32608 35240 
32400 32542 32779 38854 
32643 32814 33014 41891 
32979 33149 33156 43535 
33456 33619 33295 43497 
33849 34018 33320 41589 
34042 34199 33261 38049 
33927 34068 33108 33305 
33433 33539 32865 28181 
32710 32831 32584 23708 
31944 32059 32332 20560 
31410 31309 32122 19345 
31269 30625 31999 20361 
31431 30203 32004 23522 
31448 30444 32098 28193 
31188 31671 32331 33626 
30966 33458 32568 38943 
31691 34757 32801 43244 
34017 34438 32975 45871 
37304 32488 33117 46358 
39752 30064 33139 44656 
39170 29266 33077 41079 
34642 31730 32989 36292 
27393 37256 32873 30955 
21191 43174 32791 26139 
19707 46080 32753 22527 
24598 43140 32784 20630 
34240 34059 32825 20653 
44571 21500 32899 22564 
50564 10937 32951 25907 
49533 7135 32998 30046 
41907 12082 32927 34283 
31040 24062 32824 37999 
21084 38993 32635 40674 
15530 51900 32409 41927 
15171 58727 32209 41645 
18350 59264 32025 40021 
23302 54847 31962 37492 
28904 47496 32000 34493 
34856 38747 32137 31474 
40857 29913 32391 29068 
46710 20978 32730 27510 
51784 11949 33039 26912 
55244 3640 33360 27322 
55855 163 33546 28489 
52338 50 33670 30191 
44336 7719 33634 31953 
32327 17791 33498 33534 
18077 35470 33230 34682 
4447 54563 32953 35300 
152 65198 32613 35324 
46 65471 32330 34885 
26 65513 32085 34127 
9490 65535 31882 33235 
24164 65535 31801 32461 
41823 55145 31847 31961 
59291 34547 31950 31789 
65342 11728 32147 31963 
65524 300 32411 32377 
65535 6 32757 32931 
65535 0 33064 33450 
65278 7851 33352 33781 
43075 24968 33567 33807 
22946 43619 33675 33550 
7725 58532 33667 33047 
1284 65262 33558 32394 
2992 65495 33349 31701 
9958 56270 33048 31129 
18825 44547 32706 30807 
27657 31867 32422 30851 
35300 19885 32174 31219 
41328 9620 31986 31840 
45407 1614 31918 32653 
46861 132 31966 33506 
45334 78 32040 34180 
40975 126 32202 34637 
34471 11792 32414 34782 
27108 25663 32672 34611 
20744 41330 32886 34120 
17121 55459 33047 33388 
17271 64901 33230 32660 
21282 65465 33334 31950 
28281 65488 33386 31392 
36480 60950 33309 31062 
43478 51307 33191 31060 
46981 41673 32963 31285 
46165 33953 32743 31787 
41446 28764 32528 32401 
34513 25686 32356 33023 
27679 23742 32223 33540 
23389 22200 32216 33918 
22677 20246 32265 33989 
25653 17621 32418 33849 
31355 14213 32570 33422 
38660 10523 32791 32937 
45333 7728 32944 32364 
49722 7378 33069 31882 
50143 10966 33141 31572 
45813 19007 33122 31476 
37282 30850 33039 31631 
26840 44061 32932 32042 
16878 56472 32780 32530 
9604 65067 32624 33089 
6117 65418 32469 33562 
6674 65451 32391 33962 
10746 65471 32367 34114 
17940 65498 32418 34026 
28062 63538 32518 33717 
40626 46397 32681 33276 
54430 26640 32795 32671 
64994 6476 32927 32103 
65484 187 32964 31614 
65535 31 32948 31299 
65535 15 32889 31250 
55521 6043 32766 31411 
38015 17566 32666 31841 
21208 30809 32571 32377 
9552 41685 32507 32943 
4674 47915 32466 33431 
6003 49145 32561 33850 
11280 46438 32720 34035 
17767 42071 32899 33981 
23285 38331 33064 33702 
27158 36059 33161 33245 
29856 34734 33215 32753 
32556 32826 33169 32262 
36572 28969 33040 31855 
41916 23292 32829 31624 
47419 17354 32551 31590 
50877 13862 32321 31783 
50184 15008 32153 32104 
44397 21479 32023 32492 
35070 31669 32034 32901 
25612 42314 32132 33247 
19503 50506 32351 33508 
18783 54344 32633 33607 
23004 53411 32921 33542 
29709 48669 33180 33335 
35436 42279 33406 33069 
38089 35882 33487 32730 
37313 30655 33486 32441 
34328 26927 33362 32182 
31081 24410 33128 32027 
29355 22637 32821 31993 
29698 21143 32483 32066 
31635 19862 32200 32285 
34215 19057 32013 32583 
36340 19276 31915 32873 
37221 21188 31920 33126 
36600 25049 32076 33326 
34709 30762 32363 33435 
32151 37613 32696 33390 
29723 44485 33015 33216 
28104 50252 33290 32937 
27696 53774 33497 32587 
28374 54349 33623 32284 
29597 51989 33567 31979 
31019 47018 33385 31777 
32495 39940 33108 31736 
33990 31588 32776 31857 
35623 23203 32473 32145 
37333 15768 32174 32530 
38926 10368 31966 32964 
39970 7769 31869 33370 
40143 8375 31917 33691 
39174 12028 32058 33859 
37110 18205 32282 33817 
34134 26117 32587 33623 
30435 35139 32857 33292 
26294 44471 33036 32810 
22583 52706 33180 32383 
19761 59166 33220 32032 
18617 62663 33199 31819 
19693 61995 33125 31772 
22997 56638 32994 31858 
28101 47278 32863 32075 
33942 35777 32794 32402 
39686 24097 32728 32688 
44769 14266 32730 32950 
48607 7344 32716 33087 
51010 3553 32717 33123 
51542 2690 32703 33041 
49831 4422 32695 32908 
45460 8924 32661 32750 
38245 16761 32593 32595 
28661 28374 32507 32502 
18537 42440 32440 32512 
10030 56949 32414 32632 
5317 65264 32437 32832 
5767 65498 32436 33003 
11603 65533 32516 33210 
21005 65523 32655 33351 
31856 53530 32781 33364 
41879 37150 32874 33202 
49569 23052 32965 32940 
54151 13640 33069 32626 
54943 9997 33119 32274 
52469 10358 33133 31961 
47326 12723 33049 31681 
40593 15643 32940 31585 
33446 18634 32806 31684 
27107 21958 32623 31904 
22593 26273 32487 32294 
19916 31947 32350 32755 
18874 38642 32249 33223 
19172 45315 32184 33620 
20824 50350 32252 33969 
23872 52106 32376 34086 
28205 49960 32578 34016 
33415 44374 32798 33733 
38569 36892 33014 33307 
42456 29514 33158 32726 
44166 24548 33294 32172 
43446 22863 33334 31667 
40784 23833 33256 31299 
37060 26010 33099 31118 
33294 27879 32883 31186 
30311 28480 32633 31472 
28797 28021 32413 31967 
28755 27572 32270 32566 
29702 28400 32142 33138 
30904 31186 32126 33681 
31673 35680 32216 34082 
31658 40233 32359 34246 
31216 43204 32582 34205 
30844 43388 32777 33934 
31036 40750 32952 33482 
31801 36286 33059 32940 
32744 31893 33126 32396 
33443 28940 33158 31939 
33624 27925 33108 31574 
33425 28362 33033 31402 
33202 29131 32916 31413 
33267 29307 32766 31594 
33588 28872 32645 31943 
33759 28620 32515 32370 
33518 29537 32400 32795 
32954 32082 32281 33205 
32586 35475 32275 33570 
32657 38168 32266 33776 
33145 39010 32356 33844 
33616 37729 32522 33773 
33641 34952 32690 33520 
33192 32143 32895 33190 
32591 30394 33122 32828 
32137 29711 33260 32387 
32084 29691 33395 32043 
32105 29578 33365 31692 
32084 29361 33286 31546 
31968 29400 33125 31534 
31965 30371 32860 31659 
32284 32737 32582 31942 
32670 36215 32340 32335 
32661 39789 32136 32757 
32012 41898 32018 33196 
31039 41375 32004 33554 
30544 37993 32130 33852 
31142 32573 32289 33921 
33124 26963 32544 33872 
35463 23345 32728 33632 
36889 22921 32899 33304 
36405 25414 32986 32896 
34282 29386 33001 32491 
31797 33003 32968 32134 
30457 34910 32899 31883 
30843 35132 32858 31789 
32246 34677 32806 31793 
33431 34771 32799 31908 
33573 36004 32871 32129 
32678 37683 32936 32344 
31711 38597 33039 32564 
31645 37617 33129 32756 
32566 34449 33104 32818 
33890 29967 33046 32883 
34533 25755 32894 32903 
34081 23077 32645 32885 
32978 22762 32379 32902 
31948 24931 32091 32923 
31575 29175 31853 32989 
31654 34670 31739 33097 
31383 40135 31774 33199 
30338 44520 31982 33315 
28788 46602 32247 33318 
27955 45951 32650 33279 
28882 42512 33041 33099 
31746 37391 33417 32848 
35371 31637 33706 32541 
38473 25860 33850 32193 
40143 20484 33844 31864 
40346 15822 33669 31599 
39649 12849 33387 31483 
38623 12746 33001 31477 
37242 16507 32598 31650 
34986 24263 32276 32015 
31273 34807 31981 32442 
26214 46227 31720 32896 
21433 55771 31646 33401 
18499 61473 31682 33840 
18687 61924 31824 34135 
22037 57011 32066 34269 
27389 47522 32379 34206 
32985 35428 32736 33941 
37396 23429 33070 33504 
40601 13621 33384 32975 
42985 7472 33618 32375 
44948 5553 33775 31811 
46088 7504 33769 31326 
45563 12203 33644 31034 
42741 18676 33404 30947 
37879 26225 33083 31058 
32062 34456 32730 31391 
26691 43226 32379 31941 
22942 51729 32069 32525 
20957 58678 31896 33171 
19913 62665 31798 33716 
19265 62453 31861 34173 
19035 57456 32001 34382 
20245 47950 32231 34370 
24031 35478 32497 34160 
30483 22468 32736 33706 
38642 11085 32910 33190 
46503 3286 33048 32641 
52014 253 33084 32128 
53672 3755 33033 31716 
51729 7176 32961 31523 
47344 15130 32886 31528 
41601 24648 32836 31695 
35327 34909 32836 31970 
28816 45375 32873 32296 
22631 54905 32970 32619 
17334 62315 33081 32863 
13354 65366 33130 33012 
11237 65454 33149 33041 
11686 65477 33107 32992 
15298 55574 32928 32838 
22338 42440 32679 32670 
32290 26202 32430 32609 
43648 9215 32151 32587 
53903 292 31920 32673 
60277 52 31774 32832 
60437 22 31744 33053 
54771 5789 31900 33305 
45217 17748 32183 33508 
34499 32091 32512 33548 
25329 45120 32941 33498 
18748 54714 33258 33197 
14938 59974 33561 32835 
12972 61458 33759 32420 
12603 59546 33820 31974 
14659 53763 33692 31567 
20075 44033 33461 31334 
28597 30995 33150 31272 
38915 16068 32817 31410 
48592 2250 32463 31748 
55170 110 32182 32255 
56704 33 31913 32794 
53232 71 31772 33374 
45915 14653 31754 33906 
36380 31080 31850 34285 
26373 48768 32021 34459 
18001 63500 32319 34439 
12907 65449 32629 34164 
11911 65522 32927 33649 
15183 65527 33205 33013 
22121 56550 33444 32302 
30949 41730 33610 31652 
39341 24907 33641 31110 
45498 11313 33532 30768 
48262 3003 33346 30679 
47521 575 33099 30922 
44118 3657 32784 31374 
39576 10669 32497 32040 
34726 20619 32260 32767 
30003 32370 32123 33533 
25310 44363 32025 34122 
20876 54910 32061 34551 
17719 61191 32181 34714 
17104 61355 32346 34606 
20196 54740 32552 34245 
26913 42449 32699 33641 
36152 27126 32846 32955 
44961 13277 32939 32256 
50947 4497 33036 31668 
52287 2848 33044 31214 
48950 8229 33007 30957 
42257 18868 32944 30953 
34670 31263 32835 31163 
28092 42933 32776 31625 
23460 51856 32667 32188 
20858 57478 32635 32825 
19690 59414 32587 33412 
19746 57508 32622 33946 
21089 51513 32654 34239 
24137 41591 32748 34352 
28782 28692 32798 34189 
34667 14963 32894 33854 
40209 4229 32925 33309 
44173 158 32939 32713 
45477 129 32908 32101 
43857 12251 32841 31570 
40122 26296 32760 31228 
35702 40775 32630 31073 
32454 51481 32526 31213 
31199 56450 32445 31562 
31705 55607 32386 32074 
32676 50393 32352 32648 
32536 43351 32389 33239 
30377 36433 32476 33751 
26738 30823 32593 34069 
23142 26672 32769 34198 
21306 23808 32883 34056 
22380 22368 32979 33759 
25949 22628 33003 33318 
30706 24833 32993 32839 
35131 28614 32920 32389 
38566 32860 32855 32052 
41154 35895 32756 31797 
43585 36375 32701 31752 
45960 34085 32685 31826 
47297 30188 32689 31990 
46161 26771 32740 32214 
41427 25863 32842 32468 
33339 28387 32908 32659 
24017 33572 32962 32791 
15940 39683 32943 32833 
11366 44776 32868 32826 
11262 47351 32711 32770 
15502 46966 32579 32773 
22518 43935 32393 32786 
30969 39050 32242 32838 
39361 33027 32124 32924 
46500 26577 32132 33102 
51274 20311 32223 33291 
52651 15432 32423 33460 
50542 12789 32663 33508 
45596 13169 32934 33462 
39057 16697 33181 33280 
32288 23108 33398 33007 
26385 31337 33512 32654 
21370 40560 33536 32255 
17111 49682 33415 31847 
14076 57432 33227 31538 
13347 61947 32931 31320 
16687 61090 32628 31308 
24328 54097 32385 31486 
35038 41562 32146 31804 
46309 25986 31978 32241 
54795 11122 31902 32780 
57618 1025 31922 33366 
53280 48 31983 33875 
43784 947 32172 34259 
32210 14412 32387 34453 
22416 27888 32694 34485 
17060 40192 32961 34216 
16961 49064 33213 33756 
20694 53073 33448 33175 
25861 52762 33612 32528 
30397 49412 33717 31905 
33371 44633 33671 31331 
35077 39812 33516 30948 
36204 35919 33239 30778 
37303 33100 32951 30905 
38137 30707 32564 31202 
38128 28181 32225 31723 
36854 25245 31945 32376 
34575 22331 31730 33010 
32406 20393 31643 33574 
31468 20140 31714 34065 
32134 21713 31916 34328 
33783 24768 32227 34397 
34927 28541 32546 34229 
34422 32469 32931 33912 
32112 36198 33243 33434 
28948 39835 33484 32913 
26405 43361 33638 32401 
25491 46424 33668 31944 
26352 48242 33534 31595 
28179 48186 33315 31420 
30108 45925 33006 31434 
31763 41439 32603 31574 
33609 35241 32297 31896 
36352 27648 32038 32275 
40318 19431 31928 32726 
44439 12045 31936 33105 
47288 6597 32094 33433 
47096 4774 32334 33619 
43067 7961 32665 33682 
35363 16874 32984 33563 
25975 30127 33190 33274 
17254 45462 33360 32953 
11408 59803 33407 32606 
9962 65355 33341 32304 
13511 65509 33160 32066 
21181 65530 32891 31939 
31440 65067 32624 31962 
42067 46031 32408 32146 
50674 28246 32259 32422 
55528 12390 32192 32752 
55309 1754 32170 33011 
50700 88 32298 33276 
43094 58 32477 33404 
33988 8751 32675 33397 
24928 20034 32901 33302 
16888 32901 33039 33073 
11415 44986 33122 32772 
9537 54573 33125 32483 
12264 59903 33078 32247 
19598 59601 32898 32082 
30782 53176 32679 32045 
42606 42293 32515 32187 
52504 28809 32377 32397 
58111 15531 32296 32631 
58076 5325 32322 32899 
52621 997 32439 33113 
43609 3733 32608 33202 
