33274 33088 33486 32179 
33274 33088 33486 32179 
33390 33340 33610 31764 
33413 33518 33617 31433 
33325 33571 33484 31245 
33206 33540 33277 31262 
32990 33347 32963 31404 
32749 33053 32602 31729 
32524 32707 32260 32154 
32361 32393 32020 32731 
32215 32081 31826 33238 
32108 31848 31734 33686 
32126 31776 31820 34072 
32222 31871 32044 34290 
32347 32050 32296 34276 
32509 32324 32617 34104 
32667 32616 32904 33760 
32749 32838 33088 33263 
32825 33029 33225 32752 
32869 33170 33264 32250 
32870 33196 33223 31794 
32875 33111 33069 31392 
32872 32983 32964 31419 
32871 32868 32876 31565 
32905 32801 32854 31836 
32954 32757 32843 32161 
32995 32773 32833 32514 
32999 32800 32808 32827 
32965 32799 32730 33057 
32907 32817 32635 33270 
32789 32768 32497 33389 
32658 32692 32343 33453 
32517 32599 32226 33485 
32360 32448 32115 33442 
32216 32279 32067 33344 
32150 32172 32145 33256 
32122 32091 32262 33092 
32214 32128 32513 32958 
32343 32218 32765 32756 
32551 32423 33051 32565 
32790 32699 33312 32369 
33009 32977 33465 32164 
33174 33250 33509 31991 
33327 33500 33477 31895 
33418 33694 33370 31899 
33423 33740 33181 31961 
33314 33622 32910 32084 
33163 33402 32677 32277 
33000 33094 32481 32503 
32748 32679 32271 32731 
32559 32318 32182 33020 
32311 31891 32054 33205 
32124 31630 32030 33421 
32008 31515 32056 33577 
31958 31564 32152 33668 
31981 31739 32287 33675 
32092 32083 32499 33615 
32259 32455 32713 33422 
32483 32877 32974 33167 
32695 33244 33178 32797 
32940 33570 33379 32416 
33169 33795 33528 32040 
33373 33874 33580 31695 
33506 33807 33554 31471 
33546 33602 33412 31367 
33496 33293 33179 31404 
33388 32938 32909 31620 
33183 32536 32588 31978 
32982 32242 32333 32475 
32724 31986 32106 32982 
32391 31779 31858 33415 
32179 31781 31804 33853 
32010 31878 31823 34088 
31939 32080 31968 34158 
31951 32322 32187 34014 
32085 32634 32508 33734 
32241 32868 32813 33287 
32436 33060 33097 32764 
32631 33179 33330 32272 
32825 33229 33481 31896 
32914 33144 33457 31612 
32954 32999 33331 31524 
32990 32867 33161 31668 
32977 32706 32916 31951 
32966 32620 32691 32323 
33001 32618 32547 32741 
33027 32667 32442 33079 
33063 32779 32430 33312 
33105 32916 32493 33398 
33149 33064 32622 33321 
33156 33172 32768 33123 
33066 33146 32847 32791 
32928 33049 32909 32458 
32729 32857 32888 32200 
32473 32545 32772 32004 
32225 32249 32646 32049 
31989 31952 32469 32210 
31807 31725 32299 32527 
31756 31684 32205 32950 
31782 31752 32148 33328 
31993 32017 32257 33675 
32322 32447 32466 33888 
32700 32895 32712 33819 
33107 33363 32984 33560 
33460 33751 33214 33117 
33749 34036 33423 32605 
33912 34131 33538 32077 
33897 34022 33539 31622 
33728 33697 33403 31342 
33407 33222 33165 31245 
33043 32697 32891 31417 
32636 32149 32587 31761 
32269 31700 32317 32275 
31932 31370 32061 32830 
31692 31201 31873 33336 
31586 31271 31787 33771 
31638 31541 31837 34055 
31810 31989 31989 34150 
32030 32471 32194 34019 
32363 33037 32533 33783 
32707 33533 32865 33360 
33001 33884 33159 32857 
33318 34098 33459 32410 
33554 34107 33653 31991 
33661 33909 33710 31641 
33677 33570 33649 31455 
33603 33146 33495 31415 
33414 32670 33236 31520 
33198 32234 32945 31784 
32922 31878 32621 32091 
32659 31662 32340 32500 
32365 31591 32075 32885 
32133 31679 31899 33258 
31974 31933 31837 33601 
31905 32261 31907 33823 
31936 32645 32078 33914 
32002 32960 32281 33826 
32132 33201 32518 33608 
32302 33347 32739 33310 
32493 33358 32923 32929 
32662 33226 33024 32514 
32885 33083 33114 32206 
33086 32894 33136 31963 
33229 32670 33075 31804 
33388 32575 33049 31845 
33485 32528 33019 31986 
33455 32528 32964 32163 
33408 32641 32974 32413 
33282 32787 33009 32659 
33027 32850 32970 32780 
32734 32900 32924 32858 
32457 32889 32864 32876 
32197 32796 32737 32838 
32030 32680 32600 32803 
31945 32514 32429 32754 
31986 32382 32286 32771 
32104 32243 32149 32781 
32277 32185 32063 32863 
32518 32224 32059 32992 
32745 32356 32142 33121 
32973 32605 32330 33268 
33121 32870 32551 33316 
33170 33122 32790 33278 
33155 33314 33017 33108 
33077 33423 33225 32865 
32966 33423 33380 32555 
32867 33344 33487 32232 
32737 33092 33445 31864 
32643 32779 33329 31607 
32603 32473 33149 31522 
32582 32178 32893 31610 
32597 31964 32598 31862 
32648 31891 32346 32282 
32663 31909 32120 32775 
32635 32027 31932 33270 
32627 32289 31903 33754 
32618 32619 31997 34092 
32574 32930 32182 34195 
32550 33211 32461 34078 
32571 33444 32795 33743 
32580 33535 33094 33212 
32624 33504 33321 32585 
32719 33399 33497 31997 
32779 33147 33495 31455 
32839 32861 33375 31136 
32907 32554 33156 31054 
32955 32310 32897 31274 
32976 32124 32613 31712 
32914 31993 32322 32262 
32875 32023 32161 32906 
32796 32121 32066 33503 
32727 32293 32072 33962 
32693 32549 32208 34236 
32666 32812 32398 34249 
32619 33022 32603 34018 
32611 33196 32824 33595 
32609 33283 33017 33041 
32624 33308 33160 32473 
32644 33247 33237 31961 
32659 33095 33238 31554 
32640 32884 33162 31344 
32604 32635 33012 31323 
32568 32392 32804 31535 
32542 32222 32611 31938 
32503 32085 32392 32417 
32487 32057 32221 32933 
32473 32078 32088 33405 
32530 32223 32075 33794 
32663 32452 32178 34010 
32799 32708 32350 34008 
33002 33005 32623 33821 
33158 33258 32917 33453 
33248 33435 33150 32939 
33352 33567 33403 32412 
33380 33616 33579 31947 
33277 33490 33590 31532 
33109 33279 33483 31312 
32861 32968 33253 31293 
32538 32584 32911 31471 
32271 32244 32580 31892 
32050 31955 32252 32412 
31884 31752 31974 32969 
31822 31668 31793 33493 
31875 31724 31751 33913 
32081 31956 31883 34147 
32341 32250 32126 34157 
32655 32571 32412 33982 
32972 32936 32733 33749 
33198 33198 32981 33446 
33341 33407 33161 33059 
33421 33544 33279 32534 
33366 33546 33292 31737 
33233 33444 33231 30736 
33041 33263 33134 29797 
32826 33035 33005 29261 
32690 32834 32929 29557 
32594 32630 32840 30726 
32630 32547 32833 32675 
32712 32505 32813 34846 
32761 32470 32769 36762 
32732 32422 32734 37925 
32557 32248 32692 38065 
32204 31939 32580 37176 
31682 31844 32470 35591 
31112 32197 32346 33485 
30946 32839 32203 31081 
32081 33109 32130 28799 
34835 32028 32109 26861 
38423 29602 32208 25649 
40307 27274 32329 25370 
37883 27846 32594 26375 
30015 33415 32869 28626 
19817 42804 33089 31723 
12358 52359 33314 35334 
12949 56847 33514 38905 
23174 51966 33593 41676 
39902 37090 33557 43133 
56675 17011 33452 42877 
65312 667 33262 40839 
65535 2 32982 37274 
56380 0 32645 32677 
42129 11567 32338 27844 
24648 30125 32035 23667 
11206 48461 31808 20889 
3626 62025 31661 20020 
788 65397 31656 21282 
1187 65450 31818 24606 
4465 65449 32094 29308 
11402 65471 32446 34594 
22583 57516 32825 39553 
37311 43920 33204 43412 
53815 24780 33556 45579 
65078 3012 33838 45583 
65451 206 33907 43447 
65517 58 33823 39600 
65535 0 33620 34721 
65535 0 33287 29517 
64175 9878 32933 24998 
41791 30013 32472 21877 
20880 52897 32131 20633 
1237 65163 31864 21371 
28 65511 31710 23842 
0 65535 31742 27687 
1869 65535 31902 32025 
19144 65535 32168 36240 
36606 50884 32455 39617 
52717 27845 32756 41759 
64162 2904 33022 42352 
65497 127 33115 41298 
65535 15 33162 39082 
53341 0 33120 36071 
35156 0 32983 32801 
15101 15346 32876 29871 
508 35141 32781 27611 
65 55886 32743 26441 
21 65252 32779 26364 
14 65510 32872 27220 
6955 65535 33027 28860 
21041 65535 33140 30861 
37318 65535 33210 32818 
53284 46228 33175 34424 
64912 23232 33043 35497 
65468 1596 32795 35942 
65520 113 32513 35766 
65527 40 32185 35136 
65247 27 31925 34226 
46540 52 31758 33268 
29022 13084 31743 32476 
13071 28295 31880 31949 
2156 43992 32148 31793 
102 57422 32469 31865 
61 65136 32876 32200 
5002 65487 33197 32560 
14795 65406 33576 32982 
26086 52018 33743 33161 
36656 37484 33822 33157 
44939 22490 33714 32936 
49623 9742 33466 32528 
50368 1292 33138 32074 
47502 98 32691 31617 
42318 67 32269 31360 
36295 7076 31919 31383 
30784 17827 31691 31646 
27088 30690 31609 32159 
26127 43827 31744 32860 
27911 54307 32020 33578 
31538 60500 32393 34233 
35494 61605 32826 34613 
38133 58078 33193 34654 
38705 51277 33516 34380 
37358 43023 33696 33795 
35129 34336 33724 33011 
33063 25811 33552 32109 
31705 18050 33283 31331 
30543 11971 32911 30784 
28552 9408 32504 30539 
25178 11669 32161 30657 
21109 18853 31935 31157 
18296 29195 31816 31880 
19159 39814 31906 32799 
24627 46916 32093 33644 
33506 48731 32345 34300 
43168 45379 32670 34697 
50593 38664 32973 34755 
53735 31225 33193 34424 
51870 25954 33326 33804 
46014 24557 33393 33063 
37652 26891 33306 32259 
28535 31640 33168 31589 
20510 36635 32960 31084 
15326 39910 32701 30871 
14829 40092 32460 30992 
19056 37440 32284 31415 
26698 33195 32137 32016 
35178 29298 32070 32696 
41690 27410 32135 33403 
43961 28024 32293 34002 
42049 29992 32498 34326 
38000 31576 32741 34381 
34386 31479 32985 34167 
32781 29546 33160 33647 
32926 27221 33310 33020 
32795 26781 33385 32341 
30312 29940 33363 31723 
25167 36384 33202 31242 
19310 44362 33019 31055 
16009 50760 32785 31104 
18266 52687 32525 31415 
26864 48360 32341 31977 
39338 38460 32155 32570 
52184 25326 32115 33224 
61417 12305 32083 33737 
63972 2985 32199 34145 
59002 116 32348 34275 
47809 4374 32555 34157 
32765 15650 32753 33824 
17351 31010 32921 33325 
4240 47750 33071 32785 
145 62492 33175 32218 
42 65410 33226 31753 
66 65504 33231 31444 
13154 65517 33144 31300 
27406 65509 33025 31397 
42250 51166 32863 31693 
55100 33768 32662 32125 
64253 15749 32463 32628 
65430 849 32331 33204 
65471 117 32178 33621 
65496 52 32135 33933 
57179 16 32180 34054 
42597 7061 32351 33991 
24673 22855 32565 33701 
5305 43358 32806 33247 
148 62574 33019 32680 
2 65429 33234 32138 
0 65535 33383 31704 
9376 65535 33433 31392 
25396 65535 33386 31310 
41774 50914 33225 31430 
54136 30118 32969 31723 
60567 9907 32684 32201 
61033 287 32407 32735 
56868 62 32157 33247 
49287 42 31948 33628 
39718 90 31885 33909 
28645 12967 31951 34004 
17160 27511 32148 33910 
6857 43634 32387 33633 
389 58887 32684 33246 
67 65327 32962 32777 
59 65492 33152 32329 
11428 65521 33279 32002 
24785 65532 33292 31781 
39725 53958 33221 31728 
53909 34971 33077 31830 
64694 14389 32960 32117 
65452 521 32799 32421 
65498 68 32707 32766 
65502 32 32652 33041 
57465 37 32628 33175 
45181 10510 32682 33223 
30993 23510 32744 33126 
19051 36688 32771 32906 
10794 48061 32787 32677 
6702 56391 32751 32452 
6366 61006 32703 32327 
8889 61528 32590 32297 
13375 57777 32440 32363 
19083 50172 32321 32562 
25723 39389 32241 32846 
32776 26698 32217 33127 
39678 14288 32286 33378 
45651 4338 32480 33593 
49482 190 32669 33567 
50737 69 32942 33426 
49378 5361 33182 33155 
45960 14571 33328 32755 
41185 25543 33451 32341 
35647 36735 33455 31966 
29895 47164 33366 31663 
24443 56650 33187 31489 
20186 64183 32960 31496 
17863 65402 32696 31653 
18218 65472 32461 31971 
21371 65512 32254 32352 
26867 61622 32075 32784 
33306 44619 31965 33228 
39102 26107 31962 33657 
43289 8673 31997 33961 
45425 265 32127 34131 
45499 65 32332 34165 
43613 67 32581 34019 
39791 6498 32872 33707 
34415 11421 33089 33200 
28346 21093 33338 32664 
22751 32105 33547 32089 
19006 43665 33656 31547 
17967 54855 33649 31108 
19833 63407 33568 30895 
23720 65433 33370 30899 
28737 65505 33073 31126 
34226 55568 32695 31555 
39756 41453 32364 32204 
45004 24779 32014 32886 
48935 9674 31761 33560 
50636 405 31656 34159 
49027 59 31677 34518 
43846 34 31829 34640 
35669 9863 32092 34509 
26668 23739 32413 34148 
18986 39274 32734 33590 
14394 53311 33006 32950 
13559 62811 33209 32301 
16241 65435 33375 31793 
21486 60725 33434 31437 
27798 52848 33399 31286 
34268 41011 33327 31351 
40098 28627 33219 31586 
44565 17681 33076 31907 
47183 9276 32957 32283 
47348 4296 32851 32616 
45123 3254 32724 32846 
41079 6496 32647 33032 
35969 14209 32550 33107 
30708 25926 32444 33095 
26012 40322 32315 33018 
22698 54355 32203 32970 
21120 64710 32107 32968 
21567 65481 32062 33029 
24070 65531 32099 33154 
28312 56516 32181 33263 
33374 43192 32367 33376 
38169 25855 32605 33414 
41499 11328 32881 33362 
42493 2803 33104 33122 
40920 1862 33324 32800 
37317 7673 33477 32404 
32668 17929 33549 31989 
28305 29620 33524 31631 
25370 40184 33351 31343 
24788 47737 33173 31285 
26482 51052 32944 31403 
29696 50378 32674 31689 
33413 46608 32452 32161 
36515 40850 32246 32686 
38359 34053 32059 33236 
38788 27371 31928 33712 
38102 21461 31855 34077 
36718 17296 31910 34298 
34842 15767 32002 34271 
32701 17895 32253 34108 
30369 23619 32500 33688 
28283 31759 32825 33213 
26798 40310 33132 32646 
26437 47053 33421 32089 
27489 50273 33647 31602 
29815 49246 33729 31255 
32733 44823 33714 31102 
35372 38730 33573 31164 
36949 32779 33313 31372 
37182 28264 32972 31761 
36259 25475 32606 32262 
34803 24139 32293 32829 
33286 23630 31998 33314 
32018 23881 31790 33730 
31137 25218 31731 34037 
30676 27949 31797 34158 
30887 31733 32009 34126 
31846 35610 32253 33886 
33474 38264 32568 33528 
35346 38495 32872 33076 
36749 36048 33154 32579 
36971 32004 33398 32149 
35751 28184 33533 31751 
33334 26612 33530 31468 
30392 28413 33362 31322 
27745 33447 33153 31412 
25948 39684 32834 31642 
25221 44739 32535 32070 
25566 46511 32301 32590 
27082 44080 32131 33100 
30052 37929 32042 33538 
34422 30287 32111 33901 
39618 23411 32331 34069 
44246 19189 32587 34005 
46695 18471 32877 33720 
45692 20875 33149 33296 
41335 25045 33341 32779 
34821 29656 33413 32221 
27989 33868 33366 31745 
22618 37336 33202 31424 
19629 40132 32903 31282 
19371 42190 32607 31408 
21263 43281 32329 31743 
24604 42945 32089 32196 
28755 40741 31954 32749 
33121 36736 31966 33324 
37157 31685 32090 33791 
40833 26640 32319 34068 
43953 22812 32649 34148 
46030 21020 32930 33962 
46365 21673 33187 33556 
44228 24497 33377 33040 
39352 28611 33423 32462 
32281 33195 33377 31960 
24494 37452 33176 31529 
18030 41033 32925 31390 
15022 43422 32648 31464 
16299 44308 32400 31809 
21024 43318 32255 32287 
27472 40105 32161 32806 
33808 34649 32185 33274 
38634 27837 32323 33625 
41851 21430 32582 33818 
44069 17041 32842 33744 
45645 16065 33053 33436 
46236 19127 33246 33038 
44665 25380 33293 32543 
40202 33175 33271 32113 
33270 40321 33062 31756 
25560 45571 32842 31673 
19374 48108 32563 31747 
16642 47820 32321 32020 
17999 45068 32140 32431 
22377 40665 32052 32884 
27862 35530 32090 33284 
32752 30524 32243 33613 
36159 26359 32489 33774 
38102 23436 32761 33730 
39253 21894 33054 33538 
39917 21794 33260 33182 
40122 22963 33405 32758 
39585 25234 33428 32327 
38218 28265 33355 31977 
36304 31503 33187 31719 
34250 34458 32950 31656 
32384 36520 32641 31714 
30689 37886 32391 31990 
28943 38777 32153 32329 
27184 39587 31997 32719 
25987 40407 31938 33138 
26047 40624 31962 33464 
27782 39626 32144 33722 
30531 36892 32393 33804 
33154 32767 32719 33723 
34399 28372 33009 33457 
33920 25538 33245 33043 
32583 25386 33460 32633 
31776 27781 33593 32205 
32656 31265 33620 31872 
35349 33753 33493 31620 
38807 33415 33251 31538 
41514 30169 32966 31641 
42106 25591 32645 31928 
40005 22383 32347 32302 
35529 23118 32101 32756 
29993 28541 31924 33167 
24913 37090 31866 33508 
21542 45773 31892 33681 
20768 51426 32081 33764 
22583 51799 32291 33630 
26388 47001 32576 33422 
31020 38889 32810 33101 
35509 30204 32989 32746 
38925 23386 33093 32412 
40894 19724 33178 32219 
41231 19118 33179 32127 
40310 20469 33134 32128 
38492 22650 33052 32226 
36108 25062 32981 32368 
33386 27759 32916 32521 
30827 31058 32915 32670 
28640 35314 32906 32732 
27077 40250 32870 32682 
26446 44969 32863 32632 
26779 47988 32823 32517 
28295 47878 32736 32437 
30846 44106 32627 32428 
34080 37238 32478 32448 
37203 28907 32289 32557 
39345 21300 32137 32764 
39521 16771 32012 33015 
37541 16345 31984 33280 
33852 19915 32049 33479 
29549 26612 32252 33646 
25914 34562 32516 33651 
24027 42105 32871 33515 
24327 47113 33184 33221 
26705 48771 33461 32835 
30855 46596 33675 32430 
35966 40918 33753 32028 
40997 32873 33665 31676 
44480 24774 33457 31463 
45277 18561 33146 31400 
42921 15735 32809 31519 
37972 16764 32495 31827 
31581 21246 32139 32179 
25752 28017 31894 32627 
21711 35681 31742 33087 
20069 42819 31686 33496 
20958 47981 31776 33855 
24207 50034 31975 34067 
29036 48269 32227 34081 
34816 43202 32571 33978 
40198 35908 32906 33657 
43815 28212 33228 33241 
44513 21753 33505 32727 
42007 18041 33690 32213 
37336 17324 33762 31745 
32292 19251 33686 31383 
28630 23203 33519 31212 
26867 28655 33214 31224 
26464 35026 32858 31442 
26191 41700 32488 31814 
25509 47944 32194 32326 
24985 52396 31970 32887 
26022 53434 31793 33376 
30032 49578 31764 33793 
36824 40761 31900 34095 
44626 28053 32115 34166 
50646 14281 32376 34022 
52213 3307 32650 33717 
47880 90 32914 33264 
38851 51 33117 32740 
27854 14438 33315 32262 
18119 30974 33442 31861 
12427 47678 33423 31519 
12066 60535 33368 31428 
16155 65372 33182 31479 
22792 65471 32984 31756 
29925 57366 32729 32132 
36009 47898 32482 32609 
40639 37708 32280 33104 
43846 27765 32132 33533 
45923 18708 32103 33847 
46989 10247 32167 33955 
46663 3410 32319 33864 
44378 260 32528 33580 
39868 2993 32770 33153 
33821 11018 32983 32630 
27487 24701 33201 32156 
22158 40495 33305 31709 
19030 55177 33370 31495 
18558 64758 33308 31450 
20327 65468 33144 31600 
23436 65493 32924 31910 
27210 57864 32681 32379 
31202 46171 32410 32866 
35069 33820 32184 33341 
38579 22358 32060 33737 
41141 13397 32019 33971 
42173 8187 32114 34002 
41315 7616 32300 33842 
39098 11357 32572 33515 
36512 18100 32841 33054 
34622 25960 33066 32514 
34046 33120 33273 32057 
34348 38234 33310 31625 
34567 40872 33307 31482 
33557 41578 33147 31503 
30918 41341 32909 31714 
27145 40886 32624 32070 
23665 40570 32401 32587 
21915 40172 32284 33082 
22226 39375 32241 33476 
24244 38115 32309 33712 
27315 36427 32535 33777 
30772 34600 32798 33628 
34559 32680 33038 33286 
38906 30537 33242 32876 
43463 27993 33324 32416 
47077 25304 33297 32059 
48084 22891 33096 31779 
45468 21681 32846 31722 
39757 22044 32512 31835 
32931 23940 32275 32153 
27349 26680 32065 32531 
24585 29605 31961 32931 
24511 32236 31977 33292 
25361 34918 32159 33583 
25242 38290 32444 33710 
23669 42647 32737 33627 
22094 47660 33063 33416 
22876 51549 33301 33069 
27473 52348 33466 32654 
35080 48561 33522 32240 
43028 40045 33415 31879 
48261 28448 33242 31694 
48516 17369 32937 31640 
44281 10187 32619 31781 
37683 9027 32352 32103 
31172 13954 32089 32512 
26907 22849 31994 33035 
25175 32132 31960 33451 
25336 39079 32091 33805 
26633 42208 32324 33964 
28611 41636 32599 33886 
31155 38927 32951 33640 
33550 36366 33212 33196 
35168 35392 33422 32673 
35464 36174 33510 32123 
34572 37529 33455 31647 
33367 37796 33276 31320 
33018 35747 32978 31196 
34004 31562 32684 31345 
35707 26710 32416 31735 
36707 23364 32179 32253 
35663 23728 32062 32858 
