32757 32409 32928 32943 
32757 32409 32928 32943 
32902 32671 33169 32604 
33017 32961 33347 32304 
33055 33179 33383 32031 
33040 33331 33306 31876 
32975 33342 33108 31824 
32883 33231 32843 31930 
32768 32990 32550 32131 
32670 32696 32281 32427 
32612 32371 32100 32754 
32533 32064 31997 33039 
32512 31884 32038 33300 
32527 31876 32188 33489 
32562 31997 32414 33551 
32641 32290 32696 33544 
32691 32650 32936 33379 
32741 33054 33149 33147 
32802 33437 33308 32881 
32819 33686 33347 32566 
32850 33817 33340 32321 
32837 33707 33232 32072 
32775 33419 33008 31923 
32702 32993 32758 31869 
32612 32491 32498 31931 
32554 32024 32295 32133 
32497 31643 32139 32412 
32458 31453 32074 32747 
32445 31447 32091 33039 
32504 31695 32233 33317 
32592 32113 32439 33500 
32747 32632 32721 33563 
32928 33202 33005 33498 
33056 33648 33208 33251 
33186 33999 33371 32936 
33283 34156 33463 32599 
33285 34075 33417 32263 
33213 33807 33299 32012 
33024 33332 33054 31828 
32793 32784 32779 31787 
32535 32224 32499 31915 
32296 31749 32252 32177 
32146 31434 32107 32551 
32059 31308 32031 32924 
32083 31413 32074 33258 
32178 31677 32186 33473 
32348 32086 32351 33587 
32584 32575 32586 33588 
32782 33038 32768 33428 
32914 33397 32898 33168 
33000 33642 32972 32879 
33063 33770 33024 32622 
33064 33741 33031 32413 
33047 33590 33033 32290 
32965 33306 32978 32211 
32907 33000 32966 32218 
32837 32689 32958 32255 
32809 32427 32969 32324 
32770 32234 32972 32362 
32748 32119 32951 32379 
32740 32105 32923 32384 
32713 32167 32847 32407 
32675 32277 32708 32441 
32627 32416 32545 32523 
32576 32590 32394 32696 
32510 32738 32247 32929 
32423 32799 32105 33157 
32390 32881 32073 33424 
32397 32907 32125 33626 
32462 32928 32281 33765 
32572 32912 32510 33744 
32717 32883 32768 33586 
32863 32849 33034 33261 
33015 32819 33249 32847 
33126 32793 33385 32347 
33217 32814 33470 31890 
33208 32812 33424 31464 
33123 32801 33281 31181 
33001 32806 33099 31128 
32804 32767 32846 31275 
32589 32713 32592 31647 
32350 32595 32325 32168 
32163 32487 32124 32814 
32016 32330 31964 33425 
32015 32264 31945 34023 
32121 32239 32026 34419 
32324 32280 32200 34593 
32617 32421 32473 34500 
32941 32633 32777 34141 
33221 32892 33076 33545 
33408 33119 33287 32792 
33544 33396 33495 32071 
33509 33562 33551 31375 
33372 33634 33516 30914 
32769 33320 33080 30767 
32437 33006 32764 31151 
32151 32596 32455 31766 
32025 32254 32244 32582 
31968 31886 32046 33324 
32078 31650 31994 33989 
32265 31553 32035 34410 
32555 31650 32183 34590 
32851 31900 32403 34470 
33140 32283 32660 34094 
33337 32741 32900 33541 
33396 33189 33086 32864 
33346 33613 33204 32209 
33203 33923 33259 31683 
32974 34072 33261 31344 
32690 33978 33166 31213 
32415 33690 33003 31303 
32189 33253 32808 31623 
32024 32706 32575 32049 
32024 32195 32419 32587 
32095 31706 32269 33107 
32236 31373 32180 33510 
32483 31259 32180 33805 
32781 31388 32315 33954 
33049 31696 32481 33871 
33272 32173 32723 33625 
33421 32705 32964 33263 
33430 33210 33152 32786 
33371 33694 33309 32313 
33226 34046 33420 31908 
32976 34159 33361 31586 
32752 34100 33241 31511 
32511 33819 33012 31595 
32331 33403 32725 31840 
32226 32917 32455 32252 
32170 32374 32199 32697 
32250 31947 32067 33183 
32350 31600 31998 33553 
32492 31422 32038 33780 
32666 31450 32205 33848 
32822 31637 32435 33730 
32896 31919 32646 33458 
32952 32295 32876 33127 
32892 32635 33008 32716 
32784 32980 33073 32341 
32681 33263 33092 32071 
32568 33470 33047 31942 
32500 33591 32978 31958 
32498 33612 32905 32083 
32579 33552 32848 32286 
32720 33427 32850 32518 
32907 33241 32868 32723 
33090 33011 32890 32832 
33230 32760 32906 32848 
33364 32549 32954 32844 
33366 32372 32959 32795 
33244 32193 32872 32682 
32978 32043 32698 32576 
32681 32009 32537 32592 
32333 32005 32343 32647 
32028 32070 32170 32788 
31784 32162 32020 32945 
31711 32342 32003 33155 
31816 32550 32077 33337 
32060 32801 32272 33431 
32380 33029 32532 33394 
32756 33241 32838 33240 
33116 33372 33112 32932 
33460 33479 33387 32592 
33701 33515 33591 32240 
33786 33444 33658 31896 
33719 33310 33617 31678 
33540 33126 33473 31631 
33223 32863 33201 31714 
32830 32569 32871 31944 
32488 32339 32583 32324 
32153 32129 32275 32752 
31890 31955 32003 33162 
31724 31855 31794 33526 
31723 31852 31714 33794 
31854 31952 31759 33898 
32091 32159 31937 33873 
32398 32419 32213 33696 
32723 32693 32509 33359 
33067 33009 32902 32973 
33297 33243 33214 32476 
33494 33475 33539 32062 
33589 33634 33772 31733 
33497 33619 33819 31472 
33365 33564 33771 31443 
33116 33390 33557 31580 
32828 33124 33236 31843 
32513 32801 32822 32198 
32323 32503 32453 32642 
32213 32243 32135 33106 
32170 32016 31861 33485 
32229 31881 31719 33754 
32373 31857 31737 33904 
32546 31922 31859 33841 
32733 32113 32095 33678 
32877 32352 32383 33398 
32946 32631 32690 33041 
32954 32938 32998 32643 
32874 33178 33222 32246 
32774 33386 33393 31932 
32668 33502 33477 31717 
32555 33480 33419 31626 
32509 33364 33312 31705 
32496 33095 33087 31883 
32560 32803 32852 32188 
32616 32442 32582 32509 
32768 32214 32413 32944 
32855 31995 32240 33296 
32883 31900 32142 33555 
32967 32018 32218 33781 
32967 32213 32327 33783 
32946 32505 32524 33673 
32908 32840 32745 33417 
32835 33136 32941 33026 
32758 33367 33071 32574 
32733 33553 33192 32177 
32669 33556 33179 31790 
32641 33461 33121 31552 
32575 33215 32951 31460 
32540 32916 32735 31548 
32542 32620 32559 31858 
32565 32340 32411 32256 
32572 32092 32314 32728 
32582 31920 32275 33192 
32624 31871 32343 33610 
32687 31913 32462 33894 
32739 32040 32611 33982 
32790 32243 32772 33936 
32786 32444 32862 33790 
32801 32715 32939 33619 
32768 32968 32955 33389 
32701 33181 32886 32941 
32638 33364 32819 32206 
32612 33499 32760 31201 
32584 33528 32689 30112 
32620 33495 32663 29371 
32723 33411 32706 29380 
32829 33239 32752 30257 
32975 33037 32852 31930 
33066 32767 32927 34040 
33115 32449 32974 36043 
33117 32185 32998 37382 
33024 31930 32940 37815 
32859 31740 32821 37293 
32615 31655 32631 35972 
32388 31740 32465 34094 
32174 31927 32289 31913 
32028 32215 32192 29696 
31953 32550 32122 27671 
32073 32972 32196 26254 
32272 33367 32315 25657 
32604 33728 32549 26262 
32878 33885 32773 28024 
33109 33831 33032 30824 
33245 33573 33236 34350 
33253 33167 33374 37896 
33227 32736 33431 40792 
33229 32380 33377 42501 
33302 32224 33244 42612 
33339 32218 32992 40935 
33354 32385 32738 37687 
33212 32540 32485 33421 
32819 32580 32248 28783 
32221 32466 32053 24619 
31563 32287 31943 21673 
31192 32031 31960 20593 
31183 31597 32021 21610 
31561 31385 32249 24599 
31843 31674 32518 29000 
31761 32822 32841 34084 
31615 34389 33127 38888 
32274 35422 33375 42782 
34356 34837 33560 44950 
37357 32501 33605 45080 
39631 29739 33541 43217 
39010 28680 33360 39658 
34399 31017 33054 34914 
27399 36469 32757 30050 
21215 42482 32414 25689 
19638 45551 32136 22592 
24387 42787 31941 21205 
34092 33618 31849 21702 
44217 21231 31874 23900 
50379 10639 32059 27396 
49510 6756 32324 31559 
42003 11696 32606 35629 
31018 24089 32909 39059 
21266 38991 33172 41246 
15780 51881 33365 41957 
15216 59334 33452 41184 
18296 60448 33431 39189 
23295 56308 33327 36319 
28883 48841 33065 33078 
34619 40223 32768 30149 
40494 31162 32483 27911 
46303 21752 32222 26646 
51421 12053 32027 26450 
55065 2602 31978 27329 
55708 141 32026 28937 
52390 49 32252 30985 
44570 583 32510 33011 
32741 15846 32826 34684 
18431 33850 33126 35771 
4968 53143 33388 36174 
174 65132 33556 35902 
49 65461 33559 35056 
25 65512 33426 33878 
9154 65535 33158 32658 
23968 65535 32876 31681 
41439 57973 32525 31033 
59531 36152 32204 30870 
65362 12525 31966 31177 
65532 324 31866 31828 
65535 5 31876 32616 
65535 0 32046 33426 
64941 7095 32268 34030 
42490 24027 32594 34330 
22537 42368 32898 34254 
7863 57090 33087 33807 
1778 64640 33261 33162 
3532 62999 33236 32359 
10090 56784 33205 31702 
18477 46029 33056 31193 
27001 33919 32897 30983 
34689 22127 32769 31106 
41145 11303 32679 31510 
45686 2615 32682 32119 
47667 154 32707 32749 
46527 78 32759 33324 
42133 57 32824 33760 
35232 10472 32853 33947 
27492 24023 32867 33909 
20708 39522 32803 33657 
16628 54002 32696 33279 
16477 64401 32557 32858 
20510 65459 32424 32503 
27503 65486 32303 32255 
35602 61702 32254 32163 
42407 52091 32232 32183 
45996 42676 32304 32346 
45235 35086 32460 32596 
40842 29937 32678 32854 
34608 26584 32886 33009 
28767 24167 33038 33009 
25304 21906 33234 32962 
25271 19184 33326 32745 
28496 15897 33344 32445 
33955 12151 33302 32186 
40222 8454 33136 31958 
45712 6056 32908 31855 
48742 6528 32672 31960 
47715 11220 32425 32234 
42225 20398 32233 32665 
33308 32804 32109 33164 
22905 46401 32044 33629 
13575 59151 32136 34031 
7687 65284 32304 34215 
6020 65435 32524 34130 
8334 65455 32791 33799 
13909 65475 33022 33257 
22259 65498 33173 32528 
33076 58589 33348 31872 
45427 42964 33362 31273 
58067 23567 33266 30900 
65290 4200 33094 30821 
65501 143 32839 31010 
65535 26 32616 31534 
65535 14 32420 32246 
51737 7160 32340 33062 
33342 20081 32222 33730 
16571 33752 32264 34320 
5701 44547 32376 34618 
2722 49771 32562 34637 
5796 49739 32720 34328 
12346 46022 32863 33783 
19743 40915 32973 33057 
25703 36755 33034 32314 
29516 34422 33050 31667 
31960 33077 33010 31198 
34386 31131 32901 30950 
38068 27390 32789 31014 
43196 21883 32674 31359 
48174 16609 32540 31900 
50821 14110 32446 32547 
49178 16385 32393 33221 
42758 23503 32339 33753 
33198 34004 32397 34163 
24100 44279 32491 34274 
18817 51708 32650 34149 
19048 54563 32834 33781 
23915 52746 33009 33220 
30725 47478 33175 32604 
36111 40939 33294 32019 
38035 34773 33314 31522 
36500 30011 33229 31227 
33049 26857 33078 31183 
29751 24841 32864 31401 
28423 23381 32636 31836 
29433 21968 32436 32412 
32084 20453 32241 33007 
35271 19235 32099 33557 
37836 19094 32083 34010 
38874 20628 32131 34189 
38218 24291 32276 34172 
36034 29851 32459 33883 
33042 36711 32661 33449 
29992 43851 32864 32888 
27763 49720 33018 32291 
26717 53474 33184 31824 
26726 54440 33247 31438 
27600 52617 33282 31303 
28972 48046 33216 31364 
30637 41377 33069 31623 
32608 33326 32872 32044 
34894 24789 32651 32532 
37456 16848 32467 33106 
39772 10746 32253 33555 
41467 7568 32187 33937 
42014 7566 32197 34120 
41200 10752 32307 34089 
38941 16853 32513 33840 
35394 25014 32720 33379 
31086 34249 32950 32830 
26379 43728 33122 32230 
21945 52626 33262 31710 
18523 59825 33296 31332 
17098 63707 33225 31154 
18190 63035 33046 31240 
21729 57733 32817 31548 
27107 48273 32540 32026 
33568 36285 32333 32655 
39903 24079 32146 33267 
45245 13926 32049 33753 
49302 6752 32084 34103 
51778 2814 32237 34234 
52289 1735 32443 34105 
50435 3463 32733 33780 
45727 8231 32980 33299 
38068 16717 33175 32732 
28300 28979 33360 32229 
17925 43844 33408 31750 
9122 59411 33391 31472 
4915 65338 33263 31386 
6083 65511 33044 31497 
12347 65535 32786 31780 
22026 65520 32511 32183 
32940 52115 32261 32657 
42648 35544 32071 33127 
49804 21905 31935 33494 
53742 13395 31924 33775 
54256 10141 32030 33903 
51545 10687 32248 33842 
46397 13040 32505 33594 
39864 15884 32824 33238 
33089 18869 33151 32834 
27154 22401 33399 32364 
22786 27220 33606 31980 
20285 33345 33684 31678 
19343 40203 33597 31517 
19725 46587 33430 31561 
21303 50918 33103 31715 
24361 51770 32749 32046 
28717 48647 32424 32457 
33924 42254 32143 32905 
38869 34302 31927 33302 
42478 26947 31807 33595 
43862 22506 31869 33804 
42871 21532 32006 33814 
40130 23419 32261 33713 
36377 26552 32481 33449 
32669 29218 32715 33118 
30018 30319 32904 32764 
28709 30139 33027 32430 
28751 29797 33100 32174 
29706 30589 33122 31993 
30858 33218 33108 31931 
31549 37152 33093 31966 
31628 40986 33087 32088 
31335 43055 33084 32222 
31213 42279 33094 32379 
31569 38820 33082 32518 
32395 33967 33050 32631 
33285 29476 32975 32719 
33839 26785 32835 32798 
33844 26319 32628 32830 
33501 27495 32433 32932 
33150 29020 32213 33027 
33084 29910 32024 33109 
33221 30036 31894 33211 
33233 30228 31861 33277 
32928 31448 31937 33304 
32474 33931 32129 33258 
32328 36897 32403 33148 
32730 39063 32738 32947 
33519 39150 33083 32699 
34165 37131 33387 32417 
34244 33899 33606 32143 
33703 30868 33728 31920 
32850 29037 33693 31761 
32072 28545 33546 31723 
31597 28786 33251 31805 
31354 29132 32895 31974 
31156 29374 32512 32254 
31120 29889 32175 32653 
31419 31257 31928 33079 
32098 33789 31756 33449 
32811 37150 31772 33775 
33078 40388 31916 33978 
32635 42041 32178 33993 
31774 41017 32515 33818 
31371 37217 32873 33497 
32016 31603 33144 32991 
33822 26196 33380 32453 
35929 22968 33519 31942 
36861 23074 33490 31471 
35878 26059 33337 31189 
33485 30195 33090 31124 
31040 33677 32782 31279 
29966 35471 32516 31705 
30551 35552 32275 32237 
32051 35084 32139 32842 
33216 35197 32117 33440 
33263 36242 32164 33912 
32416 37622 32346 34241 
31618 37993 32553 34308 
31833 36386 32785 34169 
32969 32828 32929 33767 
34270 28411 33039 33240 
34798 24618 33093 32663 
34227 22664 33100 32073 
33053 23187 33017 31579 
32110 26008 32885 31257 
31856 30548 32718 31158 
31975 36013 32568 31319 
31643 41399 32430 31671 
30398 45365 32325 32187 
28745 46869 32300 32768 
27801 45592 32325 33332 
28615 41897 32429 33795 
31231 36679 32572 34061 
34837 30821 32771 34127 
37863 25154 32935 33925 
39591 19956 33098 33546 
39990 15605 33230 33037 
39570 12927 33306 32480 
38777 13141 33311 31936 
37554 17350 33218 31540 
35318 25336 33019 31304 
31705 35955 32812 31313 
26953 46988 32589 31575 
22359 56098 32390 32045 
19492 61289 32219 32574 
19673 60969 32085 33106 
22799 55424 32061 33585 
27675 45793 32134 33914 
32591 34063 32242 33999 
36596 22592 32425 33892 
39551 13292 32614 33576 
41888 7763 32776 33132 
43764 6494 32891 32654 
44922 8669 32981 32238 
44509 13222 32988 31919 
42011 19340 33004 31774 
37454 26747 33026 31839 
32096 34798 33003 32012 
27461 43175 33003 32300 
24268 51498 33045 32611 
22394 58492 33058 32867 
21165 62613 33046 33025 
20075 62448 33020 33079 
19379 57259 32912 32955 
20308 47921 32790 32785 
23865 35641 32605 32552 
30282 22634 32416 32361 
38450 11205 32223 32247 
46405 3142 32049 32269 
51723 196 31960 32438 
53347 100 31912 32671 
51515 6119 32028 33038 
47183 13910 32209 33381 
41395 23692 32479 33664 
35110 34329 32807 33830 
28656 45083 33123 33759 
22427 55026 33374 33499 
16864 63158 33572 33094 
12711 65388 33668 32568 
10706 65462 33645 32028 
11341 65491 33484 31530 
15238 58517 33213 31187 
22908 44879 32905 31051 
33644 27541 32601 31212 
45353 9814 32330 31576 
55572 306 32120 32138 
61451 51 31967 32746 
61169 24 31921 33379 
54840 7353 31927 33939 
44736 17033 32045 34322 
33684 31134 32188 34464 
24220 43911 32392 34376 
17610 53348 32623 34060 
13804 58602 32844 33524 
12017 60063 33038 32901 
11997 58169 33233 32298 
14369 52666 33365 31707 
20216 43133 33449 31291 
29286 29995 33461 31070 
39867 15457 33418 31091 
49539 2238 33285 31304 
55864 110 33111 31688 
57263 33 32872 32186 
53552 1014 32591 32697 
45838 16223 32338 33212 
36105 32859 32102 33619 
26135 50204 31881 33871 
17735 64328 31802 34026 
12371 65466 31754 33966 
11412 65526 31877 33828 
14868 65528 32071 33579 
21882 57055 32344 33255 
30688 41974 32694 32899 
39263 24810 33058 32531 
45472 11222 33425 32182 
48074 3389 33720 31894 
47279 1209 33870 31651 
44163 3956 33904 31524 
39876 10631 33770 31481 
35393 20046 33501 31541 
30860 31350 33157 31754 
26159 43322 32751 32033 
21501 53921 32340 32404 
17821 60794 31958 32855 
16826 61381 31711 33332 
19655 55035 31583 33773 
26333 42830 31608 34115 
35380 27669 31743 34276 
44513 13348 32034 34275 
50586 4372 32365 34080 
52071 2687 32704 33689 
48863 8045 32991 33144 
42547 18433 33248 32521 
35074 31134 33454 31923 
28565 42799 33535 31379 
23923 51882 33513 31023 
21147 57672 33404 30873 
19854 59880 33242 30980 
19749 58186 33021 31310 
21076 52365 32842 31856 
24087 42463 32657 32483 
28730 29491 32516 33144 
34401 15643 32381 33711 
39982 4192 32316 34170 
43909 137 32260 34361 
45279 27 32279 34354 
43761 10450 32285 34089 
40145 24430 32329 33638 
35871 38995 32423 33094 
32653 50010 32503 32524 
31349 55497 32618 32017 
31721 55339 32733 31618 
32509 51005 32857 31454 
32144 44918 32946 31449 
29909 38795 33012 31644 
26283 33532 33097 32008 
22794 29246 33143 32428 
21218 25858 33172 32847 
22601 23597 33134 33191 
26547 22871 33044 33409 
31566 24083 32925 33478 
36199 27071 32789 33422 
39620 30921 32637 33218 
41984 33858 32483 32984 
44002 34554 32355 32706 
45940 32750 32313 32490 
46881 29341 32324 32331 
45317 26418 32359 32256 
40312 25976 32445 32290 
32321 28713 32542 32369 
23069 34060 32644 32534 
14958 40381 32739 32755 
10490 45528 32756 32928 
10643 48065 32738 33066 
15009 47702 32744 33187 
22319 44674 32735 33213 
31240 39640 32747 33156 
40432 33194 32786 33014 
47942 26445 32859 32794 
53003 20017 32985 32569 
54574 14901 33107 32332 
52278 12179 33209 32137 
46732 12722 33242 31991 
39531 16541 33171 31916 
32094 23084 33066 31999 
25395 31510 32877 32161 
19564 41020 32649 32425 
14829 50312 32408 32756 
11749 57766 32193 33070 
11394 61793 32027 33344 
15153 60649 31961 33545 
23826 53099 31988 33634 
35545 40252 32114 33612 
47437 24936 32321 33457 
56192 10776 32576 33200 
58936 1670 32838 32887 
54676 63 33085 32524 
44716 6131 33274 32162 
33211 17293 33405 31893 
23514 30205 33488 31757 
18304 41499 33456 31725 
17968 49012 33295 31803 
21122 51937 33105 32042 
25259 50649 32801 32304 
28747 46790 32496 32647 
31025 42032 32261 33033 
32510 37720 32069 33362 
33995 34527 31948 33591 
35773 32513 31968 33719 
37431 30915 32111 33705 
38156 29010 32329 33522 
37542 26549 32631 33238 
35954 23982 32932 32873 
34432 22199 33164 32452 
33985 21888 33380 32107 
34713 23176 33471 31824 
35784 25748 33429 31663 
35823 28872 33287 31675 
33948 32173 33056 31835 
30438 35512 32779 32113 
26476 38984 32465 32463 
23853 42458 32241 32901 
23418 45315 32068 33259 
25016 47051 32023 33556 
27667 46987 32094 33736 
30435 44660 32246 33739 
32807 40275 32453 33571 
35278 34378 32713 33299 
38458 27376 32926 32923 
42474 19872 33110 32518 
46460 12871 33248 32201 
48705 7616 33286 31929 
47483 6014 33246 31813 
42161 9425 33145 31819 
33579 18307 32992 31947 
23388 31844 32826 32223 
14483 47327 32691 32501 
9288 61088 32577 32819 
8901 65392 32439 33019 
13581 65514 32361 33183 
22277 65531 32308 33273 
33338 56762 32273 33257 
44088 42136 32275 33208 
52374 24523 32309 33106 
56483 9679 32382 32997 
55687 693 32477 32883 
50377 70 32628 32788 
42306 77 32819 32723 
32970 10507 33027 32663 
23800 22137 33211 32598 
15999 35080 33365 32514 
10962 47230 33459 32428 
9895 56377 33485 32316 
13439 61019 33407 32205 
21426 59969 33223 32120 
32709 52911 32948 32067 
44507 41169 32665 32128 
53810 27193 32379 32270 
58537 13839 32169 32529 
57598 3991 32003 32823 
51256 213 31908 33120 
41342 3486 31937 33430 
