32903 33036 32967 32186 
32903 33036 32967 32186 
32872 32740 32886 31957 
32835 32471 32802 31843 
32775 32270 32716 31852 
32741 32174 32678 31987 
32666 32126 32615 32162 
32597 32157 32545 32427 
32545 32261 32505 32695 
32511 32408 32465 32963 
32438 32517 32397 33166 
32468 32685 32407 33388 
32485 32789 32421 33485 
32510 32855 32469 33496 
32580 32910 32571 33441 
32696 32981 32754 33314 
32815 33012 32927 33089 
32953 33082 33128 32837 
33076 33115 33293 32536 
33206 33176 33435 32259 
33242 33169 33455 31977 
33194 33104 33343 31755 
33101 33009 33170 31659 
32914 32823 32858 31662 
32723 32649 32553 31852 
32567 32519 32291 32181 
32395 32357 32049 32569 
32242 32219 31866 32965 
32174 32143 31847 33386 
32187 32143 31962 33715 
32246 32176 32148 33907 
32351 32240 32414 33915 
32483 32335 32670 33772 
32638 32453 32917 33514 
32744 32545 33054 33122 
32872 32688 33150 32736 
32998 32863 33217 32384 
33072 33037 33206 32100 
33102 33198 33162 31888 
33111 33356 33118 31801 
33066 33448 33055 31796 
33023 33503 33040 31930 
32931 33451 32991 32066 
32847 33337 32943 32250 
32737 33124 32847 32426 
32657 32865 32744 32605 
32596 32568 32607 32768 
32567 32288 32458 32960 
32528 32006 32274 33099 
32504 31804 32129 33240 
32464 31663 31994 33324 
32458 31681 31977 33403 
32449 31829 32041 33438 
32502 32107 32231 33450 
32510 32414 32432 33343 
32580 32825 32745 33209 
32629 33172 33012 32960 
32662 33470 33241 32654 
32802 33752 33489 32392 
32895 33865 33606 32091 
33001 33842 33655 31864 
33071 33650 33541 31676 
33105 33365 33328 31623 
33117 32998 33047 31703 
33057 32577 32694 31897 
32992 32204 32378 32236 
32823 31822 32059 32589 
32638 31573 31839 33018 
32404 31442 31703 33417 
32262 31525 31764 33814 
32177 31767 31942 34032 
32157 32089 32215 34062 
32237 32501 32549 33909 
32396 32967 32928 33591 
32571 33386 33245 33108 
32824 33766 33542 32559 
33043 33995 33711 32029 
33224 34061 33764 31575 
33291 33910 33621 31243 
33299 33649 33399 31152 
33192 33246 33029 31253 
33081 32856 32690 31631 
32910 32422 32352 32145 
32731 32064 32104 32759 
32541 31778 31919 33328 
32370 31608 31874 33820 
32256 31599 31931 34110 
32202 31727 32102 34207 
32203 31960 32309 34068 
32274 32246 32544 33756 
32354 32519 32722 33311 
32520 32819 32914 32856 
32593 32967 32946 32325 
32759 33139 33032 31981 
32872 33213 33062 31744 
32961 33231 33071 31650 
33056 33227 33097 31715 
33092 33194 33098 31863 
33133 33192 33115 32083 
33153 33215 33134 32318 
33101 33204 33106 32525 
33041 33176 33039 32716 
32947 33117 32937 32864 
32775 32922 32728 32940 
32613 32694 32525 33037 
32513 32476 32368 33174 
32340 32151 32135 33220 
32263 31905 32017 33322 
32217 31703 31930 33375 
32230 31643 31959 33398 
32320 31754 32100 33385 
32413 31940 32303 33248 
32546 32262 32580 33050 
32696 32658 32892 32779 
32807 33032 33143 32387 
32923 33416 33380 32040 
33008 33696 33506 31713 
33102 33872 33559 31520 
33204 33929 33559 31510 
33238 33788 33413 31611 
33164 33471 33180 31839 
33107 33131 32941 32225 
32930 32663 32629 32618 
32791 32293 32391 33126 
32574 31934 32139 33546 
32362 31671 31931 33874 
32158 31555 31798 34034 
32043 31605 31793 34051 
32022 31808 31886 33931 
32081 32095 32099 33658 
32207 32411 32364 33270 
32428 32798 32725 32834 
32676 33125 33074 32353 
32950 33415 33394 31929 
33203 33623 33654 31576 
33405 33701 33797 31345 
33530 33691 33811 31273 
33543 33546 33667 31336 
33401 33308 33382 31561 
33200 33018 33037 31908 
32902 32664 32613 32314 
32635 32393 32254 32835 
32329 32114 31901 33315 
32139 31965 31705 33750 
31995 31882 31639 34033 
32005 31954 31772 34195 
32085 32107 32005 34166 
32235 32317 32307 33963 
32399 32520 32625 33585 
32575 32719 32894 33129 
32729 32865 33095 32643 
32856 32962 33193 32200 
32936 33003 33210 31819 
33016 33006 33177 31589 
33057 32946 33097 31524 
33100 32879 33016 31620 
33101 32800 32946 31815 
33073 32744 32907 32061 
33041 32758 32923 32355 
32964 32797 32937 32600 
32867 32887 32952 32791 
32742 32993 32912 32925 
32638 33094 32844 33017 
32519 33140 32707 33047 
32446 33118 32550 33080 
32353 32957 32325 33088 
32305 32706 32128 33114 
32271 32371 31929 33134 
32320 32052 31864 33204 
32372 31795 31879 33255 
32481 31662 32039 33288 
32725 31880 32641 33141 
32852 32203 33037 32942 
32954 32627 33415 32670 
33034 33088 33715 32349 
33060 33515 33864 31991 
33097 33875 33865 31708 
33114 34073 33708 31545 
33098 34101 33417 31501 
33068 33943 33046 31621 
32989 33604 32627 31869 
32892 33159 32250 32216 
32742 32598 31933 32624 
32597 32055 31774 33074 
32447 31578 31750 33502 
32262 31231 31822 33802 
32156 31102 31999 34003 
32072 31166 32216 34036 
32091 31475 32465 33958 
32210 31977 32734 33785 
32368 32543 32946 33487 
32566 33113 33104 33115 
32745 33605 33194 32651 
33017 34070 33303 32263 
33237 34288 33378 31864 
33345 34260 33340 31486 
33438 34095 33331 31285 
33427 33743 33273 31206 
33302 33252 33139 31270 
33157 32760 33027 31542 
32970 32282 32865 31936 
32735 31841 32643 32380 
32526 31545 32427 32892 
32326 31410 32180 33381 
32208 31479 31987 33830 
32160 31723 31881 34124 
32181 32071 31874 34252 
32272 32475 31972 34227 
32378 32855 32154 33997 
32483 33147 32386 33606 
32588 33369 32670 33174 
32676 33453 32945 32695 
32692 33366 33128 32194 
32687 33190 33252 31809 
32738 32988 33332 31588 
32770 32771 33329 31519 
32850 32611 33286 31605 
32966 32532 33210 31822 
33087 32515 33099 32084 
33228 32603 33021 32399 
33326 32729 32923 32666 
33360 32884 32825 32882 
33271 32961 32692 32985 
33143 33063 32616 33079 
32918 33048 32520 33092 
32623 32932 32404 33044 
32318 32728 32303 33010 
32026 32441 32199 33057 
31815 32179 32129 33230 
31733 31977 32104 33473 
31790 31873 32149 33621 
32012 31950 32292 33517 
32283 32123 32482 32962 
32614 32399 32711 32016 
33003 32801 33011 31045 
33233 33113 33189 30305 
33433 33436 33355 30295 
33572 33714 33484 31112 
33638 33873 33486 32552 
33642 33911 33428 34243 
33458 33701 33245 35661 
33090 33227 32995 36386 
32620 32555 32736 36355 
32089 31896 32532 35662 
31487 31532 32327 34375 
31038 31762 32169 32695 
31349 32260 32073 30840 
33001 32179 32063 29069 
35841 30820 32106 27594 
38474 28592 32194 26732 
38589 27350 32363 26802 
34227 29447 32563 27969 
26064 35824 32784 30171 
17312 44739 32933 33071 
13068 52284 33102 36358 
17090 53834 33255 39411 
29363 46227 33291 41604 
45574 30648 33310 42427 
59503 12201 33244 41540 
65344 383 33130 39009 
59284 0 32962 35141 
49646 2 32821 30541 
33621 17588 32678 26002 
18662 36109 32534 22381 
8423 52516 32439 20446 
3039 63715 32318 20451 
1520 65415 32213 22531 
3119 65448 32181 26509 
8118 65458 32156 31604 
16989 65337 32206 36967 
29566 53406 32294 41718 
44468 38258 32418 45084 
59573 18894 32622 46506 
65322 832 32856 45722 
65477 132 33075 42748 
65523 35 33301 38234 
65535 0 33478 32880 
65535 0 33573 27505 
55050 16597 33638 23011 
35011 37745 33502 20092 
14029 59766 33315 19308 
385 65358 33021 20609 
3 65533 32686 23738 
0 65535 32346 28101 
7778 65535 32025 33067 
23242 65477 31728 37763 
39514 42232 31583 41320 
53616 18100 31607 43357 
62517 600 31768 43710 
63824 69 32026 42377 
57176 10 32388 39659 
43871 0 32779 36128 
26399 6187 33113 32333 
8283 21839 33480 29018 
246 41306 33696 26525 
49 61076 33798 25193 
27 65384 33772 25181 
53 65525 33584 26252 
13538 65535 33342 28182 
28615 65535 33008 30512 
45286 58987 32632 32866 
60490 37806 32320 34869 
65362 15560 32070 36234 
65499 530 31939 36843 
65521 79 31882 36686 
65522 41 31975 35941 
63175 32 32100 34768 
44797 5608 32280 33492 
27970 18142 32579 32416 
13435 33298 32824 31627 
3353 48527 33006 31217 
137 60548 33126 31260 
70 65374 33198 31643 
6493 65499 33202 32243 
15541 58383 33138 32798 
25770 46479 33018 33213 
35537 32167 32900 33412 
42916 18710 32813 33388 
46968 8190 32742 33076 
47538 1985 32693 32614 
45169 601 32654 32065 
40863 4428 32651 31595 
35974 12638 32632 31311 
31893 24130 32624 31295 
29744 36602 32637 31558 
29900 48018 32636 32033 
32065 56359 32652 32646 
35156 60188 32691 33342 
37733 59053 32639 33882 
38715 54113 32623 34296 
37804 46679 32570 34451 
35650 38310 32555 34393 
33190 29801 32495 34082 
31203 21691 32467 33610 
29799 15056 32482 33065 
28254 11015 32535 32495 
25875 11036 32697 32057 
22541 15732 32834 31641 
19475 24596 33039 31434 
18757 34933 33254 31379 
21797 43655 33368 31410 
28659 48348 33476 31633 
37542 47895 33464 31911 
46101 43013 33319 32207 
51618 35916 33066 32521 
52785 29424 32729 32811 
49775 25442 32385 33083 
43421 24941 32069 33338 
35085 27482 31828 33504 
26340 31760 31725 33656 
19296 35835 31776 33721 
16091 37989 31945 33698 
17387 37808 32217 33610 
22752 35668 32537 33416 
30310 32800 32883 33160 
37399 30581 33175 32785 
41512 30071 33419 32411 
41648 30995 33567 32073 
38890 32159 33596 31783 
35425 32217 33505 31565 
33158 30584 33268 31454 
32701 27914 32980 31523 
32857 25980 32673 31754 
31710 26688 32389 32094 
28140 30859 32144 32523 
22955 37673 32005 32987 
18465 45036 31952 33422 
17933 49916 32041 33771 
22973 49998 32247 33987 
32866 44609 32515 34005 
44881 34794 32831 33846 
55580 22864 33084 33485 
61774 11867 33274 32996 
61175 5144 33368 32498 
54136 4440 33377 32047 
42055 10153 33236 31653 
27601 21276 33019 31454 
13163 35912 32775 31476 
1846 50991 32526 31679 
92 62720 32374 32101 
41 65417 32231 32517 
5897 65497 32207 33002 
17937 65505 32255 33397 
32292 54714 32371 33684 
45985 39931 32527 33823 
57321 23776 32698 33764 
64691 8236 32824 33518 
65432 293 32897 33154 
65477 85 32973 32757 
65385 40 33007 32328 
51694 34 32989 31961 
36065 14009 32964 31735 
18184 31356 32881 31619 
1543 50697 32802 31709 
78 64933 32708 31951 
2 65490 32624 32314 
22 65535 32518 32716 
14532 65535 32478 33182 
29953 65503 32425 33543 
44289 46280 32468 33864 
54799 25677 32523 33947 
59817 7456 32666 33896 
59573 222 32798 33617 
55265 59 32927 33174 
48010 46 33029 32643 
38408 5146 33058 32073 
27325 16763 33101 31622 
16385 31301 33015 31269 
7257 46504 32889 31137 
1821 59738 32710 31227 
1425 65335 32577 31608 
6549 65492 32466 32160 
16432 65519 32380 32778 
29062 65325 32368 33395 
42648 47156 32406 33934 
54935 28491 32508 34305 
63756 10254 32655 34459 
65442 325 32790 34342 
65493 55 32876 33965 
58957 40 32936 33383 
47845 7246 32985 32778 
35182 14602 32985 32147 
23350 27151 32949 31576 
14179 39679 32860 31170 
8850 50320 32742 30971 
7616 57508 32661 31079 
9416 61096 32585 31422 
13403 60739 32528 31950 
18837 56349 32490 32561 
25391 47992 32479 33198 
32481 36681 32484 33764 
39367 24511 32533 34181 
45452 13455 32665 34387 
49728 5552 32773 34321 
51517 2225 32859 33988 
50665 3870 32954 33452 
47639 9593 33087 32860 
42908 17870 33111 32186 
37273 27349 33102 31615 
31247 37050 33059 31218 
25264 46422 32913 31003 
20236 54750 32793 31113 
16706 61563 32615 31438 
15560 65271 32477 31997 
17239 65467 32352 32599 
21818 60031 32304 33291 
28254 48736 32250 33806 
35144 33905 32287 34187 
41301 18222 32391 34334 
45728 5166 32543 34258 
47941 179 32694 33923 
47744 72 32837 33401 
45174 86 32953 32796 
40542 8025 33093 32224 
34471 16962 33186 31731 
28012 27533 33196 31344 
22511 39408 33193 31191 
19160 51317 33086 31236 
18514 61460 32947 31494 
20131 65369 32741 31910 
23420 65489 32564 32441 
27796 65512 32342 32959 
32987 55128 32165 33462 
38484 40031 32073 33873 
43721 23831 32087 34116 
47626 9477 32183 34171 
48966 488 32378 34035 
46826 66 32613 33676 
41373 45 32925 33263 
33863 9826 33153 32729 
26202 22646 33357 32182 
20293 36799 33499 31725 
17299 49184 33504 31393 
17521 57481 33364 31193 
20510 60007 33172 31238 
25295 56805 32892 31487 
30770 49534 32609 31886 
36155 40084 32341 32401 
40658 30314 32147 32957 
43685 21606 31996 33440 
44841 14768 31952 33828 
43943 10723 32046 34072 
41175 9800 32194 34089 
37140 12622 32365 33913 
32582 19479 32568 33593 
28155 29961 32772 33205 
24538 42462 32910 32743 
22468 53652 33019 32361 
22191 61092 33089 32044 
23904 62403 33172 31887 
27408 56806 33198 31813 
32226 45299 33191 31832 
37202 30670 33179 31949 
41148 17019 33169 32138 
43084 7377 33099 32316 
42540 3857 32986 32482 
39655 6774 32829 32630 
35103 15063 32650 32768 
30111 26182 32469 32905 
26061 37134 32261 33001 
23908 46102 32105 33113 
24103 51627 32012 33211 
26329 53251 31984 33289 
29846 51244 32051 33331 
33542 46465 32209 33336 
36430 40142 32424 33280 
38151 33115 32685 33175 
38714 26145 32940 32979 
38331 20134 33150 32718 
37293 16090 33355 32473 
35664 15138 33460 32224 
33544 17762 33460 32007 
31192 23575 33418 31881 
28972 31208 33298 31847 
27427 38831 33116 31898 
27111 44267 32893 32040 
28175 46337 32660 32258 
30281 45196 32454 32563 
32701 41748 32249 32854 
34597 37464 32044 33112 
35483 33573 31926 33356 
35247 30733 31895 33553 
34348 28986 31990 33692 
33196 27745 32116 33665 
32233 26942 32337 33553 
31602 26872 32647 33373 
31363 27933 32965 33079 
31619 30155 33247 32715 
32542 33075 33508 32345 
34051 35651 33683 31990 
35833 36685 33745 31703 
37286 35452 33671 31528 
37752 32299 33478 31513 
36824 28633 33182 31652 
34591 26198 32805 31902 
31664 26540 32436 32286 
28705 29969 32083 32712 
26323 35646 31829 33166 
24909 41328 31684 33547 
24559 44913 31697 33801 
25408 44966 31866 33909 
27673 41264 32104 33841 
31492 34822 32374 33589 
36454 27980 32691 33314 
41454 22706 32954 32960 
45003 20301 33096 32565 
45926 21084 33249 32317 
43499 24173 33266 32083 
38425 28309 33240 31992 
32339 32255 33209 32016 
26716 35572 33159 32102 
22771 38195 33106 32225 
21061 40296 33075 32364 
21547 41807 33023 32433 
23682 42342 32968 32485 
26874 41392 32869 32485 
30575 38629 32748 32469 
34311 34282 32579 32514 
37884 29058 32384 32605 
41058 24249 32175 32753 
43427 21163 31981 32964 
44510 20486 31840 33207 
43758 22308 31844 33478 
40655 25994 31951 33714 
35273 30710 32168 33833 
28650 35462 32470 33763 
22656 39518 32810 33546 
18921 42632 33178 33201 
18461 44458 33476 32739 
21231 44789 33722 32251 
26136 43066 33810 31738 
31469 39121 33791 31348 
35897 33304 33627 31145 
39080 26588 33361 31160 
41347 20589 33018 31376 
43045 16877 32616 31762 
44049 16613 32228 32306 
43529 19862 31879 32877 
40709 25710 31644 33463 
35540 32606 31504 33910 
29069 39091 31577 34228 
22991 43993 31728 34310 
19440 46576 32070 34231 
19334 46691 32455 33940 
22287 44675 32911 33505 
26864 41068 33294 32957 
31731 36452 33645 32362 
35362 31855 33865 31828 
37545 27943 33957 31434 
38575 24938 33843 31186 
38951 23086 33599 31096 
38941 22509 33279 31247 
38443 23144 32866 31573 
37420 24907 32439 32024 
36057 27497 32100 32579 
34530 30360 31816 33102 
33072 33066 31693 33606 
31606 35404 31699 33971 
30096 37353 31850 34147 
28537 39140 32087 34104 
27328 40768 32382 33918 
27045 41810 32693 33579 
28075 41545 32936 33137 
30043 39398 33078 32664 
32151 35551 33193 32294 
33331 30810 33205 31993 
33170 26780 33149 31800 
32127 24885 33069 31748 
31376 25800 32983 31820 
31989 28622 32936 31986 
34243 31642 32941 32189 
37499 33076 32971 32413 
40508 31864 32967 32571 
41895 28722 32983 32730 
40872 25714 32928 32807 
37577 25106 32838 32887 
32735 28218 32684 32940 
27591 34509 32493 32986 
23354 41987 32263 33034 
21272 47808 32102 33137 
21745 49283 31928 33140 
24505 46249 31918 33186 
28712 39774 31987 33216 
33344 31975 32173 33164 
37465 25176 32464 33097 
40213 21041 32763 32903 
41402 19978 33099 32706 
41185 21142 33402 32486 
39828 23481 33614 32228 
37571 26166 33709 31999 
34659 28883 33668 31854 
31537 31805 33494 31800 
28731 35102 33214 31857 
26578 38859 32828 32004 
25479 42560 32439 32307 
25640 45176 32111 32697 
27077 45476 31834 33088 
29845 42657 31701 33477 
33312 37217 31771 33798 
36897 30262 31974 33947 
39633 23665 32283 33903 
40666 19259 32668 33692 
39460 18285 33045 33321 
36120 21080 33353 32794 
31843 26656 33564 32242 
27722 33598 33633 31744 
24814 40344 33553 31377 
23772 45391 33356 31220 
24847 47578 33036 31273 
27916 46234 32724 31595 
32373 41519 32405 32094 
37354 34420 32162 32677 
41679 26677 32016 33282 
44098 20113 31987 33797 
43660 16617 32083 34145 
40382 16710 32239 34225 
35267 20216 32472 34094 
29655 26197 32696 33731 
24826 33564 32865 33200 
21900 40818 32937 32602 
21437 46462 33020 32126 
23271 49335 32979 31716 
27114 48788 32903 31502 
32343 44944 32898 31584 
37723 38343 32836 31772 
41879 30673 32839 32112 
43456 23835 32861 32481 
42123 19145 32921 32854 
38483 17316 32966 33114 
34028 18368 33002 33260 
30234 21817 32984 33247 
28082 26895 32946 33112 
27097 33017 32812 32913 
26431 39486 32610 32638 
25573 45659 32445 32474 
24795 50449 32233 32345 
25392 52441 32055 32361 
28556 50367 31999 32523 
34366 43699 32026 32748 
41616 32965 32147 33020 
47992 20204 32344 33269 
51023 8455 32640 33439 
48946 1776 32974 33504 
42091 2566 33199 33312 
32543 11160 33483 33094 
22872 25204 33589 32703 
15953 40973 33629 32295 
13395 54604 33529 31918 
15352 62428 33329 31635 
20490 63558 33077 31562 
26990 59130 32777 31630 
33223 51331 32480 31869 
38356 42025 32256 32233 
41983 32652 32085 32682 
44330 23630 31997 33147 
45605 14855 31935 33491 
45700 7133 31968 33766 
44218 2062 32022 33876 
40877 1737 32206 33875 
35799 7386 32368 33678 
30054 18484 32594 33435 
24760 32839 32844 33101 
21036 47218 33071 32741 
19610 58740 33316 32390 
20550 64597 33546 32105 
23179 63751 33702 31888 
26724 58788 33758 31728 
30581 49821 33679 31640 
34419 39123 33537 31687 
37859 28097 33252 31817 
40395 18522 32887 32004 
41320 12239 32500 32279 
40536 9771 32115 32625 
38374 11319 31785 32962 
35725 16537 31575 33328 
33794 23638 31511 33623 
33221 30727 31637 33853 
33735 36446 31908 33947 
34376 39944 32214 33882 
34129 41388 32620 33723 
32226 41324 32954 33410 
29188 40612 33238 33035 
26071 39808 33461 32688 
24079 39027 33531 32299 
23763 38211 33494 31996 
24878 37162 33349 31750 
26907 35898 33179 31630 
29363 34438 32990 31612 
32340 32818 32800 31690 
36078 31052 32705 31877 
40489 29105 32682 32139 
44537 27069 32670 32396 
46713 25390 32698 32675 
45721 24544 32712 32933 
41524 24819 32681 33154 
35652 26115 32628 33359 
30207 27877 32536 33534 
26855 29531 32394 33627 
25845 30998 32284 33689 
25906 32520 32199 33647 
25404 34776 32163 33531 
23722 38264 32181 33288 
21913 42777 32320 33004 
21984 47133 32541 32680 
25575 49292 32788 32326 
32227 47581 32988 31992 
39856 41660 33158 31718 
45705 32653 33242 31600 
47724 23132 33305 31646 
45411 15943 33251 31813 
40317 13548 33153 32078 
34619 16246 33021 32412 
29990 22654 32903 32784 
27137 30333 32786 33093 
26032 36813 32733 33351 
26345 40299 32713 33499 
27734 40453 32682 33463 
29930 38447 32671 33331 
32355 35877 32634 33101 
34146 34231 32553 32829 
34708 34136 32453 32565 
33988 35078 32329 32354 
32889 35823 32243 32290 
32446 35136 32142 32309 
33281 32683 32148 32453 
35015 29117 32236 32698 
36311 26064 32348 32886 
35907 25643 32586 33108 
