33959 33630 33721 31367 
33959 33630 33721 31367 
34051 33473 33743 31247 
33955 33223 33621 31282 
33676 32900 33372 31479 
33265 32565 33064 31823 
32809 32284 32724 32268 
32345 32087 32389 32765 
31918 31956 32073 33228 
31582 31909 31837 33607 
31493 32025 31767 33939 
31562 32200 31819 34088 
31794 32401 31970 34075 
32135 32609 32204 33905 
32515 32764 32459 33591 
32869 32866 32689 33215 
33163 32895 32883 32797 
33354 32875 32999 32391 
33438 32855 33085 32088 
33390 32815 33105 31872 
33063 32829 33118 31776 
32891 32902 33137 31879 
32710 33008 33149 32015 
32594 33125 33154 32178 
32548 33245 33157 32337 
32557 33281 33111 32469 
32634 33266 33035 32609 
32668 33099 32849 32704 
32721 32849 32642 32827 
32728 32519 32412 32978 
32685 32163 32183 33155 
32554 31822 31950 33322 
32425 31592 31812 33498 
32317 31543 31765 33614 
32294 31732 31879 33700 
32288 32034 32074 33607 
32421 32489 32397 33453 
32631 32991 32769 33172 
32833 33434 33108 32771 
33079 33808 33430 32336 
33316 34018 33681 31948 
33445 33987 33768 31572 
33480 33793 33742 31373 
33415 33431 33605 31332 
33207 32955 33325 31416 
32933 32462 33018 31674 
32616 31997 32676 32067 
32315 31667 32388 32556 
32022 31467 32088 33048 
31804 31432 31855 33494 
31734 31630 31759 33907 
31822 31968 31762 34164 
31989 32381 31841 34225 
32305 32870 32055 34151 
32650 33285 32303 33882 
33053 33671 32650 33484 
33404 33877 32989 32967 
33616 33850 33266 32385 
33733 33707 33521 31867 
33698 33445 33665 31421 
33520 33103 33709 31135 
33237 32723 33625 31037 
32910 32379 33466 31175 
32545 32059 33187 31480 
32237 31876 32861 31951 
32029 31824 32543 32523 
31946 31904 32268 33108 
31939 32055 32017 33617 
32063 32315 31887 34020 
32269 32630 31877 34220 
32505 32926 31959 34199 
32736 33175 32131 33983 
32909 33319 32336 33607 
33026 33356 32565 33164 
33067 33254 32767 32685 
33039 33052 32918 32265 
32957 32796 33011 31949 
32850 32519 33035 31783 
32808 32380 33083 31838 
32761 32280 33062 31944 
32752 32301 33060 32167 
32791 32440 33076 32415 
32821 32618 33087 32588 
32872 32855 33135 32730 
32880 33038 33145 32747 
32873 33190 33146 32716 
32824 33237 33064 32631 
32774 33202 32950 32561 
32649 33040 32727 32511 
32540 32848 32484 32579 
32423 32585 32196 32709 
32367 32364 31971 32953 
32300 32152 31772 33177 
32329 32065 31716 33451 
32394 32062 31764 33624 
32546 32220 32003 33708 
32690 32422 32326 33610 
32880 32713 32744 33399 
33012 32963 33143 33001 
33080 33151 33483 32506 
33149 33310 33776 32055 
33171 33373 33916 31663 
33138 33328 33889 31408 
33039 33171 33684 31310 
32930 32983 33400 31452 
32785 32743 33008 31725 
32617 32493 32582 32119 
32517 32317 32224 32632 
32365 32121 31875 33081 
32253 32037 31641 33505 
32182 32035 31559 33828 
32176 32130 31622 33979 
32228 32301 31805 33969 
32349 32561 32114 33829 
32493 32799 32443 33541 
32699 33072 32848 33222 
32866 33249 33187 32794 
33102 33427 33537 32420 
33291 33488 33788 32102 
33375 33399 33855 31799 
33447 33263 33841 31640 
33349 33002 33628 31543 
33210 32753 33340 31593 
33011 32493 32977 31747 
32759 32293 32590 31993 
32502 32186 32229 32328 
32247 32141 31917 32678 
32101 32225 31776 33101 
31975 32299 31683 33431 
31993 32473 31794 33749 
32104 32631 31998 33910 
32317 32778 32278 33926 
32585 32882 32600 33803 
32822 32893 32867 33518 
32987 32797 33036 33143 
33138 32727 33181 32784 
33197 32620 33234 32412 
33160 32542 33203 32107 
33059 32526 33131 31894 
32928 32598 33045 31831 
32788 32748 32964 31852 
32668 32929 32891 31945 
32593 33137 32865 32086 
32605 33321 32900 32278 
32682 33463 32976 32492 
32752 33448 32984 32613 
32818 33314 32955 32722 
32874 33059 32859 32800 
32868 32704 32695 32860 
32827 32345 32496 32976 
32717 31991 32241 33068 
32565 31722 32019 33183 
32399 31607 31852 33308 
32257 31635 31793 33411 
32192 31858 31887 33487 
32203 32188 32117 33470 
32284 32592 32451 33350 
32486 33051 32866 33158 
32695 33439 33247 32821 
32963 33760 33591 32442 
33216 33929 33833 32065 
33450 33928 33933 31738 
33537 33705 33819 31470 
33519 33344 33558 31374 
33383 32924 33214 31449 
33150 32454 32812 31652 
32865 32054 32411 32031 
32553 31771 32058 32513 
32230 31624 31781 33024 
31963 31633 31607 33494 
31808 31817 31598 33914 
31802 32108 31758 34207 
31891 32466 32026 34332 
32100 32819 32361 34287 
32346 33092 32686 33985 
32676 33338 33049 33559 
33017 33486 33387 33024 
33312 33510 33621 32406 
33566 33463 33774 31818 
33676 33306 33768 31297 
33666 33102 33640 30972 
33513 32887 33391 30843 
33286 32684 33084 30951 
32962 32521 32720 31282 
32645 32445 32399 31856 
32333 32375 32118 32500 
32052 32321 31900 33145 
31882 32308 31810 33774 
31834 32294 31835 34267 
31914 32319 31992 34549 
32067 32304 32194 34556 
32322 32362 32472 34350 
32644 32476 32763 33915 
32961 32625 33022 33328 
33196 32782 33181 32641 
33421 33025 33337 32029 
33520 33222 33394 31488 
33504 33365 33363 31134 
33379 33425 33265 31012 
33098 33331 33046 31110 
32823 33191 32831 31472 
32509 32948 32591 31983 
32233 32684 32387 32589 
32019 32406 32245 33198 
31893 32138 32149 33686 
31930 32002 32202 34088 
32081 31958 32343 34224 
32338 32049 32538 34135 
32666 32245 32777 33838 
32979 32500 32981 33347 
33263 32792 33134 32797 
33491 33084 33231 32219 
33584 33328 33232 31711 
33536 33454 33132 31390 
33363 33461 32970 31273 
33063 33324 32745 31370 
32719 33098 32524 31693 
32379 32828 32351 32158 
32108 32549 32247 32713 
31913 32313 32198 33251 
31854 32161 32244 33695 
31960 32148 32370 34003 
32200 32228 32553 34087 
32524 32389 32772 33980 
32848 32574 32949 33661 
33152 32772 33109 33206 
33381 32929 33206 32689 
33505 33023 33237 32257 
33492 33069 33199 32010 
33341 33016 33089 31962 
33048 32866 32881 31963 
32712 32654 32660 31909 
32368 32474 32469 31676 
32013 32242 32220 31155 
31812 32132 32085 30726 
31808 32189 32075 30682 
31937 32351 32123 31211 
32255 32651 32304 32496 
32714 33054 32559 34245 
33240 33521 32877 36060 
33624 33820 33121 37369 
33815 33898 33396 37838 
33677 33611 33550 37326 
33228 33109 33603 35995 
32437 32639 33487 33999 
31576 32494 33278 31740 
31266 32503 32937 29390 
32368 31973 32583 27299 
34984 30271 32238 25815 
37922 27708 31969 25121 
38748 26078 31807 25505 
35342 27816 31808 27100 
27608 34110 31934 29765 
18396 43806 32206 33317 
13006 52785 32492 37198 
16128 55430 32789 40611 
27600 48882 33023 43010 
43526 33938 33174 43937 
58236 14861 33227 43072 
65271 569 33222 40486 
65006 0 33101 36323 
50567 0 32959 31312 
34578 14576 32857 26385 
19295 32764 32794 22301 
8564 49926 32810 19797 
3150 62393 32825 19245 
1910 65397 32870 20898 
3874 65446 32913 24573 
8966 65456 32948 29632 
17565 65482 32870 35054 
29661 56798 32786 40152 
44139 42058 32614 44019 
58938 22627 32425 46120 
65298 1457 32232 46097 
65471 159 32051 43901 
65520 40 31998 39987 
65535 0 32032 35083 
65535 0 32185 29977 
56083 13303 32448 25479 
36183 33669 32712 22243 
14800 56420 33040 20766 
405 65289 33327 21238 
2 65526 33550 23512 
0 65535 33642 27031 
6495 65535 33609 31146 
21681 65535 33500 35253 
38126 46185 33237 38644 
52971 22092 32902 40896 
62667 897 32534 41723 
64619 87 32176 41097 
58510 13 31885 39265 
45540 0 31715 36644 
28082 990 31694 33705 
9250 18932 31862 30907 
262 38795 32140 28694 
49 59457 32568 27438 
25 65367 32977 27159 
49 65526 33358 27814 
13520 65535 33624 29076 
28607 65535 33753 30688 
44951 62720 33710 32282 
60160 39779 33547 33687 
65360 17077 33220 34649 
65499 591 32819 35069 
65522 80 32438 35029 
65521 39 32105 34624 
62676 30 31893 34009 
44477 6785 31837 33359 
27619 17015 31890 32828 
13107 32250 32077 32481 
3053 47989 32407 32417 
132 60268 32735 32529 
69 65390 33031 32756 
6780 65500 33269 32991 
15944 59751 33414 33155 
26197 47893 33420 33138 
35780 33490 33355 32970 
43057 19453 33167 32614 
47100 8072 32984 32197 
47472 1153 32732 31724 
44964 96 32533 31409 
40677 2454 32364 31258 
35850 10706 32266 31367 
31775 21991 32224 31699 
29449 34952 32207 32222 
29592 47162 32289 32874 
31834 56203 32395 33545 
35039 60577 32568 34155 
37688 59986 32736 34513 
38768 55376 32898 34603 
38010 48256 33058 34415 
35987 40030 33181 33977 
33705 31553 33288 33345 
31888 23215 33317 32608 
30619 16076 33305 31905 
29054 11420 33203 31284 
26422 10832 33018 30906 
22704 15033 32789 30788 
19171 23356 32551 30972 
17921 33441 32347 31407 
20592 42161 32195 32020 
27651 46994 32106 32714 
36884 46483 32107 33380 
45642 41664 32193 33912 
51288 34926 32332 34203 
52786 28864 32558 34326 
50047 25463 32755 34188 
43886 25576 32892 33828 
35698 28717 32946 33339 
27047 33460 33004 32878 
20035 37644 32962 32415 
16665 39763 32957 32130 
17696 39182 32899 31915 
22772 36386 32841 31817 
30175 32789 32833 31844 
37085 29974 32832 31930 
41243 29012 32915 32098 
41357 29770 32978 32248 
38451 30987 33033 32371 
35001 31288 33083 32531 
32836 29910 33020 32609 
32552 27545 32890 32678 
32954 25918 32721 32797 
31994 26899 32486 32929 
28408 31470 32235 33093 
23086 38616 32018 33255 
18506 46004 31909 33413 
17686 50848 31897 33517 
22433 50835 31998 33552 
32179 45173 32238 33506 
44534 34581 32544 33315 
55890 21678 32941 33072 
62167 10323 33269 32717 
61542 3624 33541 32357 
54321 3193 33706 32038 
42250 9438 33738 31776 
27645 21240 33626 31603 
13246 36261 33378 31563 
1846 51723 33073 31678 
89 64107 32721 31900 
38 65448 32369 32186 
5735 65502 32054 32505 
17892 65511 31886 32903 
32043 57470 31804 33280 
45823 42350 31784 33544 
57231 25436 31902 33781 
64779 8707 32121 33904 
65437 289 32386 33891 
65477 83 32706 33778 
65410 39 33008 33512 
52139 15 33266 33147 
36480 12770 33503 32758 
18439 30099 33649 32315 
1398 49822 33708 31909 
72 64886 33595 31532 
0 65487 33407 31326 
19 65535 33130 31282 
14659 65535 32802 31398 
30322 65502 32478 31697 
44874 45885 32194 32145 
55464 24808 31976 32659 
60288 6490 31855 33138 
59914 195 31852 33606 
55434 58 31948 33941 
47903 45 32145 34083 
37929 5375 32387 34031 
26603 16668 32659 33844 
15471 31376 32876 33505 
6166 46855 33011 33065 
789 60413 33100 32666 
77 65355 33115 32286 
5591 65493 33137 32052 
15746 65519 33052 31846 
29072 65502 33033 31834 
43138 48808 33008 31911 
55904 29790 32981 32028 
64777 10946 33015 32213 
65459 348 32985 32352 
65497 57 32975 32516 
64700 39 32952 32673 
50357 3635 32839 32774 
37185 14049 32678 32846 
24582 26491 32496 32923 
14758 38787 32298 33014 
8800 49241 32149 33101 
6738 56799 32028 33188 
7964 60883 32009 33253 
11692 60809 32076 33288 
17004 56449 32230 33256 
23356 48279 32432 33155 
30440 37256 32734 33056 
37581 24892 33001 32858 
44051 13516 33234 32610 
48953 5179 33446 32381 
51363 1735 33557 32152 
50971 3395 33527 31958 
48318 9222 33416 31855 
43952 17698 33213 31833 
38473 27312 32912 31907 
32545 37152 32588 32092 
26680 46530 32296 32400 
21340 55163 32039 32741 
17520 62243 31896 33123 
16060 65385 31851 33441 
17606 65478 31973 33698 
21877 58279 32188 33807 
28094 49698 32511 33779 
34805 34411 32815 33551 
40828 18226 33125 33233 
45106 4671 33338 32802 
47333 158 33508 32360 
47134 69 33512 31935 
44556 88 33403 31610 
39934 8146 33179 31447 
33858 17119 32907 31480 
27401 27655 32592 31684 
21941 39169 32348 32087 
18672 50783 32164 32546 
18056 61035 32033 33055 
19936 65362 32029 33517 
23573 65488 32117 33859 
28376 65510 32296 33996 
33925 54007 32536 33946 
39771 38859 32796 33713 
45262 22346 32977 33295 
49172 7962 33146 32828 
50196 298 33255 32317 
47604 58 33275 31887 
41596 51 33200 31554 
33508 11150 33064 31420 
25314 24505 32924 31482 
18940 38729 32721 31685 
15664 51174 32548 32062 
15848 58911 32378 32481 
18878 60659 32270 32930 
23801 56865 32192 33348 
29651 49035 32195 33702 
35617 39179 32277 33940 
40987 28772 32419 33996 
44647 19950 32587 33876 
46191 13365 32796 33611 
45359 9497 32989 33215 
42489 9133 33153 32751 
38270 12707 33293 32297 
33447 20363 33378 31870 
28771 31290 33349 31481 
24965 43864 33271 31279 
22468 55493 33054 31206 
21889 62772 32827 31372 
23311 63467 32586 31709 
26635 57189 32335 32156 
31225 45182 32151 32691 
36115 30207 32015 33220 
40171 15797 31986 33733 
42270 5864 32069 34103 
41851 2666 32270 34312 
39069 6331 32496 34302 
34709 15056 32710 34029 
29966 26386 32904 33637 
26063 37572 33017 33124 
24041 46591 33051 32554 
24472 52220 33071 32048 
27000 53533 32994 31625 
30766 51219 32940 31417 
34515 46354 32897 31379 
37414 39983 32875 31514 
39106 32967 32905 31778 
39504 26041 32905 32071 
38956 20146 32951 32417 
37575 16198 32962 32744 
35554 15421 32933 33009 
32987 18281 32826 33140 
30238 24214 32668 33221 
27782 31825 32544 33295 
26148 38996 32360 33284 
25823 43906 32175 33222 
27047 45586 32062 33198 
29494 44010 32019 33166 
32343 40380 32070 33133 
34666 36382 32232 33115 
35935 33122 32468 33051 
36103 31010 32731 32902 
35536 29797 33030 32740 
34617 28939 33292 32488 
33681 28298 33481 32208 
32839 28143 33572 31951 
32217 28969 33549 31756 
31993 30842 33428 31660 
32373 33257 33214 31689 
33400 35142 32930 31819 
34850 35490 32630 32091 
36143 33711 32377 32472 
36500 30250 32121 32858 
35573 26656 31943 33276 
33513 24876 31846 33626 
30810 26166 31829 33889 
28167 30603 31914 34004 
26156 36930 32090 33997 
25047 43090 32330 33808 
25071 46686 32651 33491 
26341 46224 32979 33119 
28967 41892 33276 32646 
33100 35117 33535 32182 
38160 27979 33706 31738 
42984 22609 33765 31416 
46122 20194 33687 31199 
46207 21007 33495 31198 
43038 23991 33200 31312 
37395 27890 32828 31599 
30877 31717 32431 32013 
25115 35028 32092 32535 
21239 37677 31809 33058 
19719 39823 31646 33584 
20459 41300 31643 34004 
22982 41656 31774 34233 
26679 40548 32043 34327 
30899 37696 32369 34230 
35113 33402 32663 33893 
39084 28631 32974 33473 
42473 24470 33179 32960 
44976 21992 33314 32449 
45860 21883 33340 31976 
44476 24087 33282 31596 
40631 27913 33205 31449 
34599 32345 33063 31397 
27592 36688 32943 31512 
21334 40300 32829 31708 
17689 42918 32784 32002 
17595 44248 32762 32311 
20887 43944 32773 32600 
26241 41557 32751 32856 
31722 37045 32706 33054 
36303 30857 32623 33210 
39580 24163 32533 33341 
41905 18605 32391 33425 
43647 15768 32243 33469 
44609 16638 32138 33493 
43883 21016 32075 33479 
40735 27839 32123 33443 
35174 35267 32221 33305 
28339 41795 32388 33079 
22304 46317 32645 32823 
18833 48248 32949 32484 
19039 47432 33198 32095 
22470 44412 33442 31790 
27350 39998 33577 31560 
32166 34989 33612 31482 
35699 30124 33503 31491 
37836 26083 33343 31696 
38861 23161 33085 32001 
39297 21569 32822 32436 
39189 21369 32483 32847 
38534 22548 32173 33263 
37336 24895 31942 33619 
35723 27976 31783 33845 
34039 31244 31733 33933 
32444 34210 31791 33882 
30940 36600 31967 33707 
29378 38554 32208 33458 
27862 40269 32540 33130 
26861 41789 32934 32793 
26899 42612 33235 32402 
28361 42120 33525 32059 
30801 39757 33731 31784 
33184 35594 33771 31550 
34434 30607 33686 31443 
34144 26368 33492 31466 
32814 24386 33150 31577 
31786 25240 32807 31872 
32152 27989 32446 32244 
34202 30704 32145 32691 
37194 31656 31914 33141 
39892 30185 31783 33578 
41037 27138 31804 33951 
39862 24569 31919 34146 
36406 24748 32104 34164 
31553 28991 32351 34001 
26513 36583 32642 33651 
22866 44598 32911 33187 
21490 50094 33137 32625 
22591 51182 33301 32050 
25836 47499 33427 31591 
30208 40265 33450 31286 
34709 31907 33374 31179 
38425 24629 33212 31301 
40620 20155 32945 31584 
41226 18794 32667 32082 
40481 19752 32421 32643 
38756 21952 32225 33209 
36280 24582 32044 33638 
33505 27544 32031 33985 
30733 30919 32129 34093 
28304 34992 32313 33989 
26662 39591 32558 33649 
26089 44020 32855 33213 
26615 46906 33099 32668 
28323 47223 33318 32163 
31022 44265 33417 31735 
34316 38385 33373 31441 
37482 30894 33213 31356 
39751 23670 32996 31511 
40133 18841 32715 31854 
38302 17700 32464 32327 
34608 20337 32263 32853 
30208 25777 32132 33340 
26237 32626 32106 33694 
23764 39352 32191 33920 
23335 44455 32337 33929 
25101 46741 32507 33752 
28856 45482 32644 33392 
33946 40808 32770 32990 
39232 33753 32831 32532 
43389 26304 32875 32188 
45218 20273 32860 31913 
44064 17241 32867 31804 
40103 17812 32855 31831 
34323 21833 32913 32016 
28343 28274 32975 32231 
23704 35647 33065 32461 
21135 42656 33157 32690 
20981 47780 33200 32811 
23227 49942 33192 32881 
27570 48432 33084 32876 
33164 43439 32899 32852 
38654 36036 32635 32815 
42513 28159 32358 32817 
43661 21404 32073 32827 
41738 17137 31849 32909 
37566 15936 31701 32990 
32857 17687 31739 33117 
29197 21707 31901 33198 
27301 27476 32194 33225 
26744 34287 32565 33155 
26486 41234 32962 33001 
25916 47698 33321 32749 
25529 52576 33670 32499 
26409 54335 33823 32188 
29837 51836 33895 31969 
35938 44165 33729 31771 
43347 32330 33498 31745 
49511 18342 33152 31831 
51497 6448 32745 32056 
48162 462 32361 32359 
40224 633 32021 32724 
29839 11396 31746 33085 
19997 25888 31608 33424 
13430 41604 31575 33652 
11708 54895 31698 33792 
14767 62239 31954 33794 
21004 62720 32293 33659 
28237 57975 32681 33418 
34908 50160 33058 33092 
40190 41319 33372 32686 
44008 32526 33717 32377 
46425 23804 33879 32049 
47626 14920 33895 31787 
47248 7195 33768 31649 
44886 2589 33498 31637 
40477 3135 33164 31748 
34547 9577 32780 31950 
28080 21120 32383 32196 
22421 35424 32060 32523 
18735 49168 31816 32857 
17615 59290 31681 33164 
18987 63852 31702 33440 
22246 62301 31864 33637 
26441 55817 32097 33692 
30952 46393 32388 33659 
35392 35809 32687 33518 
39254 25558 32931 33308 
41926 17197 33119 33046 
42803 11849 33218 32776 
41690 10531 33243 32535 
39157 13163 33180 32331 
36252 18804 33075 32170 
34111 25889 32963 32075 
33319 32591 32889 32038 
33640 37632 32864 32065 
34052 40431 32860 32075 
33505 41214 32906 32137 
31497 40793 32934 32211 
28453 40031 32964 32312 
25461 39324 32927 32433 
23606 38732 32827 32561 
23434 38059 32648 32708 
24781 37150 32471 32915 
26870 35943 32266 33126 
29358 34474 32057 33302 
32389 32786 31947 33491 
36206 30799 31895 33598 
40735 28521 32001 33685 
44780 26141 32188 33633 
46697 24246 32447 33490 
45465 23389 32794 33266 
41132 23824 33108 32926 
35307 25487 33423 32551 
30061 27858 33665 32179 
27096 30088 33743 31771 
26504 32029 33727 31505 
26707 33962 33597 31360 
26082 36508 33325 31337 
24160 40187 33041 31509 
22049 44697 32672 31808 
22075 48664 32346 32248 
25685 50118 32089 32761 
32331 47566 31856 33207 
39870 40758 31750 33650 
45469 31081 31775 34030 
47024 20911 31869 34189 
44328 13773 32059 34198 
39032 11896 32336 34020 
33535 15407 32644 33687 
29417 22631 32982 33291 
27136 30845 33240 32768 
26510 37439 33446 32241 
27121 40877 33589 31800 
28713 40837 33623 31463 
30906 38633 33553 31296 
33157 36104 33406 31278 
34687 34763 33222 31455 
34853 34991 32947 31727 
33835 36222 32657 32106 
32595 36879 32377 32530 
32260 35786 32160 32976 
33195 32665 31923 33331 
34999 28576 31837 33700 
36192 25297 31790 33923 
35621 24780 31876 34057 
