31704 32210 31797 32956 
31704 32210 31797 32956 
31600 31932 31642 33421 
31647 31750 31651 33827 
31847 31692 31793 34099 
32143 31796 32025 34192 
32533 32033 32378 34124 
32926 32384 32745 33879 
33309 32834 33117 33468 
33584 33248 33398 32924 
33776 33648 33620 32372 
33859 33940 33760 31851 
33777 34041 33749 31412 
33540 33919 33608 31115 
33243 33629 33383 31040 
32833 33174 33048 31157 
32430 32671 32699 31479 
32093 32168 32382 31982 
31839 31758 32118 32537 
31714 31520 31935 33139 
31685 31450 31803 33652 
31832 31603 31821 34028 
32080 31946 31946 34235 
32389 32345 32138 34226 
32713 32761 32373 34011 
32973 33097 32589 33631 
33149 33346 32805 33185 
33225 33410 32933 32669 
33264 33419 33094 32280 
33210 33292 33177 31976 
33100 33094 33218 31784 
32982 32878 33233 31742 
32870 32672 33243 31818 
32821 32554 33253 32004 
32779 32477 33222 32197 
32754 32466 33156 32382 
32751 32513 33062 32526 
32760 32612 32933 32660 
32701 32662 32724 32698 
32638 32744 32506 32740 
32562 32774 32288 32783 
32463 32776 32106 32852 
32344 32731 31962 32951 
32281 32680 31915 33107 
32254 32637 31949 33263 
32286 32614 32082 33413 
32388 32620 32299 33503 
32569 32688 32586 33528 
32756 32756 32858 33414 
32954 32840 33125 33198 
33130 32904 33330 32881 
33282 32960 33485 32523 
33359 32947 33553 32155 
33330 32879 33512 31794 
33232 32761 33382 31530 
33047 32609 33165 31412 
32825 32441 32894 31486 
32575 32290 32594 31716 
32343 32204 32305 32126 
32165 32161 32065 32577 
32053 32230 31917 33115 
32025 32373 31855 33585 
32108 32588 31935 33958 
32307 32898 32154 34168 
32528 33178 32417 34133 
32789 33433 32745 33885 
33041 33619 33073 33471 
33194 33654 33315 32929 
33280 33541 33487 32344 
33300 33338 33557 31832 
33177 32981 33463 31399 
33005 32594 33260 31195 
32800 32210 33004 31243 
32632 31915 32720 31542 
32476 31702 32441 31992 
32376 31650 32207 32522 
32360 31751 32084 33113 
32402 31939 32038 33605 
32482 32234 32098 33949 
32604 32576 32258 34054 
32737 32979 32501 33991 
32809 33322 32711 33667 
32879 33617 32934 33251 
32913 33792 33099 32751 
32930 33861 33250 32281 
32895 33769 33283 31862 
32793 33515 33213 31597 
32686 33153 33057 31529 
32560 32709 32840 31663 
32474 32273 32645 32002 
32414 31866 32437 32425 
32367 31517 32241 32843 
32393 31377 32142 33264 
32622 31637 32270 33762 
32802 32018 32489 33781 
32977 32471 32753 33577 
33122 32967 33005 33245 
33182 33381 33196 32780 
33249 33776 33358 32363 
33239 34055 33430 32004 
33168 34157 33384 31747 
32999 34035 33200 31613 
32776 33734 32930 31664 
32534 33319 32629 31881 
32369 32874 32387 32253 
32175 32320 32142 32608 
32105 31854 32025 33034 
32094 31480 31996 33377 
32146 31271 32035 33582 
32358 31368 32262 33759 
32563 31608 32510 33720 
32778 31994 32773 33524 
32990 32493 33047 33241 
33144 33000 33261 32900 
33189 33417 33351 32505 
33200 33760 33388 32199 
33108 33867 33271 31955 
32975 33778 33062 31850 
32785 33505 32764 31852 
32619 33110 32481 32026 
32502 32675 32255 32285 
32434 32267 32119 32597 
32431 31955 32107 32900 
32468 31793 32214 33155 
32580 31859 32463 33330 
32700 32080 32755 33351 
32820 32443 33052 33259 
32907 32859 33302 33061 
32954 33237 33451 32790 
32937 33536 33459 32474 
32884 33674 33346 32240 
32769 33599 33091 32078 
32677 33362 32792 32067 
32549 32940 32409 32152 
32488 32514 32114 32395 
32476 32097 31913 32718 
32499 31786 31835 33064 
32558 31649 31916 33357 
32640 31727 32121 33560 
32719 31967 32419 33602 
32828 32373 32793 33541 
32880 32827 33134 33272 
32886 33235 33385 32901 
32896 33578 33547 32503 
32911 33822 33610 32151 
32929 33845 33530 31861 
32878 33641 33313 31638 
32850 33348 33060 31644 
32807 32938 32752 31787 
32751 32500 32469 32035 
32699 32106 32225 32404 
32581 31779 32013 32777 
32522 31660 31933 33194 
32417 31674 31915 33513 
32351 31841 32001 33758 
32372 32174 32221 33930 
32409 32530 32461 33910 
32512 32916 32757 33758 
32609 33198 33019 33444 
32769 33425 33270 33029 
32946 33554 33484 32553 
33129 33580 33632 32111 
33238 33471 33632 31665 
33283 33280 33519 31365 
33276 33088 33333 31249 
33157 32828 33045 31280 
33000 32614 32708 31516 
32820 32462 32404 31941 
32609 32332 32117 32435 
32402 32257 31900 32982 
32251 32241 31793 33511 
32164 32265 31814 33946 
32187 32378 32009 34256 
32243 32453 32243 34323 
32348 32534 32536 34178 
32486 32585 32835 33841 
32634 32585 33056 33352 
32735 32558 33180 32795 
32868 32579 33280 32258 
32976 32650 33288 31855 
33040 32751 33241 31564 
33052 32861 33115 31435 
33054 33015 33008 31488 
33033 33189 32909 31706 
33025 33368 32872 32039 
32979 33457 32836 32366 
32906 33467 32814 32694 
32825 33362 32781 32963 
32707 33139 32682 33123 
32629 32866 32603 33237 
32550 32540 32483 33257 
32501 32222 32377 33238 
32474 31949 32265 33167 
32460 31794 32226 33109 
32433 31725 32188 33028 
32464 31850 32262 32970 
32516 32052 32402 32942 
32570 32345 32583 32887 
32632 32687 32792 32837 
32698 32985 32988 32750 
32764 33243 33150 32629 
32845 33442 33288 32498 
32905 33531 33346 32361 
32952 33524 33333 32224 
32941 33403 33217 32102 
32945 33238 33061 32054 
32918 33029 32843 32079 
32873 32795 32613 32185 
32816 32542 32377 32358 
32758 32336 32207 32637 
32683 32153 32101 32941 
32582 32006 32063 33222 
32539 31998 32163 33500 
32509 32059 32348 33653 
32486 32200 32586 33670 
32506 32428 32842 33566 
32563 32684 33099 33306 
32616 32926 33282 32966 
32688 33105 33353 32544 
32787 33253 33354 32163 
32864 33298 33234 31824 
32926 33258 33041 31612 
32980 33157 32801 31598 
33004 33040 32586 31779 
33009 32911 32405 32083 
32975 32751 32277 32480 
32864 32599 32211 32939 
32748 32496 32232 33453 
32594 32411 32310 33925 
32531 32459 32508 34338 
32411 32470 32660 34380 
32371 32560 32838 33937 
32365 32645 32983 32924 
32410 32738 33087 31554 
32524 32820 33155 30215 
32659 32840 33137 29328 
32783 32800 33043 29343 
32920 32728 32935 30462 
33006 32608 32745 32303 
33056 32489 32585 34495 
32990 32348 32379 36435 
32895 32282 32246 37672 
32771 32313 32190 38011 
32668 32436 32229 37405 
32553 32618 32327 35964 
32535 32904 32566 33898 
32551 33152 32821 31426 
32605 33356 33073 28830 
32744 33532 33321 26536 
32876 33606 33454 24939 
33014 33586 33505 24490 
33046 33409 33428 25423 
32951 33084 33240 27792 
32722 32585 32953 31209 
32470 32088 32642 35291 
32260 31650 32313 39395 
32209 31450 32040 42446 
32381 31565 31865 44013 
32706 31961 31833 43726 
33051 32486 31919 41502 
33283 33008 32137 37570 
33258 33306 32392 32668 
33034 33444 32711 27654 
32582 33345 32949 23314 
32162 33048 33110 20467 
31998 32514 33189 19692 
32147 31919 33214 21201 
32189 31576 33157 24640 
31825 32030 33040 29461 
31269 33306 32965 34969 
31281 34480 32857 39970 
32870 34387 32826 43620 
35914 32515 32846 45445 
38987 29721 32891 45121 
39678 27989 32899 42611 
36225 29582 32905 38478 
29402 34812 32848 33550 
22160 41657 32705 28556 
18730 46559 32560 24466 
21948 45805 32359 21819 
31012 38028 32157 21118 
42263 25388 31997 22368 
50576 12667 31919 25221 
51991 5542 31995 29305 
45458 7889 32159 33705 
34278 18881 32437 37644 
22946 34333 32768 40537 
15385 49057 33130 41990 
13224 59046 33431 41823 
15655 62067 33637 40202 
20657 59071 33710 37458 
26714 52188 33652 34149 
33118 43330 33468 30851 
39839 33658 33211 28092 
46482 23656 32861 26304 
52325 13609 32545 25780 
56606 3865 32257 26438 
58071 178 31991 28046 
55359 59 31794 30270 
47863 20 31742 32663 
35795 11929 31774 34804 
20900 28886 31934 36417 
5596 48933 32182 37240 
182 64826 32500 37195 
50 65440 32863 36439 
23 65499 33181 35104 
6014 65535 33460 33504 
20179 65535 33686 31971 
38043 63120 33800 30729 
56358 40856 33784 29999 
65255 17317 33581 29747 
65517 562 33287 30026 
65535 23 32908 30727 
65535 0 32517 31714 
65535 2681 32143 32736 
47404 20739 31869 33613 
27137 40032 31692 34227 
9030 57233 31706 34528 
749 65283 31882 34482 
122 65508 32127 34153 
7915 62791 32428 33606 
17041 49949 32738 33013 
26545 36430 32980 32424 
35075 22844 33170 32012 
41648 11111 33263 31819 
46132 1449 33247 31811 
47982 138 33143 31966 
46658 83 33018 32242 
42191 55 32876 32520 
35268 7305 32783 32755 
27309 19953 32795 32945 
19944 35684 32758 32920 
15406 51184 32827 32836 
14944 62654 32884 32654 
18759 65423 32928 32450 
25952 65487 32895 32306 
34816 65171 32821 32249 
42770 53484 32650 32307 
47383 44107 32484 32557 
47507 36352 32306 32888 
43356 30876 32115 33218 
36553 27392 32026 33550 
29664 25040 32073 33792 
25031 22830 32173 33789 
23908 20190 32390 33626 
26419 16857 32675 33282 
31845 12793 32976 32785 
38578 8726 33229 32215 
45021 5762 33461 31757 
49250 5411 33587 31415 
49541 9198 33577 31256 
44980 17980 33463 31345 
36362 30345 33268 31668 
25579 44377 32982 32139 
15309 57666 32689 32700 
7845 65254 32379 33267 
4737 65431 32078 33704 
5904 65451 31885 34031 
10612 65472 31788 34116 
18306 65496 31786 33985 
28915 61343 31926 33702 
41649 45840 32167 33315 
55355 26556 32489 32870 
65106 6670 32854 32443 
65485 193 33215 32068 
65535 27 33504 31769 
65535 7 33698 31625 
62839 5791 33726 31575 
42240 18565 33694 31737 
24239 32788 33497 31911 
10822 44516 33210 32168 
4890 50823 32849 32442 
5561 51402 32510 32750 
10435 47504 32195 33025 
16861 41564 31959 33277 
22425 36194 31796 33439 
25882 33149 31824 33584 
27925 31706 31932 33613 
30024 30296 32140 33582 
33631 27291 32393 33470 
39255 22240 32640 33248 
45442 16750 32812 32948 
50002 13497 32992 32680 
50443 14792 33088 32394 
45610 21591 33151 32165 
36853 32003 33146 31995 
27372 43205 33118 31913 
20842 52022 33079 31894 
19743 56231 33067 31994 
23924 55183 33042 32137 
30681 50213 33070 32370 
36637 43250 33043 32543 
39382 36332 33005 32741 
38217 30621 32882 32866 
34513 26735 32741 32978 
30606 24354 32575 33053 
28296 22679 32382 33111 
28321 21143 32169 33082 
30261 19599 31998 33086 
33114 18338 31912 33089 
35587 18011 31912 33069 
36912 19373 32054 33085 
36652 22855 32275 33070 
34998 28486 32606 33062 
32450 35732 32944 32996 
29901 43207 33214 32831 
28163 49812 33476 32690 
27544 54292 33618 32482 
28056 55978 33663 32264 
29279 54403 33541 32032 
30789 50036 33355 31873 
32393 43317 33094 31781 
34063 34942 32809 31793 
35881 25869 32529 31895 
37900 17211 32306 32158 
39770 10207 32083 32472 
41032 6261 31973 32857 
41258 5638 31907 33239 
40228 8432 31963 33640 
37839 14362 32057 33913 
34354 22758 32257 34089 
30165 32442 32490 34103 
25665 42583 32737 33924 
21413 52271 32992 33598 
18085 60443 33203 33122 
16706 65152 33414 32593 
17896 65460 33566 32075 
21544 60953 33587 31569 
27163 51618 33537 31193 
33807 39296 33375 30993 
40616 25801 33142 31009 
46295 14449 32857 31238 
50547 6161 32552 31660 
53098 1325 32266 32239 
53610 137 32038 32869 
51565 108 31855 33445 
46680 5426 31824 33976 
38834 13724 31906 34308 
28422 26331 32129 34498 
17382 41672 32355 34392 
8003 57760 32634 34104 
2751 65285 32876 33647 
3192 65508 33068 33126 
9535 65535 33156 32522 
19726 65529 33220 32057 
31392 56417 33166 31668 
42378 40422 33109 31463 
50905 25398 33014 31418 
55776 15728 32963 31539 
56836 11558 32922 31763 
54402 11519 32935 32065 
49088 13457 32911 32334 
41853 15890 32908 32607 
34282 18191 32885 32850 
27519 20813 32790 32998 
22405 24618 32662 33108 
19232 30153 32520 33203 
17872 36909 32338 33253 
18007 43606 32143 33260 
19499 48773 32034 33298 
22475 50857 32003 33323 
27044 48968 32049 33303 
32636 43575 32198 33262 
38223 36235 32453 33169 
42558 29245 32763 33038 
44691 24557 33091 32820 
44217 23296 33359 32548 
41713 24939 33599 32309 
37966 27790 33687 32039 
34113 30163 33655 31849 
30932 30899 33452 31675 
29194 30170 33192 31649 
28906 29083 32878 31749 
29714 29163 32581 31963 
30809 31284 32294 32275 
31480 35165 32094 32659 
31350 39317 31926 33026 
30739 42018 31870 33395 
30265 41911 31892 33706 
30419 38842 32020 33942 
31278 34176 32237 34050 
32407 29616 32460 33968 
33312 26839 32705 33764 
33688 26439 32945 33415 
33613 27857 33174 32982 
33448 29766 33370 32468 
33566 31006 33536 31988 
33884 31297 33587 31530 
34112 31346 33559 31238 
33903 32207 33445 31103 
33404 34299 33249 31148 
32965 36973 32939 31350 
33052 39050 32653 31778 
33519 39128 32360 32350 
33908 36910 32094 32929 
33799 33311 31902 33505 
33122 29849 31806 34016 
32148 27704 31818 34338 
31401 27268 31968 34466 
31032 27867 32163 34332 
31024 28709 32433 34004 
31066 29408 32697 33469 
31187 30210 32953 32882 
31583 31628 33151 32290 
32357 34199 33286 31799 
33189 37635 33331 31447 
33539 41011 33297 31299 
33101 42950 33206 31351 
32142 42142 33108 31601 
31415 38352 33009 31967 
31758 32429 32883 32340 
33457 26307 32842 32761 
35632 22278 32755 33063 
36884 21846 32702 33256 
36210 24640 32639 33314 
33895 29172 32593 33283 
31177 33425 32516 33154 
29808 35691 32429 33013 
30275 35983 32334 32881 
31837 35397 32245 32788 
33192 35244 32181 32752 
33394 36142 32174 32764 
32501 37548 32246 32860 
31469 38080 32343 32913 
31435 36710 32525 32981 
32539 33286 32768 33000 
33996 28609 32983 32885 
34796 24445 33237 32737 
34402 22219 33406 32483 
33332 22562 33528 32254 
32375 25399 33519 32022 
32101 30298 33437 31885 
32254 36128 33263 31857 
31995 41844 32986 31911 
30797 46249 32701 32091 
29027 48217 32457 32404 
27879 47086 32227 32737 
28459 43196 32042 33053 
30957 37490 31937 33324 
34594 30768 31892 33536 
37719 24267 31966 33662 
39378 18391 32075 33665 
39628 13497 32237 33563 
39080 10473 32442 33365 
38284 10625 32690 33127 
37195 15015 32945 32858 
35251 23696 33187 32577 
31840 35314 33389 32306 
27190 47675 33548 32054 
22362 58527 33639 31871 
19554 64542 33655 31790 
19746 65413 33549 31742 
22950 59327 33348 31786 
28099 49017 33053 31885 
33229 36225 32742 32086 
37231 23209 32374 32347 
40005 12506 32092 32682 
42022 5597 31830 33017 
43723 3329 31688 33350 
44756 5129 31673 33632 
44377 9927 31796 33819 
41915 16656 32043 33896 
37310 24714 32302 33770 
31923 33562 32620 33589 
27069 42905 32898 33293 
23721 52029 33109 32951 
21817 59927 33247 32550 
20762 64649 33360 32256 
19795 65322 33348 31965 
19198 59759 33329 31817 
19982 50140 33232 31721 
23498 37109 33103 31739 
30115 23392 33049 31869 
38624 11231 32988 32066 
46954 2647 32896 32266 
52878 138 32813 32496 
54958 83 32653 32670 
53248 4813 32547 32908 
48633 12624 32345 33025 
42509 22360 32194 33158 
35512 33299 32079 33281 
28274 44488 32028 33372 
21445 54621 32049 33426 
15487 62840 32158 33448 
10967 65376 32309 33382 
8643 65460 32549 33299 
9252 65490 32791 33134 
13355 58590 32988 32865 
21289 46419 33188 32592 
32494 29409 33345 32317 
45131 11377 33442 32048 
56783 358 33438 31794 
63767 53 33394 31657 
64173 19 33208 31606 
57963 5358 32990 31698 
47156 16721 32738 31934 
34872 31351 32460 32256 
24353 44275 32246 32690 
16882 53417 32039 33118 
12403 58322 31937 33527 
10127 59451 31934 33859 
9888 57190 32071 34036 
12289 51638 32296 34024 
18263 42358 32576 33804 
27701 29788 32902 33446 
39081 15393 33182 32942 
50046 1952 33375 32377 
57405 105 33487 31873 
59510 31 33453 31460 
56157 342 33312 31260 
48240 16068 33090 31284 
37748 33368 32779 31507 
26864 51178 32486 31927 
17506 64786 32236 32437 
11406 65473 32093 32997 
9752 65530 32030 33483 
12945 65534 32116 33873 
20055 62160 32275 34016 
29289 43073 32500 33948 
38481 25496 32740 33716 
45515 11063 32972 33338 
48828 2626 33150 32881 
48471 292 33216 32390 
45454 3179 33223 31995 
41031 10016 33149 31698 
36020 20079 32985 31584 
31149 31548 32773 31650 
26137 43578 32544 31887 
21186 54197 32353 32225 
17115 61054 32171 32611 
15791 61713 32155 33074 
18392 55266 32189 33427 
25136 42880 32331 33680 
34905 27082 32576 33813 
44962 12116 32886 33737 
51648 2937 33112 33464 
53546 1448 33319 33079 
50410 7392 33436 32655 
43634 18854 33456 32192 
35646 32106 33293 31746 
28548 44408 33080 31501 
23367 53764 32733 31375 
20226 59597 32439 31523 
18714 61337 32168 31842 
18618 58974 32018 32292 
20028 52415 32013 32849 
23214 41714 32065 33349 
28380 27624 32228 33790 
34539 13248 32455 34039 
40562 1897 32726 34123 
44900 73 32959 33989 
46399 18 33111 33639 
44699 11229 33197 33165 
40753 26039 33232 32656 
36191 40809 33166 32123 
32715 51849 33064 31686 
31296 56871 32901 31385 
31722 55702 32729 31277 
32581 50329 32580 31377 
32198 43281 32448 31655 
29672 36397 32362 32121 
25555 30883 32331 32656 
21696 26990 32370 33228 
19917 24370 32407 33694 
21367 23107 32542 34084 
25724 23445 32681 34227 
31312 25680 32807 34122 
36419 29386 32930 33793 
40218 33482 33064 33291 
42967 36201 33133 32704 
45431 36180 33167 32085 
47621 33273 33171 31579 
48531 28752 33052 31186 
46753 24984 32924 31092 
41240 24056 32741 31222 
32250 26938 32550 31593 
22176 32841 32401 32166 
13581 39778 32268 32753 
8865 45702 32195 33354 
9067 48975 32200 33840 
14009 48941 32288 34137 
21889 45941 32429 34213 
31160 40712 32561 34029 
40445 34078 32683 33682 
48299 26750 32810 33238 
53535 19428 32881 32712 
54997 13663 32943 32276 
52596 10485 33031 31984 
46938 10677 33000 31737 
39489 14632 33011 31714 
32026 21646 33033 31839 
25474 30788 33074 32045 
19939 41058 33042 32233 
15320 51422 33007 32420 
12147 60165 32915 32571 
11857 64711 32849 32721 
15587 63450 32663 32733 
23879 55810 32515 32780 
35412 42267 32364 32826 
47659 25325 32207 32880 
56505 9601 32107 33000 
59222 379 32095 33174 
54809 36 32176 33365 
44819 182 32304 33494 
32471 14421 32523 33580 
22206 28021 32779 33559 
16716 40294 32988 33355 
16634 48826 33152 33025 
20464 52620 33286 32621 
25695 51845 33368 32176 
29893 48084 33330 31760 
32566 43214 33272 31490 
34099 38639 33121 31363 
35407 35170 32958 31441 
36914 32681 32761 31673 
38226 30656 32613 32087 
38539 28308 32434 32532 
37481 25471 32299 33005 
35305 22514 32143 33404 
33276 20550 32043 33742 
32483 20311 32028 33959 
33182 21935 32090 33999 
34570 24998 32212 33875 
35179 28891 32395 33618 
33934 32906 32667 33306 
30882 36825 32957 32934 
27182 40625 33221 32521 
24500 44339 33470 32150 
23991 47420 33623 31813 
25567 49031 33666 31612 
28235 48617 33584 31543 
30911 45851 33390 31567 
33213 40864 33106 31732 
35524 33993 32763 31975 
38517 26153 32427 32288 
42386 17933 32144 32670 
46322 10335 31919 33046 
48646 4757 31773 33389 
47511 3183 31764 33657 
42188 6932 31880 33841 
33431 16559 32119 33887 
22713 31444 32445 33779 
13422 48219 32763 33540 
7973 63116 33089 33242 
7634 65429 33305 32860 
12630 65523 33462 32491 
21922 65535 33451 32119 
33701 65436 33357 31849 
45182 46555 33158 31710 
54064 28011 32901 31707 
58471 11910 32659 31847 
57604 1328 32496 32134 
51916 77 32358 32385 
43146 57 32365 32716 
33009 9421 32459 32973 
23115 20967 32618 33163 
14668 34096 32817 33268 
9198 46171 32955 33225 
7780 55586 33089 33137 
11232 60424 33079 32951 
20045 59340 33009 32797 
32033 52023 32795 32617 
44552 40055 32576 32572 
54769 25708 32355 32579 
60165 11956 32158 32652 
59387 1869 32049 32775 
53064 79 32031 32874 
42997 33 32136 32970 
