32322 33073 32235 34097 
32322 33073 32235 34097 
32681 33341 32573 33815 
33030 33511 32920 33372 
33295 33507 33198 32769 
33534 33471 33480 32170 
33686 33358 33686 31611 
33695 33191 33761 31211 
33536 32937 33646 30933 
33335 32733 33483 30948 
33084 32545 33237 31192 
32808 32387 32918 31635 
32532 32266 32592 32243 
32320 32201 32281 32885 
32157 32154 32022 33476 
32075 32188 31842 33981 
32084 32282 31792 34286 
32156 32441 31849 34391 
32268 32627 32016 34260 
32400 32810 32246 33937 
32531 32981 32528 33461 
32646 33124 32820 32929 
32703 33159 33049 32352 
32791 33171 33266 31912 
32801 33065 33331 31558 
32817 32910 33314 31418 
32839 32714 33208 31471 
32878 32494 33050 31697 
32915 32314 32850 32049 
32978 32225 32710 32458 
33021 32191 32596 32839 
33059 32268 32540 33156 
33108 32465 32603 33402 
33100 32707 32687 33435 
33072 32988 32815 33350 
32982 33238 32891 33117 
32885 33434 32966 32859 
32745 33508 32964 32604 
32591 33456 32890 32396 
32382 33226 32716 32267 
32217 32922 32542 32321 
32070 32541 32336 32455 
31968 32166 32167 32665 
31953 31870 32050 32920 
32016 31675 32030 33126 
32226 31728 32156 33331 
32494 31911 32367 33382 
32865 32256 32700 33340 
33196 32642 33010 33137 
33464 33033 33290 32816 
33673 33441 33528 32441 
33728 33718 33636 32071 
33677 33878 33625 31793 
33491 33845 33494 31646 
33188 33639 33275 31657 
32779 33272 32944 31796 
32371 32785 32597 32061 
32067 32307 32320 32482 
31820 31827 32047 32901 
31726 31449 31870 33345 
31747 31237 31751 33686 
31954 31320 31819 34002 
32213 31593 31936 34080 
32527 32059 32161 34013 
32853 32644 32473 33795 
33124 33253 32817 33431 
33272 33756 33100 32917 
33371 34178 33411 32401 
33398 34392 33658 31905 
33301 34306 33752 31438 
33142 33990 33720 31138 
32983 33516 33582 31033 
32806 32907 33315 31124 
32656 32258 32976 31426 
32564 31656 32593 31926 
32533 31284 32281 32551 
32514 31090 32017 33177 
32486 31101 31830 33722 
32498 31391 31802 34174 
32514 31904 31914 34432 
32499 32514 32112 34451 
32490 33143 32359 34226 
32451 33660 32579 33782 
32440 34038 32782 33255 
32422 34153 32909 32673 
32463 34022 32996 32125 
32512 33658 33000 31685 
32608 33160 32982 31436 
32794 32665 33001 31436 
33007 32188 33027 31579 
33209 31825 33070 31837 
33381 31656 33140 32154 
33469 31705 33191 32473 
33467 31940 33224 32750 
33348 32271 33193 32920 
33147 32661 33110 33024 
32840 33010 32910 33023 
32451 33245 32614 32931 
32135 33387 32343 32902 
31885 33380 32071 32883 
31695 33213 31825 32886 
31685 32974 31700 32976 
31778 32701 31693 33105 
32041 32502 31885 33301 
32389 32365 32177 33414 
32766 32334 32545 33452 
33166 32420 32957 33371 
33467 32551 33307 33119 
33732 32769 33623 32795 
33824 32948 33783 32333 
33788 33085 33798 31900 
33641 33163 33711 31567 
33327 33062 33444 31327 
32952 32854 33102 31284 
32526 32546 32719 31423 
32171 32261 32406 31812 
31865 31989 32124 32276 
31630 31774 31886 32780 
31575 31768 31801 33356 
31607 31892 31772 33818 
31864 32295 31940 34240 
32178 32771 32157 34420 
32550 33289 32423 34388 
32919 33772 32700 34134 
33288 34157 32984 33714 
33576 34287 33211 33155 
33749 34219 33391 32537 
33821 33931 33510 31936 
33726 33406 33522 31395 
33502 32740 33438 30993 
33235 32064 33308 30835 
32899 31441 33109 30884 
32544 31001 32852 31161 
32269 30797 32595 31631 
32111 30938 32408 32298 
32023 31315 32226 32972 
32013 31889 32101 33590 
32101 32583 32090 34129 
32203 33259 32125 34462 
32308 33827 32214 34549 
32406 34194 32336 34426 
32481 34320 32477 34094 
32537 34189 32609 33626 
32545 33826 32686 33052 
32601 33349 32781 32490 
32701 32844 32852 31965 
32846 32364 32907 31526 
33092 32054 33024 31333 
33347 31892 33130 31296 
33573 31906 33244 31396 
33748 32048 33341 31631 
33827 32291 33427 31984 
33717 32528 33411 32338 
33473 32732 33310 32708 
33110 32853 33139 33033 
32613 32815 32834 33254 
32116 32718 32495 33436 
31704 32621 32197 33582 
31384 32469 31898 33599 
31214 32363 31695 33526 
31253 32353 31616 33394 
31503 32494 31708 33240 
31919 32728 31935 33046 
32437 33055 32265 32865 
32985 33405 32633 32647 
33507 33737 33043 32471 
33913 33912 33393 32298 
34168 33910 33678 32162 
34234 33704 33845 32071 
33764 32774 33697 32002 
33308 32140 33402 32067 
32823 31562 33045 32201 
32307 31110 32632 32398 
31871 30878 32238 32658 
31540 30874 31902 32918 
31378 31137 31677 33186 
31399 31647 31633 33422 
31600 32360 31770 33588 
31944 33114 32029 33626 
32336 33854 32377 33553 
32766 34455 32759 33329 
33174 34851 33146 33059 
33512 34986 33460 32698 
33719 34819 33675 32336 
33796 34363 33741 32030 
33698 33637 33653 31794 
33473 32765 33386 31669 
33221 31910 33076 31757 
32949 31175 32712 31961 
32644 30629 32340 32247 
32425 30392 32045 32609 
32287 30488 31877 32990 
32201 30869 31827 33310 
32226 31539 31962 33553 
32238 32286 32161 33638 
32306 33054 32457 33604 
32364 33734 32739 33432 
32379 34207 32974 33168 
32411 34433 33109 32860 
32452 34435 33186 32601 
32524 34226 33183 32394 
32583 33815 33091 32237 
32691 33293 32966 32187 
32820 32767 32844 32214 
32979 32301 32780 32320 
33156 31973 32763 32451 
33297 31773 32777 32552 
33422 31760 32841 32614 
33444 31883 32875 32621 
33436 32161 32928 32624 
33295 32426 32875 32560 
33135 32740 32820 32545 
32874 32930 32680 32553 
32560 33032 32491 32605 
32285 33036 32313 32734 
32045 32946 32181 32921 
31850 32741 32074 33082 
31791 32578 32101 33290 
31878 32493 32270 33487 
32016 32421 32473 33515 
32250 32475 32742 33454 
32506 32606 33024 33275 
32764 32799 33254 32970 
32984 33005 33417 32607 
33208 33244 33511 32241 
33327 33364 33426 31874 
33439 33432 33298 31691 
33475 33380 33078 31708 
33427 33205 32810 31947 
33327 32956 32549 32335 
33182 32656 32332 32717 
32984 32319 32164 32845 
32718 32003 32077 32583 
32412 31743 32043 32010 
32135 31612 32089 31405 
31923 31658 32198 31175 
31802 31875 32366 31657 
31837 32239 32584 32850 
31938 32637 32770 34450 
32174 33083 32992 36051 
32454 33459 33158 37138 
32783 33748 33309 37448 
33093 33885 33414 36837 
33367 33849 33431 35394 
33546 33662 33370 33396 
33616 33350 33207 31106 
33616 33001 33040 28804 
33469 32558 32774 26723 
33296 32211 32549 25313 
33063 31937 32328 24842 
32786 31798 32158 25555 
32473 31756 32051 27513 
32119 31782 32036 30644 
31779 31858 32086 34475 
31532 32011 32210 38412 
31494 32293 32402 41768 
31696 32666 32593 43925 
32125 33150 32775 44402 
32636 33637 32874 42941 
33150 34041 32932 39647 
33521 34204 32969 34898 
33605 34010 32974 29715 
33439 33564 32976 24834 
33053 32948 32956 21038 
32749 32295 32987 19070 
32657 31555 33027 19294 
32771 30916 33062 21704 
32759 30739 33093 25860 
32331 31425 33109 31090 
31638 32821 33036 36544 
31469 34163 32924 41402 
32687 34283 32743 44732 
35185 32752 32522 46129 
37690 30337 32293 45404 
38081 28886 32064 42624 
34805 30350 31881 38332 
28715 34956 31844 33442 
22423 40906 31872 28566 
19747 45043 32082 24624 
22926 44183 32349 22067 
31649 37080 32737 21357 
41973 25735 33052 22439 
49574 14615 33390 25072 
50879 8608 33626 28691 
45295 10783 33721 32675 
35094 20891 33707 36410 
24761 34778 33523 39174 
17740 47877 33247 40696 
15484 56639 32954 40863 
17232 59360 32642 39712 
21410 56482 32302 37510 
26772 49691 32053 34683 
32345 41365 31886 31942 
38173 32446 31824 29664 
44001 23347 31856 28155 
49374 14188 31994 27627 
53438 5326 32193 28039 
55007 248 32480 29270 
52948 66 32728 30885 
46613 51 33011 32648 
36197 13333 33222 34072 
22822 30255 33412 35055 
9271 49463 33561 35400 
408 64766 33551 35059 
67 65434 33486 34239 
34 65496 33342 33140 
6147 65529 33109 32019 
19917 65535 32896 31164 
36560 64216 32604 30701 
54000 42092 32366 30793 
65147 19303 32157 31345 
65495 800 31978 32211 
65535 44 31889 33251 
65535 0 31904 34232 
65535 226 32008 34893 
47918 18369 32214 35193 
28180 36346 32450 34998 
11412 52520 32677 34329 
2800 62374 32922 33348 
2662 63763 33095 32284 
8025 58483 33242 31317 
15955 48911 33250 30541 
24392 37543 33281 30206 
32291 25843 33222 30244 
38948 15267 33153 30703 
43834 6603 33069 31450 
46524 622 32983 32353 
46481 102 32899 33218 
43504 62 32793 33906 
37974 7599 32733 34363 
31066 19942 32651 34487 
24489 34675 32537 34303 
19853 49201 32410 33873 
18364 60579 32282 33326 
20611 65387 32201 32801 
26050 65479 32121 32342 
32966 59555 32112 32059 
39450 53504 32177 31968 
43477 44830 32300 32057 
43860 37470 32549 32320 
40473 32003 32766 32575 
34969 28528 33019 32831 
29259 26048 33187 32948 
25433 23862 33355 32987 
24731 21396 33494 32930 
27316 18214 33500 32714 
32644 14386 33446 32443 
38934 10580 33304 32187 
44896 7571 33088 31992 
48780 6794 32830 31904 
49157 9744 32577 31976 
45104 17174 32333 32201 
37080 28401 32118 32568 
27133 41155 31969 32991 
17512 53580 31844 33416 
10415 63783 31878 33839 
7069 65391 32014 34136 
7615 65446 32201 34208 
11595 65466 32456 34061 
18402 65492 32759 33717 
27792 65416 33064 33196 
39424 49033 33336 32566 
52179 30554 33573 31915 
63733 10638 33690 31307 
65453 303 33679 30898 
65531 46 33550 30737 
65535 20 33312 30856 
54904 625 32999 31225 
37897 14329 32658 31832 
21040 27594 32391 32632 
8949 39356 32143 33438 
4196 46469 31989 34111 
5645 48699 31929 34562 
11094 47030 31977 34762 
17948 43449 32082 34649 
24149 40001 32279 34265 
28429 37915 32516 33703 
31200 36719 32734 33023 
33681 35006 32944 32321 
37092 31407 33084 31663 
42001 25630 33231 31249 
47171 19235 33277 31044 
50639 14648 33217 31050 
50352 14299 33144 31318 
45323 19027 33012 31763 
36199 28098 32803 32276 
26763 38136 32665 32859 
20044 46450 32485 33352 
18406 51040 32373 33753 
21718 51268 32309 33955 
28003 47829 32339 33975 
33677 42686 32437 33809 
36665 37425 32581 33472 
36350 33088 32742 33052 
33786 29973 32926 32602 
30945 27895 33090 32192 
29491 26223 33155 31849 
30073 24491 33157 31657 
32231 22595 33082 31662 
34997 20800 32930 31796 
37393 19734 32734 32052 
38538 20169 32575 32440 
38088 22550 32388 32803 
36202 27040 32272 33161 
33433 33126 32240 33457 
30464 39954 32243 33592 
28218 46206 32384 33645 
27046 50626 32534 33531 
26946 52640 32673 33299 
27659 51994 32787 33004 
28857 48623 32855 32650 
30407 43034 32898 32373 
32214 35876 32890 32165 
34336 27991 32883 32055 
36718 20383 32882 32063 
39036 14136 32889 32151 
40926 10150 32949 32313 
41772 9132 32996 32465 
41317 11149 33052 32616 
39503 15966 33114 32740 
36359 23056 33104 32770 
32228 31638 33005 32756 
27660 40671 32845 32721 
23156 49350 32640 32697 
19475 56660 32415 32700 
17467 61389 32216 32761 
17800 62041 32023 32862 
20598 58118 31927 32990 
25474 50019 31932 33142 
31551 39117 32047 33266 
38020 27228 32287 33348 
43753 16911 32612 33359 
48326 9254 32926 33228 
51337 4673 33224 32997 
52442 3055 33444 32660 
51220 4258 33614 32330 
47172 8215 33610 31974 
40250 15486 33493 31699 
30985 26295 33290 31555 
20716 39874 33020 31549 
11481 54633 32722 31699 
5947 65046 32483 32032 
5432 65479 32259 32428 
10125 65529 32135 32920 
18695 65524 32034 33386 
29328 54871 32002 33803 
39452 38935 32103 34155 
47526 24362 32185 34259 
52609 14374 32321 34193 
54395 9829 32505 33962 
52853 9623 32675 33498 
48490 12005 32877 32942 
42352 15166 33049 32301 
35611 18515 33249 31719 
29291 22036 33345 31192 
24350 26517 33491 30914 
21113 32291 33512 30832 
19641 38729 33436 30987 
19519 45078 33289 31395 
20590 49912 33073 31991 
22940 51787 32745 32615 
26819 49959 32455 33342 
31739 44561 32159 33958 
36797 37271 31972 34422 
40810 29980 31849 34611 
43008 24783 31860 34581 
42959 22678 31940 34290 
40958 23454 32123 33799 
37792 25768 32351 33213 
34345 27949 32575 32558 
31472 28999 32815 31999 
29675 28763 32975 31520 
29202 28153 33107 31246 
29852 28495 33217 31220 
30916 30687 33284 31372 
31723 34505 33329 31698 
31897 38756 33317 32068 
31628 41918 33315 32501 
31329 42668 33254 32866 
31398 40670 33141 33153 
31949 36827 33019 33342 
32638 32785 32851 33418 
33100 29921 32627 33384 
33135 28876 32407 33277 
32812 29301 32182 33132 
32465 30113 31967 32963 
32456 30314 31827 32847 
32784 29716 31779 32772 
33147 28997 31829 32737 
33226 29193 31962 32706 
33102 30968 32225 32731 
33065 33791 32547 32722 
33423 36366 32906 32710 
34134 37557 33281 32694 
34686 36818 33578 32588 
34695 34639 33774 32469 
34039 32261 33841 32319 
33033 30773 33781 32214 
32067 30326 33564 32103 
31507 30516 33296 32098 
31246 30674 32961 32132 
31120 30574 32583 32269 
31105 30543 32288 32523 
31311 31135 32003 32775 
31852 32897 31806 33064 
32462 35662 31652 33308 
32778 38814 31692 33587 
32431 40805 31818 33783 
31596 40540 32038 33833 
30962 37586 32340 33758 
31260 32616 32663 33539 
32901 27246 33056 33243 
35098 23522 33372 32774 
36678 22929 33652 32313 
36595 25302 33820 31853 
34905 29329 33861 31494 
32597 33215 33737 31251 
31159 35476 33471 31195 
31236 35953 33138 31333 
32365 35512 32766 31677 
33399 35352 32379 32163 
33480 36079 32050 32715 
32534 37328 31807 33280 
31387 37971 31675 33743 
31014 36956 31707 34089 
31695 33995 31848 34206 
32929 29871 32107 34167 
33749 25826 32436 33938 
33608 23253 32766 33509 
32840 23077 33077 33045 
32168 25189 33329 32553 
32100 29145 33494 32080 
32470 34232 33542 31713 
32558 39532 33498 31500 
31704 43841 33343 31454 
30151 45985 33095 31583 
28861 45478 32803 31854 
28999 42516 32507 32202 
30905 37835 32254 32624 
33954 32240 32053 33022 
36820 26660 31967 33358 
38577 21637 32047 33618 
39015 17363 32206 33690 
38633 14507 32415 33603 
38005 14158 32744 33404 
37116 17293 33007 33065 
35539 24124 33223 32695 
32682 33686 33381 32357 
28536 44148 33390 32053 
24097 53267 33328 31904 
20821 59118 33144 31895 
20200 60025 32890 32019 
22509 55806 32644 32280 
26785 47339 32420 32624 
31538 36369 32229 32936 
35583 25105 32121 33209 
38617 15517 32106 33391 
40916 9558 32211 33454 
42905 7558 32372 33387 
44452 9133 32592 33215 
44680 13406 32799 32911 
42837 19316 32991 32579 
38942 26042 33126 32276 
33815 33302 33216 32044 
28834 41020 33220 31912 
25021 48690 33133 31897 
22613 55643 32999 32035 
21250 59974 32809 32305 
20177 60634 32603 32638 
19442 56929 32426 33015 
19852 48981 32258 33344 
22668 37828 32195 33619 
28462 25456 32201 33720 
36233 14451 32316 33683 
44275 6483 32530 33507 
50408 2679 32775 33180 
53229 3159 33016 32739 
52429 7358 33224 32252 
48646 14443 33350 31794 
43327 23014 33400 31509 
37095 32456 33279 31350 
30553 42121 33075 31406 
24129 51203 32812 31674 
18214 58975 32519 32106 
13629 64126 32302 32660 
10985 65419 32138 33210 
10833 61024 32036 33672 
13822 56138 32088 34049 
20265 44679 32229 34212 
30024 29524 32443 34169 
41542 13066 32682 33881 
52616 540 32923 33431 
59660 73 33118 32916 
61025 29 33225 32334 
56575 3041 33279 31843 
47742 15450 33213 31415 
36977 29758 33113 31238 
27222 43141 32953 31269 
20062 53228 32737 31489 
15671 59097 32538 31910 
13250 61250 32399 32443 
12451 60082 32305 33004 
13789 55409 32219 33478 
18351 46895 32237 33882 
26268 34758 32349 34102 
36083 20597 32474 34073 
45751 6866 32663 33860 
52863 232 32839 33452 
55655 49 33013 32932 
53611 25 33120 32348 
47572 11192 33251 31883 
39179 26339 33271 31517 
30008 43080 33190 31334 
21816 58168 33057 31379 
16053 65328 32882 31645 
13815 65507 32671 32061 
15629 65523 32482 32563 
20905 58870 32302 33047 
28390 44618 32216 33478 
36104 28600 32193 33783 
42289 14742 32223 33885 
45495 5866 32350 33818 
45438 2613 32473 33568 
43003 4336 32596 33229 
39308 9958 32679 32818 
35279 18739 32770 32442 
31310 29625 32824 32143 
27419 41108 32869 31983 
23523 51639 32880 31927 
20353 59007 32943 32028 
19095 61002 33021 32212 
21123 56213 33071 32419 
26860 45273 33149 32652 
34944 31063 33172 32770 
43303 17140 33182 32845 
49377 7260 33111 32846 
51355 3883 33006 32801 
48656 7505 32789 32688 
42532 16677 32574 32635 
35191 28193 32339 32621 
28514 39520 32138 32683 
23655 48766 31967 32790 
20851 55006 31903 32955 
19625 57919 31926 33137 
19667 57034 32062 33271 
21035 52277 32317 33372 
23978 43574 32640 33366 
28463 31627 32941 33211 
34018 18531 33224 32953 
39755 7009 33426 32602 
43975 1289 33566 32263 
45700 2836 33607 31993 
44510 11339 33514 31751 
41016 24627 33356 31669 
36600 38705 33093 31712 
33068 49539 32805 31925 
31366 55155 32561 32230 
31404 55146 32311 32604 
32117 50760 32100 32992 
31928 44172 31936 33351 
30034 37554 31887 33675 
26613 31785 31891 33835 
23109 27331 32008 33866 
21152 24106 32207 33768 
22035 22343 32461 33557 
25512 22347 32770 33257 
30340 24241 33047 32826 
35100 27899 33358 32438 
38854 32196 33587 32032 
41713 35630 33728 31708 
44111 36646 33714 31461 
46311 34926 33604 31385 
47515 31385 33376 31442 
46374 27911 33057 31655 
41779 26470 32685 32025 
33911 28210 32332 32472 
24719 32543 32020 32945 
16508 38073 31815 33404 
11514 42946 31732 33794 
10921 45808 31810 34056 
14635 46047 32010 34140 
21511 43797 32288 34061 
29761 39763 32588 33820 
38140 34467 32835 33414 
45439 28475 32999 32934 
50553 22441 33093 32452 
52585 17210 33138 32030 
51060 14018 33118 31700 
46561 13611 33064 31554 
40282 16227 32983 31541 
33607 21619 32950 31675 
27363 29228 32939 31923 
22136 38033 32984 32217 
17753 47061 33031 32512 
14576 55129 33095 32810 
13609 60397 33090 32998 
16235 60937 33019 33127 
23076 55635 32895 33222 
33222 44683 32665 33224 
44289 30274 32411 33237 
53119 15662 32133 33211 
56841 4626 31882 33175 
53956 534 31709 33119 
45553 3865 31678 33074 
34544 13004 31800 33007 
24536 25056 32070 32911 
18359 36919 32456 32776 
17334 45653 32905 32619 
20213 50229 33352 32446 
24787 50740 33710 32224 
29208 48241 33944 32070 
32324 44248 34033 31963 
34164 40270 33916 31944 
35559 37053 33660 32020 
36967 34628 33289 32171 
38195 32493 32838 32400 
38589 30052 32384 32673 
37659 27075 32001 32951 
35600 23846 31659 33166 
33358 21279 31480 33358 
32060 20217 31476 33492 
32199 21008 31607 33519 
33374 23548 31881 33504 
34274 27070 32244 33404 
33778 31014 32669 33233 
31637 35050 33111 33033 
28622 38993 33450 32728 
26155 42855 33738 32445 
25403 46052 33878 32184 
26445 48042 33845 31923 
28592 48239 33690 31775 
30920 46178 33432 31714 
32791 41859 33048 31728 
34466 35916 32691 31885 
36658 28842 32377 32156 
39734 21234 32114 32481 
43260 14006 31917 32814 
45978 8340 31885 33201 
46048 5969 31929 33518 
42575 8172 32041 33736 
35837 15650 32250 33850 
27203 27663 32496 33809 
18652 42472 32740 33641 
12675 56755 32898 33316 
10986 65195 33070 32958 
13915 65492 33145 32544 
20890 65525 33164 32158 
30684 61446 33131 31858 
40930 44519 33009 31672 
49287 27480 32875 31668 
54134 12448 32780 31838 
54457 2387 32688 32138 
50539 103 32626 32501 
43366 60 32602 32862 
34779 9019 32646 33206 
26181 20259 32727 33423 
18690 32865 32829 33510 
13312 44973 32874 33376 
11162 54953 32936 33145 
13283 60676 32936 32799 
19782 60917 32918 32483 
29551 55472 32818 32181 
40626 45092 32658 31971 
50349 31789 32508 31964 
56429 17903 32351 32104 
57115 6730 32215 32399 
52631 1052 32157 32788 
44376 1960 32167 33171 
