33686 33351 33575 32117 
33686 33351 33575 32117 
33555 33319 33483 31639 
33297 33204 33249 31311 
32976 33042 32964 31190 
32692 32913 32682 31334 
32442 32780 32438 31676 
32250 32647 32238 32148 
32152 32548 32149 32704 
32141 32471 32139 33231 
32186 32392 32207 33661 
32296 32336 32337 33937 
32447 32307 32519 34008 
32609 32314 32726 33876 
32752 32344 32884 33564 
32846 32404 32977 33120 
32903 32507 33026 32638 
32970 32679 33048 32213 
32975 32860 33012 31865 
32887 32954 32861 31602 
32834 33062 32745 31599 
32768 33120 32629 31811 
32685 33094 32525 32117 
32629 33020 32467 32545 
32581 32872 32436 32989 
32554 32685 32444 33370 
32605 32573 32568 33697 
32662 32476 32686 33810 
32739 32431 32839 33704 
32816 32434 32967 33401 
32868 32508 33070 32951 
32928 32639 33151 32464 
32952 32803 33171 31982 
32878 32904 33066 31571 
32808 33011 32936 31403 
32683 33042 32728 31437 
32593 33046 32560 31745 
32529 32959 32400 32195 
32474 32794 32269 32748 
32462 32608 32216 33312 
32472 32411 32214 33790 
32556 32286 32308 34095 
32657 32253 32464 34180 
32722 32255 32613 33979 
32801 32357 32784 33594 
32849 32511 32934 33053 
32907 32747 33063 32502 
32937 32958 33143 31967 
32950 33128 33179 31540 
32934 33257 33166 31320 
32894 33278 33096 31309 
32848 33212 32987 31509 
32762 33037 32830 31886 
32678 32822 32669 32368 
32575 32542 32472 32879 
32448 32288 32317 33407 
32347 32086 32171 33784 
32283 32011 32115 33998 
32278 32049 32137 34036 
32339 32219 32250 33883 
32471 32479 32453 33573 
32648 32791 32707 33146 
32854 33078 32973 32655 
33063 33316 33224 32164 
33233 33453 33410 31735 
33343 33484 33508 31466 
33353 33359 33477 31355 
33298 33175 33336 31459 
33105 32872 33079 31696 
32853 32562 32751 32059 
32621 32339 32474 32549 
32357 32146 32204 33023 
32129 32020 31979 33402 
32018 32030 31918 33727 
32043 32158 31981 33925 
32143 32327 32127 33912 
32368 32598 32381 33785 
32649 32856 32679 33517 
32910 33070 32933 33158 
33147 33264 33171 32791 
33297 33336 33314 32369 
33354 33322 33388 32006 
33288 33207 33342 31737 
33079 32980 33178 31562 
32789 32688 32916 31537 
32526 32447 32679 31715 
32278 32223 32433 32026 
32112 32079 32238 32412 
32080 32060 32153 32878 
32147 32131 32158 33308 
32331 32317 32280 33668 
32618 32597 32510 33898 
32919 32902 32777 33932 
33199 33193 33045 33772 
33392 33400 33243 33425 
33457 33484 33339 32955 
33424 33476 33350 32466 
33243 33320 33251 31993 
32938 33036 33002 31593 
32591 32695 32717 31399 
32333 32405 32477 31465 
32079 32103 32202 31675 
31940 31916 32047 32059 
31988 31907 32029 32568 
32135 32019 32116 33084 
32377 32255 32301 33555 
32676 32567 32567 33894 
32964 32907 32858 34049 
33161 33156 33072 33931 
33296 33363 33256 33655 
33350 33459 33354 33246 
33290 33425 33350 32753 
33161 33285 33258 32258 
32968 33052 33077 31841 
32731 32732 32829 31542 
32510 32411 32585 31474 
32334 32145 32367 31602 
32200 31950 32183 31894 
32151 31895 32104 32319 
32166 31956 32097 32781 
32240 32142 32178 33236 
32392 32454 32349 33634 
32614 32818 32600 33862 
32824 33158 32864 33877 
33010 33447 33111 33689 
33176 33619 33302 33373 
33336 33688 33453 32938 
33375 33569 33473 32443 
33367 33366 33408 32006 
33260 33069 33240 31672 
33064 32702 32983 31495 
32867 32391 32722 31563 
32609 32116 32442 31791 
32383 31942 32208 32142 
32186 31879 32054 32601 
32078 31953 32000 33063 
32014 32090 32014 33456 
32109 32332 32177 33751 
32288 32627 32412 33885 
32480 32849 32635 33811 
32672 32983 32813 33544 
32847 33063 32956 33209 
32993 33063 33035 32813 
33077 33021 33044 32454 
33070 32914 32989 32153 
33062 32835 32935 31984 
32973 32773 32868 31917 
32899 32796 32843 32000 
32843 32879 32890 32157 
32778 33069 32992 32513 
32791 33135 33070 32671 
32820 33131 33094 32777 
32818 32998 33048 32801 
32798 32801 32925 32781 
32750 32522 32726 32739 
32691 32260 32516 32760 
32580 32005 32265 32770 
32434 31820 32031 32827 
32297 31746 31871 32930 
32209 31842 31823 33080 
32188 32085 31921 33237 
32243 32443 32142 33347 
32411 32884 32468 33408 
32614 33292 32821 33311 
32867 33642 33198 33125 
33103 33851 33484 32812 
33358 33921 33729 32489 
33500 33798 33801 32138 
33586 33558 33786 31888 
33499 33175 33573 31660 
33339 32774 33311 31646 
33087 32356 32984 31760 
32771 31975 32607 31986 
32452 31731 32268 32335 
32142 31609 31966 32734 
31922 31646 31765 33159 
31801 31814 31665 33536 
31772 32066 31690 33788 
31878 32399 31845 33906 
32109 32786 32109 33886 
32351 33112 32401 33674 
32687 33448 32774 33390 
32996 33643 33125 32999 
33268 33710 33431 32559 
33507 33687 33688 32166 
33635 33521 33812 31822 
33637 33219 33764 31554 
33551 32913 33628 31506 
33376 32584 33365 31582 
33150 32312 33059 31832 
32874 32104 32696 32156 
32585 31990 32358 32561 
32277 31962 32055 32962 
32065 32050 31880 33348 
31929 32213 31802 33636 
31859 32409 31846 33772 
31881 32634 31981 33748 
31999 32829 32186 33608 
32203 32981 32427 33344 
32483 33124 32708 33038 
32788 33198 32950 32689 
33114 33205 33172 32367 
33371 33166 33319 32106 
33556 33077 33400 31929 
33602 32941 33386 31844 
33500 32767 33279 31904 
33303 32640 33127 32070 
32994 32511 32936 32351 
32645 32388 32706 32628 
32306 32320 32492 32932 
32043 32265 32335 33176 
31918 32294 32264 33364 
31901 32344 32222 33425 
32055 32453 32290 33365 
32360 32631 32453 33250 
32693 32796 32623 33005 
33045 32992 32826 32741 
33341 33166 32992 32454 
33543 33345 33156 32238 
33546 33408 33180 32053 
33409 33393 33150 31982 
33152 33292 33028 32011 
32827 33129 32855 32182 
32419 32834 32606 32381 
32163 32586 32443 32696 
31979 32322 32310 32989 
31941 32065 32234 33260 
32040 31888 32240 33516 
32264 31807 32312 33756 
32586 31883 32495 33943 
32886 32026 32666 33826 
33105 32227 32818 33335 
33200 32439 32907 32399 
33203 32718 32995 31217 
33058 32941 32994 30125 
32869 33168 32979 29591 
32679 33385 32948 29955 
32555 33553 32925 31224 
32494 33659 32914 33170 
32511 33651 32889 35214 
32608 33535 32880 36786 
32734 33317 32859 37501 
32891 33043 32841 37288 
32990 32696 32755 36137 
33044 32373 32664 34362 
33017 32072 32547 32201 
32898 31848 32420 29944 
32687 31678 32281 27814 
32519 31729 32232 26237 
32323 31843 32180 25481 
32243 32119 32276 25971 
32187 32410 32421 27627 
32140 32643 32605 30403 
32183 32830 32837 33898 
32257 32900 32999 37569 
32487 33009 33178 40766 
32879 33183 33308 42849 
33389 33456 33366 43367 
33861 33731 33313 42042 
34188 33978 33212 38977 
34189 33982 33034 34565 
33860 33742 32836 29694 
33159 33221 32574 25027 
32328 32593 32338 21479 
31570 31896 32134 19689 
31171 31135 32007 20063 
31155 30510 31978 22598 
31167 30291 32023 26833 
30965 30974 32197 32152 
30653 32505 32442 37566 
31005 34050 32748 42334 
32914 34402 33071 45486 
36123 33028 33336 46497 
39246 30721 33517 45267 
40081 29395 33595 42056 
36946 30926 33532 37259 
30367 35748 33344 31780 
23506 41873 33062 26670 
20128 46014 32743 22648 
22801 44916 32397 20322 
31205 37302 32130 20081 
41812 24802 31943 21934 
49102 13074 31899 25373 
49953 6917 32009 29812 
43814 9317 32169 34413 
33435 19643 32403 38477 
22723 34667 32706 41527 
16193 48282 32951 42884 
14719 57285 33194 42614 
17277 60072 33354 40803 
22096 57316 33423 37886 
27796 50766 33378 34315 
33624 42519 33251 30873 
39590 33582 33043 28001 
45442 24276 32763 26148 
50682 14755 32505 25530 
54595 5214 32230 26135 
55845 224 32055 27810 
53293 62 31931 30003 
46395 31 31983 32444 
35379 12826 32145 34626 
21590 29592 32388 36191 
7463 49167 32749 37016 
260 64756 33090 36952 
58 65435 33361 36114 
30 65497 33601 34774 
6822 65535 33674 33184 
20853 65535 33606 31686 
37904 63525 33391 30614 
55529 41297 33093 30085 
65230 18210 32699 30115 
65506 657 32310 30709 
65535 32 31988 31706 
65535 0 31774 32810 
65535 449 31727 33854 
47764 19024 31828 34583 
27741 37643 32042 34903 
10427 54381 32386 34798 
1871 64208 32741 34231 
1902 65480 33065 33342 
7829 59858 33372 32419 
16442 49433 33535 31487 
25409 37074 33595 30814 
33634 24429 33515 30492 
40308 13033 33331 30577 
44843 3781 33022 31005 
46955 186 32691 31760 
46176 88 32370 32653 
42411 60 32103 33512 
36071 7615 31909 34242 
28428 20536 31880 34706 
21689 35834 31994 34820 
17319 50829 32225 34604 
16582 62422 32551 34110 
19831 65415 32893 33402 
26495 65486 33207 32591 
34852 65398 33489 31882 
42375 54576 33595 31281 
46985 45062 33587 30958 
47310 36793 33416 30911 
43403 30762 33165 31123 
36659 26799 32841 31572 
29513 24233 32504 32158 
24391 22257 32235 32777 
22604 20081 32007 33283 
24556 17423 31934 33727 
29489 14116 31968 33954 
36362 10483 32146 33993 
43141 7594 32374 33822 
48157 6851 32645 33552 
49571 9753 32844 33188 
46422 17038 32978 32799 
38894 28389 33025 32461 
28791 41655 33008 32247 
18750 54383 32898 32084 
11073 64565 32849 32123 
7074 65403 32799 32208 
6992 65445 32778 32343 
10592 65466 32864 32512 
17392 65494 32946 32611 
27008 65497 33063 32659 
39134 49899 33170 32683 
52429 31071 33170 32580 
64264 11162 33179 32539 
65462 315 33028 32438 
65535 43 32775 32391 
65535 17 32491 32448 
58291 499 32196 32564 
40764 14519 31944 32759 
23249 27802 31810 33025 
10042 39482 31760 33294 
3900 46831 31876 33525 
4477 48936 32113 33649 
9554 46857 32455 33637 
16255 42881 32871 33521 
22366 39059 33215 33206 
26944 36709 33546 32840 
30155 35391 33755 32439 
33134 33699 33831 32028 
37088 30153 33714 31687 
42290 24657 33474 31481 
47754 18600 33167 31449 
51412 14531 32831 31575 
51061 14779 32479 31852 
45674 20379 32202 32241 
36499 29695 31955 32647 
26591 40214 31825 33101 
19472 48703 31772 33481 
17619 53130 31849 33811 
21077 52761 32002 33991 
27470 48613 32248 34031 
33572 42461 32490 33866 
37006 36208 32778 33587 
37002 31076 33028 33176 
34569 27500 33282 32733 
31724 25407 33482 32292 
30123 24057 33582 31876 
30529 22927 33594 31555 
32527 21782 33515 31390 
35256 20800 33364 31364 
37500 20542 33158 31510 
38502 21604 32918 31809 
37875 24397 32635 32179 
35767 29033 32376 32635 
32660 35169 32127 33080 
29471 41880 31958 33521 
27211 47518 31871 33830 
26240 51382 31944 34019 
26422 52689 32026 33992 
27515 51358 32210 33828 
29106 47488 32412 33511 
30942 41418 32614 33106 
32891 34031 32775 32673 
35035 26155 32943 32295 
37316 18776 33060 32013 
39439 12939 33103 31803 
41119 9558 33188 31797 
41744 9181 33206 31879 
41153 11859 33240 32087 
39278 17160 33260 32321 
36238 24446 33249 32550 
32373 32910 33224 32747 
27797 42088 33130 32845 
23347 50634 32992 32857 
19725 57532 32791 32830 
17705 61775 32578 32767 
17888 62110 32332 32736 
20454 57876 32079 32694 
25142 49282 31853 32716 
31024 38098 31720 32824 
37179 26208 31691 32957 
42848 15769 31810 33146 
47474 8171 32045 33316 
50746 3808 32373 33429 
52195 2570 32758 33421 
51372 4147 33185 33311 
47782 8340 33509 33018 
41273 15736 33758 32660 
32250 26589 33910 32302 
21809 40551 33884 31925 
12305 55408 33693 31622 
6307 65171 33419 31507 
5474 65487 33061 31542 
9875 65529 32676 31717 
18343 65528 32321 32050 
28754 56231 32050 32483 
39139 39662 31839 32935 
47432 24418 31699 33387 
52510 14175 31678 33753 
54201 9484 31789 34030 
52552 9237 31951 34101 
48196 11537 32185 34016 
41756 14796 32462 33726 
34967 18095 32792 33344 
28784 21620 33118 32842 
24076 26032 33421 32327 
21158 31720 33682 31850 
19848 38561 33812 31455 
19915 45197 33825 31247 
21124 50313 33691 31222 
23548 52373 33423 31343 
27360 50665 33123 31718 
32238 45118 32704 32163 
37228 37479 32356 32720 
41229 29764 32036 33249 
43300 24155 31820 33720 
43077 21809 31723 34047 
40766 22573 31750 34152 
37193 25249 31914 34074 
33553 27867 32142 33798 
30617 29298 32437 33395 
28943 29415 32702 32863 
28738 29094 32978 32359 
29673 29603 33210 31872 
31012 31828 33375 31526 
32017 35596 33490 31404 
32190 39723 33454 31422 
31787 42614 33353 31665 
31280 42871 33143 32037 
31244 40291 32897 32522 
31711 35807 32602 33017 
32436 31068 32331 33477 
33023 27743 32154 33852 
33159 26523 32043 34005 
32923 27243 32047 33961 
32704 28731 32167 33696 
32826 29789 32381 33285 
33332 30142 32675 32789 
33798 30324 32956 32229 
33916 31300 33208 31730 
33652 33610 33384 31368 
33399 36619 33455 31236 
33501 39074 33423 31340 
33855 39694 33222 31593 
34149 38066 32968 32065 
33956 34729 32642 32595 
33222 31243 32347 33189 
32195 28749 32120 33701 
31296 27654 31964 34032 
30876 27645 31956 34187 
30844 28053 32062 34114 
30946 28484 32256 33854 
31136 29151 32514 33440 
31506 30552 32714 32930 
32252 33102 32907 32430 
33118 36803 33036 31971 
33586 40512 33119 31683 
33251 42839 33129 31568 
32325 42528 33095 31614 
31543 39311 33063 31828 
31716 33860 33031 32108 
33158 27872 32976 32426 
35241 23633 32952 32724 
36599 22605 32923 32952 
36218 24717 32884 33089 
34176 28599 32811 33134 
31699 32385 32723 33117 
30196 34683 32614 33049 
30332 35095 32426 32917 
31681 34665 32289 32862 
33001 34493 32138 32802 
33321 35311 32047 32792 
32522 36827 32036 32832 
31493 37795 32121 32914 
31264 37096 32301 32982 
32168 34396 32544 33017 
33591 30369 32843 32978 
34570 26295 33124 32840 
34498 23727 33359 32646 
33695 23433 33560 32458 
32813 25434 33604 32208 
32457 29367 33521 31992 
32538 34637 33343 31858 
32339 40086 33096 31848 
31266 44439 32808 31967 
29473 46662 32515 32173 
28033 46139 32248 32492 
28042 42907 32000 32777 
30031 37746 31863 33138 
33208 31815 31808 33446 
36367 25946 31906 33730 
38390 20537 32053 33853 
39146 15983 32287 33828 
39034 12898 32591 33685 
38599 12490 32877 33406 
37880 15750 33150 33013 
36388 22939 33379 32567 
33514 33263 33577 32141 
29140 44629 33623 31730 
24285 54882 33592 31439 
20769 61416 33461 31305 
19902 62817 33254 31347 
22010 58816 32966 31542 
26291 50167 32663 31922 
31251 38230 32377 32390 
35431 25861 32117 32889 
38482 15173 31932 33384 
40755 7963 31821 33771 
42758 4997 31850 34053 
44285 6060 31924 34090 
44562 10321 32109 33938 
42788 16572 32343 33647 
38872 23997 32564 33247 
33686 32166 32790 32809 
28602 40806 32997 32391 
24745 49575 33181 32064 
22531 57065 33299 31851 
21355 62078 33372 31791 
20542 63145 33413 31874 
19958 59563 33379 32031 
20424 51233 33305 32235 
23269 39223 33193 32461 
28899 26297 33041 32615 
36611 14380 32865 32712 
44579 5569 32699 32770 
50618 1070 32494 32750 
53263 1289 32327 32712 
52099 5477 32149 32686 
48130 12542 32003 32682 
42609 21457 31929 32761 
36259 31551 31897 32892 
29754 41960 31980 33106 
23589 51518 32123 33301 
18123 59575 32401 33514 
13872 64851 32692 33600 
11371 65431 32974 33554 
11275 65473 33266 33372 
14137 57756 33443 33020 
20425 46255 33586 32623 
29831 31187 33630 32196 
41099 14544 33538 31761 
52222 727 33373 31441 
59908 80 33135 31275 
61775 28 32856 31297 
57536 91 32590 31508 
48641 13910 32366 31912 
37765 28043 32153 32375 
27404 41909 31987 32899 
19578 52753 31847 33415 
14962 59048 31865 33894 
12434 61380 31918 34168 
11593 60322 32062 34306 
12893 55827 32281 34253 
17418 47398 32567 34004 
25429 35164 32856 33574 
35923 20439 33149 33031 
46252 6175 33425 32474 
54101 207 33643 31919 
57416 46 33722 31402 
55627 22 33685 31051 
49326 10324 33553 30896 
40153 25991 33302 30960 
30191 43276 33004 31256 
21090 59058 32658 31722 
14541 65339 32332 32334 
11834 65513 32087 33007 
13621 65529 31849 33615 
19290 65370 31771 34116 
27446 47167 31823 34437 
36055 30102 31961 34529 
42978 15262 32147 34363 
46927 5143 32418 34017 
47264 928 32639 33462 
44773 2204 32827 32843 
40789 7788 33011 32283 
36301 16614 33129 31791 
31824 27656 33188 31454 
27313 39911 33241 31320 
22869 51365 33217 31382 
19279 59417 33202 31608 
17717 62016 33212 31955 
19472 57857 33170 32332 
25018 47434 33128 32700 
33565 32796 33034 32961 
42744 17975 32892 33132 
49607 7283 32719 33185 
52279 3227 32555 33190 
50104 6325 32341 33088 
44149 15165 32150 32978 
36433 27188 32004 32900 
29209 39214 31908 32869 
23955 48896 31899 32907 
20850 55445 31995 33002 
19418 58504 32147 33074 
19301 57964 32407 33153 
20480 53311 32717 33164 
23296 44460 33019 33075 
27721 32446 33269 32862 
33345 19019 33505 32626 
39106 7272 33625 32302 
43675 659 33656 32008 
45765 68 33529 31742 
44797 9677 33308 31582 
41486 22951 33095 31669 
37088 37423 32798 31835 
33350 49285 32544 32139 
31420 55852 32336 32525 
31414 56422 32200 32939 
32253 52069 32079 33288 
32405 45351 32069 33607 
30746 38246 32072 33762 
27349 32064 32097 33784 
23509 27259 32158 33685 
20997 23782 32283 33529 
21341 21861 32400 33273 
24551 21710 32551 32987 
29350 23613 32770 32757 
34241 27322 32996 32498 
38156 31874 33218 32264 
41201 35680 33464 32095 
43892 37143 33614 31896 
46509 35626 33717 31782 
48220 32012 33707 31734 
47615 28225 33575 31715 
43449 26365 33302 31778 
35805 27679 32964 31934 
25982 31992 32541 32186 
17004 37748 32177 32583 
11077 42992 31825 32964 
9650 46177 31570 33374 
12791 46668 31551 33816 
19516 44462 31667 34118 
28132 40195 31893 34255 
37026 34695 32205 34204 
45008 28435 32522 33933 
50866 22173 32881 33541 
53459 16687 33095 32990 
52314 13139 33267 32425 
47982 12629 33394 31942 
41540 15305 33404 31543 
34557 20956 33367 31339 
28057 28787 33262 31270 
22383 38141 33173 31423 
17664 47549 33083 31687 
14109 55953 33002 32040 
12733 61578 32936 32438 
14943 62429 32875 32810 
21661 57080 32738 33105 
31888 45992 32612 33351 
43410 30937 32467 33502 
53075 15499 32328 33561 
57669 3626 32163 33525 
55307 100 32013 33407 
47014 34 31941 33267 
35711 10453 31933 33088 
24970 23316 32060 32941 
18092 36065 32247 32805 
16380 46010 32499 32644 
19193 51470 32816 32533 
24086 52368 33131 32429 
28851 49925 33405 32316 
32385 45746 33634 32243 
34512 41266 33736 32168 
36018 37452 33744 32114 
37363 34674 33626 32101 
38498 32375 33381 32110 
38853 29961 33062 32208 
37864 26999 32638 32320 
35654 23786 32240 32536 
33040 21117 31863 32779 
31481 20091 31654 33097 
31456 20878 31556 33386 
32699 23341 31648 33641 
33974 26791 31916 33823 
33990 30643 32276 33845 
32299 34425 32701 33711 
29550 38190 33120 33436 
27057 41913 33468 33022 
25996 45369 33717 32543 
26688 47929 33835 32069 
28493 48720 33757 31649 
30460 47288 33511 31353 
32119 43537 33173 31235 
33659 37823 32783 31355 
35784 30484 32366 31643 
39027 22388 32054 32133 
42853 14562 31860 32677 
45953 8163 31804 33209 
46589 4731 31880 33674 
43594 6070 32115 34035 
36874 13109 32409 34158 
28092 25165 32751 34094 
19321 40245 33053 33838 
12839 55292 33279 33413 
10337 65126 33394 32925 
12687 65490 33413 32424 
19416 65527 33340 32012 
29083 65523 33177 31671 
39639 51376 32926 31472 
48843 33676 32676 31453 
54757 16836 32494 31667 
55895 4626 32322 31983 
52377 165 32208 32354 
45397 59 32140 32752 
36466 5487 32188 33185 
26996 15939 32264 33512 
18666 28348 32411 33756 
12468 40988 32617 33847 
9553 51875 32831 33765 
10909 59064 33016 33525 
17183 61023 33184 33170 
27526 56933 33344 32801 
39422 47512 33417 32378 
50317 34512 33402 32003 
57563 20595 33297 31730 
59399 8752 33101 31569 
55630 1747 32853 31603 
47235 1339 32584 31801 
