33237 33196 33259 32521 
33237 33196 33259 32521 
33006 32999 33087 32701 
32764 32748 32860 32821 
32522 32456 32583 32879 
32338 32198 32330 32918 
32170 31953 32068 32918 
32045 31780 31857 32905 
31963 31667 31715 32912 
31947 31725 31718 32978 
32007 31908 31851 33074 
32182 32237 32110 33227 
32364 32606 32413 33313 
32646 33085 32796 33395 
32887 33500 33105 33321 
33125 33848 33395 33179 
33364 34052 33614 32960 
33508 34052 33703 32654 
33598 33875 33704 32328 
33524 33453 33538 31954 
33374 32947 33314 31686 
33138 32368 33034 31511 
32876 31846 32744 31504 
32580 31454 32466 31638 
32321 31299 32234 31922 
32112 31355 32042 32267 
32000 31634 31945 32731 
31927 32056 31883 33193 
31957 32541 31899 33629 
32076 33046 32020 33993 
32223 33440 32178 34160 
32416 33691 32397 34158 
32686 33816 32710 34025 
32929 33732 33001 33679 
33125 33519 33268 33211 
33334 33253 33507 32677 
33490 32976 33683 32140 
33520 32701 33729 31637 
33515 32480 33688 31300 
33350 32290 33480 31093 
33123 32177 33180 31105 
32818 32093 32808 31309 
32499 32070 32421 31703 
32243 32132 32094 32264 
32069 32206 31862 32858 
31966 32303 31708 33415 
31994 32465 31728 33890 
32092 32618 31821 34146 
32309 32857 32074 34264 
32500 33064 32372 34125 
32736 33290 32720 33823 
32925 33449 33058 33372 
33047 33498 33315 32845 
33132 33455 33498 32345 
33170 33319 33579 31907 
33169 33085 33532 31599 
33087 32733 33314 31439 
33020 32431 33065 31537 
32901 32129 32738 31777 
32745 31907 32428 32126 
32597 31795 32187 32554 
32424 31785 32032 32965 
32272 31903 32015 33330 
32217 32167 32161 33611 
32188 32468 32375 33697 
32276 32825 32669 33641 
32456 33197 32985 33440 
32659 33475 33191 33077 
32919 33713 33343 32708 
33172 33814 33396 32328 
33364 33751 33305 31978 
33424 33529 33078 31739 
33347 33185 32777 31640 
33194 32829 32503 31773 
32972 32446 32277 32029 
32690 32108 32123 32409 
32390 31833 32063 32809 
32202 31737 32146 33226 
32057 31739 32286 33557 
32091 31941 32555 33801 
32172 32178 32811 33861 
32278 32418 32976 33707 
32424 32664 33073 33439 
32584 32895 33102 33090 
32706 33047 33019 32680 
32839 33188 32912 32325 
32907 33230 32774 32035 
32969 33222 32662 31861 
32997 33158 32598 31789 
33072 33096 32626 31872 
33095 32983 32683 31988 
33129 32918 32807 32178 
33142 32845 32921 32370 
33141 32809 33036 32571 
33109 32799 33105 32755 
33003 32770 33066 32897 
32843 32736 32952 33044 
32634 32670 32761 33146 
32423 32576 32559 33278 
32165 32437 32311 33363 
31976 32284 32120 33414 
31845 32116 31991 33406 
31831 31979 31971 33328 
31925 31926 32055 33190 
32180 32008 32289 33009 
32490 32171 32573 32746 
32875 32500 32933 32463 
33204 32829 33221 32122 
33505 33242 33480 31844 
33703 33634 33624 31665 
33786 33935 33662 31636 
33745 34097 33580 31745 
33557 34048 33349 31927 
33260 33811 33036 32223 
32916 33419 32705 32601 
32529 32897 32365 33006 
32120 32263 32033 33322 
31829 31712 31833 33637 
31606 31261 31716 33799 
31560 31023 31744 33854 
31664 31008 31900 33770 
31875 31218 32128 33558 
32196 31675 32445 33298 
32595 32292 32803 32982 
32955 32921 33120 32600 
33295 33555 33417 32245 
33583 34085 33626 31940 
33738 34393 33713 31720 
33781 34484 33712 31629 
33691 34326 33574 31623 
33518 33971 33379 31757 
33186 33398 33033 31921 
32854 32782 32681 32158 
32531 32198 32362 32504 
32220 31673 32061 32833 
31979 31317 31848 33165 
31861 31192 31746 33454 
31861 31303 31799 33678 
31996 31618 31966 33808 
32176 32064 32191 33770 
32410 32553 32473 33646 
32662 33023 32755 33426 
32811 33373 32952 33106 
32920 33580 33103 32782 
32966 33622 33213 32508 
32934 33458 33203 32239 
32852 33154 33138 32037 
32793 32821 33053 31946 
32781 32513 32976 31942 
32826 32325 32918 32008 
32929 32286 32906 32103 
33078 32423 32923 32235 
33206 32671 32945 32332 
33314 32990 32961 32433 
33312 33266 32920 32497 
33209 33458 32839 32579 
33034 33507 32742 32703 
32738 33313 32552 32829 
32380 32962 32331 32978 
31991 32426 32089 33131 
31699 31901 31934 33324 
31546 31447 31855 33496 
31505 31145 31864 33576 
31687 31103 32027 33603 
32049 31385 32314 33560 
32515 31912 32674 33365 
33042 32620 33054 33089 
33555 33401 33390 32721 
33963 34159 33658 32316 
34196 34711 33827 31921 
33989 34870 33684 31390 
33570 34409 33456 31356 
33029 33605 33126 31448 
32400 32625 32737 31699 
31841 31636 32372 32110 
31422 30838 32047 32549 
31231 30323 31795 33029 
31235 30178 31601 33470 
31463 30438 31553 33840 
31941 31139 31688 34110 
32475 32054 31930 34223 
33043 33029 32256 34159 
33484 33897 32632 33906 
33742 34476 33012 33492 
33812 34719 33363 32975 
33723 34656 33690 32465 
33461 34235 33852 31946 
33134 33624 33879 31494 
32789 32981 33745 31212 
32441 32342 33423 31051 
32328 31998 33129 31191 
32251 31774 32702 31436 
32358 31860 32376 31912 
32466 32040 32053 32423 
32639 32346 31897 33038 
32704 32570 31814 33547 
32721 32728 31889 33991 
32668 32756 32074 34225 
32550 32651 32289 34252 
32477 32530 32582 34124 
32411 32396 32822 33782 
32393 32294 32997 33288 
32512 32363 33146 32783 
32700 32508 33218 32255 
32902 32734 33218 31797 
33140 33042 33200 31501 
33278 33298 33073 31356 
33356 33516 32953 31415 
33286 33583 32776 31641 
33157 33571 32652 32056 
32932 33408 32526 32544 
32663 33144 32458 33045 
32369 32775 32392 33460 
32150 32417 32412 33791 
32047 32123 32494 33963 
32045 31902 32601 33915 
32163 31830 32758 33697 
32336 31851 32850 33285 
32615 32022 32973 32810 
32893 32287 33037 32295 
33173 32627 33087 31868 
33320 32903 33016 31518 
33380 33119 32903 31370 
33366 33306 32785 31478 
33227 33363 32623 31749 
33058 33382 32528 32233 
32808 33263 32419 32777 
32572 33114 32376 33413 
32365 32928 32392 34052 
32228 32740 32459 34525 
32163 32546 32560 34586 
32153 32379 32653 34067 
32207 32240 32733 32960 
32247 32090 32710 31501 
32435 32130 32779 30265 
32579 32175 32742 29576 
32780 32347 32749 29914 
32984 32594 32794 31191 
33119 32818 32831 33081 
33167 32996 32868 35074 
33204 33174 32973 36619 
33185 33265 33093 37322 
33076 33237 33138 37062 
32961 33169 33173 35993 
32810 33034 33116 34214 
32670 32856 32990 31983 
32545 32656 32799 29634 
32454 32510 32561 27488 
32437 32392 32322 25892 
32496 32395 32135 25270 
32538 32436 31995 25920 
32516 32473 31933 27863 
32482 32546 32032 30959 
32397 32548 32199 34745 
32348 32561 32455 38637 
32401 32597 32750 41838 
32603 32717 33020 43652 
32930 32916 33246 43695 
33307 33174 33416 41828 
33581 33373 33493 38170 
33647 33398 33487 33304 
33373 33171 33340 28098 
32915 32839 33140 23474 
32358 32438 32857 20197 
32000 31986 32564 18928 
31957 31453 32275 19984 
32092 31099 32061 23215 
31972 31280 31929 28094 
31422 32315 31895 33727 
30953 33862 32025 39308 
31487 34813 32244 43881 
33654 34147 32532 46552 
36900 31884 32883 46995 
39292 29389 33207 45131 
38507 28804 33395 41135 
33800 31742 33497 35933 
26720 37681 33473 30320 
20781 43890 33299 25195 
19825 46680 33053 21416 
25520 43113 32743 19546 
35734 33203 32466 19884 
46069 20103 32210 22202 
51799 9215 32113 26089 
49997 5494 32068 30731 
41343 11282 32200 35603 
29747 24161 32361 39594 
19657 39564 32577 42279 
14207 52672 32797 43284 
13949 60098 32974 42574 
17554 60974 33074 40325 
22997 56676 33143 37134 
29113 49235 33114 33505 
35415 40368 32986 30044 
41985 30831 32856 27322 
48146 21085 32739 25803 
53307 11033 32553 25482 
56574 1768 32435 26401 
56735 123 32324 28186 
52605 44 32329 30582 
43836 2248 32372 32989 
31006 16931 32471 35027 
16267 35025 32650 36462 
2443 54566 32854 37038 
117 65198 33068 36772 
40 65473 33233 35817 
22 65516 33313 34372 
10245 65535 33358 32866 
25532 65535 33252 31465 
43662 54931 33050 30471 
62035 33019 32818 30086 
65402 9780 32474 30213 
65535 233 32241 30912 
65535 0 32003 31883 
65535 0 31922 33006 
63617 8347 31953 34014 
40049 26379 32069 34647 
19861 45175 32316 34889 
5412 60001 32632 34693 
320 65400 32929 34089 
3154 65509 33205 33216 
10903 58225 33426 32307 
20392 46312 33546 31466 
29433 33258 33545 30874 
37186 20597 33407 30586 
43205 9179 33179 30660 
46844 677 32879 31083 
47749 122 32563 31784 
45541 76 32260 32586 
40369 53 32016 33418 
32816 10339 31859 34141 
25021 24022 31857 34592 
18577 39683 31968 34757 
15224 54299 32235 34634 
16018 64564 32576 34215 
20973 65461 32924 33564 
28796 65486 33227 32814 
37480 59878 33485 32066 
44613 51622 33610 31422 
48120 42052 33577 30951 
46884 34429 33437 30780 
41744 29281 33190 30886 
34600 25996 32847 31216 
27987 23744 32521 31781 
23943 21711 32254 32459 
23544 19242 32034 33128 
26746 16191 31914 33706 
32572 12702 31994 34187 
39421 9209 32119 34393 
45608 6882 32330 34359 
49308 7363 32615 34147 
48730 11931 32872 33703 
43509 20876 33071 33149 
34556 33110 33230 32558 
24056 46475 33324 32024 
14379 58921 33331 31571 
7878 65300 33203 31270 
5826 65434 33020 31221 
7693 65454 32775 31352 
12890 65474 32559 31715 
20927 65499 32345 32225 
31800 58083 32191 32777 
44466 41933 32087 33294 
57654 22233 32133 33784 
65279 2818 32262 34068 
65504 123 32499 34175 
65535 21 32766 33991 
65535 13 33023 33613 
52549 7830 33234 33089 
34591 20966 33416 32533 
17879 34731 33504 31980 
7220 45121 33423 31485 
4009 50187 33253 31234 
6649 50009 32989 31215 
12572 46131 32655 31401 
19140 41081 32370 31841 
24390 36815 32088 32342 
27654 34375 31940 32953 
29781 32843 31873 33482 
32312 30655 31950 33896 
36442 26604 32145 34106 
42252 20768 32397 34088 
48030 15330 32682 33885 
51404 12875 32915 33509 
50182 15445 33060 33040 
43836 23387 33156 32567 
34132 34656 33202 32191 
24851 45535 33130 31888 
19366 53381 33062 31766 
19468 56351 33007 31828 
24185 54306 32942 31963 
30813 48560 32858 32145 
35974 41460 32847 32386 
37755 34691 32850 32579 
36161 29383 32837 32706 
32778 25785 32810 32762 
29688 23487 32754 32755 
28595 21959 32650 32748 
29765 20679 32533 32750 
32457 19526 32407 32797 
35536 18785 32269 32867 
37803 19117 32155 33000 
38503 21098 32118 33155 
37471 25067 32174 33331 
35039 30839 32328 33454 
31871 37868 32537 33509 
28980 44734 32760 33439 
27093 50350 33004 33244 
26474 53755 33192 32929 
27010 54452 33330 32536 
28432 52366 33450 32171 
30174 47729 33452 31819 
32063 40980 33359 31521 
34110 32914 33191 31393 
36332 24249 32962 31432 
38603 16370 32701 31649 
40518 10502 32457 32019 
41645 7376 32222 32466 
41574 7338 32008 32932 
40098 10549 31878 33423 
37374 16506 31855 33844 
33608 24478 31922 34088 
29244 33740 32120 34199 
24631 43628 32364 34091 
20554 52972 32715 33850 
17815 60323 33051 33458 
17076 64410 33338 32953 
18820 63941 33552 32388 
23105 58647 33721 31914 
28978 49174 33726 31466 
35481 37135 33572 31154 
41699 24759 33354 31075 
46828 14137 33024 31151 
50575 6344 32689 31484 
52465 1988 32329 31937 
52367 538 32046 32472 
49912 2094 31853 33054 
44726 6814 31794 33589 
36591 15584 31852 34023 
26559 28097 31995 34242 
16182 43366 32241 34283 
7796 58938 32498 34121 
3662 65331 32765 33788 
5243 65514 32966 33321 
12005 65535 33076 32802 
22175 65522 33144 32306 
33375 53635 33138 31888 
43722 36936 33108 31616 
51334 22769 33044 31491 
55352 14127 32996 31545 
55741 10809 32959 31722 
52802 11302 32925 31959 
47226 13699 32953 32276 
40209 16398 32942 32561 
32995 19109 32926 32813 
26677 22279 32865 32996 
21952 26664 32749 33139 
19170 32712 32620 33246 
18149 39345 32447 33290 
18506 45607 32283 33300 
20225 49885 32146 33298 
23370 50729 32011 33225 
28171 47669 32010 33173 
33871 41240 32094 33086 
39214 33512 32243 32955 
43137 26738 32480 32787 
44750 22833 32779 32608 
43883 22498 33098 32431 
40967 24908 33326 32229 
37114 28300 33501 32049 
33330 30943 33609 31976 
30392 31864 33562 31914 
28887 31349 33449 31981 
28783 30528 33235 32110 
29631 30778 32957 32296 
30727 32858 32699 32574 
31299 36230 32418 32859 
31130 39573 32128 33125 
30635 41177 31914 33343 
30371 40134 31777 33510 
30714 36694 31764 33621 
31660 32170 31877 33640 
32795 28299 32088 33562 
33579 26540 32393 33395 
33829 27046 32731 33125 
33668 29018 33069 32780 
33522 31096 33403 32404 
33641 32122 33641 32046 
33940 32097 33768 31745 
34050 31881 33743 31545 
33743 32595 33594 31478 
33217 34536 33323 31549 
32916 36912 32958 31740 
33109 38453 32604 32056 
33638 38105 32312 32498 
33941 35727 32012 32919 
33707 32329 31867 33406 
32928 29426 31825 33768 
31933 27909 31892 34011 
31243 27834 32091 34125 
30966 28464 32331 34013 
30986 29110 32584 33746 
31052 29572 32791 33370 
31242 30261 32983 32944 
31703 31763 33063 32483 
32565 34523 33149 32122 
33314 38054 33115 31799 
33580 41379 33107 31651 
33018 42964 33032 31608 
32059 41782 32998 31709 
31478 37560 32970 31898 
32061 31580 32960 32119 
33825 25874 32966 32368 
35834 22444 32939 32596 
36762 22475 32886 32789 
35742 25481 32776 32920 
33305 29806 32652 33046 
30897 33484 32533 33178 
29802 35312 32351 33247 
30454 35425 32189 33305 
32039 34961 32112 33364 
33262 35068 32080 33380 
33335 36206 32144 33357 
32437 37657 32292 33282 
31559 38141 32494 33146 
31664 36598 32719 32901 
32830 33061 32957 32645 
34238 28523 33188 32349 
34929 24509 33368 32087 
34479 22489 33460 31882 
33383 22993 33469 31743 
32463 25978 33366 31701 
32181 30783 33186 31801 
32232 36830 32958 32001 
31814 42378 32701 32303 
30431 46380 32435 32635 
28518 47759 32179 32943 
27339 46094 32000 33272 
28068 41861 31922 33566 
30698 36003 31934 33745 
34266 29642 32036 33797 
37528 23469 32291 33767 
39439 18027 32573 33590 
39981 13838 32893 33306 
39769 11616 33194 32932 
39255 12480 33439 32533 
38312 17521 33633 32171 
36179 26492 33633 31802 
32473 37809 33538 31568 
27409 49318 33304 31476 
22371 58551 33013 31551 
19066 63400 32658 31765 
18987 62444 32371 32148 
21975 55999 32088 32543 
26823 45438 31953 33014 
31872 32798 31863 33390 
36131 20654 31970 33755 
39366 11038 32144 33948 
42044 5834 32412 33979 
44372 4991 32682 33808 
45930 7844 32912 33456 
45775 13387 33095 33014 
43157 20416 33226 32520 
38397 28080 33284 32079 
32672 36197 33296 31734 
27372 44464 33204 31488 
23569 52383 33076 31447 
21277 58974 32920 31600 
19914 62513 32754 31932 
18893 61855 32593 32375 
18403 56502 32429 32862 
19521 47022 32297 33335 
23434 34598 32216 33738 
30624 21333 32193 34007 
39253 10382 32247 34052 
47461 3099 32378 33916 
53028 395 32577 33595 
54700 2215 32784 33148 
52578 7705 32986 32571 
47820 15796 33232 32055 
41623 25170 33334 31572 
34877 35420 33406 31271 
28036 45685 33361 31161 
21445 55261 33206 31247 
15817 62877 33003 31610 
11769 65376 32706 32058 
9848 65459 32434 32646 
10661 65489 32206 33240 
14852 56206 31977 33711 
22870 42209 31940 34123 
33677 25250 31975 34257 
45654 7799 32125 34208 
56161 238 32366 33967 
62185 44 32594 33513 
61789 19 32827 32974 
55283 5630 32976 32393 
44909 18304 33110 31941 
33635 32836 33192 31598 
23831 45988 33176 31418 
17099 55465 33123 31467 
13478 60282 33094 31734 
11742 61244 33015 32068 
11811 58886 32997 32484 
14411 52710 32926 32861 
20534 42478 32864 33152 
29738 28986 32769 33292 
40489 13871 32709 33339 
50228 877 32598 33232 
56475 86 32410 32952 
57502 28 32248 32682 
53375 943 32124 32466 
45378 16156 32026 32339 
35381 33010 32042 32356 
25255 50517 32087 32457 
16835 64607 32298 32744 
11909 65474 32578 33071 
11407 65527 32873 33358 
15284 65531 33175 33514 
22640 56943 33427 33544 
31883 41288 33634 33424 
40293 24149 33639 33078 
46227 10503 33574 32663 
48568 2416 33372 32195 
47422 223 33066 31712 
43773 3280 32708 31391 
39099 10488 32440 31321 
34327 20439 32155 31399 
29725 32183 31970 31724 
25178 44338 31867 32192 
20851 54953 31906 32780 
17568 61585 31993 33377 
16981 61715 32169 33922 
20249 54795 32420 34310 
27209 42140 32679 34455 
36463 26721 32899 34336 
45338 12631 33088 33960 
51348 3690 33241 33405 
52461 2414 33343 32738 
48921 8376 33393 32084 
42258 19310 33372 31476 
34710 32103 33284 31049 
28097 44070 33170 30872 
23592 52952 33002 30932 
21030 58319 32823 31259 
19899 59965 32662 31814 
19850 57736 32499 32457 
21084 51232 32348 33121 
24009 40860 32244 33723 
28598 27652 32193 34169 
34235 13947 32172 34370 
39826 2973 32215 34355 
43790 93 32262 34079 
44983 27 32340 33646 
43283 11876 32418 33109 
39547 26442 32503 32554 
35315 41205 32630 32081 
32294 51975 32714 31661 
31513 56621 32902 31581 
32412 55398 33065 31616 
33552 50182 33225 31803 
33391 43305 33406 32095 
31052 36881 33535 32424 
27060 31691 33574 32719 
23161 27908 33570 32981 
21150 25273 33423 33105 
22149 23841 33186 33116 
25742 23937 32865 33041 
30550 25802 32499 32909 
35028 29116 32125 32775 
38457 32792 31813 32657 
41124 35210 31589 32589 
43621 35026 31519 32627 
46065 32135 31595 32710 
47455 27880 31830 32879 
46113 24340 32147 33015 
41158 23799 32548 33170 
32930 26889 32947 33232 
23363 32898 33314 33201 
15180 39920 33587 33068 
10634 46000 33792 32873 
10914 49340 33837 32599 
15488 49406 33767 32320 
22911 46528 33542 32014 
31757 41509 33264 31822 
40602 34810 32878 31695 
48010 27354 32486 31765 
52707 20188 32198 31998 
53821 14251 31903 32328 
51193 10830 31754 32762 
45547 10744 31714 33195 
38215 14318 31789 33585 
30807 21282 32029 33911 
24584 30272 32342 34042 
19431 40370 32700 33945 
15290 50437 33040 33644 
12541 59023 33315 33188 
12576 63731 33544 32688 
16624 62765 33657 32159 
25030 55443 33643 31717 
36498 42326 33478 31405 
48418 25911 33254 31334 
56932 10661 32960 31462 
59296 796 32627 31747 
54734 48 32366 32206 
44481 1247 32104 32673 
32418 14655 31966 33164 
22224 28085 31925 33550 
16762 40250 32022 33833 
16559 48724 32194 33911 
20182 52547 32458 33829 
25005 51954 32737 33584 
29104 48371 32957 33196 
31779 43615 33152 32802 
33350 39056 33233 32407 
34742 35431 33215 32082 
36310 32860 33081 31867 
37804 30695 32880 31837 
38442 28281 32670 31932 
37767 25450 32509 32173 
35986 22600 32412 32471 
34203 20756 32450 32808 
33461 20613 32537 33037 
34116 22391 32735 33202 
35325 25517 32940 33203 
35766 29411 33116 33052 
34305 33391 33241 32841 
31073 37090 33248 32560 
27242 40609 33151 32326 
24432 43880 32979 32210 
23573 46447 32646 32127 
24871 47820 32357 32267 
27293 47269 32081 32517 
29865 44527 31886 32807 
32114 39775 31823 33141 
34454 33302 31899 33438 
37611 25689 32115 33615 
41689 18171 32442 33656 
45885 11303 32803 33494 
48558 6516 33169 33213 
47883 5377 33452 32775 
42947 9483 33650 32338 
34629 18942 33703 31921 
24674 32733 33610 31607 
15602 48243 33428 31491 
9791 62306 33171 31548 
8784 65422 32819 31759 
13061 65520 32526 32136 
21545 65535 32252 32566 
32368 63893 32013 32975 
43512 43761 31850 33395 
52117 25483 31759 33680 
56570 9992 31833 33896 
56031 593 31978 33932 
50792 67 32183 33794 
42456 67 32460 33547 
32910 10255 32782 33219 
23510 21937 33093 32830 
15565 34671 33358 32407 
10233 46848 33613 32048 
8916 56158 33737 31722 
12475 60718 33742 31503 
20815 59610 33660 31455 
32367 52599 33430 31482 
44834 40755 33121 31682 
54986 26374 32766 32032 
60155 12828 32425 32451 
59297 2962 32110 32918 
52989 109 31827 33344 
42711 73 31698 33743 
