32929 33860 33288 31940 
32929 33860 33288 31940 
32901 33705 33042 31583 
32805 33369 32695 31364 
32756 32991 32386 31380 
32734 32586 32142 31613 
32769 32246 32001 32042 
32790 31980 31949 32555 
32822 31838 32017 33108 
32818 31833 32177 33589 
32781 31929 32397 33944 
32712 32127 32654 34114 
32607 32374 32896 34069 
32462 32580 33038 33796 
32373 32794 33136 33417 
32262 32880 33117 32899 
32218 32936 33047 32409 
32289 32985 32974 31990 
32408 32984 32876 31672 
32606 32990 32804 31541 
32838 33016 32767 31568 
33082 33044 32775 31743 
33294 33099 32816 32010 
33433 33116 32865 32313 
33460 33104 32897 32608 
33370 33041 32875 32865 
33193 32923 32828 33083 
32952 32747 32713 33235 
32664 32549 32568 33328 
32415 32377 32429 33381 
32176 32206 32269 33351 
32025 32111 32170 33324 
31922 32063 32094 33203 
31963 32123 32155 33106 
32076 32247 32289 32983 
32262 32432 32506 32821 
32502 32628 32758 32619 
32778 32851 33054 32420 
33011 32998 33265 32203 
33176 33099 33399 31997 
33354 33184 33483 31890 
33448 33204 33457 31852 
33462 33178 33356 31897 
33401 33121 33176 32059 
33224 33012 32922 32273 
32976 32861 32622 32524 
32729 32753 32381 32865 
32424 32582 32108 33148 
32158 32439 31916 33405 
31995 32351 31842 33614 
31885 32270 31845 33711 
31899 32240 31983 33728 
31977 32220 32184 33604 
32180 32283 32491 33435 
32460 32423 32855 33197 
32725 32556 33170 32844 
33032 32775 33475 32487 
33293 33001 33690 32117 
33470 33182 33741 31750 
33577 33365 33695 31509 
33561 33451 33505 31372 
33430 33425 33205 31360 
33221 33285 32827 31529 
32967 33061 32459 31852 
32685 32774 32133 32272 
32454 32481 31911 32793 
32250 32195 31786 33307 
32118 32003 31808 33800 
32084 31921 31960 34148 
32091 31940 32182 34285 
32137 32062 32447 34241 
32239 32294 32732 33991 
32342 32565 32957 33601 
32451 32812 33067 33083 
32550 33011 33092 32532 
32682 33183 33068 32039 
32843 33287 33033 31686 
32964 33280 32938 31468 
33094 33179 32879 31424 
33253 33074 32898 31579 
33343 32890 32939 31817 
33399 32704 33008 32121 
33378 32559 33077 32436 
33330 32501 33144 32748 
33161 32434 33098 32930 
32941 32451 32980 33074 
32695 32511 32773 33163 
32428 32588 32493 33175 
32187 32666 32216 33170 
31973 32714 31960 33145 
31838 32745 31791 33129 
31798 32774 31760 33146 
31813 32733 31842 33121 
31998 32749 32109 33154 
32238 32729 32452 33130 
32536 32708 32839 33044 
32873 32671 33224 32892 
33177 32629 33534 32659 
33469 32626 33728 32406 
33658 32621 33768 32113 
33758 32661 33675 31855 
33763 32737 33469 31684 
33598 32797 33153 31601 
33055 32941 32516 31863 
32731 32984 32282 32219 
32324 32936 32066 32618 
31944 32820 31930 33057 
31678 32673 31907 33506 
31510 32489 31924 33867 
31540 32367 32036 34131 
31705 32277 32201 34210 
32002 32261 32392 34082 
32389 32346 32637 33805 
32831 32504 32883 33369 
33191 32683 33089 32799 
33543 32951 33333 32248 
33742 33165 33496 31687 
33816 33358 33600 31271 
33740 33449 33620 31023 
33535 33419 33529 30959 
33195 33233 33327 31124 
32848 32985 33068 31512 
32470 32633 32736 32020 
32213 32341 32450 32684 
32035 32097 32172 33349 
31947 31927 31933 33890 
31998 31923 31809 34278 
32147 32040 31790 34459 
32387 32296 31903 34423 
32642 32604 32102 34129 
32843 32902 32344 33661 
32959 33107 32591 33076 
32962 33216 32811 32473 
32892 33199 33004 31933 
32765 33089 33133 31531 
32634 32927 33228 31371 
32532 32704 33267 31420 
32486 32523 33261 31641 
32528 32414 33247 31990 
32646 32403 33225 32396 
32817 32495 33188 32765 
32994 32648 33099 33040 
33175 32872 33020 33220 
33277 33040 32872 33226 
33324 33200 32723 33147 
33282 33274 32557 32991 
33127 33205 32346 32813 
32892 33024 32145 32645 
32620 32764 31988 32559 
32339 32435 31900 32561 
32094 32133 31881 32649 
31912 31895 31943 32813 
31835 31769 32108 32987 
31880 31810 32335 33142 
32063 32055 32678 33287 
32343 32424 33036 33324 
32626 32825 33339 33204 
32912 33205 33584 32954 
33153 33516 33735 32658 
33381 33747 33808 32363 
33510 33769 33723 32058 
33496 33612 33496 31810 
33414 33326 33191 31682 
33288 32989 32840 31704 
33068 32594 32446 31839 
32936 32353 32214 32152 
32725 32123 31982 32474 
32516 32012 31834 32836 
32360 32011 31810 33224 
32215 32079 31837 33534 
32124 32222 31956 33776 
32057 32350 32114 33880 
32092 32533 32357 33896 
32151 32685 32608 33772 
32249 32767 32850 33518 
32386 32818 33100 33180 
32566 32861 33336 32775 
32775 32904 33537 32347 
32997 32986 33678 31945 
33147 33029 33690 31548 
33305 33136 33619 31315 
33389 33205 33431 31181 
33422 33261 33179 31250 
33394 33263 32860 31499 
33316 33188 32532 31903 
33183 33060 32228 32428 
32974 32828 31952 32975 
32714 32526 31747 33520 
32501 32289 31719 34054 
32252 32038 31746 34346 
32071 31903 31913 34463 
31952 31873 32164 34353 
31896 31938 32468 34019 
31952 32108 32805 33505 
32075 32347 33122 32887 
32270 32601 33369 32229 
32530 32865 33538 31646 
32784 33078 33564 31211 
33016 33221 33484 30994 
33203 33291 33292 31016 
33329 33270 33045 31284 
33340 33141 32731 31733 
33281 33012 32455 32323 
33218 32905 32299 32987 
33083 32788 32211 33567 
32920 32724 32216 34006 
32785 32712 32342 34215 
32682 32770 32531 34164 
32597 32818 32728 33868 
32533 32849 32910 33370 
32498 32865 33047 32816 
32458 32770 33079 32228 
32434 32655 33042 31752 
32437 32511 32929 31481 
32391 32285 32709 31378 
32416 32159 32526 31596 
32462 32091 32361 31982 
32504 32067 32243 32421 
32581 32145 32219 32919 
32700 32322 32315 33385 
32835 32553 32494 33714 
32947 32798 32705 33861 
33032 33024 32908 33780 
33040 33175 33028 33498 
33043 33323 33127 33159 
32996 33390 33126 32797 
32891 33372 33052 32484 
32786 33330 32950 32371 
32649 33217 32804 32427 
32521 33067 32673 32542 
32466 32939 32638 32531 
32442 32751 32631 32176 
32480 32570 32674 31499 
32579 32396 32761 30722 
32704 32223 32834 30172 
32822 32069 32856 30230 
32967 32005 32881 31127 
33064 31994 32803 32730 
33071 32034 32662 34643 
33013 32169 32528 36404 
32860 32343 32369 37515 
32650 32577 32249 37805 
32416 32835 32181 37208 
32239 33116 32205 35854 
32167 33413 32364 33950 
32180 33628 32592 31732 
32258 33681 32820 29358 
32468 33643 33074 27205 
32732 33495 33269 25580 
33032 33255 33384 24922 
33264 32958 33400 25503 
33393 32606 33341 27414 
33353 32238 33223 30494 
33129 31818 32990 34155 
32825 31510 32728 38014 
32598 31443 32516 41200 
32486 31595 32292 43147 
32572 32037 32149 43459 
32710 32584 32025 41889 
32851 33149 31996 38596 
32823 33514 32005 33977 
32625 33648 32132 29165 
32250 33543 32311 24777 
31907 33301 32547 21663 
31774 32822 32804 20315 
31982 32149 33050 21099 
32332 31720 33318 23918 
32313 31910 33479 28127 
31924 32990 33611 33112 
31636 34299 33584 37960 
32533 34733 33485 41956 
34959 33354 33282 44319 
38112 30548 33061 44776 
39763 27973 32728 43199 
37883 28005 32415 39930 
31984 31924 32103 35522 
24479 38528 31876 30871 
19280 44711 31767 26705 
19854 46609 31761 23667 
27122 41664 31898 22212 
38293 30422 32081 22536 
48136 17376 32397 24530 
52226 7908 32673 27657 
48552 6601 32961 31395 
38534 14659 33144 35182 
26537 29122 33288 38301 
17257 44644 33359 40315 
13422 56123 33361 40946 
14622 61242 33293 40264 
19109 60017 33207 38480 
25128 53975 33073 35846 
31574 45542 32970 32981 
37990 36432 32836 30319 
44365 27188 32774 28314 
50284 17635 32702 27144 
55049 7782 32601 26933 
57407 435 32500 27647 
56169 88 32370 29010 
50429 31 32269 30817 
40179 7186 32245 32769 
26054 22545 32128 34418 
11036 41557 32113 35596 
460 60886 32177 36223 
75 65352 32282 36211 
32 65493 32491 35684 
49 65528 32702 34769 
14303 65535 32960 33673 
30766 65535 33185 32588 
49143 49334 33406 31719 
64739 26648 33517 31109 
65469 3568 33562 30891 
65535 102 33459 30984 
65535 0 33308 31333 
65535 0 33088 31831 
54694 13506 32834 32325 
35140 32027 32576 32771 
15762 50075 32340 33059 
3592 62772 32118 33184 
773 65455 31966 33181 
5016 65416 31918 33139 
12923 54197 31897 33016 
21899 41942 31959 32919 
30548 28871 32134 32945 
37831 16857 32348 32992 
43563 6366 32604 33059 
47195 302 32948 33174 
47883 101 33198 33147 
45302 66 33445 33052 
39698 1527 33611 32845 
32112 13789 33687 32549 
24144 28672 33665 32221 
17960 44460 33477 31863 
15142 58066 33224 31627 
16499 65254 32891 31558 
21825 65477 32547 31673 
29859 65484 32252 32015 
38101 58508 31994 32463 
44363 49030 31857 32966 
46786 40313 31810 33457 
44723 33424 31870 33855 
39309 28966 32053 34076 
32858 26119 32310 34095 
27628 23791 32627 33907 
25245 21212 32887 33484 
26328 18053 33099 32956 
30531 14247 33315 32428 
36521 10220 33455 31962 
42769 6650 33461 31549 
47602 5019 33388 31347 
49263 6868 33229 31369 
46455 13510 33009 31606 
39242 24350 32727 31972 
29065 37931 32509 32500 
18358 51771 32270 32984 
9785 63669 32118 33458 
5131 65393 32050 33786 
5128 65446 32125 33954 
9028 65462 32274 33903 
16025 65484 32506 33682 
25901 65506 32762 33266 
38088 52336 32989 32755 
51206 34561 33201 32266 
63695 14666 33317 31836 
65432 527 33349 31543 
65531 59 33272 31465 
65535 11 33074 31546 
65518 27 32845 31869 
48216 13178 32658 32331 
29446 27454 32452 32843 
13695 40766 32314 33341 
4911 49517 32240 33721 
3893 52024 32234 33921 
8161 49374 32320 33930 
14798 43760 32442 33731 
21121 37885 32564 33394 
25590 33685 32678 32960 
27971 31607 32746 32511 
29573 30421 32825 32148 
32121 28254 32835 31886 
36635 24224 32866 31804 
42726 18917 32876 31844 
48223 14864 32908 32028 
50652 14591 32988 32305 
48199 19440 33029 32533 
41093 28768 33075 32740 
31550 40230 33107 32863 
23693 50024 33132 32939 
20422 55652 33043 32881 
22607 56043 32933 32833 
28554 51643 32730 32767 
34728 44620 32526 32753 
38320 37088 32315 32793 
38072 30662 32111 32860 
34739 26253 31991 33013 
30315 23707 31963 33174 
27205 22504 32059 33333 
26688 21805 32238 33380 
28635 21086 32494 33325 
32009 20399 32788 33156 
35549 20083 33066 32843 
38048 20851 33279 32464 
38803 23307 33440 32072 
37779 27710 33530 31756 
35341 33686 33521 31546 
32197 40564 33380 31457 
29460 46906 33202 31577 
27650 51683 32983 31871 
26923 54013 32687 32249 
27261 53598 32416 32740 
28350 50274 32157 33236 
29814 44701 31962 33684 
31663 37325 31864 34040 
33837 28896 31821 34171 
36353 20553 31942 34180 
38976 13335 32165 33998 
41169 8507 32465 33629 
42354 6694 32769 33117 
42224 8193 33105 32587 
40534 12876 33406 32030 
37367 20214 33619 31536 
33145 29091 33701 31210 
28288 38894 33652 31054 
23373 48624 33510 31128 
19120 57240 33236 31361 
16463 63494 32947 31814 
16242 65429 32608 32349 
18771 62373 32319 32960 
23656 54811 32044 33471 
30041 43465 31885 33918 
36853 30513 31815 34183 
43440 17965 31908 34291 
48535 8563 32071 34168 
52044 2605 32327 33856 
53707 262 32649 33446 
53056 110 32936 32937 
49576 3733 33157 32382 
43071 10631 33315 31930 
33667 21566 33347 31592 
22659 35977 33267 31431 
12215 52102 33103 31439 
4782 64953 32929 31702 
2725 65471 32696 32033 
6514 65534 32558 32480 
15062 65535 32474 32901 
26212 65468 32465 33262 
37650 47411 32542 33519 
47036 31208 32681 33602 
53325 19152 32829 33525 
55976 12654 32952 33282 
55060 10963 33038 32983 
50985 12173 33067 32650 
44480 14441 33001 32348 
37164 16632 32813 32094 
30116 19046 32582 31992 
24456 22481 32388 32065 
20647 27497 32226 32266 
18690 34225 32141 32557 
18324 41368 32137 32861 
19272 47604 32236 33134 
21609 51229 32407 33334 
25531 51036 32687 33446 
30887 46640 32947 33392 
36509 39578 33173 33196 
41283 31876 33326 32928 
44143 25850 33415 32624 
44467 22970 33396 32296 
42389 23492 33277 32045 
38842 26054 33087 31892 
34829 28814 32840 31880 
31311 30365 32582 31984 
28997 30260 32346 32229 
28241 29275 32167 32561 
28751 28848 32054 32906 
29939 30137 31994 33204 
31078 33496 32082 33475 
31617 37836 32254 33624 
31575 41453 32515 33658 
31368 42689 32801 33531 
31471 40905 33041 33238 
32141 36734 33281 32887 
33085 31867 33436 32491 
33858 28250 33487 32132 
34054 26850 33419 31846 
33686 27569 33241 31678 
33033 29384 32970 31689 
32604 30787 32679 31854 
32615 31138 32443 32168 
32748 30783 32207 32506 
32775 30877 32093 32901 
32549 32183 32044 33238 
32409 34695 32117 33520 
32714 37156 32250 33643 
33521 38327 32453 33653 
34408 37402 32693 33530 
34838 34711 32923 33274 
34497 31504 33100 32926 
33586 29398 33230 32586 
32562 28778 33304 32275 
31785 29253 33281 32014 
31339 30014 33168 31865 
31026 30405 32921 31793 
30901 30638 32729 31945 
31021 31176 32480 32177 
31589 32672 32254 32474 
32467 35356 32109 32864 
33019 38533 32057 33189 
32850 40872 32124 33467 
31998 41117 32295 33621 
31140 38637 32568 33627 
31163 33715 32870 33461 
32545 28142 33138 33148 
34807 23974 33376 32764 
36676 22859 33558 32394 
36853 24997 33587 32038 
35072 29215 33441 31745 
32514 33407 33203 31640 
30667 35887 32868 31681 
30516 36242 32531 31932 
31830 35258 32228 32309 
33277 34324 31941 32697 
33777 34508 31811 33117 
33030 35653 31806 33475 
31798 36734 31934 33724 
31207 36425 32173 33809 
31865 34140 32506 33741 
33198 30426 32818 33504 
34250 26627 33131 33147 
34248 24128 33387 32748 
33267 23779 33534 32352 
32138 25785 33539 31998 
31613 29607 33413 31759 
31751 34588 33170 31707 
31831 39704 32852 31798 
31163 43954 32541 32035 
29659 46261 32296 32404 
28281 45825 32110 32763 
28294 42844 32062 33100 
30282 38073 32119 33328 
33778 32397 32300 33414 
37417 26809 32609 33413 
39794 21654 32873 33200 
40597 17112 33105 32886 
40219 13755 33272 32561 
39246 12662 33354 32293 
37936 15229 33289 32121 
35893 21852 33085 32056 
32548 31725 32790 32136 
27866 43131 32486 32377 
22667 53716 32193 32655 
18850 60805 32010 32994 
17986 62692 31970 33294 
20440 59113 32051 33475 
25383 50780 32264 33520 
31294 39114 32564 33404 
36448 26622 32910 33169 
40075 16023 33192 32825 
42647 8898 33434 32472 
44560 5942 33530 32106 
45866 6907 33514 31843 
45807 10818 33359 31692 
43706 16475 33126 31744 
39451 23135 32835 31902 
33873 30594 32526 32179 
28236 39058 32265 32575 
24123 47587 32033 32933 
21662 55526 31878 33265 
20318 61442 31869 33553 
19314 63649 31975 33728 
18505 60870 32135 33741 
18826 53377 32394 33655 
21484 42068 32679 33432 
27238 28914 32963 33114 
35807 15701 33202 32697 
44677 5814 33448 32364 
51698 457 33591 32047 
55129 92 33608 31797 
54582 5483 33540 31658 
50828 9722 33385 31672 
45085 18763 33134 31757 
38369 29320 32867 31988 
31241 40491 32522 32237 
24115 51560 32282 32646 
17702 60880 32063 32974 
12539 65330 31925 33288 
9285 65450 31892 33532 
8584 65483 31978 33680 
11219 65500 32131 33710 
17612 52722 32325 33643 
27516 36357 32512 33435 
39756 17766 32690 33192 
52104 1014 32816 32876 
61086 85 32892 32554 
63908 23 32992 32340 
60057 21 33037 32141 
51014 11261 33077 32020 
39368 25691 33137 31969 
28498 39659 33224 31985 
20325 50730 33267 32035 
15264 57672 33359 32191 
12468 60483 33348 32314 
11360 59685 33273 32466 
12306 55269 33093 32611 
16278 46994 32822 32738 
23805 34944 32538 32913 
34355 19629 32187 33055 
45141 4666 31889 33188 
53462 165 31664 33281 
57285 42 31555 33320 
55977 17 31619 33332 
49903 10368 31835 33284 
40524 26849 32146 33122 
30373 44952 32528 32949 
21034 61538 32982 32780 
14245 65405 33352 32548 
11421 65523 33718 32380 
13170 65535 33906 32218 
19028 65522 33961 32119 
27519 50214 33847 32058 
36678 31706 33611 32082 
43941 15531 33248 32147 
47740 4671 32808 32242 
47843 282 32352 32376 
45133 84 31946 32559 
40852 6161 31643 32762 
36223 14907 31483 32967 
31780 25997 31500 33161 
27276 38350 31696 33327 
22637 50400 32057 33462 
18424 59826 32476 33480 
16294 63591 32955 33458 
17732 60183 33388 33330 
23356 49830 33699 33088 
32498 34594 33857 32784 
42370 18868 33845 32449 
50257 6797 33669 32111 
53801 1584 33344 31836 
52061 4209 32923 31649 
46174 13100 32482 31618 
38355 25382 32133 31762 
30764 37945 31910 32023 
24704 48616 31808 32365 
20813 56028 31835 32763 
18831 59816 32033 33189 
18196 59811 32294 33515 
18953 55731 32611 33745 
21537 47117 32920 33832 
26039 34560 33178 33710 
31875 20311 33304 33481 
38110 7284 33348 33149 
43278 288 33232 32742 
46091 31 33026 32350 
45797 5598 32782 32055 
42830 18624 32534 31910 
38557 33642 32364 31916 
34572 46692 32237 32011 
32410 54384 32262 32246 
32143 56168 32395 32509 
32762 53186 32619 32753 
32638 47571 32879 32932 
30575 41528 33088 32981 
26705 36198 33258 32970 
22385 31784 33344 32880 
19614 28024 33281 32731 
20035 25024 33118 32586 
23598 23139 32818 32450 
29069 23002 32536 32414 
34671 24833 32263 32505 
39109 28063 32037 32649 
42143 31147 31935 32849 
44528 32672 31974 33056 
46714 31821 32127 33238 
48216 29219 32414 33370 
47560 26511 32708 33347 
43490 25889 33012 33237 
35905 28424 33230 32967 
26308 33895 33424 32695 
16789 40923 33489 32363 
10662 46980 33438 32090 
9268 50327 33290 31891 
12433 50332 33066 31820 
19099 47155 32751 31853 
27960 41493 32456 32064 
37245 34302 32194 32347 
45455 26650 31990 32680 
51495 19274 31893 33037 
54235 13291 31940 33386 
53098 9779 32075 33612 
48517 9744 32388 33765 
41783 13313 32702 33720 
34478 19997 33056 33542 
27817 28861 33373 33237 
22131 38902 33576 32817 
17266 49159 33665 32368 
13627 57995 33615 31978 
12002 63786 33424 31671 
13881 64634 33112 31525 
20273 59094 32742 31542 
31083 47035 32346 31747 
43207 31272 32054 32094 
53573 14946 31838 32525 
58806 2371 31786 33007 
57039 78 31830 33429 
48729 28 32041 33777 
37120 9752 32315 33898 
25912 22704 32676 33904 
18623 35698 33013 33717 
16616 45908 33269 33343 
19158 51461 33476 32913 
23675 52284 33547 32449 
27976 49725 33545 32042 
30879 45292 33373 31664 
32662 40562 33097 31479 
34115 36736 32807 31497 
35798 33999 32474 31713 
37559 31789 32171 32054 
38656 29471 31989 32537 
38298 26519 31869 33019 
36583 23312 31874 33437 
34580 20846 32040 33784 
33396 19880 32299 33910 
33684 20884 32634 33870 
34930 23689 32987 33610 
35696 27561 33310 33208 
34670 31768 33545 32714 
31713 35986 33687 32260 
27728 40061 33655 31849 
24364 43876 33443 31518 
23170 47037 33146 31464 
24338 48762 32781 31581 
26999 48572 32463 31930 
29968 46076 32166 32357 
32552 41221 31932 32822 
34832 34781 31848 33270 
37524 27457 31874 33606 
41186 19811 32065 33823 
45275 12578 32320 33834 
48276 6922 32599 33637 
48360 4446 32894 33355 
44304 6762 33124 32931 
36454 14677 33294 32522 
26424 27639 33420 32208 
16443 43673 33387 31893 
9507 59316 33266 31756 
7471 65337 33056 31773 
10829 65512 32845 31962 
18825 65535 32550 32193 
30038 65527 32365 32578 
41789 49520 32182 32930 
51479 30952 32109 33234 
57247 14273 32166 33482 
57954 2662 32326 33627 
53600 100 32574 33606 
45489 56 32808 33407 
35697 7737 33012 33093 
25734 18686 33188 32720 
17004 31220 33275 32314 
10708 43488 33279 31955 
7978 53737 33151 31690 
10000 59775 32977 31615 
16946 60352 32748 31687 
27781 55032 32539 31955 
40210 44563 32368 32306 
51622 30569 32250 32738 
58809 16355 32190 33173 
60294 4907 32243 33573 
55886 181 32332 33835 
47040 35 32501 33928 
35624 8124 32668 33819 
