31709 32296 31658 33081 
31709 32296 31658 33081 
31706 32275 31682 33364 
31907 32405 31916 33642 
32235 32630 32276 33821 
32630 32894 32685 33832 
32997 33133 33062 33668 
33322 33334 33372 33376 
33574 33465 33607 32996 
33653 33447 33656 32529 
33589 33308 33551 32066 
33406 33091 33333 31715 
33033 32708 32964 31445 
32686 32347 32618 31434 
32360 32039 32330 31609 
32101 31799 32119 31936 
31936 31686 32023 32347 
31926 31765 32059 32829 
32035 31949 32195 33267 
32270 32296 32413 33640 
32599 32760 32693 33872 
32900 33202 32923 33872 
33121 33579 33061 33663 
33308 33894 33160 33368 
33351 33993 33158 32930 
33278 33896 33081 32508 
33109 33604 32948 32106 
32865 33183 32770 31836 
32603 32659 32586 31709 
32369 32109 32426 31806 
32188 31619 32312 32027 
32103 31299 32279 32370 
32115 31172 32305 32786 
32214 31261 32404 33149 
32435 31631 32609 33481 
32692 32152 32797 33664 
32943 32750 32990 33647 
33188 33365 33163 33459 
33363 33916 33274 33104 
33435 34265 33302 32639 
33445 34435 33291 32202 
33296 34313 33161 31804 
33083 33966 32980 31531 
32782 33412 32728 31453 
32486 32792 32476 31598 
32229 32146 32239 31945 
32093 31673 32119 32468 
31982 31318 32003 32984 
31981 31187 32001 33502 
32094 31272 32102 33914 
32272 31567 32276 34114 
32495 32016 32528 34120 
32718 32489 32777 33893 
32899 32913 32972 33456 
33028 33237 33097 32922 
33137 33494 33204 32407 
33188 33583 33220 31951 
33174 33527 33170 31641 
33098 33361 33060 31526 
33017 33162 32942 31591 
32911 32962 32825 31817 
32797 32815 32733 32099 
32710 32750 32692 32427 
32655 32765 32706 32746 
32610 32795 32721 32970 
32544 32803 32701 33075 
32522 32786 32711 33134 
32520 32722 32684 33117 
32525 32584 32638 33076 
32526 32376 32552 33014 
32524 32135 32440 32974 
32519 31920 32357 32974 
32511 31770 32278 32987 
32570 31783 32306 33057 
32587 31894 32350 33065 
32648 32178 32500 33045 
32701 32543 32655 32932 
32824 33050 32892 32787 
32913 33491 33062 32524 
33041 33913 33224 32286 
33161 34157 33327 32053 
33236 34219 33354 31879 
33246 34065 33295 31800 
33201 33736 33188 31854 
33030 33254 32991 31987 
32839 32747 32794 32267 
32624 32240 32625 32632 
32335 31749 32419 32960 
32125 31417 32270 33340 
31943 31213 32147 33611 
31844 31184 32075 33773 
31866 31297 32055 33801 
32052 31636 32140 33740 
32294 32045 32250 33522 
32624 32523 32426 33222 
33000 33049 32669 32895 
33330 33518 32878 32488 
33559 33880 33074 32081 
33732 34156 33283 31773 
33765 34277 33465 31604 
33607 34158 33503 31488 
33377 33937 33523 31566 
33031 33545 33410 31761 
32680 33083 33243 32080 
32327 32567 32974 32420 
32064 32096 32704 32858 
31884 31664 32408 33248 
31819 31373 32146 33583 
31886 31278 31965 33831 
32027 31347 31859 33906 
32219 31568 31849 33792 
32460 31969 31959 33598 
32740 32461 32183 33278 
32964 32967 32436 32893 
33142 33394 32717 32493 
33272 33744 32999 32147 
33318 33887 33189 31860 
33314 33835 33326 31714 
33233 33607 33355 31743 
33097 33255 33290 31883 
32928 32840 33152 32129 
32754 32451 32980 32460 
32599 32172 32841 32850 
32425 31961 32681 33127 
32321 31946 32612 33339 
32282 32107 32622 33453 
32282 32332 32657 33382 
32342 32611 32712 33201 
32448 32881 32749 32908 
32578 33072 32744 32589 
32757 33204 32730 32333 
32902 33210 32643 32144 
33010 33109 32543 32075 
33094 32948 32427 32167 
33086 32736 32329 32343 
33048 32559 32311 32637 
32975 32457 32364 32979 
32798 32368 32417 33219 
32653 32410 32577 33432 
32540 32509 32779 33523 
32447 32612 32953 33430 
32414 32723 33124 33226 
32467 32856 33265 32931 
32549 32907 33323 32558 
32713 32985 33370 32249 
32820 32970 33268 31913 
32914 32908 33098 31719 
32969 32855 32878 31700 
32932 32750 32613 31813 
32841 32654 32360 32088 
32698 32549 32145 32457 
32514 32442 31986 32872 
32306 32334 31874 33246 
32260 32364 31960 33653 
32276 32428 32128 33870 
32419 32561 32417 33950 
32648 32728 32758 33832 
32893 32893 33078 33530 
33140 33025 33363 33079 
33374 33156 33585 32607 
33520 33210 33686 32137 
33515 33185 33638 31714 
33345 33045 33400 31395 
33088 32867 33110 31285 
32733 32654 32749 31388 
32395 32483 32433 31734 
32049 32321 32126 32153 
31843 32253 31970 32696 
31738 32235 31897 33208 
31821 32316 31976 33681 
32023 32463 32153 33995 
32369 32687 32411 34140 
32743 32898 32687 34050 
33101 33073 32914 33746 
33389 33172 33078 33307 
33610 33248 33223 32823 
33653 33173 33243 32296 
33576 33076 33218 31880 
33039 32663 32943 31449 
32676 32449 32757 31540 
32309 32240 32561 31784 
32059 32114 32426 32184 
31887 32031 32320 32624 
31860 32060 32306 33106 
31949 32155 32337 33502 
32178 32374 32483 33787 
32455 32617 32641 33835 
32801 32948 32852 33738 
33061 33193 32981 33409 
33319 33467 33144 33014 
33441 33602 33198 32524 
33508 33693 33240 32127 
33413 33595 33134 31765 
33211 33389 32967 31567 
32943 33078 32743 31581 
32660 32728 32520 31800 
32419 32410 32354 32168 
32230 32093 32234 32609 
32117 31854 32169 33101 
32079 31701 32186 33516 
32153 31732 32308 33800 
32317 31870 32488 33907 
32530 32104 32701 33818 
32774 32421 32917 33551 
32996 32788 33089 33140 
33155 33099 33166 32634 
33319 33440 33257 32205 
33349 33651 33255 31813 
33283 33726 33164 31576 
33119 33636 33021 31532 
32849 33378 32794 31654 
32550 33047 32572 31981 
32279 32665 32373 32413 
32046 32280 32193 32885 
31885 31941 32062 33322 
31902 31790 32058 33687 
32055 31785 32159 33900 
32335 31943 32357 33912 
32664 32217 32614 33724 
33044 32605 32924 33389 
33431 33024 33231 32958 
33667 33347 33442 32440 
33821 33620 33612 31983 
33773 33703 33620 31598 
33537 33575 33488 31386 
33172 33298 33225 31373 
32727 32920 32896 31595 
32263 32493 32533 32034 
31920 32176 32239 32716 
31676 31951 31991 33476 
31634 31870 31862 34106 
31769 31968 31864 34327 
32039 32211 32001 34002 
32358 32504 32206 33093 
32729 32825 32462 31880 
33045 33089 32713 30848 
33248 33233 32900 30415 
33330 33263 33014 30840 
33307 33172 33058 32065 
33223 33032 33102 33811 
33054 32789 33061 35414 
32862 32547 33029 36538 
32710 32369 33017 36899 
32592 32241 32991 36340 
32559 32266 32997 35061 
32637 32444 33044 33300 
32729 32675 33057 31184 
32814 32922 33023 28981 
32852 33099 32912 26931 
32898 33261 32770 25573 
32814 33246 32539 25239 
32699 33169 32368 26252 
32410 32854 32133 28460 
32109 32470 31989 31766 
31851 32080 31918 35709 
31750 31801 31939 39523 
31919 31800 32061 42554 
32384 32097 32306 44141 
32991 32616 32580 43892 
33645 33282 32935 41701 
34057 33776 33220 37790 
34169 34009 33470 32812 
33942 33905 33650 27559 
33432 33545 33698 22845 
32865 33022 33641 19674 
32416 32292 33430 18601 
32204 31469 33168 19858 
31933 30814 32828 23189 
31346 30866 32476 28124 
30419 31853 32129 34008 
30012 33173 31896 39492 
30993 33745 31729 43889 
33723 32778 31672 46478 
37124 30701 31795 46940 
39050 29042 32018 45105 
37401 29858 32302 41386 
32136 33966 32651 36424 
25469 40191 33020 31036 
21103 45507 33315 26045 
22372 46436 33576 22248 
29558 40857 33701 20261 
39902 29895 33746 20292 
48724 17268 33615 22158 
51802 8402 33399 25497 
47270 7476 33047 29775 
37274 15367 32723 34138 
25777 28866 32384 37939 
16999 43370 32104 40647 
13280 54428 31921 41990 
14490 59588 31869 41823 
18891 58576 31943 40338 
24683 53166 32070 37834 
30954 45385 32299 34873 
37339 36605 32516 31888 
43760 27364 32731 29386 
49527 18048 32862 27747 
54075 8817 32967 27103 
56412 1024 32975 27407 
55544 99 32994 28554 
50062 35 32994 30221 
40247 8183 32961 31919 
27105 23230 33003 33488 
12779 41876 33036 34576 
807 60993 33107 35115 
85 65363 33172 35041 
35 65491 33149 34429 
127 65522 33091 33542 
14809 65535 32965 32623 
31161 65535 32808 31869 
49090 48470 32538 31402 
64481 26430 32314 31455 
65453 3953 32086 31852 
65535 112 31900 32519 
65535 0 31819 33333 
65535 0 31853 34112 
54086 13057 32014 34623 
34588 31263 32311 34827 
15496 49145 32655 34622 
3556 61711 33004 33999 
614 65440 33301 33060 
5087 63952 33561 32072 
13441 53042 33731 31141 
22746 40885 33753 30423 
31407 28238 33651 30043 
38640 16440 33444 30065 
43772 6520 33116 30448 
46531 378 32773 31197 
46545 104 32414 32151 
43663 70 32108 33169 
37993 4818 31784 34028 
30821 15855 31644 34733 
23758 30357 31631 35114 
18484 45713 31751 35190 
16392 58833 31994 34940 
18279 65314 32298 34387 
23852 65478 32732 33748 
31724 65481 33141 33006 
39914 58040 33520 32285 
45979 48332 33760 31622 
48188 39311 33909 31183 
45838 32517 33869 30928 
39899 28048 33676 30857 
32477 25329 33344 30974 
25974 23430 32918 31214 
22327 21623 32520 31664 
22585 19296 32149 32166 
26379 16288 31861 32667 
32605 12714 31732 33163 
39732 9189 31722 33580 
46026 7086 31871 33923 
49539 8095 32154 34132 
48590 13479 32452 34167 
43049 22987 32737 34064 
34071 35361 32953 33811 
23925 48422 33087 33457 
14840 60267 33143 33089 
8963 65315 33119 32715 
7041 65434 33062 32377 
8697 65455 32943 32068 
13592 65481 32860 31861 
21538 65505 32812 31696 
32657 56668 32821 31663 
45706 39821 32893 31716 
58915 19766 32941 31789 
65318 1343 33034 31928 
65515 93 33057 32099 
65535 21 33013 32312 
65500 20 32882 32558 
48711 9358 32727 32875 
30793 22072 32501 33178 
15702 34491 32266 33486 
6627 43606 32067 33738 
4314 47964 31921 33908 
7340 47685 31921 33971 
13105 44526 32023 33890 
19260 40743 32202 33668 
24293 38029 32493 33377 
27873 36581 32799 32925 
30757 35386 33108 32451 
34316 32792 33365 31969 
39281 27990 33581 31583 
45256 21614 33692 31355 
50519 15758 33665 31231 
52513 13474 33563 31351 
49529 16410 33340 31582 
41832 24217 33026 31955 
31677 34654 32681 32384 
22483 44845 32327 32892 
17785 51769 31966 33322 
18949 53742 31727 33696 
24207 51345 31600 33948 
30606 46082 31621 34048 
35319 39860 31821 34059 
36794 33931 32085 33845 
35364 29483 32453 33572 
32690 26398 32847 33201 
30650 24287 33235 32772 
30373 22651 33585 32329 
31953 21195 33804 31906 
34468 20043 33885 31579 
36899 19538 33817 31383 
38328 20279 33594 31324 
38210 22797 33268 31405 
36474 27310 32870 31642 
33663 33326 32485 32013 
30565 40060 32150 32479 
28024 46314 31915 32956 
26557 51018 31734 33389 
26457 53264 31766 33787 
27345 52648 31874 34004 
28830 49379 32076 34054 
30545 43820 32334 33951 
32360 36592 32587 33689 
34324 28389 32788 33307 
36439 20596 32959 32920 
38521 14129 33048 32500 
40301 9980 33121 32198 
41273 8709 33161 31968 
41040 10653 33182 31865 
39532 15314 33183 31848 
36882 22133 33195 31925 
33335 30249 33179 32041 
29229 38996 33152 32186 
24920 47753 33113 32336 
21201 55268 33030 32481 
18707 60518 32859 32576 
18211 62330 32670 32691 
19997 59792 32447 32795 
23963 52694 32172 32877 
29368 42450 31974 33008 
35361 30737 31836 33147 
41121 19720 31823 33318 
45952 11066 31911 33456 
49550 5510 32101 33533 
51462 3143 32375 33537 
51374 3463 32716 33443 
48831 6320 33040 33255 
43489 12103 33315 32929 
35270 21533 33567 32600 
25215 34322 33708 32215 
15443 48714 33687 31842 
8148 62365 33596 31589 
5253 65409 33342 31436 
7830 65518 33056 31465 
15220 65532 32676 31627 
25313 65379 32347 31995 
35880 47132 32054 32426 
44954 31079 31841 32938 
51289 18608 31733 33447 
54257 11397 31751 33874 
53765 9434 31968 34190 
50174 10717 32213 34220 
44455 13439 32566 34074 
37693 16378 32941 33697 
30934 19448 33258 33162 
25423 23165 33501 32519 
21855 28133 33667 31946 
19967 34361 33629 31438 
19541 41265 33483 31145 
20306 47613 33208 31092 
22280 51554 32847 31283 
25576 51876 32520 31743 
30107 48296 32229 32317 
35187 41733 32039 32938 
39789 33997 31929 33512 
42856 27253 31965 33939 
43674 23476 32160 34200 
42222 22849 32380 34173 
39218 24539 32665 33928 
35402 26980 32923 33495 
31886 28638 33104 32937 
29541 28954 33215 32371 
28713 28535 33275 31914 
29165 28436 33164 31514 
30464 29946 33033 31404 
31589 33312 32773 31429 
31987 37576 32553 31710 
31664 41200 32381 32154 
31069 42615 32254 32639 
30794 41164 32222 33138 
31154 37325 32255 33547 
32005 32826 32410 33849 
32866 29254 32639 33935 
33362 27661 32879 33822 
33394 27964 33081 33487 
33209 29311 33217 33019 
33240 30463 33290 32515 
33626 30807 33314 32079 
34078 30581 33207 31701 
34162 30727 32980 31466 
33813 32179 32741 31482 
33272 34667 32480 31660 
32974 37232 32283 32046 
33086 38544 32160 32512 
33361 37750 32110 33012 
33361 34981 32127 33442 
32939 31745 32286 33807 
32203 29264 32516 33981 
31504 28151 32706 33905 
31227 28226 32882 33652 
31378 28801 33004 33245 
31685 29352 33071 32768 
31934 29894 33112 32312 
32184 30852 33085 31912 
32657 32839 33045 31640 
33267 35956 32941 31539 
33625 39441 32826 31618 
33336 42176 32734 31873 
32347 42721 32630 32236 
31134 40222 32502 32623 
30728 35082 32456 33081 
31617 28845 32366 33413 
33641 23710 32366 33686 
35603 21429 32379 33797 
36240 22657 32444 33722 
35018 26591 32562 33529 
32706 31223 32684 33199 
30896 34716 32869 32825 
30548 36200 32998 32391 
31709 36236 33169 32052 
33338 35858 33242 31746 
34154 36184 33281 31608 
33658 37216 33218 31624 
32416 38080 33051 31754 
31580 37626 32874 32042 
31764 35119 32611 32369 
32841 30952 32401 32809 
33804 26365 32190 33195 
33921 23031 32053 33546 
33199 21937 32014 33788 
32244 23396 32048 33848 
31768 27295 32207 33754 
31934 32862 32433 33517 
32118 38817 32683 33142 
31600 44100 32955 32739 
30228 47389 33179 32300 
28770 47850 33353 31959 
28504 45205 33409 31735 
30099 40131 33307 31656 
33123 33939 33147 31797 
36346 27537 32915 32054 
38577 21546 32654 32421 
39466 16353 32474 32849 
39152 12512 32277 33165 
38512 11353 32246 33401 
37741 13706 32308 33471 
36432 20141 32465 33382 
33871 30017 32662 33128 
29727 41852 32853 32802 
24868 52811 32986 32424 
20871 60748 33092 32169 
19314 63706 33085 32007 
21010 60827 32975 32005 
25280 52749 32795 32182 
30421 41254 32593 32476 
34965 28506 32417 32830 
38356 17035 32316 33203 
40763 8795 32259 33487 
42834 4854 32317 33668 
44470 5245 32424 33634 
45095 9015 32608 33427 
43820 15110 32807 33096 
40321 22564 32989 32677 
35139 30972 33163 32222 
29759 39581 33241 31818 
25478 48132 33259 31562 
22774 55738 33193 31504 
21238 61200 33018 31613 
20219 62870 32787 31919 
19446 59973 32563 32358 
19495 52488 32326 32853 
21545 41521 32145 33352 
26405 28761 32036 33740 
33944 16363 32068 34022 
42238 6932 32199 34096 
49242 1789 32444 33969 
53117 1280 32690 33601 
53284 5065 32993 33154 
50141 11929 33195 32555 
45119 20571 33396 32027 
39045 30165 33442 31537 
32520 39960 33368 31214 
26049 49300 33237 31132 
19892 57418 32980 31239 
14925 63135 32732 31576 
11608 65365 32508 32116 
10503 65307 32297 32679 
12372 58318 32170 33296 
17734 47817 32069 33782 
26448 33717 32124 34136 
37545 17665 32248 34278 
48975 2627 32435 34204 
58029 115 32693 33945 
61669 33 32894 33442 
58851 34 33030 32878 
51016 12016 33123 32344 
40536 25892 33110 31829 
30194 39698 33011 31460 
21954 50951 32845 31301 
16704 57893 32687 31400 
13648 60878 32543 31671 
12224 60536 32467 32111 
12724 56962 32469 32579 
16330 49598 32571 33061 
23287 38776 32708 33418 
33060 25150 32890 33639 
43469 10864 33063 33677 
52026 512 33191 33550 
56535 66 33239 33272 
55861 26 33133 32862 
50638 7084 33023 32535 
42273 21123 32790 32232 
32323 38234 32508 32029 
22902 54526 32282 31999 
15919 65033 32133 32166 
12458 65488 32053 32428 
13164 65523 32074 32737 
17984 65404 32197 33047 
25492 48637 32371 33262 
34029 32375 32623 33385 
41465 17752 32887 33371 
46241 7250 33079 33164 
47516 2554 33236 32882 
45711 3338 33318 32505 
42080 8484 33368 32221 
37648 16766 33274 31925 
33018 27441 33120 31791 
28437 39134 32921 31830 
23978 49989 32702 32042 
20020 58075 32477 32387 
17697 61234 32299 32813 
18405 58027 32162 33249 
23008 48272 32089 33604 
30842 34508 32152 33849 
39914 19892 32286 33886 
47626 8385 32479 33733 
51572 3090 32710 33395 
50695 5123 32941 32918 
45748 13281 33128 32383 
38589 24944 33244 31862 
31484 37098 33272 31444 
25820 47603 33211 31251 
22322 54889 33097 31306 
20608 58504 32933 31584 
20072 58480 32718 32019 
20657 54642 32558 32580 
22718 46623 32413 33151 
26533 34992 32329 33659 
31644 21632 32276 33981 
37325 9329 32335 34153 
42081 1449 32395 34064 
44735 71 32535 33823 
44413 7797 32696 33397 
41505 20317 32800 32884 
37288 34754 32895 32352 
33510 47206 32983 31901 
31440 54811 33018 31542 
31451 56163 33000 31367 
32594 52444 32912 31376 
33277 45936 32795 31587 
32222 38800 32660 31961 
29109 32520 32538 32461 
25120 27904 32463 32990 
21996 24759 32402 33457 
21325 23038 32409 33802 
23590 22862 32518 34011 
28053 24542 32676 33976 
32818 27855 32852 33773 
36871 32072 33018 33374 
39963 35735 33144 32877 
42631 37292 33223 32345 
45286 35813 33217 31875 
47303 31936 33095 31491 
47464 27601 32946 31367 
44297 24927 32714 31412 
37426 25615 32505 31715 
28227 29601 32309 32159 
19084 35638 32182 32687 
12534 41684 32114 33207 
10264 45970 32137 33623 
12741 47373 32281 33919 
18823 45869 32474 33961 
26963 42073 32639 33758 
35715 36785 32819 33404 
43824 30490 32934 32935 
49822 24135 33040 32513 
52779 18412 33079 32167 
52156 14325 33026 31926 
48022 12862 32953 31885 
41744 14708 32882 31995 
34930 19540 32821 32248 
28586 26735 32803 32558 
23123 35551 32840 32848 
18457 44946 32850 33017 
14754 53862 32891 33077 
13047 60231 32906 32983 
14663 62203 32877 32810 
20542 58267 32777 32520 
30309 48313 32674 32305 
42009 33691 32525 32165 
52061 18119 32350 32137 
57579 5517 32230 32292 
56492 199 32141 32549 
49048 35 32148 32924 
37745 9409 32203 33277 
26529 21863 32355 33596 
18727 34676 32587 33796 
16065 44957 32861 33806 
18053 51020 33122 33609 
22722 52519 33302 33218 
27706 50412 33458 32743 
31524 46250 33515 32219 
33949 41593 33472 31741 
35488 37551 33293 31371 
36943 34533 33084 31264 
38182 32184 32731 31326 
38833 29956 32438 31675 
38239 27262 32126 32171 
36348 24279 31893 32738 
33858 21662 31777 33358 
32040 20365 31798 33862 
31739 20852 31957 34189 
32831 23031 32227 34275 
34202 26328 32578 34110 
34555 30160 32984 33741 
33082 33927 33326 33183 
30291 37656 33609 32597 
27406 41335 33758 32001 
25674 44754 33712 31482 
25836 47345 33511 31179 
27405 48320 33219 31138 
29439 47248 32849 31338 
31279 43946 32496 31739 
32965 38530 32158 32265 
35092 31720 31956 32872 
38223 23957 31819 33377 
42205 16185 31875 33829 
45879 9395 32031 34084 
47298 5387 32254 34087 
45133 5859 32522 33902 
39229 11751 32813 33555 
30639 22801 33060 33092 
21337 37706 33255 32601 
14003 52873 33379 32148 
10405 64672 33421 31810 
11520 65468 33353 31606 
17155 65523 33177 31582 
26418 65527 32946 31734 
36833 52957 32670 31994 
46441 35571 32438 32389 
53076 18747 32221 32788 
55369 5869 32089 33175 
52952 216 32077 33500 
46947 59 32182 33685 
38748 4971 32358 33704 
29889 14619 32643 33604 
21615 27054 32952 33370 
14815 40101 33146 32955 
11047 51336 33322 32552 
11250 59108 33400 32188 
16029 61724 33350 31874 
24894 58401 33201 31689 
36285 49351 32940 31643 
47089 36500 32656 31789 
54954 22238 32425 32078 
57880 9605 32227 32449 
55336 1433 32080 32803 
48127 66 32059 33176 
