32612 32665 32312 32592 
32612 32665 32312 32592 
32507 32386 32150 33192 
32419 32149 32046 33676 
32407 32053 32085 34010 
32463 32079 32220 34118 
32568 32260 32462 34037 
32712 32549 32755 33744 
32822 32858 33013 33315 
32897 33129 33207 32762 
32975 33392 33379 32249 
32973 33521 33413 31797 
32926 33512 33326 31509 
32824 33339 33136 31391 
32698 33038 32879 31469 
32579 32646 32582 31752 
32512 32303 32357 32199 
32446 31948 32150 32664 
32418 31692 32036 33123 
32466 31633 32061 33529 
32535 31742 32161 33805 
32680 32067 32391 33919 
32807 32468 32639 33824 
32911 32898 32835 33559 
32957 33304 32981 33184 
32969 33616 33046 32776 
32934 33787 33047 32417 
32884 33786 33003 32160 
32737 33563 32861 31956 
32647 33255 32779 31918 
32561 32852 32721 31993 
32492 32445 32705 32105 
32514 32128 32785 32311 
32535 31877 32877 32459 
32576 31763 32964 32566 
32659 31821 33050 32640 
32774 32040 33091 32730 
32851 32311 33036 32771 
32929 32646 32910 32827 
32949 32956 32689 32911 
32961 33219 32469 33035 
32914 33386 32226 33165 
32866 33463 32046 33286 
32811 33442 31978 33389 
32708 33296 31987 33395 
32628 33087 32122 33319 
32571 32875 32371 33159 
32502 32615 32638 32876 
32507 32439 32975 32572 
32512 32304 33262 32216 
32540 32251 33486 31919 
32599 32270 33613 31706 
32666 32347 33629 31639 
32727 32447 33512 31710 
32731 32516 33256 31908 
32766 32602 32940 32219 
32778 32645 32605 32620 
32784 32679 32263 33054 
32792 32699 32001 33474 
32763 32684 31803 33768 
32763 32704 31778 33943 
32814 32854 32156 33787 
32833 32968 32484 33469 
32844 33081 32843 33040 
32880 33201 33189 32582 
32890 33273 33453 32119 
32872 33266 33591 31711 
32828 33184 33589 31457 
32755 33020 33449 31370 
32656 32785 33192 31447 
32542 32499 32860 31686 
32426 32231 32536 32074 
32376 32028 32282 32529 
32320 31879 32096 33009 
32288 31806 31966 33400 
32379 31909 32043 33770 
32503 32110 32193 33977 
32650 32376 32411 34001 
32855 32744 32690 33879 
33041 33109 32937 33634 
33166 33401 33110 33221 
33256 33650 33221 32799 
33303 33802 33272 32358 
33277 33796 33236 31954 
33170 33629 33094 31623 
32994 33330 32906 31449 
32752 32914 32668 31407 
32513 32455 32477 31573 
32280 32011 32310 31900 
32076 31617 32202 32313 
31944 31374 32136 32767 
31927 31332 32196 33257 
31967 31462 32290 33644 
32186 31855 32529 33968 
32448 32350 32777 34078 
32775 32950 33029 34009 
33078 33483 33212 33708 
33344 33950 33355 33289 
33589 34270 33465 32815 
33670 34315 33414 32243 
33667 34159 33321 31772 
33521 33791 33136 31410 
33222 33218 32849 31203 
32888 32619 32576 31250 
32577 32084 32361 31572 
32233 31589 32133 31989 
31953 31300 31971 32519 
31823 31255 31940 33093 
31790 31406 32000 33593 
31889 31738 32142 33951 
32113 32204 32373 34130 
32371 32662 32591 34080 
32668 33100 32837 33865 
32886 33400 32990 33450 
33057 33565 33102 32971 
33164 33601 33165 32521 
33169 33470 33146 32112 
33124 33270 33110 31825 
33059 33047 33059 31691 
32982 32848 33009 31741 
32888 32642 32919 31844 
32903 32609 32940 32131 
32910 32595 32929 32381 
32930 32617 32914 32632 
32916 32631 32848 32802 
32893 32645 32775 32933 
32828 32622 32664 32998 
32714 32545 32513 33015 
32548 32418 32351 32991 
32324 32266 32163 32941 
32147 32171 32055 32944 
32003 32127 32016 32972 
31921 32178 32061 33010 
31982 32347 32215 33078 
32164 32621 32468 33140 
32433 32927 32758 33140 
32763 33231 33058 33070 
33119 33507 33325 32929 
33451 33681 33507 32707 
33692 33722 33593 32461 
33807 33632 33566 32203 
33740 33400 33408 31975 
33529 33044 33162 31795 
33229 32686 32911 31781 
32885 32327 32680 31892 
32475 31972 32418 32074 
32104 31715 32216 32352 
31835 31620 32083 32713 
31696 31693 32027 33099 
31658 31823 31984 33422 
31794 32078 32042 33697 
32022 32397 32149 33869 
32347 32761 32337 33905 
32645 33034 32514 33730 
32998 33326 32751 33502 
33296 33533 33028 33153 
33482 33600 33224 32681 
33618 33634 33454 32247 
33605 33535 33570 31839 
33500 33405 33629 31541 
33284 33179 33546 31376 
33015 32951 33379 31412 
32709 32656 33086 31560 
32466 32430 32782 31910 
32286 32242 32473 32358 
32164 32082 32187 32833 
32104 31955 31945 33278 
32137 31912 31807 33685 
32255 31981 31834 33983 
32380 32076 31937 34065 
32531 32260 32140 33986 
32678 32499 32431 33770 
32776 32735 32708 33389 
32858 33003 32991 32928 
32849 33197 33183 32385 
32899 33415 33369 31966 
32931 33535 33446 31616 
32930 33540 33412 31432 
32944 33431 33302 31425 
32958 33232 33105 31607 
32908 32903 32827 31905 
32915 32596 32588 32359 
32895 32321 32385 32876 
32810 32069 32228 33350 
32699 31939 32160 33737 
32595 31924 32202 33976 
32508 32049 32334 34006 
32448 32282 32564 33866 
32427 32573 32794 33522 
32417 32837 32977 33010 
32478 33091 33125 32465 
32595 33298 33217 31962 
32730 33411 33214 31544 
32873 33426 33123 31317 
32948 33295 32925 31260 
33012 33104 32708 31473 
32996 32838 32460 31840 
32973 32612 32317 32391 
32901 32419 32236 32979 
32736 32223 32200 33491 
32600 32158 32272 33913 
32490 32189 32425 34140 
32401 32247 32591 34126 
32369 32365 32766 33931 
32395 32492 32908 33569 
32448 32613 32967 33091 
32576 32724 32997 32637 
32731 32833 32976 32228 
32843 32867 32891 31887 
32992 32939 32858 31736 
33059 32966 32810 31687 
33110 33015 32814 31802 
33097 33030 32845 31957 
33015 33028 32897 32165 
32883 32996 32933 32348 
32730 32935 32944 32509 
32567 32855 32912 32643 
32451 32770 32822 32765 
32390 32687 32689 32868 
32366 32610 32524 33000 
32404 32529 32332 33134 
32482 32489 32188 33288 
32563 32431 32077 33416 
32678 32430 32085 33543 
32786 32447 32187 33602 
32863 32462 32368 33591 
32918 32503 32629 33542 
32939 32556 32929 33470 
32905 32593 33174 33302 
32882 32680 33398 33003 
32823 32731 33510 32334 
32778 32827 33536 31357 
32709 32886 33423 30141 
32658 32965 33239 29091 
32613 33047 32965 28673 
32639 33163 32705 29247 
32659 33220 32433 30813 
32686 33220 32201 33081 
32676 33117 31997 35570 
32664 32923 31909 37608 
32632 32659 31893 38818 
32607 32383 32001 38977 
32589 32110 32174 38103 
32574 31922 32416 36305 
32595 31837 32678 33911 
32660 31921 32988 31221 
32702 32088 33225 28448 
32815 32405 33448 26079 
32949 32811 33587 24463 
33048 33196 33607 24052 
33051 33494 33516 25031 
32982 33639 33346 27427 
32800 33565 33097 30914 
32575 33316 32778 35055 
32391 32963 32445 38988 
32383 32694 32185 42115 
32562 32525 31993 43801 
32866 32519 31905 43690 
33161 32627 31909 41626 
33322 32735 32024 37872 
33228 32745 32200 33155 
32891 32673 32429 28248 
32419 32570 32671 23997 
31967 32406 32861 21158 
31743 32074 32986 20259 
31815 31657 33056 21547 
31890 31465 33096 24744 
31632 31888 33092 29296 
31199 33020 33103 34546 
31296 34166 33064 39449 
32880 34208 33087 43034 
35806 32620 33089 44806 
38885 30176 33092 44544 
39853 28600 33042 42254 
37025 29894 32954 38311 
30817 34511 32809 33567 
23867 40862 32644 28786 
20013 45732 32449 24810 
22103 45645 32245 22215 
30039 38941 32091 21562 
40190 27450 32002 22790 
48103 15477 32010 25639 
49998 8144 32111 29494 
44726 9073 32274 33781 
34733 18396 32485 37627 
24459 32093 32762 40452 
17423 45669 33050 41859 
15163 55190 33239 41662 
17098 58830 33388 40041 
21581 56925 33479 37266 
27038 51109 33454 33900 
32756 43453 33346 30614 
38663 35028 33178 27927 
44528 26164 32931 26211 
50005 16762 32640 25716 
54118 7442 32340 26452 
55803 516 32128 28202 
53924 81 31985 30538 
47664 29 31917 33011 
37097 10496 31962 35196 
23314 26772 32148 36807 
9119 45987 32429 37519 
360 63791 32736 37298 
66 65406 33033 36259 
33 65503 33294 34704 
7753 65529 33472 32924 
18464 65535 33523 31206 
35165 65527 33473 29983 
52893 45301 33305 29380 
65065 22498 33051 29451 
65488 1433 32739 30154 
65535 63 32433 31306 
65535 0 32163 32648 
65535 0 31998 33903 
49917 16464 31935 34828 
30518 34610 31997 35326 
12443 51524 32173 35278 
2675 62288 32453 34741 
1725 64710 32746 33814 
6962 59903 33054 32743 
15303 50314 33259 31665 
24280 38552 33344 30797 
32639 26363 33346 30354 
39369 15379 33208 30332 
44210 6089 32972 30738 
46636 338 32693 31521 
46141 96 32420 32514 
42559 62 32242 33523 
36526 6659 32111 34267 
29342 18683 32227 34837 
22509 33674 32386 34948 
17832 49108 32676 34683 
16791 61185 32977 34055 
19720 65379 33213 33189 
25988 65481 33373 32269 
34071 65471 33449 31485 
41842 55739 33346 30895 
46775 46237 33093 30641 
47502 37873 32789 30762 
43875 31553 32429 31208 
37344 27396 32146 31941 
29922 24620 31913 32747 
24318 22496 31833 33504 
21945 20262 31846 34068 
23451 17671 32075 34420 
28322 14439 32381 34423 
35221 10941 32764 34122 
42329 8077 33096 33593 
47898 7181 33393 32973 
50090 9742 33573 32321 
47779 16627 33632 31797 
40888 27515 33537 31436 
31293 40390 33347 31357 
21136 53080 33086 31502 
12840 63638 32789 31843 
7967 65389 32483 32262 
6940 65446 32222 32750 
9533 65464 32005 33160 
15311 65489 31905 33484 
24121 65494 31887 33666 
35617 50754 31993 33730 
49053 32097 32154 33596 
61634 12394 32433 33414 
65403 395 32705 33118 
65524 54 32990 32787 
65535 17 33235 32450 
63820 61 33450 32172 
43855 13254 33596 31980 
26324 26607 33613 31847 
12618 38629 33540 31818 
5392 46666 33337 31857 
4761 49661 33079 32000 
8866 48092 32745 32207 
15155 44071 32435 32492 
21355 39866 32180 32830 
26189 36802 31943 33136 
29408 35174 31841 33444 
32178 33558 31849 33657 
35770 30463 31968 33757 
40780 25353 32149 33709 
46498 19220 32399 33552 
50700 14684 32637 33277 
51229 14092 32853 32907 
46850 18608 33033 32547 
38420 27389 33149 32207 
28350 38078 33208 31954 
20688 47143 33224 31813 
17997 52581 33238 31829 
20620 53373 33210 31933 
26654 50179 33163 32099 
33105 44600 33136 32369 
37069 38427 33065 32594 
37536 33200 33000 32832 
35266 29215 32839 32908 
32234 26517 32709 33015 
30098 24442 32499 33007 
29951 22608 32306 32965 
31545 20841 32117 32905 
33974 19329 31953 32851 
36200 18685 31884 32855 
37411 19534 31887 32875 
37134 22457 32009 32948 
35455 27389 32218 33008 
32886 33944 32479 33022 
30274 41078 32831 33049 
28277 47557 33147 32970 
27390 52294 33435 32844 
27668 54324 33648 32682 
28691 53443 33744 32477 
30054 49756 33672 32223 
31519 43818 33544 32061 
33099 36068 33291 31948 
34765 27712 32986 31913 
36606 19706 32667 31981 
38446 13159 32363 32164 
39929 9037 32093 32419 
40651 7897 31884 32732 
40223 9890 31739 33047 
38602 14700 31714 33329 
35904 21752 31795 33576 
32368 30224 31977 33734 
28235 39514 32249 33761 
24127 48473 32557 33641 
20644 56225 32948 33442 
18477 61519 33244 33082 
18461 63151 33592 32727 
20850 60197 33831 32312 
25261 52796 33893 31939 
30985 42192 33833 31633 
37083 30292 33626 31466 
42685 19208 33294 31434 
47335 10439 32899 31584 
50514 4829 32444 31874 
51852 2572 32066 32272 
51030 3033 31786 32742 
47703 6198 31637 33200 
41471 12566 31603 33571 
32569 22855 31784 33895 
22482 36168 32071 34030 
13032 50851 32398 33976 
6598 63972 32745 33778 
4930 65448 32999 33404 
8926 65525 33185 32993 
17176 65528 33251 32571 
27684 59535 33247 32226 
38163 43378 33171 31973 
46860 28107 33046 31810 
52750 16833 32969 31826 
55029 11019 32882 31890 
53806 10122 32882 32049 
49603 11898 32901 32219 
43444 14691 32962 32410 
36405 17604 32988 32576 
29645 20744 32968 32682 
24379 24672 32901 32791 
20878 29850 32749 32843 
19133 36147 32548 32939 
18841 42862 32302 33031 
19911 48428 32087 33144 
22262 51207 31910 33239 
26050 50404 31863 33354 
30987 45998 31923 33404 
36435 38985 32119 33413 
41000 31538 32434 33349 
43615 25933 32766 33180 
43881 23321 33112 32917 
41989 23667 33401 32577 
38709 25807 33607 32235 
34895 28143 33687 31907 
31590 29397 33675 31672 
29496 29248 33490 31524 
28863 28576 33259 31542 
29419 28606 32957 31696 
30549 30409 32625 31975 
31459 34052 32333 32355 
31667 38322 32081 32769 
31273 41624 31891 33182 
30841 42617 31828 33586 
30796 40755 31834 33879 
31388 36734 31979 34073 
32306 32236 32182 34090 
33108 28832 32450 33947 
33470 27403 32739 33653 
33397 27854 33037 33260 
33163 29102 33281 32762 
33176 30058 33475 32259 
33472 30250 33588 31809 
33811 30163 33607 31440 
33792 30747 33503 31209 
33416 32726 33299 31137 
33073 35565 33062 31276 
33083 38133 32755 31562 
33501 39152 32482 32027 
33952 37940 32213 32564 
33969 35020 32039 33120 
33393 31797 31937 33622 
32522 29465 31965 34044 
31724 28409 32063 34241 
31301 28304 32217 34246 
31226 28540 32432 34078 
31259 28704 32636 33734 
31281 29017 32807 33281 
31487 30043 32934 32803 
32041 32252 33018 32341 
32771 35690 33072 31965 
33211 39434 33103 31758 
33004 42182 33162 31717 
32153 42523 33124 31750 
31387 40038 33148 31899 
31449 35028 33106 32071 
32823 29215 33052 32261 
34946 24859 33023 32478 
36543 23266 32897 32582 
36553 24793 32760 32686 
34780 28320 32606 32741 
32317 31956 32447 32812 
30651 34118 32276 32872 
30524 34559 32120 32945 
31659 34062 32029 33052 
32986 33872 32034 33241 
33342 34720 32097 33387 
32622 36355 32265 33523 
31565 37673 32525 33613 
31149 37382 32781 33567 
31871 34954 33038 33385 
33210 30982 33246 33092 
34227 26968 33410 32726 
34274 24211 33486 32314 
33566 23604 33472 31913 
32746 25359 33339 31553 
32451 29130 33160 31357 
32578 34178 32909 31281 
32511 39540 32680 31411 
31568 44077 32461 31684 
29836 46662 32303 32143 
28324 46435 32164 32632 
28193 43498 32071 33136 
29950 38525 32020 33605 
33157 32383 32094 34049 
36346 26219 32228 34302 
38388 20549 32361 34318 
39185 15767 32599 34205 
39095 12500 32843 33878 
38625 11808 33060 33355 
37923 14921 33304 32803 
36433 22039 33460 32201 
33554 32286 33542 31666 
29235 43801 33508 31269 
24397 54224 33369 31032 
20649 61372 33142 30999 
19665 63324 32905 31249 
21697 59794 32611 31661 
25937 51391 32334 32185 
30875 39819 32120 32748 
35332 26835 31966 33300 
38499 15915 31942 33757 
40874 8371 32037 34082 
42863 5028 32157 34138 
44419 5757 32361 34047 
44755 9729 32584 33756 
43083 15805 32826 33397 
39315 23169 33057 32948 
34185 31374 33200 32494 
29148 40116 33336 32136 
25218 48937 33375 31854 
22921 56577 33335 31753 
21598 61783 33178 31759 
20579 63078 32952 31897 
19751 59770 32684 32119 
19908 51704 32448 32424 
22240 40384 32263 32743 
27435 27603 32166 33033 
34974 15573 32144 33211 
43092 6389 32220 33302 
49841 1467 32402 33270 
53014 1381 32626 33155 
52636 5357 32881 32990 
49348 12223 33071 32747 
44307 20992 33247 32566 
38206 31001 33305 32364 
31822 41137 33299 32269 
25356 50696 33164 32215 
19325 58744 32967 32259 
14382 64304 32753 32412 
11059 65422 32507 32583 
10251 65466 32317 32810 
12456 57985 32181 32983 
18252 46892 32128 33131 
27433 32127 32173 33220 
38916 15610 32302 33227 
50342 1071 32485 33147 
58837 93 32651 33001 
61960 31 32792 32836 
58717 40 32887 32633 
50597 12685 32964 32494 
39988 26799 32960 32381 
29688 40763 32948 32344 
21627 51809 32931 32365 
16227 58886 32896 32423 
13179 61823 32934 32540 
11835 61168 32956 32608 
12520 57111 32949 32615 
16418 49178 33002 32645 
23854 37319 32968 32567 
33771 22943 32935 32506 
44194 8322 32838 32464 
52481 288 32694 32449 
56624 54 32526 32519 
55556 25 32347 32665 
49908 8249 32134 32816 
41364 22782 32019 33057 
31536 39873 32004 33325 
22298 56010 32084 33545 
15308 65236 32273 33654 
12113 65500 32516 33591 
13223 65526 32827 33412 
18317 65480 33112 33054 
26151 49280 33391 32630 
34973 32184 33554 32148 
42410 17173 33638 31756 
46934 6656 33585 31481 
47965 1801 33404 31367 
45973 2319 33157 31444 
42052 7415 32858 31727 
37370 15904 32526 32115 
32666 26573 32256 32618 
27946 38331 32020 33116 
23249 49578 31854 33554 
19089 58290 31788 33904 
16851 61759 31853 34097 
17961 58545 32029 34140 
22935 48918 32250 33964 
31157 34972 32546 33658 
40514 20122 32829 33203 
48429 8313 33123 32696 
52313 3125 33370 32162 
51395 5266 33565 31729 
46349 13496 33645 31383 
39159 25164 33628 31203 
31761 37580 33502 31207 
26014 47869 33290 31386 
22286 55092 33058 31772 
20210 58753 32751 32210 
19438 58761 32458 32727 
19882 54691 32166 33236 
21931 46388 31943 33664 
25772 34711 31846 33993 
31062 21155 31849 34146 
36914 8662 31938 34091 
41994 725 32123 33881 
44802 42 32352 33509 
44637 6573 32549 33042 
41933 19330 32802 32636 
37823 34101 32965 32201 
34028 46967 33107 31885 
31868 55103 33192 31692 
31746 57015 33234 31673 
32772 53759 33262 31814 
33371 47482 33241 32020 
32302 40419 33230 32309 
29146 33822 33182 32602 
25160 28717 33115 32845 
22197 25069 33005 32983 
21612 22749 32805 32983 
23834 22089 32627 32965 
27941 23257 32432 32884 
32543 26367 32236 32769 
36371 30477 32099 32686 
39323 34198 32027 32692 
41910 35925 31984 32707 
44556 34933 32042 32791 
46790 31570 32155 32902 
47103 27925 32399 33101 
44159 25929 32653 33239 
37677 26953 32894 33273 
28611 31178 33097 33204 
19463 37386 33296 33069 
13243 43166 33441 32868 
11130 46965 33460 32544 
13397 47974 33432 32234 
19274 46097 33303 31945 
27301 41890 33127 31728 
35760 36152 32853 31612 
43584 29572 32608 31714 
49482 22771 32352 31948 
52474 16694 32140 32296 
51793 12582 31960 32716 
47822 11541 31897 33180 
41730 13834 31949 33609 
34931 19224 32091 33918 
28419 27218 32344 34041 
22831 36727 32672 33992 
18175 46401 32982 33730 
14602 55201 33274 33321 
13042 61401 33502 32805 
14880 62973 33639 32265 
21166 58518 33630 31761 
31062 48106 33475 31378 
42486 33407 33200 31200 
52309 17791 32863 31254 
57477 5278 32526 31561 
55892 164 32219 32091 
47950 36 31932 32618 
36818 9546 31816 33186 
25991 21878 31846 33699 
18706 34456 32011 34062 
16499 44478 32277 34198 
18851 50477 32606 34075 
23566 51813 32919 33734 
28297 49653 33173 33234 
31733 45704 33341 32666 
33963 41500 33483 32180 
35440 37909 33442 31731 
36860 35164 33297 31445 
38157 32953 33094 31384 
38714 30589 32837 31510 
38051 27690 32612 31828 
36197 24469 32394 32242 
33920 21687 32216 32699 
32335 20205 32099 33111 
32232 20674 32072 33498 
33231 22809 32110 33741 
34236 26060 32269 33880 
33923 29701 32459 33821 
31957 33520 32702 33644 
28839 37436 32894 33295 
26241 41376 33153 32965 
25105 44961 33286 32542 
25930 47724 33433 32209 
27990 48811 33411 31849 
30389 47698 33340 31649 
32408 44264 33168 31581 
34227 38831 32927 31634 
36508 31865 32683 31852 
39699 23949 32439 32128 
43529 15799 32244 32506 
46572 8757 32083 32871 
47011 4991 32041 33234 
43793 5781 32080 33524 
37007 12087 32207 33708 
28005 23579 32423 33806 
18808 38578 32647 33717 
12102 53535 32856 33528 
9484 64785 33025 33209 
11741 65472 33156 32872 
18467 65522 33218 32511 
28527 65507 33213 32180 
39525 49983 33117 31937 
48922 32965 32931 31785 
54889 16960 32715 31769 
56263 5228 32554 31939 
52935 235 32397 32169 
45999 63 32335 32502 
37182 6627 32354 32820 
27954 16858 32458 33098 
19628 29130 32637 33313 
13295 41571 32849 33400 
10053 52385 33011 33312 
11217 59408 33149 33142 
17123 61071 33236 32902 
26849 56927 33193 32627 
38386 47522 33057 32349 
49161 34256 32820 32151 
56212 20346 32556 32074 
58047 8523 32355 32178 
54438 1538 32145 32365 
46456 1090 32036 32658 
35821 7989 32055 32988 
