32966 32045 32400 33924 
32966 32045 32400 33924 
32769 32260 32577 34127 
32531 32495 32743 34085 
32328 32693 32889 33838 
32172 32851 32978 33425 
32107 32970 33025 32964 
32135 33037 33003 32505 
32245 33050 32932 32092 
32420 33021 32828 31803 
32653 33006 32776 31690 
32849 32963 32689 31719 
33056 32971 32670 31895 
33215 32972 32702 32110 
33290 32959 32741 32341 
33289 32937 32779 32558 
33204 32874 32808 32719 
33057 32755 32809 32822 
32878 32630 32784 32878 
32668 32472 32714 32917 
32480 32344 32642 32949 
32349 32270 32570 33004 
32283 32247 32516 33078 
32254 32264 32454 33139 
32284 32346 32435 33214 
32392 32505 32477 33281 
32512 32659 32537 33298 
32659 32836 32639 33254 
32764 32948 32732 33072 
32876 33043 32853 32837 
32955 33092 32967 32517 
33029 33110 33065 32222 
33034 33047 33095 31890 
33007 32974 33086 31662 
32899 32836 32992 31543 
32770 32708 32849 31608 
32625 32590 32682 31826 
32513 32529 32505 32205 
32427 32474 32349 32662 
32402 32466 32249 33168 
32414 32461 32204 33624 
32530 32524 32295 33990 
32694 32621 32489 34167 
32837 32683 32691 34091 
32967 32744 32934 33805 
33041 32790 33142 33315 
33050 32801 33291 32715 
33059 32840 33387 32163 
32955 32803 33328 31645 
32839 32776 33202 31326 
32676 32724 32968 31211 
32531 32691 32685 31364 
32451 32719 32449 31756 
32386 32726 32220 32241 
32354 32728 32050 32780 
32385 32752 31982 33297 
32497 32818 32046 33725 
32617 32870 32198 33956 
32754 32907 32427 33977 
32883 32925 32705 33800 
32965 32888 32952 33449 
32985 32792 33161 32980 
33005 32705 33332 32537 
32985 32611 33445 32147 
32887 32473 33405 31826 
32791 32347 33269 31660 
32673 32263 33051 31703 
32576 32235 32780 31909 
32474 32234 32462 32196 
32430 32324 32206 32591 
32431 32497 32045 33020 
32411 32629 31913 33317 
32492 32864 31983 33576 
32567 33069 32145 33651 
32707 33293 32457 33595 
32850 33459 32810 33372 
32968 33526 33143 33011 
33036 33477 33401 32572 
33114 33359 33583 32195 
33105 33129 33606 31858 
33035 32823 33486 31654 
32947 32506 33243 31657 
32800 32198 32903 31823 
32670 31977 32544 32145 
32534 31838 32223 32543 
32428 31827 31983 32991 
32323 31880 31820 33360 
32285 32055 31819 33642 
32330 32334 31964 33791 
32390 32618 32170 33721 
32508 32905 32470 33527 
32646 33159 32781 33211 
32803 33383 33095 32828 
32957 33526 33363 32443 
33088 33592 33545 32126 
33165 33561 33626 31886 
33197 33459 33581 31792 
33093 33217 33364 31783 
32946 32930 33055 31945 
32748 32603 32692 32177 
32568 32308 32355 32513 
32379 32015 32051 32862 
32251 31791 31848 33174 
32192 31671 31781 33417 
32241 31714 31895 33558 
32358 31866 32117 33572 
32572 32138 32487 33473 
32796 32505 32874 33266 
33000 32866 33202 32912 
33185 33263 33487 32576 
33327 33618 33658 32266 
33353 33842 33667 32006 
33286 33912 33515 31857 
33087 33765 33196 31770 
32822 33500 32812 31859 
32523 33111 32411 32034 
32288 32736 32118 32377 
32090 32329 31909 32727 
32008 32019 31849 33095 
32023 31797 31920 33398 
32174 31727 32135 33623 
32399 31809 32434 33727 
32694 31998 32775 33671 
32994 32258 33085 33495 
33219 32524 33294 33169 
33370 32802 33418 32795 
33368 32973 33344 32374 
33257 33095 33163 32025 
33065 33161 32913 31808 
32793 33141 32596 31721 
32515 33061 32333 31825 
32303 33017 32198 32081 
32140 32925 32136 32391 
32137 32891 32267 32779 
32212 32880 32495 33116 
32368 32877 32776 33352 
32604 32901 33068 33466 
32859 32898 33314 33414 
33086 32864 33454 33220 
33237 32743 33430 32889 
33324 32608 33297 32558 
33309 32433 33049 32258 
33178 32243 32706 32042 
32975 32093 32351 31964 
32760 32047 32077 32082 
32494 32061 31863 32314 
32284 32195 31818 32651 
32163 32438 31920 33033 
32101 32703 32123 33322 
32180 33034 32449 33562 
32323 33337 32787 33621 
32530 33554 33114 33497 
32743 33650 33383 33222 
32963 33636 33553 32854 
33141 33493 33628 32457 
33251 33248 33577 32085 
33233 32871 33363 31769 
33140 32472 33069 31615 
32970 32106 32726 31676 
32759 31810 32375 31917 
32584 31655 32106 32312 
32364 31599 31859 32736 
32273 31736 31795 33211 
32226 31988 31851 33585 
32320 32380 32095 33864 
32469 32818 32407 33932 
32641 33239 32761 33766 
32820 33559 33094 33407 
33024 33823 33398 32968 
33138 33862 33571 32430 
33225 33787 33649 31954 
33158 33491 33520 31546 
33046 33140 33303 31354 
32890 32748 33015 31390 
32693 32343 32683 31634 
32519 32020 32373 32068 
32362 31768 32103 32556 
32318 31707 31979 33098 
32284 31755 31916 33543 
32390 32019 32044 33942 
32525 32347 32240 34103 
32684 32738 32514 34060 
32859 33131 32823 33848 
32977 33423 33073 33413 
33034 33607 33246 32933 
33025 33612 33324 32391 
32992 33492 33332 31955 
32840 33176 33182 31579 
32660 32783 32949 31408 
32479 32346 32664 31446 
32388 32029 32446 31720 
32342 31822 32286 32123 
32379 31781 32228 32576 
32475 31904 32264 33016 
32650 32199 32424 33393 
32868 32638 32694 33664 
33092 33095 32986 33744 
33241 33463 33204 33593 
33329 33729 33365 33327 
33316 33812 33403 32952 
33190 33673 33281 32538 
33012 33407 33082 32231 
32733 32982 32755 31966 
32441 32534 32408 31882 
32245 32169 32159 32034 
32043 31843 31924 32249 
31938 31690 31831 32554 
31990 31776 31923 32931 
32115 31944 32120 33226 
32358 32237 32410 33434 
32663 32603 32763 33491 
32979 32941 33098 33388 
33226 33197 33369 33134 
33427 33380 33547 32790 
33531 33476 33645 32433 
33500 33426 33584 32082 
33346 33289 33402 31840 
33104 33083 33124 31762 
32768 32833 32782 31841 
32414 32585 32415 32084 
32161 32410 32132 32512 
31980 32288 31900 32976 
31889 32179 31755 33373 
31963 32172 31800 33725 
32150 32216 31953 33899 
32456 32329 32252 33876 
32800 32475 32630 33648 
33135 32670 33021 33382 
33379 32840 33364 33074 
33512 32976 33595 32752 
33492 33093 33718 32374 
33346 33158 33674 31791 
33057 33136 33483 31004 
32744 33070 33191 30143 
32507 33013 32845 29507 
32406 32929 32455 29448 
32463 32874 32164 30321 
32182 32915 31931 31989 
31058 33544 31840 34188 
29051 35095 31847 36397 
27465 36972 32034 38101 
28670 36903 32242 38786 
34807 32560 32535 38414 
44929 23387 32872 37103 
54723 12180 33098 34968 
57718 5138 33309 32465 
48796 8683 33432 29740 
30656 24385 33419 27232 
9708 46993 33335 25311 
162 64900 33153 24294 
0 65535 32896 24495 
0 65535 32628 26114 
21784 65535 32365 28976 
42724 65455 32189 32780 
62071 40199 32095 36902 
65479 16094 32113 40682 
65518 554 32247 43440 
65475 64 32456 44531 
64326 92 32713 43674 
51074 126 32979 40922 
37375 6993 33203 36607 
19896 17286 33348 31331 
1524 33535 33373 26136 
164 54536 33314 21868 
55 65136 33156 19276 
0 65486 32917 18880 
0 65535 32645 20871 
11223 65535 32383 24813 
30717 65535 32187 30092 
51888 53943 32090 35810 
65140 30237 32052 41115 
65535 4934 32153 45033 
65535 83 32302 46855 
65535 0 32573 46446 
65535 0 32810 43832 
60400 7325 32991 39440 
38519 28922 33236 34083 
16669 53799 33307 28476 
517 65187 33338 23948 
0 65511 33203 20913 
0 65535 32972 19832 
1030 65535 32712 20837 
20837 65535 32498 23764 
40645 54021 32292 27821 
60325 30886 32206 32422 
65411 6158 32214 36762 
65535 181 32324 40174 
65535 7 32523 42199 
65535 0 32786 42593 
54652 0 33019 41365 
34785 7973 33229 38949 
13701 26392 33377 35768 
366 48257 33365 32314 
35 64846 33282 29363 
0 65475 33042 27240 
3 65535 32746 26236 
10068 65535 32435 26413 
25093 65535 32200 27660 
40484 51218 32029 29554 
53167 28547 31988 31741 
60694 4560 32073 33796 
61662 149 32261 35372 
56037 32 32535 36254 
45458 16 32811 36327 
31901 20 33056 35686 
17847 10832 33233 34588 
6008 25473 33379 33322 
231 41623 33414 32098 
47 55577 33378 31208 
2555 64711 33240 30753 
14925 65475 33037 30801 
28733 65513 32809 31278 
42775 54300 32562 32044 
53983 39397 32366 32924 
60809 22816 32148 33683 
62500 7812 32046 34253 
59428 267 32007 34464 
52421 66 32051 34292 
43432 48 32159 33808 
33932 6591 32385 33146 
25398 18240 32654 32420 
18995 32325 32986 31780 
15372 46804 33291 31263 
14955 58763 33549 31038 
17528 65136 33711 31082 
22259 65482 33719 31318 
28073 60443 33670 31824 
33425 50139 33423 32325 
37264 36997 33062 32869 
39013 24550 32643 33337 
39042 14740 32244 33733 
38004 8803 31893 33945 
36446 7151 31652 33972 
34421 9777 31582 33875 
32029 16004 31703 33669 
29546 24643 31956 33393 
28012 34047 32295 33057 
28570 42307 32699 32749 
31751 47544 33076 32480 
36464 48974 33330 32252 
40759 47222 33511 32130 
42382 43440 33508 32054 
40385 39049 33404 32064 
35580 34891 33229 32124 
30480 31335 32993 32195 
27360 28139 32774 32282 
27122 25284 32632 32375 
28840 23066 32542 32416 
30837 22233 32563 32507 
31556 23284 32579 32513 
31002 26453 32655 32589 
29930 31311 32748 32694 
29085 37141 32777 32796 
28731 43050 32719 32937 
28728 47379 32643 33158 
29126 48452 32540 33401 
30578 45335 32405 33587 
33948 37979 32306 33723 
39335 27523 32221 33727 
45262 17008 32256 33635 
48811 10042 32349 33367 
47758 9116 32564 33023 
41318 14883 32773 32547 
31443 25867 33059 32082 
21368 38993 33272 31619 
15105 50351 33418 31271 
14375 57309 33542 31163 
18575 58241 33516 31191 
25579 53270 33372 31409 
33148 43843 33157 31821 
39428 32399 32876 32357 
43401 22265 32553 32916 
45282 14885 32205 33428 
45326 11125 31937 33901 
43577 10810 31722 34180 
40232 13511 31644 34322 
35481 18783 31727 34287 
29544 26401 31909 34061 
23151 35877 32221 33686 
17293 46395 32624 33218 
13581 55714 33042 32680 
13265 61922 33458 32171 
17165 62985 33804 31703 
24994 58125 34012 31353 
35545 47329 33994 31109 
46506 32767 33838 31084 
55931 16809 33554 31264 
61844 2554 33101 31544 
62784 114 32600 31969 
58105 27 32126 32484 
47854 89 31734 32998 
33317 15953 31454 33439 
16995 33776 31441 33880 
2279 52416 31536 34085 
78 65068 31876 34192 
0 65510 32265 34090 
6750 65535 32709 33864 
19224 65533 33080 33476 
35130 52349 33352 33035 
48905 33872 33498 32581 
56986 17538 33498 32194 
59199 5707 33384 31920 
56972 275 33180 31750 
52243 82 32937 31712 
46086 1218 32679 31770 
38752 11750 32590 31965 
29980 23793 32525 32140 
20022 37839 32594 32350 
10414 51887 32715 32512 
3628 63605 32871 32665 
2712 65447 32963 32735 
8572 65517 33006 32821 
20127 65448 32949 32865 
34453 49003 32802 32953 
48309 30939 32555 33037 
58699 12797 32329 33207 
62737 577 32077 33303 
60307 51 31906 33430 
52694 24 31853 33487 
42480 8606 31966 33501 
31844 22144 32212 33422 
23013 36447 32571 33236 
17165 48342 32981 32955 
14216 56284 33324 32539 
13886 59893 33631 32140 
15799 59387 33798 31725 
19734 55227 33795 31404 
25378 47839 33669 31265 
32357 37357 33391 31276 
39816 24551 33027 31465 
46766 11061 32657 31865 
51506 653 32287 32358 
52583 72 31974 32922 
49398 25 31720 33439 
42319 8246 31607 33908 
32660 23151 31663 34259 
22819 40465 31834 34416 
15511 56137 32091 34339 
12208 65202 32452 34095 
13297 65480 32792 33616 
18183 65506 33138 33033 
25638 65507 33453 32406 
34024 54441 33723 31845 
42193 38694 33795 31318 
49158 22555 33774 31023 
53757 8250 33608 30910 
54597 337 33312 31005 
51271 76 32953 31316 
44032 60 32557 31789 
34522 6392 32219 32365 
24574 17133 31938 32994 
16647 29732 31760 33532 
11813 42581 31779 34008 
10210 54085 31891 34267 
11497 62936 32096 34341 
15445 65405 32380 34201 
21884 65490 32667 33892 
30388 64977 32869 33442 
40314 50095 32996 32941 
50118 33411 33022 32442 
57799 15191 33013 32037 
61323 629 32967 31732 
59386 70 32870 31553 
52486 19 32832 31556 
42144 84 32853 31692 
30161 15139 32886 31865 
18464 31679 32984 32110 
9438 48251 33082 32355 
4737 60927 33184 32606 
4978 65384 33173 32773 
10037 65494 33100 32899 
18705 64356 32950 33019 
29313 51115 32679 33066 
39348 38548 32402 33166 
47230 25880 32141 33250 
51944 14409 31906 33313 
53354 4924 31764 33365 
51982 225 31747 33383 
48607 95 31873 33347 
44159 66 32101 33224 
38755 5610 32448 33050 
32443 17361 32815 32769 
25581 33309 33188 32448 
18843 51309 33501 32111 
13836 64905 33739 31820 
11702 65460 33819 31610 
13328 65522 33776 31520 
18553 65535 33588 31547 
26814 65523 33324 31771 
35903 51628 32955 32078 
44053 33373 32523 32472 
49638 16863 32160 32953 
51732 4703 31790 33377 
50278 174 31577 33780 
45835 65 31474 34007 
39616 5223 31523 34057 
33102 13805 31769 34005 
27138 25654 32110 33744 
22480 37909 32539 33359 
19621 48596 33041 32931 
18765 55966 33456 32380 
20110 58684 33818 31919 
23347 56805 34051 31552 
27910 50924 34054 31317 
32981 42275 33877 31238 
37917 31997 33555 31362 
41902 21628 33113 31650 
44401 12944 32597 32031 
45245 7587 32158 32522 
44127 6956 31804 33027 
40889 11868 31579 33483 
35761 21505 31548 33827 
29656 33245 31701 34030 
23835 44374 31977 34049 
19940 52379 32321 33918 
19130 55966 32675 33628 
21625 55105 32965 33280 
26268 51129 33155 32854 
31344 45472 33247 32438 
35396 39032 33252 32090 
37805 31899 33187 31835 
39048 24256 33100 31733 
40178 16233 32960 31706 
41729 9300 32875 31818 
43174 5640 32833 31997 
43081 7334 32819 32214 
40275 14769 32836 32445 
34717 26242 32877 32648 
27756 38519 32872 32824 
21637 48447 32814 32917 
18323 54249 32749 33045 
18450 55592 32577 33091 
21052 54317 32423 33159 
24553 52118 32265 33209 
27932 49371 32122 33224 
31301 45111 32015 33204 
35504 37815 32058 33216 
40394 27431 32141 33128 
45146 15830 32338 33047 
47939 6345 32590 32894 
47445 2202 32859 32709 
43751 4439 33126 32454 
38717 11546 33380 32247 
34578 20195 33542 32037 
32159 28203 33629 31903 
30614 35119 33607 31834 
28157 41913 33449 31840 
23653 49715 33190 31936 
18191 57797 32892 32162 
14172 64097 32551 32449 
14196 65456 32234 32807 
19015 61094 31896 33106 
27383 50126 31708 33440 
35914 35814 31612 33673 
42238 21437 31674 33825 
45580 9961 31864 33842 
46787 2730 32155 33684 
47322 288 32550 33451 
47698 1657 32946 33091 
47098 6505 33319 32635 
44190 14568 33674 32218 
38303 25165 33890 31814 
30241 37338 33948 31511 
22499 48838 33816 31343 
17253 58083 33584 31382 
15468 63513 33177 31534 
16768 64198 32739 31903 
19662 60110 32310 32358 
22943 52135 31935 32847 
26563 41447 31662 33305 
30931 29824 31555 33685 
36521 19256 31636 33959 
42705 11365 31864 34040 
47750 7442 32146 33923 
50011 7434 32488 33681 
48456 10600 32811 33319 
43234 16183 33046 32861 
36330 23130 33259 32493 
30023 30810 33349 32164 
25864 38935 33378 31991 
24182 46633 33347 31923 
24282 52588 33241 31931 
25138 55368 33119 32026 
26068 53835 33006 32172 
27103 48240 32907 32313 
28784 39948 32806 32410 
31496 31127 32725 32505 
34970 23855 32648 32565 
38042 19904 32548 32630 
39503 19378 32436 32663 
38606 21694 32351 32768 
35460 25663 32256 32878 
31180 30295 32202 33046 
27690 34441 32205 33245 
26385 37280 32242 33406 
27827 38103 32334 33500 
31633 36571 32514 33565 
36556 32776 32711 33511 
40754 27930 32896 33342 
43128 23613 33092 33069 
43037 21584 33253 32734 
40387 22987 33347 32334 
35733 28126 33399 31972 
30098 35466 33340 31657 
24649 43241 33211 31481 
20428 49135 32965 31390 
18417 51578 32719 31556 
19094 49771 32416 31839 
22568 44334 32157 32238 
28036 37091 31995 32752 
34306 29735 31913 33237 
40071 23786 31966 33710 
44260 19784 32154 34053 
45952 17724 32448 34193 
45046 17255 32773 34106 
42112 18174 33065 33792 
38038 20611 33330 33338 
33792 24757 33489 32785 
30098 30621 33497 32166 
27538 37365 33405 31662 
25931 44051 33161 31297 
25107 49382 32923 31198 
24959 51833 32595 31271 
25937 50420 32353 31624 
28244 44924 32145 32090 
31813 36581 32090 32673 
35526 27557 32089 33207 
38059 20637 32178 33656 
38228 18023 32365 33963 
35949 20327 32606 34078 
32211 26196 32809 33957 
28719 33195 32967 33616 
27091 38736 33069 33190 
28178 40914 33138 32695 
31550 39121 33157 32235 
35989 34269 33065 31844 
40104 28185 32920 31565 
43020 22822 32765 31534 
43977 19896 32584 31682 
42722 20009 32435 31971 
39087 23242 32334 32341 
33173 29076 32312 32764 
25727 36558 32356 33139 
18692 44111 32461 33448 
14432 50171 32675 33662 
14326 53493 32850 33670 
18641 53396 33033 33562 
26236 49561 33150 33299 
34648 42590 33210 32982 
42078 33228 33166 32600 
47341 22873 33061 32264 
49882 13397 32912 32007 
49583 6595 32713 31824 
46580 4401 32520 31775 
41206 7280 32389 31893 
34049 14782 32284 32089 
26423 25735 32261 32383 
19834 38430 32309 32748 
16160 50293 32411 33087 
16219 59361 32544 33355 
19880 63608 32701 33543 
26225 61861 32882 33607 
33407 54333 32982 33481 
39791 43179 33052 33268 
44208 30684 33044 32963 
45996 19575 32981 32658 
44998 11645 32870 32380 
41441 7484 32683 32150 
36298 7116 32566 32100 
30511 9945 32435 32119 
25196 15763 32383 32244 
21354 24445 32398 32444 
19784 35601 32538 32677 
20976 47171 32734 32880 
24925 56856 32950 33016 
31136 61990 33144 33044 
38560 60754 33275 32981 
45169 53301 33335 32833 
48903 41837 33278 32652 
48369 29495 33101 32463 
43417 19490 32870 32339 
35374 13629 32572 32260 
26820 12059 32314 32325 
20966 13397 32069 32452 
19398 15953 31923 32635 
21945 18722 31900 32864 
26796 21818 31972 33088 
31893 26293 32187 33288 
35213 33025 32492 33409 
36172 42260 32813 33395 
35213 52864 33130 33266 
33290 62479 33363 33010 
31710 65425 33530 32727 
31292 65528 33515 32392 
32337 56753 33377 32118 
34358 40450 33149 31945 
36398 21542 32857 31912 
37301 5537 32532 31990 
36712 152 32286 32235 
35032 46 32135 32532 
33466 290 32108 32881 
33045 11626 32163 33141 
34208 21628 32352 33339 
36107 31263 32603 33388 
37320 40132 32894 33319 
36284 48190 33094 33073 
32265 55659 33254 32754 
26066 61480 33287 32439 
19545 64241 33260 32216 
15007 62293 33037 32022 
14713 54548 32811 32042 
19461 41503 32518 32177 
28076 25270 32307 32465 
38496 8813 32132 32790 
48175 278 32044 33115 
54683 47 32088 33401 
56435 20 32251 33553 
53246 7642 32474 33557 
46468 21290 32748 33426 
38244 36499 33034 33164 
30360 49656 33256 32796 
23717 58389 33362 32342 
18870 61534 33464 32034 
15653 59588 33393 31758 
14204 54134 33250 31650 
14930 46520 33018 31664 
18158 37893 32749 31833 
23543 28910 32521 32160 
29820 20695 32291 32529 
35888 14042 32110 32935 
41170 9651 31957 33289 
45824 8074 31930 33636 
49947 9387 32013 33882 
52957 13327 32161 33940 
53668 19458 32411 33897 
50713 27385 32722 33706 
43557 36643 33003 33344 
32958 46454 33281 32912 
21678 55165 33515 32400 
13126 60763 33666 31930 
9367 61768 33673 31512 
10745 57678 33543 31233 
15871 49521 33312 31156 
22515 39447 32975 31230 
28595 30545 32643 31569 
33424 24340 32305 32058 
37394 20762 32057 32652 
41171 18170 31873 33245 
45163 14806 31783 33775 
48777 10577 31850 34190 
50763 7021 32022 34377 
49765 7112 32277 34325 
44933 13175 32567 34055 
36567 25564 32889 33598 
26776 41029 33137 33010 
18292 55588 33353 32434 
13837 64803 33525 31947 
14640 65493 33551 31553 
20113 62410 33475 31359 
27532 50812 33262 31321 
34372 38879 33021 31506 
38611 28360 32694 31827 
40145 20619 32411 32275 
39976 15398 32174 32775 
39592 12229 31987 33203 
39664 10824 31923 33555 
39650 11785 31999 33789 
38103 16147 32204 33851 
