32708 33505 32515 31795 
32708 33505 32515 31795 
32603 33204 32361 32399 
32464 32791 32230 33058 
32354 32336 32163 33644 
32313 31965 32202 34094 
32329 31733 32336 34321 
32367 31638 32488 34272 
32456 31703 32677 33997 
32599 31945 32882 33557 
32686 32205 32983 32988 
32784 32526 33051 32418 
32896 32897 33107 32003 
32908 33137 33035 31651 
32904 33325 32954 31522 
32894 33425 32873 31595 
32877 33457 32817 31819 
32860 33398 32769 32103 
32860 33294 32760 32425 
32877 33181 32792 32726 
32892 33002 32814 32914 
32903 32820 32823 33018 
32905 32607 32791 33010 
32917 32433 32764 32977 
32893 32257 32678 32895 
32832 32115 32565 32843 
32697 31999 32422 32812 
32539 31968 32302 32836 
32363 32017 32235 32947 
32168 32142 32205 33056 
32008 32338 32245 33168 
31953 32611 32388 33246 
32008 32923 32591 33256 
32153 33202 32811 33135 
32391 33426 33019 32897 
32747 33583 33214 32599 
33153 33655 33382 32309 
33488 33548 33423 31976 
33762 33357 33397 31745 
33912 33076 33291 31618 
33882 32745 33106 31666 
33693 32421 32872 31843 
33374 32144 32624 32147 
32939 31947 32375 32549 
32475 31844 32154 32994 
31948 31801 31935 33375 
31534 31887 31841 33708 
31296 32064 31851 33928 
31271 32290 31982 33964 
31419 32542 32202 33825 
31779 32829 32531 33569 
32225 33069 32857 33175 
32748 33302 33191 32734 
33274 33513 33498 32315 
33725 33634 33715 31926 
34014 33660 33792 31648 
34141 33625 33751 31541 
34044 33455 33548 31563 
33795 33217 33250 31748 
33398 32883 32856 31982 
32975 32540 32456 32292 
32594 32258 32138 32696 
32236 32005 31879 33045 
31961 31839 31730 33315 
31750 31742 31698 33452 
31702 31825 31854 33525 
31762 31986 32094 33490 
31880 32211 32379 33377 
32050 32443 32673 33187 
32235 32676 32893 32995 
32443 32848 33045 32794 
32643 32954 33122 32630 
32861 33034 33151 32553 
33092 33096 33154 32562 
33239 33080 33089 32556 
33376 33094 33062 32573 
33457 33112 33027 32565 
33488 33233 33014 32370 
33401 33279 33006 32194 
33271 33297 32987 32022 
33083 33229 32924 31892 
32820 33029 32780 31836 
32575 32777 32634 31938 
32291 32408 32418 32146 
32065 32067 32232 32522 
31862 31722 32045 32965 
31734 31494 31907 33445 
31725 31443 31886 33906 
31803 31543 31949 34180 
31971 31833 32158 34317 
32223 32232 32450 34213 
32512 32695 32762 33861 
32853 33188 33119 33351 
33147 33603 33374 32708 
33481 33980 33619 32094 
33748 34178 33740 31497 
33913 34200 33718 31086 
33935 34042 33578 30889 
33839 33727 33349 30945 
33590 33278 33044 31234 
33236 32754 32689 31710 
32816 32233 32389 32349 
32343 31749 32095 32995 
31864 31342 31837 33562 
31494 31133 31717 34037 
31242 31062 31686 34296 
31173 31208 31767 34373 
31347 31562 31999 34255 
31654 32011 32276 33917 
32149 32568 32640 33479 
32678 33146 32998 32944 
33202 33677 33295 32336 
33736 34193 33604 31865 
34095 34477 33764 31471 
34254 34550 33792 31242 
34223 34402 33692 31187 
33988 34011 33468 31305 
33593 33414 33137 31565 
33103 32751 32769 31971 
32618 32080 32429 32432 
32166 31493 32132 32930 
31782 31086 31904 33384 
31521 30890 31763 33752 
31469 31012 31804 34017 
31597 31392 31959 34118 
31834 31935 32195 34034 
32136 32547 32498 33798 
32478 33150 32803 33440 
32764 33614 33021 32926 
33049 33946 33228 32458 
33269 34051 33325 32008 
33410 33945 33325 31684 
33388 33584 33156 31454 
33308 33134 32943 31438 
33197 32665 32720 31622 
33054 32263 32542 31981 
32928 31997 32450 32413 
32759 31859 32396 32826 
32640 31923 32475 33223 
32574 32161 32633 33517 
32552 32507 32844 33654 
32565 32868 33058 33614 
32562 33161 33189 33415 
32576 33358 33253 33108 
32555 33366 33192 32731 
32532 33229 33022 32364 
32487 32955 32742 32090 
32430 32605 32415 31941 
32453 32325 32145 31990 
32457 32096 31906 32136 
32519 32001 31807 32409 
32647 32086 31886 32746 
32751 32274 32064 33057 
32913 32571 32401 33324 
33032 32891 32787 33460 
33102 33154 33141 33438 
33175 33398 33492 33336 
33193 33503 33712 33115 
33123 33467 33758 32798 
32999 33310 33642 32468 
32850 33063 33420 32182 
32665 32768 33095 31960 
32475 32461 32724 31841 
32364 32253 32410 31870 
32268 32096 32123 31980 
32253 32038 31935 32192 
32299 32101 31873 32504 
32380 32197 31888 32834 
32503 32347 32010 33170 
32645 32521 32221 33494 
32764 32675 32446 33718 
32857 32791 32686 33822 
32910 32854 32916 33754 
32935 32935 33114 33568 
32961 33029 33293 33273 
32960 33133 33418 32900 
32943 33217 33468 32455 
32938 33297 33451 32028 
32917 33322 33360 31666 
32860 33255 33172 31424 
32818 33133 32954 31348 
32760 32927 32713 31441 
32723 32702 32498 31725 
32651 32447 32286 32101 
32608 32231 32155 32580 
32497 32012 32017 33040 
32437 31908 31989 33507 
32386 31892 32020 33866 
32411 32022 32185 34103 
32459 32214 32385 34150 
32536 32488 32627 34014 
32667 32793 32888 33682 
32786 33064 33106 33227 
32922 33302 33295 32732 
33057 33492 33430 32270 
33085 33494 33390 31813 
33026 33355 33227 31488 
32906 33129 33004 31389 
32732 32838 32736 31476 
32581 32580 32504 31764 
32476 32371 32367 32175 
32410 32249 32291 32618 
32403 32205 32283 33025 
32485 32268 32401 33368 
32653 32428 32610 33595 
32844 32619 32833 33648 
32998 32763 32997 33485 
33119 32898 33102 33205 
33177 32998 33146 32873 
33161 33049 33093 32528 
33062 33076 32982 32288 
32859 33014 32760 32106 
32646 32927 32571 32100 
32421 32806 32396 32250 
32198 32638 32240 32469 
32082 32489 32182 32763 
32075 32380 32220 33039 
32175 32331 32345 33251 
32397 32366 32552 33341 
32671 32454 32765 33276 
32977 32601 32997 33078 
33223 32759 33162 32757 
33398 32907 33266 32419 
33421 32984 33255 32099 
33301 32991 33125 31876 
33073 32945 32940 31859 
32754 32794 32672 32062 
32462 32669 32451 32582 
32235 32580 32309 33262 
32050 32454 32212 33823 
32010 32424 32253 34030 
32072 32430 32386 33647 
32305 32572 32653 32810 
32666 32757 32938 31675 
33110 32950 33134 30673 
33602 33158 33296 30290 
33586 33400 33350 30758 
32457 34129 33290 31979 
30125 35708 33112 33565 
27829 37575 32810 35028 
28311 37662 32528 36090 
34122 33127 32280 36479 
44485 23291 32103 36161 
55069 11034 31998 35225 
58923 2841 32044 33846 
50221 5762 32175 32038 
31450 22175 32434 30106 
10373 45505 32713 28291 
175 64798 32981 26916 
0 65535 33205 26383 
0 65535 33356 26917 
21188 65535 33412 28677 
42774 65535 33346 31477 
62770 42500 33152 34787 
65501 18215 32872 38065 
65529 778 32601 40740 
65478 65 32386 42316 
63257 95 32199 42131 
50212 108 32133 40237 
36029 5998 32192 36877 
18285 16267 32366 32573 
956 33369 32650 28059 
151 56012 32917 24015 
45 65176 33147 21374 
0 65495 33313 20557 
0 65535 33383 21823 
11450 65535 33279 24882 
31873 65535 33102 29491 
53190 52776 32864 34644 
65158 29583 32544 39442 
65535 4858 32301 43293 
65535 70 32101 45388 
65535 0 31985 45432 
65535 0 32004 43360 
59650 9038 32195 39674 
38444 28363 32441 34918 
17350 52877 32740 29899 
524 65157 33047 25384 
0 65512 33274 22175 
0 65535 33395 20775 
3321 65535 33455 21325 
22587 65535 33403 23626 
43092 55573 33261 27157 
63547 31872 33060 31452 
65469 7149 32835 35603 
65535 202 32591 39017 
65535 6 32383 41257 
65535 0 32211 42026 
57858 0 32110 41322 
36126 7334 32053 39344 
15030 25978 32099 36626 
447 48876 32198 33578 
27 64985 32380 30766 
0 65487 32606 28513 
0 65535 32860 27226 
10236 65535 33048 26903 
25857 65535 33304 27566 
41911 57063 33483 28868 
55107 33746 33577 30525 
62501 8624 33568 32222 
62350 221 33485 33636 
55252 31 33258 34587 
42958 3 32999 35023 
27610 4 32658 34958 
11645 8224 32358 34533 
518 23175 32080 33904 
67 40317 31903 33277 
30 56130 31843 32802 
3287 65209 31884 32547 
16555 65500 32085 32590 
31497 65533 32302 32806 
46372 65441 32572 33102 
58275 47271 32817 33419 
64896 27926 32991 33582 
65470 8889 33103 33551 
61070 258 33194 33309 
52380 61 33168 32815 
41416 41 33146 32220 
30104 156 33124 31636 
19984 13857 33137 31168 
13035 28230 33122 30885 
9928 43105 33137 30882 
10599 55947 33106 31121 
14739 64006 33049 31621 
21428 65467 32964 32292 
29266 59847 32778 32975 
36256 49092 32567 33631 
41131 35786 32337 34155 
43291 22758 32072 34430 
43067 12297 31901 34497 
41242 6492 31802 34315 
38668 5543 31818 33957 
35650 9122 31964 33469 
32231 16589 32222 32945 
28912 26663 32579 32483 
26743 37724 33020 32118 
26981 46969 33356 31822 
30169 52781 33687 31707 
35227 54207 33879 31753 
40133 51399 33871 31834 
41992 45808 33730 32001 
39722 39462 33447 32143 
34613 33473 33155 32346 
29095 28193 32750 32441 
25799 23692 32387 32561 
25746 20086 32063 32640 
27903 17729 31829 32746 
30346 17232 31670 32855 
31619 19221 31633 33021 
31542 24023 31779 33285 
30888 30725 32023 33553 
30452 38628 32348 33779 
30341 46280 32700 33894 
30382 52146 33091 33896 
30638 54019 33399 33705 
31976 50639 33664 33389 
35319 42016 33767 32899 
40686 29825 33741 32313 
46537 17075 33631 31733 
49682 8158 33332 31174 
47565 6318 32987 30847 
39773 12071 32629 30737 
28478 23571 32296 30927 
17520 37558 32051 31394 
11144 49851 31874 32057 
11361 57119 31880 32841 
16997 58074 31998 33653 
25482 52907 32151 34302 
34272 43380 32431 34809 
41183 32131 32674 34959 
45625 22189 32916 34841 
47728 15070 33069 34365 
47837 11525 33184 33663 
46045 11289 33216 32831 
42364 14008 33189 31975 
37024 19227 33093 31242 
30240 26923 32965 30769 
22781 36635 32793 30537 
15843 47509 32673 30698 
11231 57328 32552 31128 
10588 63429 32471 31791 
14671 63866 32430 32564 
23159 58065 32436 33322 
34695 46144 32459 33964 
46811 30242 32576 34403 
57011 13487 32704 34549 
63392 628 32815 34372 
64428 76 32913 33938 
59334 16 32999 33323 
48394 4541 33043 32622 
33159 18870 33051 31985 
16004 37761 32983 31447 
1158 56805 32907 31187 
56 65302 32776 31160 
0 65535 32641 31401 
6489 65535 32482 31842 
21799 65533 32387 32433 
38124 48655 32360 33057 
51321 29359 32363 33602 
58578 12732 32444 34015 
59392 1807 32543 34154 
55805 104 32693 34108 
50061 72 32761 33770 
43425 5283 32849 33322 
35544 15270 32857 32765 
26149 28456 32847 32228 
15917 42799 32805 31795 
6554 56411 32780 31537 
969 65133 32746 31492 
1682 65488 32745 31634 
9818 65532 32787 31960 
23402 63446 32863 32330 
39388 44503 32965 32756 
54133 25177 33035 33100 
64211 6889 33109 33391 
65476 185 33065 33487 
65446 24 32978 33456 
54163 22 32819 33300 
42014 12015 32621 33065 
29822 26688 32383 32798 
20060 41037 32173 32564 
13537 52315 32056 32407 
10342 58941 31995 32326 
10203 60805 32067 32359 
12773 58422 32246 32493 
17753 52503 32494 32638 
24672 43708 32809 32827 
32983 32158 33075 32918 
41675 18902 33325 32994 
49491 5606 33479 32968 
54560 190 33523 32866 
55393 43 33448 32684 
51417 16 33287 32495 
43197 11867 33036 32301 
32277 28456 32781 32168 
21468 46658 32495 32077 
13658 62336 32288 32130 
10280 65415 32122 32263 
11834 65508 32077 32544 
17367 65519 32046 32835 
25680 65512 32124 33179 
34782 51659 32233 33465 
43622 34363 32402 33693 
51020 17596 32610 33816 
55601 3796 32809 33748 
56064 139 32988 33517 
51684 61 33148 33128 
43294 59 33260 32635 
32662 9229 33330 32124 
22211 20873 33363 31668 
14036 34104 33302 31325 
9350 47225 33200 31163 
8381 58239 33044 31213 
10546 65131 32846 31483 
15410 65457 32636 31941 
22801 65502 32438 32519 
32670 58723 32275 33161 
43548 46141 32103 33697 
54005 28013 32025 34131 
61657 9063 32023 34327 
64245 270 32113 34341 
60907 44 32240 34062 
52375 10 32401 33608 
40239 7554 32613 33090 
26688 18679 32776 32512 
14197 35864 32935 31979 
4867 52545 33069 31609 
775 64327 33178 31450 
2318 65467 33240 31491 
9110 65507 33300 31716 
19801 64684 33322 32051 
31900 49603 33317 32422 
42813 35832 33233 32746 
50983 22433 33101 32982 
55491 10713 32968 33157 
56215 1362 32743 33160 
53978 138 32524 33112 
49797 90 32298 32975 
44379 63 32094 32822 
37983 6327 31936 32676 
30687 18915 31843 32595 
22791 36051 31869 32616 
15600 54218 31982 32725 
10457 65183 32178 32885 
8847 65487 32471 33071 
11607 65535 32806 33252 
18398 65535 33079 33267 
27717 65523 33358 33231 
37736 49402 33546 33042 
46523 30579 33617 32741 
52468 13628 33602 32393 
54337 1924 33461 32039 
52216 97 33237 31756 
46991 59 32932 31569 
40169 6096 32646 31568 
32855 16849 32425 31792 
26346 29418 32245 32080 
21253 41918 32134 32476 
18090 52186 32111 32948 
17141 58420 32135 33374 
18550 59668 32177 33724 
22004 55933 32224 33913 
26906 48364 32302 33971 
32454 38410 32386 33863 
37739 27502 32484 33647 
42199 16721 32593 33290 
45041 8455 32744 32892 
46028 4319 32943 32499 
44945 5494 33149 32104 
41754 12352 33361 31783 
36659 23714 33555 31564 
30226 37397 33681 31480 
24210 49420 33644 31478 
20354 57156 33515 31612 
19703 59763 33286 31889 
22256 57601 32944 32206 
26798 52234 32517 32567 
31702 45289 32157 33025 
35173 37706 31783 33399 
36876 29885 31562 33725 
37751 21513 31509 33956 
38947 12978 31649 34048 
40916 5698 31877 33941 
42822 2400 32221 33711 
42932 5094 32549 33332 
40061 13920 32901 32929 
34168 26685 33164 32476 
26968 40060 33354 32089 
20798 50622 33441 31762 
17878 56352 33431 31599 
18657 57528 33382 31624 
21677 56282 33270 31754 
25322 54375 33173 31986 
28741 51878 33056 32258 
32325 47195 32949 32562 
36714 38895 32854 32823 
42007 26927 32748 32992 
47011 13674 32646 33104 
49664 3058 32534 33156 
48528 105 32421 33133 
44054 57 32272 33043 
38317 8461 32115 32929 
33606 17751 32006 32855 
30753 26342 31967 32809 
28674 34143 31995 32767 
25486 42342 32113 32800 
20358 51659 32280 32802 
14677 61503 32575 32884 
11268 65366 32874 32894 
12788 65501 33178 32870 
19896 65532 33474 32808 
29935 58034 33651 32662 
39720 42969 33736 32509 
46513 26155 33641 32328 
49590 12092 33423 32172 
50132 2387 33099 32107 
49725 137 32682 32112 
49055 92 32291 32218 
47206 116 31988 32425 
42743 9017 31778 32652 
35202 19788 31780 32944 
25900 32572 31897 33153 
17815 45211 32190 33321 
13064 55723 32530 33342 
12503 62303 32893 33263 
15215 63834 33202 33056 
19645 60241 33401 32777 
24349 52437 33496 32523 
29117 41740 33412 32303 
34411 30037 33194 32176 
40315 19499 32874 32129 
46336 11898 32536 32229 
50647 8525 32259 32455 
51654 9106 32060 32720 
48547 12788 31975 32946 
42182 18528 32044 33133 
34300 25667 32262 33240 
27460 33560 32581 33249 
23347 41615 32886 33102 
22077 49136 33189 32884 
22699 54560 33389 32604 
24069 56324 33503 32368 
25472 53220 33450 32146 
27057 45773 33283 32059 
29420 35648 33038 32079 
32800 25481 32729 32200 
36707 17924 32432 32414 
39965 14516 32195 32694 
41028 15503 31995 32927 
39257 19805 31887 33138 
35072 25899 31888 33277 
30049 32335 31975 33323 
26221 38064 32223 33347 
25203 41678 32453 33205 
27492 42646 32770 33046 
32243 40559 33093 32860 
37733 35827 33357 32639 
42369 29477 33551 32410 
44491 24019 33669 32267 
43675 21171 33652 32138 
40112 22216 33508 32046 
34553 27313 33292 32055 
28070 35197 32993 32115 
22352 42999 32642 32203 
18383 48712 32341 32414 
17014 50676 32099 32646 
18538 48324 31863 32817 
23038 42440 31742 33024 
29562 34854 31745 33203 
36576 27682 31886 33364 
42645 22139 32105 33459 
46567 18653 32388 33448 
47714 17062 32719 33375 
45971 17000 33056 33206 
42054 18366 33323 32939 
37038 21410 33523 32654 
32020 26360 33617 32348 
27926 32947 33562 32082 
25108 40579 33371 31869 
23664 47645 33102 31822 
23273 52710 32772 31880 
23940 54247 32446 32055 
25970 51183 32184 32346 
29553 43619 32038 32679 
34149 33412 32031 33018 
38398 23243 32117 33265 
40774 16257 32318 33414 
40205 14609 32633 33500 
36626 18596 32886 33370 
31647 26256 33078 33127 
27299 34658 33213 32861 
25300 40894 33212 32529 
26556 43074 33147 32278 
30555 40448 32942 32054 
35632 34655 32734 32013 
40370 27803 32529 32097 
43627 22059 32349 32265 
44785 19059 32249 32513 
43380 19528 32224 32777 
39273 23415 32301 33027 
32769 30023 32484 33242 
24938 37958 32677 33332 
17804 45796 32894 33320 
13589 52005 33044 33141 
14081 55106 33175 32936 
19083 54472 33229 32679 
27078 49936 33189 32416 
35937 41725 33064 32202 
43395 30909 32866 32074 
48295 19502 32624 32073 
50294 9437 32398 32206 
49414 2945 32199 32422 
45696 1669 32082 32705 
39611 6038 32045 32965 
32017 15317 32141 33220 
24309 27912 32345 33391 
18245 41613 32618 33435 
15413 54504 32937 33341 
16659 63575 33209 33104 
21444 65443 33400 32781 
28427 65501 33526 32435 
35868 55872 33514 32089 
42105 42584 33339 31818 
45784 28948 33104 31728 
46531 17085 32760 31744 
44547 8917 32448 31974 
40117 4914 32178 32329 
34200 4945 31987 32742 
28046 8425 31882 33142 
22776 15259 31926 33488 
19430 25207 32072 33724 
18771 37330 32321 33818 
21180 49824 32602 33727 
26416 59374 32893 33497 
33587 63498 33133 33128 
41323 60857 33332 32727 
47649 52034 33443 32309 
50265 39481 33433 31950 
48088 27122 33332 31712 
41399 17747 33095 31590 
32334 12888 32830 31671 
23893 12055 32525 31882 
18897 13717 32252 32213 
19014 16067 32015 32562 
23213 18569 31945 32988 
29106 21684 31932 33307 
34395 26860 32133 33606 
37168 35072 32422 33757 
37142 45835 32756 33749 
35181 57491 33120 33599 
32544 65202 33411 33283 
30605 65501 33608 32900 
30273 65535 33646 32468 
31637 58240 33548 32077 
33988 40291 33275 31762 
36099 20102 32905 31583 
36992 3257 32520 31613 
36267 94 32133 31779 
34752 45 31875 32099 
33711 4403 31765 32509 
34080 12110 31797 32937 
35821 21415 31968 33333 
37898 30598 32284 33645 
38448 39428 32674 33811 
36029 47743 33048 33807 
30467 55561 33352 33615 
23004 61655 33529 33289 
16082 64087 33582 32898 
12332 61048 33510 32499 
13807 51709 33259 32073 
20525 37178 32950 31782 
30966 19873 32615 31626 
42522 3411 32306 31679 
52439 119 32062 31890 
57924 22 31939 32202 
57711 20 31932 32600 
52511 13113 32091 33048 
44195 28686 32311 33425 
34922 44614 32651 33732 
26561 57007 32992 33856 
20468 63049 33260 33726 
16260 63103 33493 33486 
13755 58556 33585 33079 
13185 51009 33512 32568 
15092 41657 33325 32056 
19637 31772 33043 31636 
25874 22425 32704 31417 
32651 14350 32355 31390 
38968 8532 32103 31596 
44353 5641 31905 31964 
49058 6064 31891 32521 
52825 9493 32005 33092 
55054 15418 32227 33616 
54323 23265 32496 34007 
49408 32650 32789 34177 
39775 43250 33093 34145 
27535 53322 33254 33817 
16169 61223 33391 33401 
8586 64946 33402 32868 
6696 63301 33257 32239 
10239 56606 33142 31764 
17167 46018 32921 31367 
24746 34674 32643 31172 
31114 25743 32413 31238 
36024 20236 32268 31549 
40029 17228 32156 32001 
43996 14659 32093 32517 
48216 10974 32170 33141 
51497 6576 32247 33619 
52512 4067 32447 34022 
49828 6655 32685 34215 
42895 16176 32922 34159 
32643 31691 33123 33879 
21771 49332 33320 33435 
13805 63578 33397 32860 
11175 65472 33406 32288 
14410 65527 33352 31794 
21927 65493 33186 31403 
30294 52166 32944 31225 
36885 39023 32668 31237 
40400 27974 32442 31541 
41135 19738 32212 31963 
40660 13767 32047 32476 
40456 9821 31995 33023 
40638 7930 32014 33468 
40157 9161 32134 33839 
37339 14721 32331 34029 
31503 24541 32531 33989 
