32344 33039 32323 34171 
32344 33039 32323 34171 
32846 33125 32581 34021 
33260 33082 32805 33632 
33619 33007 33048 33151 
33870 32905 33260 32611 
33956 32802 33452 32072 
33844 32708 33544 31581 
33594 32665 33552 31291 
33227 32629 33445 31153 
32777 32607 33237 31212 
32367 32604 32981 31485 
32031 32592 32687 31925 
31834 32586 32424 32479 
31764 32538 32192 33022 
31802 32453 32000 33506 
31985 32426 31922 33915 
32232 32440 31944 34133 
32498 32514 32046 34163 
32796 32664 32252 34019 
33008 32821 32462 33682 
33159 32997 32705 33238 
33241 33126 32934 32727 
33292 33245 33166 32238 
33242 33238 33291 31801 
33171 33157 33363 31530 
33018 32971 33296 31414 
32851 32722 33164 31502 
32694 32473 32986 31801 
32505 32216 32748 32169 
32396 32096 32579 32666 
32311 32063 32449 33141 
32276 32127 32380 33516 
32326 32301 32428 33754 
32460 32605 32569 33859 
32639 32903 32739 33723 
32786 33123 32842 33385 
32941 33297 32928 32931 
33091 33408 32984 32490 
33149 33369 32919 32037 
33164 33259 32829 31739 
33019 32999 32618 31549 
32869 32781 32464 31639 
32679 32566 32329 31914 
32487 32395 32276 32327 
32339 32294 32313 32817 
32226 32209 32380 33232 
32199 32206 32530 33604 
32312 32314 32780 33879 
32482 32403 32979 33882 
32693 32527 33143 33698 
32925 32663 33280 33391 
33132 32791 33305 32954 
33246 32879 33225 32440 
33298 32958 33083 31963 
33263 33051 32898 31631 
33090 33081 32658 31463 
32860 33065 32430 31499 
32604 33025 32257 31748 
32349 32932 32141 32168 
32144 32770 32104 32645 
32035 32598 32141 33168 
32057 32471 32291 33634 
32182 32386 32491 33961 
32379 32338 32714 34047 
32636 32392 32964 33933 
32894 32516 33173 33603 
33133 32701 33344 33152 
33278 32863 33401 32580 
33360 33046 33413 32035 
33367 33174 33317 31590 
33282 33213 33142 31317 
33122 33125 32905 31246 
32943 32971 32629 31435 
32742 32742 32379 31819 
32578 32520 32201 32366 
32430 32298 32081 32941 
32309 32139 32041 33451 
32268 32099 32121 33861 
32259 32161 32264 34057 
32321 32351 32474 34073 
32385 32589 32689 33884 
32435 32821 32838 33501 
32481 33014 32923 33044 
32527 33142 32941 32577 
32583 33180 32936 32163 
32632 33120 32882 31855 
32694 32974 32822 31698 
32811 32824 32827 31742 
32924 32674 32853 31857 
33050 32564 32910 32084 
33178 32534 33004 32343 
33297 32576 33110 32609 
33349 32651 33166 32795 
33347 32768 33169 32936 
33116 32868 32898 33002 
32912 32865 32664 32997 
32647 32788 32390 32979 
32374 32706 32137 33005 
32099 32568 31932 33020 
31861 32434 31812 33037 
31727 32354 31835 33094 
31701 32327 31962 33113 
31809 32339 32220 33079 
32039 32431 32566 32989 
32391 32583 32961 32870 
32760 32713 33265 32625 
33173 32885 33565 32391 
33548 33046 33738 32151 
33809 33179 33757 31957 
33910 33243 33635 31832 
33832 33222 33378 31798 
33646 33188 33091 31914 
33315 33065 32713 32115 
32915 32898 32347 32411 
32496 32723 32064 32763 
32090 32509 31848 33107 
31757 32292 31735 33401 
31539 32116 31760 33643 
31527 32031 31930 33807 
31658 32009 32178 33830 
31905 32053 32467 33703 
32274 32233 32802 33511 
32640 32415 33055 33160 
33078 32731 33329 32821 
33444 33025 33506 32409 
33713 33324 33577 32012 
33866 33580 33584 31689 
33817 33678 33446 31465 
33637 33662 33248 31389 
33359 33500 32995 31450 
32993 33212 32699 31657 
32662 32886 32461 32037 
32330 32496 32226 32455 
32079 32147 32072 32922 
31929 31896 31998 33370 
31864 31753 31996 33723 
31918 31772 32103 33983 
32013 31920 32265 34072 
32183 32150 32447 33985 
32352 32432 32623 33733 
32539 32748 32790 33409 
32709 32996 32897 32991 
32857 33152 32939 32560 
33008 33271 32994 32222 
33126 33272 33005 31937 
33192 33166 32996 31751 
33282 33093 33051 31752 
33289 32956 33082 31805 
33279 32850 33102 31924 
33210 32760 33107 32086 
33148 32749 33142 32293 
33030 32741 33090 32465 
32872 32728 32970 32601 
32717 32729 32827 32743 
32529 32681 32614 32855 
32305 32581 32352 32967 
32145 32497 32149 33145 
31969 32353 31970 33260 
31862 32246 31861 33382 
31868 32203 31906 33495 
31951 32224 32029 33549 
32150 32340 32270 33534 
32409 32500 32561 33415 
32716 32701 32879 33189 
33016 32872 33143 32858 
33311 33028 33359 32472 
33610 33232 33538 32124 
33770 33332 33570 31768 
33842 33420 33525 31555 
33739 33416 33372 31458 
33526 33344 33168 31524 
33226 33220 32952 31745 
32826 33010 32701 32063 
32418 32745 32481 32468 
32020 32446 32276 32897 
31714 32133 32101 33297 
31510 31817 31961 33593 
31452 31570 31876 33768 
31566 31478 31874 33845 
31833 31573 31984 33798 
32177 31807 32169 33639 
32595 32188 32437 33405 
33002 32660 32749 33117 
33393 33210 33101 32800 
33661 33705 33389 32412 
33868 34153 33675 32148 
33890 34363 33813 31890 
33825 34393 33852 31734 
33566 34127 33674 31599 
33242 33668 33412 31628 
32849 33073 33046 31750 
32473 32416 32665 31965 
32132 31787 32268 32240 
31882 31291 31935 32592 
31751 31003 31707 32958 
31744 30966 31637 33359 
31881 31183 31733 33745 
32107 31602 31958 34043 
32390 32177 32265 34212 
32694 32791 32605 34229 
32948 33367 32899 33992 
33092 33786 33073 33489 
33163 34030 33159 32820 
33195 34112 33195 32094 
33144 33968 33144 31336 
33012 33630 33036 30687 
32887 33231 32932 30331 
32721 32753 32844 30282 
32627 32327 32836 30674 
32590 32021 32886 31448 
32612 31807 32948 32481 
32696 31779 33031 33630 
32810 31902 33089 34753 
32906 32128 33063 35593 
32990 32422 32977 36048 
32961 32701 32776 35979 
32901 32948 32554 35423 
32721 33080 32249 34401 
32472 33115 31957 33039 
32259 33092 31768 31588 
32111 32990 31694 30305 
32073 32888 31809 29359 
32120 32774 32034 28873 
32299 32699 32392 28971 
32601 32705 32857 29643 
32878 32716 33274 30749 
33194 32787 33661 32122 
33440 32857 33925 33517 
33580 32906 34004 34764 
33612 32937 33909 35657 
33548 32954 33684 36091 
33337 32888 33326 35961 
33013 32771 32879 35335 
32674 32629 32470 34460 
32318 32439 32088 33426 
31972 32222 31790 32489 
31728 32048 31619 31838 
31610 31954 31570 31563 
31641 31975 31652 31675 
31863 32159 31879 32059 
32238 32509 32205 32501 
32653 32932 32551 32777 
33145 33406 32944 32734 
33583 33823 33313 32256 
33938 34129 33646 31487 
34062 34179 33854 30487 
34020 34024 33932 29564 
33746 33632 33849 28990 
33371 33102 33643 29025 
32871 32467 33324 29848 
32405 31876 32963 31445 
31990 31384 32580 33625 
31693 31094 32206 36061 
31576 31038 31920 38319 
31653 31261 31769 40029 
31896 31760 31770 40823 
32223 32366 31853 40379 
32623 33076 32084 38754 
32966 33718 32324 36021 
33309 34262 32665 32669 
33553 34567 32982 29095 
33634 34571 33233 25787 
33597 34299 33444 23383 
33441 33778 33540 22287 
33242 33159 33556 22692 
32972 32473 33467 24494 
32705 31846 33277 27462 
32428 31328 33001 31243 
32220 31067 32707 35175 
32074 31051 32432 38709 
32029 31275 32228 41394 
32070 31695 32113 42860 
32224 32277 32106 42947 
32444 32895 32217 41623 
32691 33458 32390 39163 
32947 33935 32637 35975 
33235 34265 32939 32537 
33383 34302 33143 29243 
33482 34155 33315 26586 
33467 33802 33371 24941 
33359 33321 33345 24448 
33161 32810 33211 25048 
32901 32292 32994 26581 
32656 31909 32770 28815 
32431 31660 32542 31372 
32269 31626 32372 33821 
32191 31744 32286 35832 
32167 31969 32253 37210 
32219 32245 32290 37875 
32387 32606 32451 37870 
32583 32936 32641 37217 
32808 33223 32822 36127 
33008 33425 32990 34792 
33149 33507 33088 33407 
33257 33531 33155 32183 
33316 33475 33190 31268 
33244 33314 33135 30693 
33108 33100 33035 30455 
32898 32832 32866 30506 
32629 32524 32664 30774 
32468 32341 32552 31289 
32290 32160 32417 31780 
32220 32083 32353 32236 
32264 32129 32389 32631 
32408 32261 32501 32940 
32612 32453 32661 33144 
32830 32660 32844 33243 
33049 32875 33026 33271 
33209 33055 33164 33238 
33317 33218 33252 33207 
33308 33297 33248 33149 
33241 33349 33188 33131 
33073 33303 33033 33119 
32904 33225 32858 33133 
32650 33046 32633 33101 
32472 32883 32474 33134 
32313 32650 32323 33098 
32270 32477 32287 33088 
32287 32304 32308 33002 
32376 32203 32387 32882 
32558 32207 32542 32763 
32772 32300 32752 32629 
32953 32440 32920 32425 
33084 32623 33078 32226 
33156 32843 33174 32084 
33135 33005 33194 31948 
33037 33119 33126 31887 
32887 33152 32995 31928 
32713 33113 32819 32094 
32568 33023 32645 32361 
32463 32897 32490 32715 
32414 32748 32383 33110 
32446 32628 32381 33496 
32532 32575 32465 33815 
32696 32626 32643 34016 
32836 32704 32829 34004 
32985 32823 33035 33818 
33124 32938 33206 33458 
33193 32986 33275 32975 
33213 32982 33276 32442 
33184 32908 33193 31969 
33066 32747 33028 31609 
32888 32538 32797 31435 
32698 32354 32576 31479 
32492 32230 32363 31728 
32316 32191 32206 32097 
32221 32310 32158 32585 
32213 32567 32218 33110 
32263 32886 32339 33556 
32401 33234 32533 33867 
32609 33555 32773 34023 
32853 33745 32991 33952 
33046 33732 33141 33658 
33241 33577 33254 33276 
33375 33261 33304 32808 
33421 32842 33270 32335 
33374 32395 33190 31926 
33215 31993 33050 31654 
32954 31666 32847 31564 
32642 31517 32647 31673 
32336 31552 32484 31965 
32074 31739 32320 32364 
31920 32072 32226 32828 
31938 32502 32222 33312 
32093 32972 32289 33710 
32361 33433 32421 33943 
32727 33821 32635 33993 
33089 34073 32879 33833 
33389 34108 33071 33453 
33596 34020 33264 33005 
33615 33709 33345 32451 
33545 33389 33398 32020 
33324 32925 33332 31631 
33014 32448 33183 31439 
32698 32036 32971 31489 
32396 31689 32726 31705 
32166 31472 32465 32075 
32065 31396 32275 32526 
32115 31524 32192 33050 
32217 31735 32134 33458 
32412 32106 32194 33761 
32640 32544 32326 33901 
32876 33070 32534 33883 
33036 33568 32743 33675 
33113 33982 32930 33355 
33125 34231 33092 32978 
33060 34290 33196 32590 
32963 34146 33248 32264 
32849 33800 33228 32005 
32748 33305 33151 31868 
32635 32665 32974 31821 
32615 32075 32809 31974 
32615 31548 32630 32197 
32621 31179 32467 32482 
32651 31019 32369 32822 
32690 31123 32340 33139 
32700 31438 32368 33376 
32726 31967 32478 33529 
32742 32604 32646 33552 
32772 33307 32822 33454 
32777 33927 32993 33184 
32790 34338 33091 32820 
32866 34567 33189 32471 
32927 34500 33211 32126 
32963 34145 33141 31840 
32973 33562 32999 31699 
32949 32870 32801 31763 
32880 32184 32611 31976 
32811 31641 32461 32352 
32688 31319 32348 32812 
32557 31243 32293 33275 
32441 31440 32316 33675 
32369 31842 32421 33943 
32374 32334 32571 34016 
32418 32817 32721 33880 
32468 33182 32816 33533 
32550 33389 32867 33073 
32657 33435 32887 32578 
32778 33351 32884 32133 
32848 33121 32831 31777 
32891 32850 32768 31566 
32916 32611 32739 31576 
32954 32497 32780 31776 
32971 32492 32845 32043 
32998 32621 32954 32413 
33020 32808 33047 32765 
33051 33061 33125 33073 
33061 33258 33148 33278 
33050 33343 33099 33349 
33026 33340 33009 33349 
32896 33116 32785 33206 
32737 32802 32552 33044 
32549 32404 32312 32890 
32348 32017 32121 32783 
32123 31699 31980 32684 
31947 31548 31924 32651 
31904 31634 32027 32701 
31963 31927 32231 32762 
32127 32351 32523 32818 
32435 32876 32867 32858 
32735 33333 33150 32784 
33122 33775 33438 32705 
33468 34046 33630 32585 
33727 34108 33699 32427 
33844 33943 33629 32289 
33819 33629 33451 32197 
33595 33162 33151 32133 
33280 32649 32830 32163 
32893 32138 32519 32298 
32475 31715 32247 32535 
32058 31395 31982 32758 
31770 31294 31850 33041 
31630 31401 31826 33338 
31636 31681 31879 33557 
31839 32166 32075 33742 
32117 32677 32323 33759 
32498 33231 32636 33661 
32840 33682 32936 33374 
33157 34014 33232 33013 
33378 34123 33449 32559 
33527 34083 33620 32145 
33521 33793 33659 31738 
33403 33368 33554 31434 
33224 32882 33373 31320 
33009 32349 33100 31379 
32831 31935 32830 31654 
32657 31626 32550 32055 
32541 31505 32310 32553 
32478 31571 32137 33071 
32406 31761 31996 33531 
32401 32113 31975 33902 
32422 32530 32050 34098 
32469 32987 32199 34142 
32490 33365 32387 33955 
32530 33645 32615 33609 
32575 33774 32859 33185 
32580 33670 33018 32649 
32618 33461 33158 32180 
32649 33135 33232 31782 
32662 32764 33197 31500 
32702 32406 33086 31439 
32731 32125 32924 31556 
32777 31973 32749 31840 
32828 31941 32584 32244 
32912 32064 32510 32729 
33001 32264 32503 33184 
33085 32518 32571 33542 
33141 32765 32708 33764 
33130 32938 32838 33760 
33087 33059 32956 33559 
33002 33157 33057 33217 
32865 33184 33076 32791 
32698 33163 33023 32360 
32511 33095 32877 32001 
32346 32990 32683 31785 
32191 32853 32446 31737 
32094 32692 32234 31874 
32105 32563 32099 32194 
32202 32436 32046 32600 
32362 32336 32092 33030 
32549 32263 32237 33383 
32783 32250 32485 33654 
32982 32291 32773 33734 
33152 32432 33101 33675 
33225 32610 33344 33405 
33225 32812 33510 33025 
33157 33020 33541 32585 
33077 33245 33490 32196 
32957 33378 33323 31858 
32843 33453 33080 31653 
32733 33378 32788 31630 
32644 33184 32505 31775 
32564 32900 32274 32033 
32502 32536 32078 32386 
32466 32198 31982 32805 
32376 31835 31900 33141 
32346 31653 31933 33483 
32324 31659 32053 33717 
32334 31839 32246 33813 
32388 32159 32510 33761 
32448 32558 32782 33572 
32556 33019 33081 33274 
32670 33411 33303 32811 
32860 33772 33540 32408 
33077 33956 33676 32020 
33284 33928 33713 31697 
33407 33674 33578 31487 
33487 33307 33369 31447 
33440 32830 33052 31561 
33304 32355 32693 31852 
33080 31964 32357 32257 
32766 31693 32031 32705 
32427 31621 31808 33171 
32114 31736 31699 33577 
31877 31979 31711 33822 
31807 32343 31911 33943 
31844 32710 32163 33880 
31974 33000 32451 33627 
32173 33181 32735 33272 
32428 33228 32976 32882 
32658 33137 33122 32485 
32877 32994 33225 32186 
33016 32803 33219 31972 
33109 32641 33163 31901 
33188 32568 33105 31976 
33179 32539 33003 32094 
33185 32646 32948 32298 
33159 32773 32913 32465 
33139 32913 32904 32577 
33106 33048 32920 32659 
33083 33139 32941 32681 
33013 33110 32892 32643 
32905 32989 32794 32608 
32759 32804 32653 32600 
32567 32562 32481 32671 
32345 32293 32273 32797 
32092 32042 32072 32955 
31852 31858 31896 33142 
31731 31829 31859 33327 
31725 31931 31915 33466 
31842 32163 32086 33493 
32095 32515 32367 33413 
32498 32960 32769 33243 
32843 33266 33051 32869 
33267 33603 33388 32508 
33619 33785 33624 32122 
33866 33821 33775 31804 
33956 33698 33784 31595 
33834 33406 33606 31516 
33610 33060 33391 31628 
33275 32643 33065 31868 
32856 32201 32692 32190 
32421 31825 32322 32604 
32036 31586 32009 33037 
31700 31452 31733 33410 
31499 31477 31582 33680 
31468 31712 31587 33861 
31588 32087 31730 33881 
31832 32518 31984 33728 
32163 32986 32301 33478 
32565 33463 32707 33147 
32943 33818 33070 32733 
33307 34021 33407 32327 
33580 34020 33659 31943 
33745 33812 33792 31657 
33812 33467 33810 31527 
33742 33005 33675 31520 
33529 32459 33406 31626 
33308 32012 33111 31915 
33010 31656 32765 32264 
32660 31481 32380 32637 
32336 31512 32077 33005 
32052 31752 31851 33368 
31832 32112 31727 33608 
31706 32560 31743 33741 
31731 33009 31906 33763 
31808 33358 32094 33603 
32024 33613 32367 33410 
32272 33654 32650 33103 
32531 33494 32866 32762 
32770 33154 33016 32408 
33001 32776 33115 32159 
33175 32398 33160 32014 
33277 32116 33152 31980 
33304 31917 33098 31980 
33314 31930 33071 32099 
33299 32122 33047 32258 
33263 32423 33041 32430 
33215 32780 33035 32581 
33112 33119 33016 32663 
32983 33371 32964 32692 
32796 33496 32871 32699 
32600 33461 32730 32693 
32370 33295 32549 32704 
32142 33003 32329 32739 
31938 32625 32098 32814 
31806 32252 31921 32938 
31765 31956 31814 33093 
31852 31784 31839 33278 
32048 31759 31986 33406 
32339 31886 32243 33457 
32693 32149 32578 33405 
33060 32522 32967 33236 
33375 32906 33305 32941 
33636 33294 33601 32593 
33778 33629 33773 32224 
33746 33814 33779 31855 
33596 33825 33657 31597 
33307 33644 33389 31439 
32950 33344 33041 31461 
32580 32943 32677 31647 
32254 32500 32334 31989 
32018 32072 32064 32453 
31853 31701 31865 32907 
31789 31446 31742 33337 
31843 31378 31767 33716 
32019 31511 31903 33994 
32241 31787 32117 34097 
32461 32170 32360 33994 
32691 32665 32642 33762 
32907 33186 32935 33430 
33035 33631 33152 32953 
33144 33995 33338 32454 
33246 34209 33504 32003 
33268 34163 33547 31599 
33263 33916 33511 31353 
33220 33452 33368 31244 
33137 32897 33166 31308 
33047 32310 32920 31563 
32901 31733 32619 31921 
32756 31401 32367 32396 
32603 31272 32158 32890 
32414 31359 32000 33333 
32260 31666 31937 33716 
32094 32074 31930 33947 
32025 32575 32066 34030 
31989 33004 32229 33940 
32045 33349 32429 33674 
32205 33609 32689 33362 
32409 33675 32905 32945 
32661 33583 33083 32499 
32965 33425 33263 32108 
33198 33159 33326 31773 
33382 32894 33343 31587 
33423 32574 33232 31497 
33381 32349 33084 31612 
33207 32156 32846 31827 
32973 32084 32608 32156 
32724 32108 32417 32569 
32490 32189 32260 32958 
32280 32290 32165 33324 
32192 32480 32198 33614 
32183 32650 32307 33771 
32273 32805 32492 33749 
32407 32906 32682 33568 
32618 32997 32922 33275 
32800 33008 33062 32861 
32967 32990 33154 32452 
33105 32954 33178 32081 
33156 32883 33103 31808 
33106 32798 32957 31668 
32966 32716 32745 31712 
32791 32680 32548 31935 
32625 32687 32415 32275 
32444 32693 32306 32653 
32283 32697 32245 32999 
32210 32696 32269 33278 
32252 32738 32394 33493 
32374 32759 32568 33575 
32546 32739 32757 33504 
32716 32678 32909 33280 
32921 32644 33061 33014 
33060 32574 33128 32685 
33191 32535 33162 32397 
33236 32509 33133 32154 
33140 32429 32953 31943 
33024 32437 32779 31891 
32864 32478 32588 31978 
32660 32558 32420 32174 
32468 32653 32294 32460 
32293 32766 32220 32780 
32139 32841 32200 33066 
32077 32932 32278 33331 
32145 33034 32464 33544 
32305 33106 32704 33612 
32534 33145 32950 33547 
32783 33112 33163 33299 
33053 33043 33330 32963 
33300 32937 33407 32547 
33457 32814 33391 32136 
33491 32633 33242 31751 
33427 32507 33032 31520 
33211 32367 32725 31438 
32970 32327 32468 31611 
32649 32299 32216 31935 
32345 32309 32041 32375 
32129 32391 32004 32901 
31972 32439 32044 33420 
31946 32513 32192 33838 
31994 32566 32375 34074 
32148 32636 32603 34112 
32324 32679 32767 33925 
32554 32784 32930 33614 
32723 32855 32972 33156 
32905 32947 33009 32669 
33039 33039 32997 32198 
33116 33126 32985 31822 
33132 33136 32961 31563 
33140 33117 32970 31485 
33139 33051 32995 31546 
33135 32939 33024 31740 
33123 32802 33039 32002 
33117 32691 33055 32346 
33052 32577 32998 32669 
32915 32462 32859 32954 
32698 32353 32656 33179 
32472 32309 32449 33367 
32214 32278 32218 33491 
31968 32274 32007 33509 
31829 32287 31885 33471 
31812 32355 31878 33378 
31901 32416 31958 33218 
32136 32533 32182 33049 
32497 32686 32519 32869 
32870 32834 32874 32660 
33189 32970 33211 32410 
33504 33191 33525 32271 
33671 33368 33724 32156 
33697 33505 33763 32053 
33590 33594 33685 32032 
33379 33589 33492 32060 
33090 33443 33179 32112 
32745 33169 32815 32192 
32425 32787 32457 32330 
32168 32348 32147 32501 
31980 31865 31893 32699 
31894 31433 31733 32904 
31880 31146 31675 33118 
31991 31085 31773 33348 
32176 31249 31962 33551 
32390 31641 32240 33681 
32603 32229 32556 33715 
32858 32935 32932 33659 
33018 33580 33218 33396 
33194 34178 33485 33065 
33338 34607 33693 32683 
33438 34779 33779 32230 
