33130 33183 32717 33863 
33130 33183 32717 33863 
33276 33395 33055 33625 
33293 33447 33297 33188 
33261 33412 33469 32691 
33172 33296 33550 32188 
33042 33098 33495 31752 
32843 32848 33316 31446 
32622 32577 33016 31321 
32444 32376 32710 31457 
32277 32241 32381 31786 
32181 32191 32123 32266 
32115 32201 31939 32794 
32106 32242 31853 33313 
32207 32338 31923 33757 
32397 32486 32121 34075 
32625 32617 32401 34161 
32881 32746 32709 34004 
33119 32866 33014 33674 
33271 32917 33235 33159 
33353 32985 33376 32631 
33328 33024 33392 32108 
33192 33019 33286 31687 
32973 33003 33103 31468 
32683 32924 32822 31413 
32426 32854 32574 31596 
32238 32774 32384 31954 
32130 32681 32284 32390 
32159 32618 32320 32871 
32243 32522 32415 33274 
32456 32517 32634 33591 
32710 32503 32859 33702 
32923 32504 33033 33609 
33133 32565 33165 33374 
33252 32668 33185 33031 
33265 32771 33089 32651 
33177 32868 32899 32290 
33002 32941 32648 32029 
32799 33004 32431 31950 
32536 32966 32209 31998 
32321 32882 32095 32187 
32217 32776 32126 32506 
32194 32643 32236 32832 
32304 32541 32456 33167 
32490 32451 32722 33404 
32686 32392 32951 33487 
32911 32404 33166 33434 
33108 32483 33311 33243 
33203 32587 33352 32937 
33214 32726 33303 32563 
33170 32909 33211 32254 
32978 32985 32971 31909 
32775 33070 32752 31765 
32571 33093 32524 31768 
32370 33034 32323 31950 
32226 32894 32172 32281 
32179 32724 32108 32719 
32189 32551 32111 33165 
32286 32396 32206 33583 
32451 32311 32372 33888 
32650 32303 32594 33957 
32877 32428 32860 33882 
33035 32566 33078 33536 
33178 32790 33285 33109 
33254 32967 33411 32559 
33285 33135 33488 32022 
33193 33163 33400 31515 
33098 33140 33270 31229 
32923 32977 33006 31114 
32768 32846 32742 31284 
32624 32675 32469 31682 
32359 32442 32052 32896 
32270 32375 31962 33500 
32242 32385 31976 34011 
32277 32458 32114 34340 
32380 32586 32351 34438 
32544 32737 32649 34307 
32728 32871 32925 33919 
32869 32939 33125 33313 
33022 33018 33308 32686 
33124 33045 33393 32045 
33117 32969 33328 31499 
33023 32831 33171 31166 
32875 32622 32933 31060 
32669 32404 32658 31195 
32504 32248 32432 31605 
32345 32121 32233 32103 
32286 32124 32158 32682 
32360 32286 32246 33267 
32486 32522 32412 33724 
32705 32843 32664 34009 
32944 33193 32960 34065 
33150 33469 33176 33868 
33304 33673 33343 33508 
33352 33745 33398 33057 
33271 33641 33301 32523 
33130 33441 33138 32078 
32854 33065 32827 31726 
32561 32654 32522 31614 
32296 32244 32259 31724 
32049 31809 31994 31962 
31920 31491 31870 32344 
31933 31384 31906 32818 
32029 31395 32010 33201 
32267 31640 32268 33536 
32598 32057 32606 33720 
32955 32549 32950 33698 
33252 33060 33237 33456 
33464 33534 33448 33085 
33591 33945 33606 32662 
33594 34201 33640 32249 
33452 34214 33535 31881 
33205 34060 33339 31690 
32920 33745 33094 31690 
32585 33279 32771 31845 
32309 32750 32472 32165 
32096 32191 32197 32593 
32006 31713 32010 33051 
31962 31317 31835 33420 
32033 31116 31821 33715 
32172 31108 31876 33844 
32388 31373 32082 33813 
32598 31813 32351 33595 
32791 32369 32671 33248 
32946 32975 32988 32807 
33063 33574 33274 32344 
33168 34077 33528 31954 
33235 34351 33680 31660 
33281 34382 33708 31573 
33276 34153 33604 31616 
33255 33737 33390 31829 
33196 33192 33101 32122 
33088 32607 32756 32491 
32978 32115 32469 32927 
32784 31706 32201 33279 
32522 31459 31959 33531 
32304 31454 31867 33706 
32081 31619 31873 33717 
31949 31927 31993 33622 
31911 32305 32201 33410 
31955 32690 32455 33110 
32123 33052 32743 32785 
32335 33280 32975 32421 
32604 33408 33167 32145 
32873 33392 33281 31970 
33079 33251 33278 31886 
33236 33068 33205 31947 
33311 32851 33054 32106 
33329 32680 32884 32371 
33271 32583 32727 32662 
33201 32586 32643 32955 
33070 32625 32586 33170 
32954 32700 32605 33283 
32853 32818 32706 33285 
32741 32879 32800 33155 
32669 32895 32900 32948 
32600 32860 32957 32694 
32546 32775 32962 32452 
32464 32635 32877 32250 
32395 32493 32735 32179 
32315 32361 32539 32194 
32240 32266 32332 32320 
32233 32265 32215 32571 
32262 32324 32143 32859 
32331 32439 32160 33127 
32486 32631 32288 33365 
32708 32848 32522 33495 
32947 33066 32783 33508 
33198 33269 33070 33394 
33401 33395 33297 33125 
33543 33468 33479 32811 
33568 33427 33549 32455 
33478 33298 33500 32126 
33259 33029 33317 31838 
32977 32726 33056 31686 
32625 32367 32692 31676 
32349 32104 32394 31885 
32092 31868 32093 32157 
31910 31745 31875 32550 
31864 31781 31815 33012 
31918 31931 31863 33422 
32077 32226 32086 33767 
32319 32598 32398 33965 
32630 33062 32829 34015 
32871 33431 33174 33763 
33115 33755 33497 33430 
33292 33925 33689 32968 
33415 33915 33757 32462 
33441 33711 33661 31976 
33352 33336 33395 31545 
33215 32867 33048 31301 
33034 32353 32633 31272 
32864 31930 32286 31477 
32674 31609 31981 31835 
32502 31460 31783 32298 
32401 31562 31775 32876 
32347 31816 31881 33403 
32315 32182 32109 33838 
32335 32643 32423 34105 
32375 33102 32767 34164 
32401 33461 33031 33970 
32496 33743 33281 33644 
32603 33878 33433 33194 
32723 33830 33492 32672 
32853 33637 33456 32175 
32936 33293 33310 31754 
32999 32879 33112 31501 
32986 32381 32823 31403 
32953 31944 32561 31542 
32887 31630 32326 31866 
32813 31490 32172 32303 
32744 31530 32104 32798 
32650 31734 32081 33233 
32608 32136 32207 33630 
32620 32642 32416 33893 
32651 33163 32670 33921 
32717 33661 32927 33769 
32762 33958 33135 33386 
32866 34117 33323 32943 
32961 34050 33402 32455 
33026 33791 33388 32013 
33047 33340 33264 31666 
32971 32782 33005 31471 
32893 32264 32767 31570 
32731 31793 32502 31806 
32556 31475 32307 32199 
32340 31349 32145 32717 
32183 31464 32111 33313 
32125 31781 32186 33929 
32177 32254 32369 34407 
32287 32729 32558 34511 
32488 33204 32758 34097 
32665 33500 32883 33051 
32877 33646 32955 31693 
33174 33656 32976 30435 
33497 33489 32894 29674 
33670 33256 32820 29866 
33046 33264 32739 30987 
31102 34181 32701 32816 
28271 36171 32725 34759 
26625 37911 32769 36312 
29361 36505 32868 37100 
38342 29286 32973 36999 
50763 17064 33123 36095 
60480 4725 33179 34497 
59616 160 33171 32476 
44958 9813 33044 30182 
23837 31478 32849 28028 
2683 56249 32568 26380 
0 65352 32286 25598 
0 65535 32038 25962 
9070 65535 31850 27633 
30433 65535 31821 30508 
51536 55586 31953 34093 
65206 31874 32192 37799 
65535 8157 32526 41036 
65508 157 32937 43150 
65455 68 33259 43521 
55919 108 33551 42065 
43350 2171 33733 38901 
27161 9321 33719 34395 
7404 23185 33607 29281 
294 43862 33374 24545 
87 64405 33066 20987 
4 65368 32710 19236 
0 65535 32378 19719 
0 65535 32092 22412 
21407 65535 31859 27005 
42600 65212 31768 32513 
63394 41274 31814 38133 
65427 16646 31906 42861 
65535 539 32151 46058 
65535 0 32474 47141 
65535 0 32815 45902 
65535 0 33130 42580 
51179 9874 33408 37742 
31353 33006 33651 32223 
9826 58390 33732 26737 
151 65254 33684 22408 
0 65535 33549 19849 
0 65535 33320 19333 
11601 65535 32952 20814 
32092 65535 32618 24264 
53007 51095 32301 28720 
65201 27792 32055 33548 
65535 3029 31881 37950 
65535 119 31845 41380 
65535 0 31890 43211 
65535 0 32062 43361 
48118 0 32325 41916 
27924 9388 32634 39276 
6735 31100 32870 35811 
139 55854 33069 32163 
0 65248 33218 29058 
0 65519 33229 26795 
16 65535 33204 25695 
16060 65535 33104 25762 
33214 65535 32994 26910 
49213 52363 32918 28787 
60532 29204 32865 30973 
64392 4448 32815 33053 
60499 150 32815 34716 
49771 14 32869 35788 
34395 0 32897 36109 
17521 0 32893 35784 
1974 10707 32842 34999 
111 27809 32733 33985 
35 46781 32595 32985 
20 63909 32396 32192 
9164 65449 32223 31764 
23468 65533 32139 31765 
39330 65535 32095 32090 
53702 65535 32146 32616 
63919 48772 32291 33200 
65456 26249 32539 33686 
65493 5217 32821 33911 
59008 167 33087 33774 
49045 46 33308 33324 
36641 30 33483 32677 
24528 86 33550 31914 
14944 13816 33526 31211 
8939 28720 33381 30674 
7086 44435 33204 30489 
9342 57543 32980 30643 
15159 64936 32688 31129 
23128 65491 32460 31933 
31505 57343 32250 32882 
38436 44897 32017 33782 
42821 30182 31896 34588 
44326 16505 31869 35136 
43571 6560 31915 35334 
41581 1486 32062 35201 
38919 1709 32301 34707 
35716 7200 32602 33944 
32010 17407 32952 33027 
28625 30109 33260 32080 
26906 43098 33580 31294 
28004 53742 33786 30720 
31934 59848 33838 30388 
37292 60665 33771 30389 
41231 56805 33545 30677 
41390 50110 33224 31234 
37473 42168 32807 31921 
31386 34182 32388 32646 
26162 26668 32064 33405 
24070 19604 31752 33945 
25488 13926 31632 34314 
28628 10295 31643 34450 
31299 9767 31830 34358 
32333 12845 32100 34082 
32011 19661 32460 33662 
31407 29105 32836 33209 
31144 39908 33158 32692 
31172 50227 33458 32304 
31076 57666 33638 31974 
31107 59819 33642 31743 
32486 55223 33532 31669 
36253 44382 33291 31720 
42164 29801 32989 31914 
47992 15558 32640 32136 
50402 6205 32333 32458 
46654 5241 32111 32766 
36897 12471 31964 32988 
24163 25349 31953 33179 
13250 39771 32118 33333 
8263 51872 32394 33378 
10734 58139 32713 33316 
18736 57706 33060 33187 
28869 51181 33291 32935 
38154 40803 33468 32709 
44898 28977 33512 32464 
48552 18808 33407 32236 
49701 11902 33189 32114 
48777 8794 32891 32089 
45863 9327 32537 32168 
40963 13152 32257 32389 
34317 19799 32034 32628 
26443 29066 31922 32893 
18397 40448 31945 33127 
11748 52370 32126 33334 
8179 62766 32384 33405 
9328 65415 32692 33407 
15537 65508 32970 33278 
25890 65435 33133 33010 
38839 49147 33240 32732 
51949 30153 33236 32464 
62060 10923 33135 32247 
65404 338 32966 32115 
65502 50 32761 32063 
64621 1 32663 32169 
48289 5907 32599 32348 
30419 20508 32608 32532 
11665 40151 32675 32719 
353 59088 32811 32892 
12 65385 32862 32914 
0 65535 32956 32938 
9004 65535 33009 32898 
25208 64834 32911 32774 
41558 42219 32795 32698 
53476 22220 32597 32619 
58468 5880 32408 32632 
56894 177 32208 32656 
51574 67 32113 32773 
44916 66 32097 32916 
38035 7548 32187 33064 
30485 18773 32364 33153 
21474 33252 32618 33188 
11688 48835 32886 33104 
3526 62617 33166 32968 
191 65412 33357 32755 
3970 65518 33494 32493 
14644 65535 33506 32229 
30812 65100 33396 31996 
47889 43416 33212 31874 
62337 22104 32980 31853 
65444 2895 32691 31936 
65522 97 32444 32165 
65514 10 32200 32448 
56729 34 32002 32783 
42964 13841 31894 33143 
29534 28737 31868 33455 
18712 42992 31935 33675 
11417 53740 32120 33817 
7855 59294 32377 33795 
7660 59872 32728 33671 
10276 56302 33014 33370 
15518 49455 33303 32995 
22913 39713 33556 32589 
31955 27136 33726 32169 
40990 13368 33739 31775 
48775 964 33658 31511 
53572 101 33408 31361 
54086 27 33088 31376 
49780 51 32705 31554 
41279 16002 32350 31914 
30740 33962 32029 32358 
20763 52851 31810 32830 
13957 65092 31697 33318 
11869 65480 31712 33704 
14818 65520 31890 33986 
21568 65528 32166 34079 
30299 65516 32484 34017 
39468 50295 32796 33768 
47789 31805 33060 33418 
54122 13815 33241 32995 
56965 702 33295 32544 
55397 90 33305 32227 
49049 55 33204 31915 
39002 67 33059 31751 
27205 10757 32924 31730 
16205 23460 32816 31808 
8606 37310 32783 31974 
5242 50571 32799 32191 
5822 61590 32839 32396 
9634 65367 32862 32567 
16317 65483 32885 32700 
25324 65517 32820 32770 
36431 64148 32692 32801 
48448 45112 32561 32877 
59422 24774 32353 32924 
65311 3757 32164 33037 
65490 144 32040 33193 
65511 22 31972 33331 
55512 0 32057 33494 
41354 6177 32186 33552 
25850 21511 32464 33590 
11866 40089 32805 33484 
1992 56831 33111 33227 
98 65292 33361 32841 
49 65506 33564 32395 
6547 65519 33703 31958 
17867 63164 33635 31517 
30389 46974 33480 31222 
41898 31681 33210 31092 
50498 17373 32911 31180 
55122 5213 32581 31497 
55926 227 32286 32005 
53589 112 32009 32600 
49376 84 31799 33207 
44020 51 31694 33805 
37686 8208 31738 34288 
30489 22269 31873 34555 
22761 40667 32148 34610 
15727 60054 32487 34393 
11076 65349 32845 33928 
10170 65514 33225 33312 
13588 65535 33520 32578 
20896 65535 33776 31891 
30734 65459 33871 31270 
40900 44565 33800 30877 
49060 24675 33588 30732 
53816 8062 33225 30825 
54303 257 32813 31187 
50667 56 32361 31742 
44041 52 31992 32423 
36200 9121 31728 33091 
28497 20969 31601 33685 
22081 34328 31684 34160 
17633 46885 31902 34414 
15600 56803 32249 34450 
16145 61866 32588 34237 
19153 61570 32958 33853 
24098 56229 33223 33296 
30176 47054 33411 32728 
36547 35379 33486 32168 
42229 22583 33418 31653 
46193 11259 33274 31349 
48183 2636 33017 31199 
48007 120 32746 31281 
45529 43 32467 31522 
40762 9157 32282 31974 
34248 22727 32129 32456 
26966 38058 32108 32989 
20446 51531 32156 33446 
16456 60692 32328 33826 
16472 63880 32588 34029 
20205 61894 32859 34015 
26133 56623 33081 33769 
32185 49696 33246 33379 
36661 41879 33363 32933 
39106 32849 33358 32415 
40296 22702 33249 31967 
41489 11912 33036 31601 
43251 2525 32747 31429 
44762 107 32457 31460 
44306 28 32185 31674 
40583 9283 32024 32067 
33720 23195 31966 32514 
25564 37942 32023 32977 
18803 49794 32197 33426 
15787 56512 32456 33761 
16786 58619 32777 33935 
20268 58316 33063 33904 
24398 57144 33250 33674 
28458 55004 33405 33338 
32665 49899 33432 32867 
37755 40280 33334 32370 
43739 26439 33164 31939 
48970 11354 32927 31616 
51204 566 32654 31457 
49045 50 32374 31486 
43517 48 32160 31719 
37093 9091 31986 32099 
32362 18875 31952 32610 
29994 27756 32031 33137 
28402 35801 32200 33598 
25347 44242 32432 33911 
19963 54038 32757 34028 
13865 63877 33042 33897 
10439 65428 33296 33558 
12666 65523 33499 33086 
20738 65535 33540 32483 
31642 55773 33510 31972 
41604 38065 33296 31495 
47965 20474 33044 31270 
50259 6686 32737 31261 
50203 253 32452 31524 
49624 94 32173 31967 
49118 87 32015 32529 
47352 4424 31953 33120 
42613 13003 31972 33607 
34653 24727 32163 34039 
24562 38443 32391 34215 
16001 51055 32670 34157 
11463 60317 32881 33829 
11473 64768 33086 33348 
14753 63754 33188 32776 
19601 57413 33200 32167 
24421 47046 33128 31663 
29252 34713 32996 31361 
34839 22352 32791 31255 
41417 12366 32634 31428 
48016 6465 32483 31793 
52840 5350 32410 32296 
53727 8693 32427 32881 
49892 14876 32499 33386 
42569 22651 32656 33787 
33972 31030 32819 33937 
26636 39594 32971 33852 
22179 47912 33086 33579 
20717 55092 33137 33144 
21242 59280 33062 32574 
22540 58750 32990 32132 
23951 52915 32809 31732 
25786 42710 32585 31514 
28752 30519 32405 31559 
32995 19368 32250 31802 
37764 12006 32129 32175 
41472 10100 32124 32652 
42591 13128 32174 33129 
40463 19585 32314 33532 
35732 27475 32514 33792 
30128 35363 32787 33882 
26057 41523 33029 33713 
25195 44859 33210 33409 
27868 44728 33348 33003 
32890 41071 33372 32562 
38444 34717 33293 32162 
42682 27379 33097 31871 
44290 21311 32807 31694 
42796 18798 32541 31752 
38671 21186 32336 31965 
32802 27819 32173 32233 
26503 36813 32135 32562 
21094 45627 32250 32931 
17573 51738 32410 33147 
16919 53188 32664 33289 
19400 49765 32935 33346 
24513 42705 33115 33209 
31294 34123 33215 33026 
38428 26040 33222 32799 
44490 19625 33103 32567 
47908 15822 32926 32429 
48327 14098 32682 32358 
45895 14245 32443 32364 
41359 16289 32260 32459 
35774 20585 32158 32609 
30474 27156 32139 32746 
26528 35346 32269 32916 
24061 44046 32459 33013 
22936 51698 32694 33039 
22867 56617 32935 32990 
23923 57223 33131 32852 
26362 52622 33257 32685 
30337 43401 33318 32496 
35198 31508 33269 32333 
39472 20268 33138 32227 
41378 12998 32907 32172 
39931 11915 32652 32231 
35669 16918 32419 32417 
30238 25711 32181 32612 
25982 34986 32031 32861 
24627 41683 31981 33116 
26760 43791 32059 33332 
31464 41040 32278 33502 
37024 34873 32550 33502 
41944 27707 32885 33400 
45102 21813 33163 33127 
45957 18863 33398 32795 
44063 19659 33522 32397 
39311 23981 33534 32041 
31856 30917 33387 31721 
23134 39201 33142 31547 
15315 47262 32823 31560 
11306 53276 32482 31734 
12628 55918 32203 32081 
18830 54678 32010 32527 
27897 49495 31927 33027 
37185 40810 31953 33476 
44895 29469 32096 33840 
49598 17710 32332 34012 
51268 7621 32620 34021 
50016 1519 32879 33816 
46073 882 33071 33397 
39633 6136 33220 32906 
31733 16120 33306 32379 
23769 29065 33340 31917 
17565 42970 33243 31528 
14834 55744 33081 31350 
16527 64619 32884 31388 
21806 65464 32670 31652 
29006 65507 32454 32086 
36351 56583 32297 32613 
42095 43313 32147 33121 
45360 28771 32039 33542 
45806 16414 32135 33911 
43551 8187 32253 33987 
39222 4421 32468 33876 
33636 4643 32745 33569 
27786 8309 33009 33128 
22692 15343 33204 32541 
19750 25436 33415 32085 
19489 37598 33465 31662 
22315 49896 33409 31430 
27961 59463 33260 31416 
35610 63536 33028 31609 
43303 60544 32760 31993 
48972 51490 32482 32469 
50588 38909 32234 32976 
47168 26352 32035 33426 
39183 16944 31974 33814 
29181 12416 32007 33987 
20877 12072 32121 33967 
17013 13955 32306 33729 
18543 16365 32539 33356 
24147 18714 32794 32872 
31236 21837 32997 32311 
36715 27186 33182 31872 
38909 35782 33258 31559 
37964 47318 33266 31446 
35005 59812 33176 31555 
31610 65334 33035 31846 
29277 65521 32865 32294 
28923 65535 32660 32774 
30573 65457 32550 33275 
33330 43642 32448 33635 
35986 21669 32440 33855 
37423 3048 32519 33862 
37214 88 32607 33649 
36099 38 32703 33239 
35377 319 32802 32777 
35904 11031 32843 32243 
37637 20528 32881 31834 
39209 29543 32826 31520 
38926 38271 32756 31490 
35398 46883 32650 31653 
28395 55271 32547 32017 
19647 61801 32491 32511 
12119 64142 32461 33015 
8602 60614 32468 33485 
11034 50625 32538 33832 
19610 34781 32646 33985 
32160 16025 32752 33896 
45430 744 32874 33625 
56376 71 32945 33175 
62228 7 33007 32693 
61550 49 33044 32190 
54990 16177 33010 31737 
45167 33267 32956 31456 
34510 49870 32857 31375 
25240 62129 32778 31564 
18012 65425 32657 31894 
13188 65489 32553 32382 
10427 59158 32416 32876 
10002 51093 32307 33359 
12658 39223 32260 33767 
18438 27012 32278 34014 
26187 16090 32382 34038 
34315 7337 32528 33847 
41507 1865 32737 33472 
47357 247 32928 32965 
51928 2794 33109 32385 
55382 8660 33291 31897 
57078 16965 33371 31495 
55616 26890 33373 31307 
49399 38020 33279 31333 
38499 49333 33081 31570 
25193 59482 32827 31990 
12799 65284 32575 32530 
5039 65471 32353 33121 
3895 65503 32105 33574 
8915 58545 31982 33935 
17252 47603 31924 34045 
25917 34377 31989 33946 
32842 24013 32153 33703 
37772 17909 32418 33336 
41642 14953 32702 32844 
45558 12640 33006 32370 
49505 9029 33280 31983 
52649 4392 33482 31736 
53299 1457 33556 31605 
49919 3885 33519 31658 
42029 14060 33361 31869 
31156 30172 33102 32142 
19884 48352 32764 32480 
11764 63576 32454 32852 
9380 65477 32144 33168 
13374 65532 31959 33447 
21767 65499 31893 33592 
30876 53028 31979 33617 
37937 40282 32173 33517 
41410 29961 32468 33316 
41915 22580 32802 33056 
41214 17211 33095 32699 
41006 13338 33353 32402 
41426 10908 33487 32132 
41158 11120 33513 31958 
38352 15262 33379 31859 
