32406 32460 32799 33695 
32406 32460 32799 33695 
32528 32739 32918 33282 
32594 32957 32927 32809 
32644 33154 32902 32347 
32693 33315 32843 32001 
32711 33401 32763 31761 
32758 33423 32733 31691 
32829 33385 32751 31795 
32918 33289 32821 31956 
33035 33134 32930 32187 
33130 32945 33055 32405 
33253 32794 33207 32663 
33280 32610 33277 32807 
33247 32449 33268 32899 
33111 32310 33143 32921 
32927 32211 32946 32909 
32669 32142 32649 32869 
32411 32126 32317 32854 
32147 32129 31988 32829 
31960 32171 31735 32855 
31863 32284 31637 32936 
31910 32455 31707 33057 
32047 32646 31920 33174 
32286 32867 32249 33272 
32541 33034 32631 33228 
32866 33255 33084 33173 
33131 33368 33435 32985 
33342 33420 33707 32717 
33476 33411 33839 32416 
33493 33299 33794 32080 
33407 33118 33615 31780 
33273 32908 33333 31577 
33062 32653 32970 31512 
32855 32468 32631 31652 
32629 32291 32305 31903 
32438 32193 32077 32302 
32216 32082 31862 32729 
32065 32044 31789 33223 
31981 32087 31829 33711 
31966 32154 31940 34059 
32036 32283 32149 34253 
32203 32471 32420 34261 
32411 32678 32701 34067 
32710 32927 33013 33681 
32965 33110 33226 33124 
33238 33313 33428 32525 
33503 33499 33592 31937 
33611 33550 33603 31375 
33657 33568 33558 31042 
33505 33411 33366 30864 
33296 33214 33135 30953 
32941 32890 32810 31238 
32590 32565 32494 31760 
32284 32283 32257 32428 
32028 32024 32057 33126 
31828 31801 31908 33706 
31788 31734 31910 34204 
31863 31795 32006 34487 
32122 32021 32227 34568 
32411 32310 32456 34362 
32757 32683 32719 33967 
33087 33046 32960 33421 
33306 33339 33100 32736 
33489 33586 33238 32098 
33522 33698 33284 31540 
33449 33683 33280 31181 
33240 33466 33171 31009 
32956 33130 32993 31069 
32629 32704 32755 31346 
32376 32309 32587 31880 
32178 31958 32434 32498 
32030 31704 32298 33083 
32020 31644 32276 33653 
32114 31776 32335 34061 
32289 32075 32479 34257 
32498 32467 32644 34183 
32765 32968 32851 33896 
32947 33344 32982 33357 
33122 33694 33107 32794 
33251 33897 33184 32214 
33278 33837 33140 31691 
33252 33625 33050 31368 
33150 33238 32871 31258 
33005 32770 32663 31376 
32878 32306 32494 31747 
32745 31915 32358 32254 
32584 31627 32252 32792 
32445 31530 32220 33330 
32370 31652 32280 33794 
32346 31967 32431 34073 
32335 32356 32614 34122 
32367 32805 32807 33949 
32411 33218 32991 33552 
32464 33566 33104 33037 
32561 33767 33174 32485 
32646 33782 33156 31967 
32705 33600 33032 31555 
32756 33290 32843 31361 
32792 32855 32624 31387 
32816 32395 32419 31655 
32894 32039 32313 32140 
32951 31779 32276 32652 
33030 31703 32353 33191 
33058 31776 32477 33594 
33131 32044 32715 33866 
33151 32432 32974 33912 
33093 32835 33175 33708 
32985 33208 33307 33357 
32811 33492 33338 32886 
32593 33635 33248 32389 
32372 33625 33061 31966 
32163 33451 32785 31669 
31992 33141 32479 31582 
31930 32787 32217 31716 
31982 32425 32022 32028 
32161 32151 31959 32434 
32436 31969 32001 32893 
32724 31896 32128 33286 
33065 32036 32386 33617 
33384 32289 32706 33777 
33573 32576 32994 33708 
33642 32890 33236 33500 
33565 33146 33416 33135 
33390 33340 33507 32745 
33114 33389 33462 32317 
32773 33283 33325 31960 
32411 33074 33089 31711 
32074 32754 32771 31625 
31841 32423 32462 31734 
31725 32137 32174 31980 
31752 31939 31969 32342 
31905 31894 31887 32785 
32160 32014 31928 33231 
32474 32259 32077 33600 
32863 32660 32380 33891 
33196 33052 32693 33926 
33466 33441 33034 33787 
33606 33685 33292 33428 
33676 33807 33521 33003 
33586 33705 33602 32452 
33432 33472 33545 31937 
33178 33099 33380 31515 
32873 32660 33111 31284 
32581 32240 32808 31300 
32291 31878 32463 31493 
32121 31699 32227 31962 
31960 31637 32018 32452 
31962 31803 31956 33062 
32022 32045 32002 33582 
32175 32400 32164 34013 
32372 32766 32396 34180 
32595 33124 32674 34171 
32757 33353 32886 33904 
32888 33450 33028 33482 
32963 33435 33098 32989 
33016 33326 33097 32508 
32996 33099 32996 32071 
32959 32833 32841 31758 
32926 32602 32722 31626 
32901 32423 32639 31672 
32891 32315 32624 31830 
32914 32323 32688 32076 
32958 32414 32811 32348 
33005 32585 32985 32615 
33024 32759 33119 32819 
33008 32912 33202 32946 
32927 32991 33173 32994 
32800 33048 33087 33040 
32597 32986 32877 33024 
32329 32830 32549 32975 
32136 32666 32275 33000 
31955 32444 31991 33003 
31871 32261 31819 33029 
31939 32170 31795 33090 
32098 32133 31895 33099 
32392 32231 32161 33102 
32731 32400 32490 33025 
33114 32665 32909 32913 
33417 32941 33265 32695 
33610 33181 33519 32450 
33700 33424 33691 32223 
33459 33593 33611 31882 
33179 33495 33382 31827 
32849 33268 33080 31890 
32505 32930 32731 32027 
32268 32592 32466 32304 
32094 32239 32230 32623 
31987 31922 32047 32944 
31957 31674 31911 33246 
32005 31595 31875 33525 
32128 31689 31926 33723 
32291 31923 32053 33795 
32499 32264 32271 33763 
32684 32656 32520 33613 
32881 33059 32794 33371 
33023 33398 33050 33011 
33142 33628 33279 32609 
33285 33785 33504 32220 
33349 33799 33629 31869 
33394 33674 33672 31626 
33308 33398 33554 31467 
33199 33062 33353 31449 
33001 32676 33060 31568 
32794 32315 32726 31831 
32577 32046 32407 32201 
32347 31835 32109 32615 
32171 31767 31916 33046 
32073 31836 31830 33469 
32056 31997 31857 33788 
32089 32223 31950 33945 
32272 32569 32214 34050 
32472 32880 32494 33926 
32685 33127 32762 33656 
32906 33331 33010 33306 
33090 33458 33224 32870 
33212 33484 33354 32415 
33280 33441 33420 32005 
33209 33271 33355 31651 
33054 32989 33196 31442 
32871 32691 32988 31402 
32676 32391 32760 31552 
32503 32130 32547 31872 
32369 31932 32365 32275 
32316 31846 32273 32743 
32338 31903 32260 33219 
32412 32084 32326 33664 
32580 32422 32493 34080 
32768 32825 32702 34366 
32927 33205 32893 34393 
33011 33508 33020 34009 
33052 33693 33100 33128 
33050 33712 33127 31813 
32992 33561 33057 30359 
32965 33267 32888 29204 
32990 32877 32659 28849 
32911 32489 32469 29561 
32218 32449 32324 31342 
30448 33317 32249 33776 
28260 35030 32237 36043 
27534 36362 32350 37781 
30673 34891 32543 38623 
38457 28793 32725 38341 
48758 18756 32897 37017 
55808 9499 33031 34897 
53257 7659 33146 32260 
39554 17350 33171 29412 
19647 36844 33130 26756 
932 59966 33066 24759 
0 65426 32938 23850 
0 65535 32798 24409 
12531 65535 32605 26461 
32901 65535 32468 29879 
53391 48896 32320 34109 
65225 25538 32239 38509 
65522 3890 32196 42313 
65493 96 32240 44681 
65461 70 32350 45130 
56910 103 32549 43521 
44902 4874 32757 39923 
29816 12734 32973 34893 
11602 26093 33159 29138 
396 44916 33325 23805 
95 64297 33412 19902 
27 65389 33382 18025 
0 65535 33267 18574 
207 65535 33074 21492 
20565 65535 32857 26403 
41883 65199 32607 32514 
62782 41187 32412 38507 
65419 16641 32182 43444 
65535 430 32032 46702 
65535 0 31987 47696 
65535 0 32052 46173 
65535 0 32195 42454 
47608 19092 32410 37313 
27525 41913 32678 31570 
6423 64104 32942 26171 
113 65427 33158 21985 
0 65535 33316 19651 
0 65535 33358 19562 
11875 65535 33315 21586 
29936 65488 33174 25236 
49345 42014 32960 29880 
64785 17570 32766 34655 
65509 524 32580 38881 
65535 48 32471 41843 
65535 0 32412 43063 
64938 0 32469 42516 
41868 15 32571 40459 
21037 18180 32714 37372 
1274 38198 32816 33783 
85 58607 32889 30366 
12 65346 32914 27631 
5 65529 32868 26041 
8011 65535 32773 25738 
18738 65535 32665 26657 
34028 62205 32573 28487 
47967 38013 32483 30786 
58055 13734 32443 33189 
62017 385 32455 35172 
59669 57 32510 36456 
51847 24 32642 36899 
40124 23 32792 36557 
26657 6106 32892 35506 
13685 19210 33001 34042 
4320 34445 33086 32521 
450 48920 33122 31243 
2744 60021 33115 30393 
10661 65233 33026 30083 
22860 65381 32908 30401 
36027 56143 32726 31167 
47509 43522 32569 32247 
55669 28518 32407 33353 
59276 14033 32282 34303 
58284 2754 32214 34882 
53255 118 32237 35041 
45599 56 32335 34702 
37066 5101 32497 33977 
28962 15346 32727 33036 
22448 28905 32988 32063 
18240 43097 33193 31149 
16736 55786 33328 30524 
18059 64223 33382 30281 
21704 65458 33379 30509 
26637 65379 33198 31025 
31763 54339 32984 31850 
35776 42157 32714 32767 
38050 29214 32463 33694 
38536 18266 32265 34430 
37858 11055 32132 34838 
36624 8007 32083 34921 
35043 9051 32114 34627 
33056 13935 32241 34052 
30778 21657 32435 33321 
28948 30503 32662 32571 
28612 38823 32911 31932 
30459 44801 33076 31413 
34303 47479 33212 31152 
38659 46769 33266 31151 
41256 43711 33271 31396 
40645 39628 33199 31796 
36946 35639 33041 32258 
31947 32275 32851 32757 
27957 29386 32610 33185 
26662 26887 32387 33506 
27902 24955 32251 33715 
30028 23909 32161 33728 
31573 24354 32184 33642 
31884 26624 32327 33447 
31227 30675 32532 33150 
30451 35678 32737 32797 
29996 41001 32973 32465 
29755 45408 33149 32177 
29658 47519 33241 31929 
30287 46017 33280 31820 
32487 40227 33216 31822 
36670 31147 33071 31917 
42069 20835 32890 32133 
46502 12394 32645 32384 
47495 8896 32471 32721 
43319 11948 32310 33063 
34725 21080 32224 33362 
24883 33352 32184 33556 
17239 45564 32268 33682 
14358 54552 32412 33671 
16728 58188 32610 33542 
22756 55797 32770 33245 
30306 48259 32913 32857 
37259 37650 33055 32469 
42158 27142 33103 32115 
44999 18639 33098 31849 
45848 13337 32972 31673 
44931 11530 32830 31713 
42300 12885 32673 31919 
38048 16964 32539 32233 
32547 23329 32451 32609 
26288 31700 32445 33011 
20118 41304 32509 33332 
15301 50741 32650 33560 
13219 58273 32851 33655 
15158 61279 32998 33519 
21484 58592 33136 33267 
30703 50313 33148 32870 
41229 37728 33116 32494 
51111 22798 32964 32131 
58402 8515 32781 31907 
61520 300 32510 31778 
59197 49 32251 31819 
51559 17 32097 32046 
39172 11152 31993 32337 
23990 27549 32066 32739 
8777 46355 32239 33139 
290 62745 32481 33437 
23 65448 32777 33619 
18 65535 33055 33634 
13867 65535 33308 33530 
29184 56510 33452 33262 
44179 40689 33501 32918 
54250 23735 33425 32534 
58458 10751 33268 32219 
57818 2870 32980 31931 
54136 312 32654 31759 
48875 2492 32370 31785 
42274 9134 32093 31930 
34279 19271 31903 32180 
24854 31893 31855 32565 
15087 45150 31920 32951 
7095 57057 32094 33295 
3874 64580 32423 33607 
6921 65475 32777 33748 
15939 60403 33096 33653 
28767 48634 33394 33434 
42400 33156 33600 33081 
53855 16402 33645 32630 
59795 3273 33579 32196 
59338 100 33343 31826 
53588 31 33040 31619 
44492 7539 32659 31581 
34646 20430 32353 31792 
25917 34707 32082 32110 
19414 47843 31935 32576 
15922 56933 31904 33030 
15038 61358 32003 33440 
16330 61588 32198 33711 
19534 58210 32464 33824 
24416 51569 32709 33709 
30843 41753 32954 33458 
38065 29417 33122 33060 
44891 16027 33222 32617 
49967 4274 33277 32238 
51959 155 33198 31870 
50012 41 33086 31669 
44114 4722 32922 31660 
35230 16530 32718 31799 
25501 32453 32565 32119 
17557 48056 32425 32514 
13041 60575 32312 32921 
12822 65366 32301 33329 
16501 65490 32330 33631 
23112 65479 32458 33806 
31269 53363 32642 33802 
39459 39713 32803 33588 
46734 25286 32939 33231 
52041 12458 33055 32802 
54209 3186 33119 32328 
52324 139 33128 31892 
46213 67 33038 31544 
37526 6273 32897 31395 
27961 16491 32760 31462 
19654 28724 32572 31683 
14020 41410 32452 32086 
11466 53138 32373 32578 
11930 62321 32353 33099 
14871 65379 32361 33529 
20212 65475 32458 33898 
27730 65501 32587 34061 
36946 54404 32760 34074 
46746 38989 32883 33825 
54927 21141 32962 33411 
59447 4347 33003 32936 
58922 146 32916 32371 
53590 35 32841 31924 
44332 21 32703 31575 
33075 10108 32549 31431 
21524 24972 32412 31489 
12216 40815 32350 31742 
6554 54324 32360 32111 
5581 62847 32473 32562 
9358 64908 32661 33029 
17204 60929 32890 33410 
27291 52462 33079 33592 
37329 41878 33280 33640 
45601 30672 33372 33502 
50975 20198 33384 33233 
53029 11115 33266 32881 
52176 3876 33033 32492 
49220 249 32734 32185 
44976 83 32442 32007 
39764 3361 32160 31968 
33705 13170 31931 32044 
26975 27913 31844 32293 
20340 45116 31894 32612 
15085 61532 32047 32945 
12367 65385 32318 33224 
13078 65508 32610 33414 
17414 65529 32939 33477 
24648 65523 33209 33367 
33362 57573 33416 33151 
41561 41351 33505 32826 
47843 24461 33498 32468 
51071 10777 33395 32158 
50801 2184 33184 31895 
47349 112 32878 31748 
41884 122 32577 31774 
35562 9091 32300 31962 
29460 19374 32082 32304 
24345 30974 31960 32712 
20761 42171 31949 33139 
19147 50768 32054 33511 
19675 55455 32278 33788 
22159 55881 32592 33884 
26091 52365 32883 33762 
30813 45836 33146 33461 
35752 37231 33372 33047 
39946 28052 33496 32558 
42996 19513 33494 32099 
44518 13090 33359 31695 
44286 10384 33116 31485 
41991 12556 32780 31419 
37819 19510 32477 31601 
32222 29340 32181 31927 
26536 39415 32006 32366 
22093 47365 31953 32848 
20210 51667 32000 33281 
21430 52098 32160 33643 
25231 49459 32414 33862 
30056 45096 32733 33905 
34111 39921 32991 33710 
36594 34339 33207 33408 
37869 28017 33345 33017 
38838 20924 33364 32570 
40211 13998 33294 32172 
41848 9099 33142 31898 
42397 8518 32852 31673 
40707 13289 32588 31684 
36261 22576 32348 31882 
29958 33829 32172 32167 
23782 43845 32080 32524 
19760 50619 32090 32908 
19031 53292 32195 33233 
20978 53219 32382 33448 
24241 52004 32649 33553 
27601 50375 32942 33519 
30864 47444 33157 33265 
34567 41764 33336 32950 
39183 32322 33420 32571 
43872 21024 33446 32270 
47079 10536 33305 31965 
47365 4242 33076 31790 
44437 3905 32776 31759 
39636 8886 32501 31931 
35092 16427 32245 32195 
32113 24134 32052 32564 
30438 31104 32001 32998 
28423 37956 32040 33373 
24698 45816 32177 33637 
19588 54561 32377 33736 
15274 62253 32645 33709 
14424 65405 32860 33514 
18190 64974 32979 33152 
25643 54420 33057 32777 
34329 41029 33042 32371 
41350 26383 32958 32052 
45357 13998 32867 31879 
46884 5467 32753 31837 
47341 1328 32686 31927 
47530 1226 32671 32133 
47049 4843 32734 32409 
44522 11870 32799 32652 
39281 21652 32929 32877 
31756 33123 32995 32965 
23966 44795 33046 32993 
18070 54946 33045 32941 
15602 61628 32972 32836 
16348 63688 32799 32690 
19012 61094 32613 32637 
22362 54399 32383 32613 
25973 44639 32183 32662 
30165 33406 32032 32781 
35425 22391 31971 32928 
41267 13979 32030 33096 
46492 9171 32227 33262 
49407 8229 32469 33303 
48877 10642 32784 33269 
44723 15486 33046 33060 
38413 21872 33317 32811 
31941 29097 33467 32452 
27267 36720 33533 32138 
24925 44074 33481 31839 
24528 50137 33349 31654 
25014 53460 33103 31591 
25714 52887 32811 31685 
26449 48309 32518 31919 
27745 40803 32278 32289 
29983 32300 32048 32702 
33108 25027 31918 33139 
36409 20504 31843 33561 
38484 19756 31932 33922 
38368 22045 32123 34126 
36018 26157 32394 34151 
32405 30922 32681 33966 
29092 35354 33003 33619 
27535 38450 33252 33097 
28617 39520 33477 32545 
32115 37964 33604 31964 
36583 34080 33598 31478 
40602 28817 33455 31119 
42969 23756 33244 30996 
42932 20658 32948 31072 
40471 20898 32629 31345 
35960 25000 32341 31852 
30462 31877 32133 32447 
25031 39762 32002 33074 
20705 46518 31919 33629 
18449 50385 32000 34103 
18757 50326 32137 34352 
21858 46512 32362 34395 
27001 40367 32610 34212 
33228 33513 32854 33833 
39172 27352 33042 33270 
43677 22739 33182 32684 
45910 19733 33279 32119 
45411 18162 33236 31605 
42702 17940 33098 31278 
38699 19253 32938 31223 
34301 22330 32723 31336 
30458 27226 32538 31672 
27688 33574 32416 32151 
25986 40501 32351 32658 
25252 46504 32412 33165 
25244 50233 32505 33512 
26180 50534 32658 33716 
28326 46916 32845 33746 
31711 39848 33002 33568 
35459 31313 33073 33234 
38182 24119 33103 32856 
38644 20576 33050 32493 
36610 21404 32894 32184 
32887 25843 32689 31985 
29036 31777 32470 31921 
26718 36938 32305 32051 
27002 39178 32173 32262 
29766 37845 32163 32583 
33910 33615 32224 32886 
38194 28079 32365 33134 
41614 23174 32575 33332 
43474 20316 32818 33419 
43194 20382 33004 33336 
40517 23529 33157 33152 
35563 29134 33264 32910 
28886 36205 33301 32612 
22042 43418 33283 32358 
17009 49431 33185 32129 
15504 52938 32964 31942 
18317 53086 32724 31890 
24353 49742 32500 31990 
31774 43177 32239 32160 
38792 34235 32033 32413 
44150 24237 31941 32771 
47247 14705 31968 33151 
47762 7913 32076 33444 
45866 5240 32340 33692 
41677 7365 32664 33770 
35720 14054 32996 33691 
28819 24352 33284 33411 
22691 36485 33556 33056 
18901 48072 33653 32580 
18342 57325 33615 32095 
21092 62269 33478 31726 
26258 61549 33168 31444 
32550 55214 32800 31384 
38335 45012 32453 31554 
42523 33148 32140 31888 
44430 22109 31907 32328 
43866 13938 31839 32870 
40872 9296 31843 33359 
36220 8362 32003 33779 
30919 10549 32237 33996 
25905 15579 32537 34021 
22201 23300 32859 33849 
20489 33276 33121 33472 
21268 44307 33302 32979 
24803 53935 33455 32501 
30423 59425 33469 32039 
37183 59187 33356 31687 
43529 53139 33145 31509 
47683 42691 32872 31543 
47847 30908 32551 31733 
43769 21188 32315 32113 
36583 15294 32121 32567 
28648 13519 32046 33047 
22683 14717 32087 33482 
20518 17297 32206 33734 
22600 20224 32482 33886 
27036 23124 32746 33750 
31741 26998 33001 33453 
34985 32830 33211 33014 
36013 40942 33340 32525 
35104 50713 33406 32082 
33152 59654 33330 31702 
31370 64609 33157 31515 
30699 62861 32902 31518 
31478 53942 32653 31754 
33379 39057 32401 32090 
35528 21508 32196 32544 
36849 6280 32123 33054 
36701 188 32100 33470 
35465 49 32185 33749 
34116 1288 32338 33865 
33692 12126 32540 33818 
34638 22626 32761 33615 
36255 32688 32870 33249 
37221 41635 32922 32843 
36189 49530 32964 32504 
32415 56401 32924 32202 
26557 61788 32926 32061 
20213 64238 32879 31982 
15559 62166 32832 32005 
15049 54757 32860 32124 
19246 42495 32893 32234 
27371 26905 32955 32368 
37496 10800 33031 32468 
47094 409 33074 32550 
53912 59 33034 32588 
56041 29 32929 32618 
53316 6233 32758 32680 
46995 18954 32546 32759 
38990 33518 32309 32916 
30988 46542 32087 33069 
24117 55660 31935 33264 
18893 59544 31899 33439 
15446 58672 32027 33580 
13782 54349 32217 33578 
14446 47853 32528 33480 
17746 39977 32855 33238 
23234 31725 33171 32888 
29758 23984 33437 32496 
36164 17494 33613 32113 
41770 12941 33664 31775 
46552 10847 33592 31550 
50607 11290 33406 31472 
53385 14119 33114 31517 
53785 19097 32804 31764 
50578 25793 32489 32075 
43398 33850 32217 32482 
33011 42541 31979 32889 
21903 50617 31851 33304 
12889 56457 31813 33662 
8745 58234 31891 33928 
9757 55362 32038 34017 
14698 48704 32273 33970 
21446 40329 32587 33797 
28171 32512 32893 33485 
33663 27067 33172 33060 
38092 23995 33406 32598 
42169 21711 33617 32195 
46081 18472 33675 31786 
49469 13971 33631 31485 
51198 9665 33457 31318 
49878 8648 33183 31319 
44940 13300 32875 31505 
36740 23860 32533 31829 
27053 37951 32253 32282 
18374 51882 32001 32741 
13689 61221 31844 33199 
14355 63225 31849 33633 
19478 58399 31920 33881 
26795 49088 32127 34014 
33780 38269 32388 33949 
38307 28832 32685 33752 
40027 22080 32974 33461 
40088 17594 33200 33071 
39820 14729 33351 32671 
39924 13323 33420 32328 
39831 13819 33358 32021 
38269 17360 33191 31829 
34222 24433 32945 31744 
