31983 31916 31951 33104 
31983 31916 31951 33104 
31845 31909 31850 33561 
31841 32063 31875 33926 
31977 32353 32043 34111 
32167 32654 32235 34063 
32430 32959 32489 33865 
32658 33128 32696 33454 
32843 33193 32866 32979 
32979 33117 32973 32497 
33027 32908 33010 32040 
33015 32634 32999 31734 
32959 32367 32982 31600 
32881 32183 32964 31663 
32823 32127 32970 31872 
32810 32238 33008 32176 
32853 32506 33062 32517 
32980 32915 33158 32889 
33058 33274 33153 33094 
33147 33617 33145 33218 
33177 33795 33059 33203 
33136 33756 32901 33085 
32960 33490 32649 32864 
32717 33063 32379 32645 
32442 32555 32137 32470 
32161 32034 31927 32401 
31902 31571 31785 32416 
31764 31341 31772 32550 
31766 31356 31921 32786 
31888 31585 32161 33037 
32132 32011 32479 33267 
32503 32582 32885 33414 
32880 33137 33229 33398 
33229 33601 33492 33194 
33536 33938 33677 32915 
33775 34098 33766 32596 
33846 33984 33678 32213 
33773 33679 33493 31913 
33534 33224 33209 31701 
33192 32702 32869 31647 
32823 32233 32561 31810 
32415 31845 32260 32062 
32050 31631 32036 32428 
31788 31618 31877 32839 
31636 31770 31819 33243 
31657 32011 31847 33562 
31825 32355 31986 33801 
32088 32698 32200 33873 
32407 33005 32466 33797 
32744 33242 32759 33585 
33022 33346 33020 33247 
33268 33376 33273 32853 
33396 33304 33437 32396 
33537 33262 33612 32034 
33470 33094 33569 31679 
33395 32970 33504 31529 
33207 32802 33301 31482 
33038 32679 33070 31638 
32852 32566 32789 31941 
32626 32447 32479 32282 
32488 32409 32269 32720 
32363 32353 32087 33120 
32232 32284 31964 33416 
32190 32299 31976 33659 
32167 32333 32065 33762 
32195 32383 32229 33732 
32272 32473 32445 33599 
32379 32592 32673 33357 
32522 32739 32869 33058 
32671 32907 33043 32708 
32891 33114 33191 32407 
33067 33279 33257 32140 
33212 33370 33239 31928 
33308 33410 33190 31846 
33292 33323 33040 31849 
33179 33109 32839 31944 
32997 32844 32642 32155 
32789 32537 32475 32445 
32578 32253 32363 32765 
32354 31982 32275 33043 
32230 31840 32306 33329 
32197 31816 32412 33506 
32283 31958 32609 33605 
32425 32185 32818 33543 
32615 32481 33005 33333 
32828 32835 33142 33017 
33019 33185 33209 32630 
33171 33486 33206 32257 
33268 33703 33106 31946 
33243 33759 32929 31734 
33120 33644 32660 31677 
32966 33423 32438 31834 
32755 33116 32277 32129 
32521 32734 32157 32510 
32314 32349 32139 32955 
32166 32012 32233 33350 
32093 31795 32392 33657 
32118 31728 32612 33811 
32199 31795 32804 33758 
32350 31946 32964 33575 
32519 32193 33048 33253 
32708 32478 33071 32889 
32882 32781 33040 32521 
33037 33044 32961 32206 
33146 33255 32866 31967 
33218 33392 32776 31845 
33282 33472 32745 31860 
33293 33466 32758 31977 
33268 33381 32800 32141 
33195 33233 32861 32334 
33059 33045 32895 32521 
32896 32851 32936 32712 
32661 32604 32875 32824 
32430 32401 32796 32944 
32192 32243 32651 33055 
32035 32162 32502 33175 
31892 32079 32297 33223 
31901 32141 32206 33308 
31973 32206 32131 33324 
32157 32312 32162 33307 
32420 32462 32287 33206 
32710 32597 32472 33048 
33026 32759 32735 32856 
33304 32902 32980 32602 
33498 33016 33195 32332 
33607 33134 33371 32090 
33621 33244 33479 31919 
33523 33322 33478 31848 
33322 33347 33385 31865 
33061 33308 33207 31968 
32731 33195 32947 32149 
32429 33046 32673 32424 
32148 32830 32387 32725 
31961 32580 32142 33051 
31849 32298 31948 33336 
31806 32008 31824 33537 
31887 31783 31819 33689 
32048 31625 31910 33715 
32290 31653 32122 33641 
32580 31820 32443 33450 
32895 32127 32806 33180 
33172 32545 33171 32821 
33424 33074 33509 32417 
33565 33546 33733 32025 
33669 34016 33882 31764 
33619 34224 33823 31546 
33496 34264 33638 31507 
33269 34028 33324 31589 
33005 33604 32951 31832 
32705 33033 32521 32142 
32448 32446 32156 32594 
32192 31841 31832 33020 
32002 31373 31629 33402 
31900 31162 31595 33728 
31852 31156 31693 33872 
31912 31409 31955 33878 
32068 31865 32319 33758 
32255 32386 32695 33531 
32471 32905 33007 33208 
32657 33304 33212 32805 
32896 33646 33370 32474 
33117 33811 33409 32207 
33301 33791 33347 32016 
33399 33586 33204 31908 
33435 33320 33040 31898 
33441 33046 32925 31987 
33342 32758 32808 32109 
33207 32546 32760 32264 
33055 32431 32782 32439 
32873 32381 32805 32582 
32644 32343 32793 32654 
32467 32391 32787 32767 
32166 32390 32589 32964 
32110 32400 32454 33104 
32089 32392 32282 33220 
32144 32433 32156 33366 
32225 32500 32077 33440 
32368 32635 32091 33489 
32513 32802 32188 33435 
32689 32992 32390 33286 
32890 33189 32688 33075 
33066 33296 32996 32750 
33210 33319 33278 32410 
33321 33250 33524 32081 
33365 33061 33620 31781 
33375 32852 33624 31607 
33305 32617 33492 31559 
33202 32457 33274 31667 
33018 32342 32977 31875 
32795 32314 32657 32186 
32553 32359 32353 32566 
32297 32465 32101 32992 
32030 32522 31862 33340 
31894 32642 31810 33706 
31812 32690 31845 33932 
31862 32706 32005 34033 
31973 32640 32223 33948 
32223 32598 32544 33743 
32521 32552 32862 33411 
32867 32552 33169 32992 
33185 32574 33391 32473 
33530 32752 33598 32032 
33734 32935 33619 31583 
33842 33160 33538 31311 
33807 33399 33380 31222 
33623 33543 33132 31278 
33341 33597 32859 31554 
32957 33489 32565 31979 
32543 33220 32326 32486 
32171 32844 32170 33060 
31885 32393 32102 33581 
31718 31963 32127 33999 
31692 31617 32211 34209 
31777 31450 32333 34217 
32006 31496 32492 34044 
32269 31718 32623 33666 
32545 32079 32688 33186 
32793 32511 32719 32656 
33030 32988 32736 32180 
33149 33357 32699 31766 
33249 33665 32718 31574 
33254 33786 32736 31540 
33227 33751 32817 31693 
33161 33593 32944 31969 
33080 33315 33110 32283 
33026 33041 33308 32662 
32969 32745 33455 32996 
32891 32458 33486 33319 
32845 32275 33446 33633 
32782 32173 33274 33778 
32658 32100 32955 33625 
32539 32136 32596 33103 
32383 32196 32212 32183 
32229 32264 31850 31056 
32194 32384 31600 30155 
32300 32509 31504 29939 
32394 32654 31581 30629 
32000 33067 31842 32200 
30562 34233 32188 34243 
28522 36276 32633 36230 
27695 37954 33129 37618 
30522 36793 33522 38047 
38298 30795 33809 37464 
48970 20392 33947 36030 
57322 9526 33880 33886 
56301 5448 33655 31356 
43014 13557 33316 28789 
22987 32465 32951 26532 
2149 55951 32580 24948 
0 65326 32274 24383 
0 65535 32065 25127 
8414 65535 31884 27218 
29041 65535 31878 30551 
49883 52947 31945 34554 
64938 29649 32041 38619 
65518 7008 32225 42126 
65501 144 32430 44375 
65463 68 32677 44790 
57804 104 32901 43208 
46235 3326 33073 39746 
31493 10190 33297 34987 
13225 22743 33450 29463 
475 41600 33521 24253 
107 63253 33492 20327 
31 65344 33393 18343 
0 65535 33182 18631 
0 65535 32941 21245 
17740 65535 32660 25838 
38665 65535 32389 31584 
59833 44615 32172 37451 
65365 20336 32004 42539 
65535 680 31935 46019 
65535 0 31955 47387 
65535 0 32081 46395 
65535 0 32276 43296 
52188 15232 32556 38625 
32376 37924 32827 33163 
11250 61992 33066 27743 
215 65383 33279 23263 
0 65535 33418 20481 
0 65535 33466 19787 
9212 65535 33445 21161 
27347 65535 33258 24195 
47437 45903 33021 28375 
64678 21519 32731 33032 
65506 814 32435 37345 
65535 73 32181 40577 
65535 0 32038 42382 
65535 0 31993 42581 
47237 0 32103 41290 
26276 14598 32285 38734 
5191 34965 32629 35584 
138 56697 32905 32191 
13 65284 33180 29229 
0 65520 33399 27118 
66 65535 33476 26049 
15437 65535 33451 26142 
30893 65535 33326 27260 
45776 44989 33069 29058 
56889 21044 32776 31226 
62133 797 32459 33364 
60507 82 32214 35104 
52913 23 32007 36157 
40972 15 31976 36562 
26414 349 32005 36217 
12416 15437 32187 35378 
2074 30773 32462 34262 
93 46335 32769 33060 
38 58975 33038 32014 
7571 65295 33304 31319 
20320 65499 33413 31013 
34414 58030 33405 31115 
47514 48327 33279 31536 
57305 32552 33047 32125 
62258 16341 32775 32747 
61888 2570 32510 33279 
56868 116 32288 33586 
48893 55 32194 33633 
39441 69 32197 33419 
30103 11407 32339 33034 
22330 24560 32561 32537 
16895 39699 32833 32023 
14722 53195 33071 31638 
15649 63041 33244 31467 
19239 65431 33329 31542 
24670 65500 33307 31856 
30592 57105 33155 32328 
35393 44930 32913 32905 
38316 31628 32633 33476 
39260 19827 32401 33978 
38719 11330 32186 34240 
37387 7054 32103 34301 
35656 7290 32091 34107 
33526 11536 32181 33663 
31078 19017 32340 33113 
28878 28339 32552 32495 
28090 37740 32827 31927 
29675 45002 33025 31417 
33625 48721 33204 31170 
38480 48770 33342 31150 
41941 45972 33400 31363 
42052 41562 33308 31713 
38661 37105 33161 32253 
33338 33106 32914 32774 
28626 29662 32631 33310 
26514 26566 32399 33802 
27148 23969 32178 34072 
29119 22322 32032 34118 
30718 22352 32023 33989 
31033 24429 32123 33677 
30298 28545 32314 33221 
29447 34044 32586 32730 
29119 40081 32910 32263 
29226 45463 33211 31872 
29524 48717 33394 31581 
30358 48362 33534 31525 
32423 43569 33497 31594 
36444 34751 33339 31814 
42025 23865 33125 32158 
47175 13949 32838 32533 
49208 8388 32536 32907 
46070 9377 32227 33220 
37935 16945 32008 33462 
27164 29210 31905 33583 
17899 42226 31942 33602 
13170 52686 32051 33481 
14196 58157 32309 33310 
19850 57398 32630 33066 
27491 51081 32933 32783 
34975 41274 33204 32536 
40816 30389 33380 32302 
44565 20942 33454 32171 
46253 14361 33370 32117 
46023 11458 33184 32143 
43939 11737 32883 32226 
40170 14807 32571 32369 
34804 20570 32336 32587 
28408 28506 32187 32778 
21758 38152 32158 32937 
16059 48269 32273 33044 
12803 56970 32532 33088 
13333 62046 32809 33021 
18224 61545 33088 32870 
26821 55049 33260 32661 
37692 43434 33391 32519 
48592 28402 33336 32387 
57554 12500 33155 32319 
62394 649 32861 32357 
61970 73 32526 32504 
55847 19 32201 32700 
44393 5899 31937 32899 
29011 21229 31860 33194 
12804 39873 31905 33339 
617 57987 32123 33430 
41 65335 32408 33360 
0 65535 32783 33190 
8940 65535 33097 32856 
24184 65495 33385 32485 
39870 47632 33590 32158 
52205 29512 33655 31880 
58680 14229 33548 31696 
59400 3765 33323 31718 
56000 166 32970 31860 
50507 76 32562 32124 
43956 5166 32250 32565 
35831 14765 31927 32989 
25997 27799 31730 33418 
15800 41736 31724 33757 
6851 54905 31883 33936 
1945 64461 32197 33951 
3251 65471 32582 33754 
11514 65523 32994 33391 
24579 56951 33311 32858 
39637 41253 33646 32398 
53100 23445 33760 31879 
62002 7146 33739 31500 
63903 208 33521 31280 
59512 31 33198 31261 
50508 85 32811 31485 
39529 13784 32381 31841 
28667 28219 32055 32375 
20309 41978 31862 32956 
14899 52655 31740 33443 
12590 59041 31848 33887 
12944 60982 32049 34112 
15661 59016 32353 34148 
20359 53726 32686 33980 
26769 45302 32960 33596 
34377 34103 33178 33108 
42165 21123 33314 32575 
49011 8077 33372 32103 
53145 307 33311 31689 
53253 54 33160 31464 
48911 23 32940 31398 
40877 11196 32715 31545 
30856 26447 32542 31889 
21019 43379 32374 32318 
14177 58056 32258 32768 
11574 65311 32227 33206 
13420 65488 32277 33555 
18865 65506 32412 33774 
26716 65071 32591 33802 
35307 49205 32833 33716 
43497 33759 32986 33407 
50249 18602 33134 33047 
54344 6197 33254 32666 
54605 235 33275 32269 
50489 71 33197 31934 
42681 66 33038 31722 
32851 9278 32816 31664 
23147 20442 32572 31722 
15391 33585 32380 31990 
11024 46232 32176 32266 
10075 56928 32110 32662 
11968 64494 32127 33049 
16428 65439 32203 33356 
23389 65492 32376 33583 
32759 58229 32604 33672 
43046 46627 32843 33631 
52717 29712 33031 33459 
59535 11938 33127 33186 
61660 422 33141 32869 
58277 56 33073 32556 
50163 20 32970 32341 
38915 7953 32848 32199 
26557 18089 32704 32112 
15349 34267 32615 32134 
7177 50065 32627 32248 
3676 61475 32635 32309 
5367 65403 32736 32423 
11773 65490 32839 32512 
21438 58460 32936 32555 
32552 47714 32972 32562 
42781 35218 32922 32567 
49980 23525 32838 32615 
53688 13103 32657 32646 
54064 4616 32502 32778 
51749 236 32286 32877 
47622 94 32139 33038 
42359 62 32084 33218 
36377 7795 32124 33361 
29701 20630 32258 33436 
22790 37253 32480 33455 
16595 54932 32771 33383 
12354 65222 33068 33174 
11473 65487 33312 32881 
14426 65529 33495 32524 
20843 65535 33572 32184 
29408 65515 33515 31858 
38631 49331 33341 31602 
46276 31197 33083 31496 
51144 15297 32808 31587 
52376 4063 32515 31794 
49968 152 32272 32140 
44706 64 32063 32524 
38185 5503 31994 32984 
31411 15292 31912 33343 
25454 27216 31960 33681 
20942 39464 32086 33908 
18515 49553 32288 33999 
18248 55999 32518 33930 
20139 57950 32783 33716 
23845 55384 33020 33372 
28800 48960 33207 32912 
34108 40266 33409 32493 
38955 30401 33531 32079 
42763 20678 33549 31694 
45093 12703 33463 31444 
45653 8107 33319 31336 
44181 8490 33099 31389 
40670 14132 32836 31608 
35388 23880 32559 31962 
29068 35626 32361 32436 
23126 46352 32113 32884 
19627 53123 31994 33320 
19348 55426 31941 33696 
22220 53694 31981 33939 
26973 49271 32084 34000 
31945 43430 32242 33874 
35552 37163 32485 33646 
37568 30368 32728 33316 
38718 22868 32950 32904 
39965 15130 33148 32473 
41703 8614 33275 32078 
43030 5818 33284 31775 
42640 8451 33257 31653 
39360 16601 33104 31653 
33287 28488 32908 31795 
26222 40667 32733 32075 
20714 49786 32588 32437 
18288 54546 32477 32787 
19169 55457 32452 33111 
22153 54135 32487 33318 
25831 52097 32609 33442 
29263 49432 32758 33414 
32806 44864 32918 33277 
36993 37044 33008 33015 
41853 26043 32998 32679 
46286 14000 32948 32422 
48228 4927 32800 32214 
46717 1646 32597 32105 
42321 4588 32365 32108 
36933 12001 32151 32240 
32817 20583 32019 32467 
30587 28520 32029 32766 
29086 35556 32143 33047 
26547 42860 32350 33280 
22131 51284 32667 33408 
17184 59711 33021 33434 
14236 65192 33308 33287 
15644 65486 33568 33088 
21660 60390 33693 32798 
30633 49033 33645 32420 
38905 34272 33504 32148 
44453 19895 33201 31884 
46932 8773 32892 31779 
47435 2140 32532 31781 
47393 156 32207 31915 
47137 661 31930 32136 
45753 6726 31750 32440 
41936 15041 31737 32815 
35308 25847 31784 33141 
27016 38025 31932 33464 
19813 49419 32213 33750 
15587 58361 32533 33906 
14968 63369 32863 33892 
17153 63638 33180 33760 
20711 59291 33440 33451 
24602 51061 33624 33046 
28658 40449 33710 32576 
33468 29113 33709 32121 
39142 18941 33531 31598 
45104 11635 33287 31246 
49536 8256 32975 31071 
50665 8667 32608 31072 
47967 12071 32286 31310 
42069 17500 32073 31795 
34844 24106 31890 32330 
28334 31736 31854 32990 
24311 39589 31898 33589 
22835 46955 32066 34101 
23119 52410 32297 34421 
24064 54495 32532 34515 
25114 52278 32745 34374 
26412 46158 32884 34022 
28484 37678 32952 33502 
31629 29064 32965 32924 
35452 22530 32951 32361 
38869 19327 32924 31865 
40385 19664 32897 31469 
39419 22661 32916 31256 
36276 27210 33012 31260 
32197 32074 33107 31381 
28846 36277 33216 31638 
27744 38824 33267 31947 
29282 39162 33281 32311 
32879 36975 33196 32655 
37119 32661 33011 32967 
40614 27287 32719 33222 
42122 22760 32389 33446 
41156 20886 32056 33558 
37932 22681 31783 33616 
33098 27999 31635 33618 
27606 35476 31600 33554 
22594 43329 31749 33448 
19282 48990 32025 33299 
18362 51089 32421 33128 
20100 49078 32809 32866 
24388 43744 33206 32594 
30499 36501 33530 32294 
36969 29520 33778 32038 
42531 23888 33856 31790 
46078 20204 33833 31665 
46953 18223 33628 31576 
45178 17729 33337 31609 
41426 18600 32973 31732 
36682 21027 32574 31936 
32091 25259 32260 32297 
28353 31066 31947 32698 
25810 37947 31732 33130 
24404 44589 31620 33527 
23996 49570 31695 33944 
24421 51544 31872 34187 
26022 49568 32151 34287 
29074 43481 32473 34176 
33164 34843 32835 33884 
37137 26023 33171 33435 
39496 19791 33434 32843 
39212 18126 33619 32196 
36339 21321 33665 31568 
32141 27825 33602 31076 
28415 34942 33436 30779 
26754 40159 33183 30722 
27901 41662 32859 30941 
31314 39072 32527 31367 
35823 33618 32264 32037 
40008 27189 32076 32749 
42951 21771 32005 33492 
43927 18996 32035 34131 
42575 19529 32140 34520 
38742 23253 32297 34672 
32637 29595 32496 34580 
25046 37477 32649 34226 
18191 45098 32755 33677 
14134 51076 32806 33077 
14390 54125 32809 32455 
19154 53533 32812 31910 
26900 49092 32795 31503 
35299 41548 32835 31339 
42541 31710 32855 31285 
47588 21214 32964 31438 
49944 11771 33067 31686 
49470 5647 33189 32013 
46302 4359 33288 32341 
40700 8165 33286 32610 
33457 16511 33217 32872 
25650 28108 33011 33043 
19429 40649 32760 33215 
16178 52209 32483 33357 
16670 60554 32198 33447 
20673 63751 31995 33549 
27099 60866 31846 33556 
34021 52715 31799 33506 
40049 41174 31897 33402 
44058 28760 32093 33226 
45470 18132 32372 32986 
44130 10782 32714 32696 
40470 7510 33087 32418 
35331 7788 33332 32077 
29764 11211 33557 31809 
24851 17559 33633 31593 
21480 26830 33589 31507 
20459 37904 33447 31569 
22037 49044 33196 31766 
26188 57777 32909 32101 
32326 61534 32564 32506 
39399 58865 32258 32985 
45288 50503 32015 33446 
48244 38773 31921 33890 
46932 26823 31907 34102 
41487 17737 32037 34167 
33340 13024 32286 34030 
25475 12591 32585 33675 
20789 14701 32871 33183 
20427 17669 33102 32570 
23820 20696 33294 32000 
28964 24001 33389 31512 
33732 28666 33346 31187 
36347 35524 33219 31096 
36488 44692 33010 31238 
34836 54722 32796 31632 
32488 63025 32579 32160 
30657 65444 32417 32801 
30251 65046 32297 33378 
31461 51041 32281 33883 
33699 34233 32300 34152 
35923 16226 32371 34205 
37115 1765 32555 34079 
36737 75 32709 33737 
35383 44 32833 33224 
34189 5500 32929 32649 
34156 15257 33007 32096 
35451 26061 33023 31623 
37126 35543 32959 31347 
37622 43878 32844 31259 
35651 51280 32728 31425 
30675 57780 32606 31792 
23792 62397 32489 32298 
17319 63548 32436 32890 
13561 59974 32412 33416 
14344 51083 32450 33872 
20076 37514 32550 34126 
29730 20910 32705 34151 
40839 4948 32852 33891 
50461 161 32996 33444 
56445 37 33107 32875 
57376 22 33179 32250 
53258 10581 33191 31665 
45635 25204 33124 31282 
36900 40135 33000 31117 
28734 52233 32821 31226 
22067 59393 32605 31555 
17071 61120 32432 32145 
13880 58190 32260 32777 
12713 52152 32158 33404 
14038 44380 32099 33898 
18146 35774 32156 34242 
24322 27192 32266 34320 
31243 19678 32467 34157 
37833 13802 32649 33736 
43534 10235 32857 33171 
48409 9330 33054 32539 
52534 11102 33255 31962 
55049 15108 33346 31485 
54794 21132 33410 31244 
50466 28808 33349 31209 
41656 37826 33170 31379 
29888 47110 32933 31787 
18423 54944 32686 32309 
10161 59676 32407 32888 
7201 59867 32182 33423 
9600 55114 31995 33858 
15695 46838 31962 34112 
22839 37672 32052 34149 
29420 29923 32236 33960 
34780 24878 32504 33587 
39361 21888 32827 33087 
43727 19184 33112 32505 
47904 15282 33335 31959 
51240 10425 33479 31518 
52371 6767 33489 31259 
50048 7425 33359 31171 
43616 14725 33167 31377 
34145 27704 32877 31707 
23875 43236 32575 32207 
15719 57109 32336 32793 
12225 64922 32169 33372 
14324 65494 32085 33846 
20640 58437 32123 34142 
28557 47784 32262 34237 
35211 36458 32425 34095 
39182 26819 32618 33758 
40373 19992 32751 33289 
40266 15421 32887 32807 
40107 12429 32917 32280 
40346 11160 32891 31881 
40039 12501 32828 31619 
37828 17469 32775 31552 
