33204 33478 32929 32338 
33204 33478 32929 32338 
33076 33410 32797 32146 
32871 33229 32625 32073 
32639 32973 32437 32173 
32388 32691 32265 32395 
32230 32490 32203 32783 
32087 32311 32175 33154 
32074 32261 32276 33501 
32187 32330 32489 33778 
32324 32420 32677 33803 
32583 32595 32959 33697 
32807 32726 33140 33360 
33029 32851 33285 32883 
33241 32963 33367 32362 
33328 33003 33338 31844 
33333 32963 33211 31411 
33221 32868 33009 31171 
33018 32703 32757 31157 
32831 32605 32560 31465 
32573 32467 32340 31938 
32367 32387 32194 32557 
32219 32379 32113 33242 
32127 32407 32097 33861 
32178 32543 32194 34348 
32334 32726 32394 34597 
32542 32912 32620 34543 
32737 33033 32840 34159 
32940 33142 33067 33548 
33073 33160 33235 32779 
33153 33118 33326 31999 
33174 33050 33364 31324 
33092 32900 33267 30837 
32942 32707 33075 30620 
32812 32580 32894 30773 
32646 32435 32658 31183 
32507 32349 32456 31849 
32415 32294 32283 32608 
32372 32331 32205 33407 
32385 32382 32160 34065 
32452 32474 32216 34497 
32573 32587 32315 34654 
32740 32742 32506 34552 
32871 32838 32686 34129 
32993 32944 32882 33558 
33059 32972 33026 32862 
33094 33012 33148 32212 
33041 33002 33205 31621 
32916 32968 33179 31227 
32741 32913 33073 31064 
32562 32831 32908 31153 
32367 32744 32706 31467 
32235 32676 32523 31990 
32162 32587 32364 32576 
32157 32495 32269 33147 
32240 32422 32251 33622 
32381 32349 32312 33928 
32660 32385 32514 34051 
32932 32465 32727 33939 
33177 32563 32924 33599 
33389 32696 33096 33148 
33494 32838 33204 32619 
33521 32985 33252 32152 
33401 33080 33193 31747 
33201 33156 33075 31561 
32916 33143 32889 31569 
32586 33062 32670 31759 
32328 32996 32516 32151 
32086 32829 32333 32546 
31934 32652 32225 32979 
31891 32461 32179 33354 
32001 32355 32231 33626 
32164 32261 32332 33717 
32449 32279 32521 33666 
32737 32346 32704 33445 
32981 32451 32852 33099 
33182 32603 33004 32708 
33315 32776 33100 32352 
33323 32900 33112 32055 
33223 32965 33058 31894 
33031 32953 32942 31877 
32814 32887 32818 32034 
32567 32748 32688 32286 
32396 32646 32619 32634 
32301 32565 32588 32989 
32256 32495 32562 33222 
32359 32563 32612 33376 
32544 32711 32714 33384 
32779 32910 32807 33269 
32972 33082 32854 32993 
33119 33236 32872 32652 
33241 33354 32905 32358 
33235 33319 32862 32107 
33141 33185 32775 31961 
32932 32906 32645 31922 
32690 32573 32537 32079 
32464 32232 32489 32359 
32213 31888 32391 32674 
32074 31693 32392 33039 
32030 31646 32443 33350 
32089 31755 32529 33563 
32299 32061 32689 33654 
32548 32453 32833 33557 
32847 32923 32982 33322 
33118 33384 33089 32971 
33324 33752 33140 32564 
33454 33993 33138 32208 
33437 33995 33034 31919 
33289 33779 32858 31787 
33011 33359 32619 31793 
32727 32866 32427 32012 
32392 32306 32252 32321 
32148 31830 32186 32732 
32023 31529 32231 33131 
31989 31433 32358 33422 
32123 31597 32606 33599 
32357 31950 32882 33583 
32634 32400 33142 33353 
32939 32900 33364 33010 
33185 33323 33461 32578 
33387 33659 33460 32186 
33432 33774 33294 31838 
33377 33718 33043 31677 
33153 33443 32669 31698 
32877 33077 32327 31930 
32565 32675 32033 32310 
32298 32316 31848 32789 
32072 32024 31760 33243 
31957 31897 31825 33625 
32033 31968 32059 33892 
32203 32161 32366 33919 
32493 32466 32747 33769 
32776 32765 33107 33436 
33070 33035 33429 32967 
33272 33207 33640 32457 
33375 33244 33724 31972 
33360 33171 33672 31599 
33244 33023 33515 31436 
32997 32767 33209 31406 
32751 32548 32871 31603 
32495 32358 32515 31950 
32304 32273 32209 32395 
32163 32255 31923 32897 
32090 32281 31714 33318 
32136 32412 31664 33687 
32272 32604 31757 33934 
32492 32816 31979 33996 
32689 32975 32218 33843 
32916 33152 32565 33608 
33101 33267 32931 33263 
33181 33277 33238 32822 
33217 33223 33531 32384 
33195 33118 33758 32006 
33085 32921 33834 31683 
32915 32648 33757 31478 
32744 32390 33570 31414 
32598 32164 33287 31511 
32502 32032 32919 31745 
32429 31964 32503 32059 
32442 32045 32140 32479 
32484 32244 31847 32941 
32532 32486 31660 33377 
32613 32807 31660 33760 
32666 33124 31792 34000 
32730 33388 32035 34064 
32767 33580 32358 33982 
32754 33602 32669 33704 
32713 33468 32952 33323 
32627 33168 33116 32847 
32574 32802 33223 32419 
32544 32386 33244 32048 
32566 32015 33206 31784 
32609 31725 33122 31664 
32661 31613 33012 31678 
32777 31712 32952 31844 
32885 31964 32912 32058 
33037 32392 32949 32335 
33137 32892 32992 32612 
33142 33301 32978 32762 
33141 33701 32985 32927 
33048 33882 32878 33000 
32898 33877 32702 32994 
32729 33692 32487 32976 
32524 33365 32221 32946 
32349 32946 31981 32928 
32198 32481 31790 32927 
32142 32103 31760 33005 
32115 31785 31833 33076 
32306 31591 32375 33180 
32528 31755 32793 33179 
32763 32005 33214 33091 
32995 32333 33580 32914 
33224 32724 33881 32708 
33374 33079 33983 32422 
33436 33396 33919 32143 
33380 33595 33701 31886 
33234 33691 33370 31707 
33017 33651 32944 31650 
32767 33511 32495 31726 
32520 33315 32104 31951 
32291 33037 31772 32253 
32127 32736 31560 32646 
32028 32423 31489 33071 
32040 32167 31580 33524 
32112 31928 31813 33876 
32293 31826 32162 34098 
32509 31824 32567 34151 
32776 31948 33017 34040 
32970 32108 33350 33682 
33182 32424 33682 33256 
33309 32727 33845 32678 
33388 33049 33887 32138 
33339 33267 33744 31607 
33192 33401 33451 31208 
33031 33476 33142 31047 
32833 33435 32777 31104 
32624 33327 32434 31390 
32474 33159 32149 31842 
32364 32976 31965 32393 
32315 32768 31864 32969 
32302 32560 31858 33494 
32407 32439 32017 33974 
32533 32357 32241 34247 
32625 32284 32461 34267 
32733 32291 32737 34116 
32799 32335 32967 33756 
32812 32393 33122 33247 
32787 32466 33197 32760 
32753 32559 33219 32397 
32711 32657 33161 32216 
32631 32691 33006 32094 
32556 32683 32808 31935 
32540 32679 32653 31589 
32532 32658 32508 31052 
32609 32654 32427 30462 
32850 32767 32466 30194 
33176 32920 32558 30545 
33323 33115 32706 31649 
32791 33628 32888 33383 
31201 34848 33035 35329 
29195 36705 33182 36993 
28594 37668 33208 37827 
31646 35619 33143 37706 
39103 29030 32997 36711 
48414 18965 32758 34989 
54472 9725 32516 32851 
51423 7714 32249 30562 
37884 16826 32055 28402 
18409 35602 31933 26597 
738 58677 31953 25525 
0 65411 32072 25468 
0 65535 32305 26629 
13503 65535 32588 28901 
33761 65535 32925 32123 
53959 48228 33216 35724 
65251 24395 33448 39270 
65511 4388 33582 41935 
65485 114 33594 43253 
65457 79 33476 42840 
57112 107 33299 40653 
45266 4136 33008 36887 
30179 11658 32664 32236 
12380 24578 32375 27506 
446 42985 32090 23408 
96 63807 31854 20702 
29 65380 31799 20060 
0 65535 31835 21500 
204 65535 31995 24833 
19935 65535 32257 29515 
40586 65535 32643 34910 
61518 43202 32979 39812 
65401 18835 33265 43511 
65535 559 33500 45448 
65535 0 33630 45315 
65535 0 33640 43096 
65535 0 33478 39197 
48115 18513 33259 34373 
28095 40778 32904 29347 
7010 63438 32605 25046 
120 65419 32305 22069 
0 65535 32096 20977 
0 65535 31952 21778 
10949 65535 31951 24304 
28747 65535 32089 28057 
48440 41809 32263 32395 
64541 17373 32488 36463 
65495 540 32687 39631 
65535 56 32906 41582 
65535 0 33028 41926 
65364 0 33139 40805 
43085 5 33178 38461 
22205 17227 33164 35406 
1817 36713 33083 32170 
99 56589 32958 29301 
16 65299 32784 27174 
8 65520 32630 26283 
6275 65535 32511 26542 
17729 65535 32429 27807 
32964 62290 32402 29808 
47366 37543 32425 32139 
57388 14191 32536 34278 
61764 413 32664 35867 
59976 61 32808 36703 
52509 27 32929 36677 
41078 27 33001 35883 
27909 6766 33071 34574 
15325 19482 33017 32988 
5913 34173 32922 31495 
1635 48374 32811 30392 
3613 59142 32645 29827 
11099 64246 32557 29974 
22227 62958 32451 30636 
34506 55738 32383 31697 
45830 43657 32384 32995 
53835 29534 32444 34190 
57613 15942 32579 35078 
57004 5408 32734 35528 
52554 268 32824 35365 
45551 66 32921 34696 
37559 5606 32993 33678 
29819 15935 33031 32505 
23548 28913 33063 31394 
19331 42438 32982 30471 
17700 54701 32904 29964 
18720 62513 32774 29933 
21956 64711 32599 30356 
26530 61078 32487 31216 
31236 52582 32320 32236 
35129 41049 32235 33343 
37358 29346 32217 34306 
38045 19581 32284 34985 
37717 13122 32459 35298 
36751 10464 32643 35170 
35394 11646 32904 34655 
33466 16345 33149 33817 
31269 23295 33348 32880 
29379 31291 33438 31950 
28937 38681 33479 31194 
30655 43836 33340 30666 
34292 45849 33138 30484 
38197 44777 32848 30636 
40451 41719 32557 31103 
39734 37944 32273 31785 
36235 34453 32056 32546 
31623 31612 31925 33307 
28268 29391 31911 33908 
27387 27518 32004 34286 
28691 26020 32192 34403 
30728 25269 32421 34253 
31987 25856 32679 33902 
31861 27901 32881 33435 
30879 31294 33026 32897 
29878 35679 33112 32442 
29278 40335 33151 32069 
29098 44106 33146 31861 
29242 45669 33082 31776 
30185 44041 33039 31829 
32656 38796 33022 32004 
37057 30407 32982 32178 
42428 21261 32966 32357 
46683 14075 32961 32528 
47402 11439 32902 32603 
43185 14858 32814 32677 
34804 23637 32679 32683 
25401 34912 32512 32732 
18112 45769 32307 32785 
15363 53315 32134 32885 
17524 55749 32000 33028 
23155 52544 31975 33215 
29874 45123 32033 33363 
35922 35498 32214 33487 
40456 26055 32467 33517 
43332 18643 32786 33440 
44506 14448 33059 33210 
44174 13419 33326 32922 
42316 15078 33502 32572 
38833 19097 33571 32189 
33863 25223 33504 31840 
27973 33020 33329 31588 
21971 41910 33114 31482 
17039 50578 32866 31554 
14618 57159 32625 31772 
15880 59830 32431 32117 
21001 57161 32233 32501 
29302 49230 32095 32936 
39142 37094 32017 33344 
48606 22767 32019 33695 
55897 8801 32102 33950 
59150 364 32188 33992 
57640 56 32380 33923 
50882 19 32581 33676 
39696 10999 32804 33316 
25308 27405 33045 32869 
11312 45579 33268 32417 
1163 61636 33449 31977 
48 65427 33536 31623 
33 65533 33578 31433 
14184 65533 33471 31383 
29095 56356 33280 31497 
43159 41901 33017 31783 
53100 25578 32691 32140 
57701 12535 32364 32571 
57650 4229 32119 33038 
54565 1202 31918 33458 
49886 2932 31827 33760 
43842 8917 31851 33932 
36167 18560 32003 33945 
26772 30961 32238 33806 
17026 43870 32485 33513 
8965 55262 32726 33170 
5122 62751 32961 32826 
7098 64095 33114 32451 
15193 58813 33228 32189 
27358 47497 33246 31984 
40245 32598 33207 31883 
50933 17259 33184 31911 
56990 4945 33098 31974 
57350 157 33062 32120 
52404 35 32999 32253 
44367 8053 32883 32344 
35472 21028 32864 32505 
27455 35378 32759 32605 
21502 48316 32665 32728 
18140 57277 32549 32860 
16988 61747 32400 32989 
17761 61871 32256 33114 
20302 58251 32147 33260 
24525 51309 32080 33400 
30103 41611 32109 33498 
36544 29647 32203 33531 
42920 16763 32375 33477 
47991 5164 32584 33311 
50493 171 32872 33086 
49169 42 33074 32727 
44138 4897 33268 32377 
36319 16022 33400 32004 
27361 31685 33468 31715 
19484 47759 33406 31507 
15003 60163 33299 31463 
14360 65368 33116 31565 
17309 65488 32895 31796 
23030 65434 32634 32164 
30270 52996 32398 32634 
37704 39559 32207 33154 
44522 25215 32025 33592 
49728 12482 31964 33970 
52177 3295 31972 34182 
50940 143 32099 34232 
46024 68 32294 34058 
38332 6463 32560 33699 
29707 16654 32873 33227 
21800 29131 33137 32601 
16400 41763 33385 32007 
13797 53148 33540 31493 
13832 62006 33606 31165 
16138 65373 33512 30993 
20748 65475 33305 31097 
27477 65412 33015 31426 
35883 53080 32684 31936 
44756 38323 32373 32556 
52508 21020 32106 33210 
56912 5073 31956 33795 
56850 163 31895 34200 
52176 39 31984 34397 
43640 24 32174 34335 
33056 10460 32418 34031 
22634 24943 32674 33545 
14072 40557 32931 32967 
8798 53897 33114 32328 
7895 62706 33279 31768 
11549 64749 33325 31321 
18768 60893 33343 31181 
27933 52843 33229 31187 
37113 42491 33056 31428 
44744 31551 32868 31873 
49707 21031 32681 32436 
51488 12045 32491 33030 
50583 4889 32312 33572 
47821 559 32162 33966 
43829 92 32095 34178 
38895 3867 32085 34157 
33389 13309 32206 33957 
27309 27158 32361 33542 
21342 43589 32617 33051 
16455 59636 32876 32478 
13828 65350 33129 31906 
14498 65502 33363 31494 
18550 65525 33518 31272 
25209 65522 33526 31189 
33409 58288 33444 31353 
41296 41829 33239 31690 
47212 25057 32966 32180 
50211 11330 32656 32709 
49951 2511 32374 33270 
46597 120 32081 33703 
41275 98 31903 34013 
35251 8607 31862 34112 
29433 18663 31936 34032 
24556 30111 32090 33750 
21144 41231 32359 33382 
19545 49965 32604 32921 
19930 54853 32835 32480 
22165 55577 33019 32111 
25864 52385 33126 31858 
30482 46021 33167 31731 
35235 37649 33158 31794 
39405 28683 33127 31944 
42535 20335 33099 32180 
44212 14096 33034 32398 
44221 11548 33019 32634 
42280 13666 32970 32733 
38541 20199 32937 32807 
33444 29482 32869 32799 
27962 39159 32773 32756 
23461 46905 32649 32723 
21416 50924 32538 32755 
22255 50984 32365 32801 
25400 48136 32224 32919 
29457 43672 32125 33092 
32961 38559 32069 33268 
35159 33002 32105 33425 
36262 27015 32194 33488 
37251 20558 32384 33465 
38811 14405 32601 33304 
40709 10347 32841 33025 
41820 10400 33069 32635 
40733 15573 33260 32218 
36996 24857 33416 31864 
31352 35798 33490 31594 
25552 45511 33461 31474 
21796 51597 33378 31519 
21003 53583 33240 31737 
22526 52738 33004 32023 
25144 50759 32748 32431 
27825 48297 32472 32858 
30293 44692 32152 33221 
33255 38835 31915 33551 
37182 30061 31788 33811 
41484 19498 31728 33895 
44760 9846 31808 33863 
45444 4665 32033 33730 
43272 5288 32345 33514 
39429 10738 32711 33192 
35734 18774 33138 32852 
33412 26559 33479 32433 
32081 33347 33762 32077 
30160 39739 33866 31731 
26360 47066 33820 31483 
21184 54797 33625 31387 
16810 61238 33302 31450 
15632 63853 32917 31634 
18874 60819 32496 31948 
25822 51881 32114 32361 
33768 38891 31850 32836 
40091 25378 31687 33288 
43781 13983 31721 33722 
45301 6327 31873 34007 
45936 2885 32155 34153 
46352 3311 32485 34099 
46043 7017 32825 33874 
43732 13698 33099 33462 
38736 22859 33314 33007 
31488 33793 33387 32480 
24142 44448 33343 32009 
18797 53499 33205 31671 
16607 59417 32929 31440 
17455 61372 32687 31445 
20163 58965 32491 31665 
23429 52739 32364 32007 
27041 43713 32390 32450 
31189 33295 32483 32865 
36323 23168 32633 33210 
41844 15518 32862 33450 
46629 11170 33070 33528 
49028 10388 33202 33426 
47932 12682 33238 33177 
43348 17153 33152 32839 
36911 22837 32942 32494 
30596 29360 32704 32241 
26061 36331 32405 32097 
23962 43122 32159 32118 
23805 48804 31956 32278 
24684 51812 31911 32579 
25782 51179 31972 32917 
26937 46811 32124 33208 
28720 39661 32442 33478 
31460 31516 32810 33575 
34823 25054 33173 33524 
37952 21320 33430 33227 
39733 20838 33613 32854 
39265 23092 33650 32418 
36497 26939 33509 31967 
32501 31338 33250 31641 
28775 35309 32866 31477 
26862 38029 32462 31525 
27645 38869 32160 31860 
30709 37297 31913 32266 
34994 33667 31841 32802 
39023 28802 31897 33302 
41654 24206 32167 33773 
41958 21631 32497 34014 
39944 22285 32844 34008 
36060 26327 33158 33760 
31129 32847 33374 33347 
26167 40149 33485 32815 
22085 46315 33420 32220 
19915 49458 33241 31726 
20067 48892 32952 31355 
22718 44993 32642 31263 
27546 38860 32383 31475 
33319 32266 32162 31875 
38922 26513 32085 32433 
43148 22274 32092 33031 
45207 19698 32225 33616 
44746 18517 32389 34002 
42252 18840 32680 34214 
38378 20639 32913 34135 
34145 24163 33122 33801 
30329 29420 33247 33266 
27544 35862 33249 32601 
25929 42332 33218 32004 
25147 47643 33095 31501 
25188 50477 32923 31195 
26231 49629 32686 31114 
28578 44763 32487 31299 
31992 37067 32365 31751 
35580 28443 32243 32291 
38110 21521 32198 32926 
38442 18389 32221 33551 
36328 19913 32283 34049 
32667 25109 32408 34333 
29014 31873 32565 34389 
26946 37676 32755 34208 
27382 40650 32906 33751 
30232 39957 33087 33195 
34434 36265 33255 32571 
38681 30998 33342 31921 
42106 25921 33415 31409 
43765 22581 33347 31065 
43382 21744 33224 30944 
40595 23601 33001 31047 
35405 28018 32781 31429 
28579 33990 32499 31964 
21625 40443 32254 32570 
16568 46121 32068 33201 
15088 49799 31941 33753 
18015 50521 31936 34175 
24080 47980 32014 34314 
31618 42474 32211 34277 
38764 34619 32398 33954 
44370 25461 32677 33525 
47548 16767 32857 32971 
48065 10523 32991 32432 
46090 8059 33090 32006 
41815 10017 33155 31736 
35671 16148 33127 31594 
28710 25679 33124 31693 
22691 36612 33093 31907 
18956 47303 33082 32211 
18439 55769 33049 32503 
21187 60172 33037 32777 
26449 59272 33028 32986 
32529 53213 32930 33039 
38226 43468 32819 32999 
42403 32215 32648 32874 
44353 21916 32481 32742 
43750 14192 32293 32597 
40810 10080 32119 32518 
36216 9305 32006 32543 
30899 11540 31979 32655 
25853 16540 32020 32832 
22081 24402 32165 33048 
20495 34282 32407 33295 
21404 44811 32693 33456 
24871 53836 32988 33494 
30449 58918 33218 33374 
37162 58519 33463 33187 
43407 52530 33587 32861 
47419 42570 33606 32463 
47759 31474 33548 32093 
43851 21867 33352 31724 
36922 16019 33055 31490 
29280 14043 32761 31474 
23437 14753 32409 31594 
21224 16807 32112 31931 
22755 19287 31883 32379 
26605 22102 31771 32916 
30764 26045 31779 33450 
33730 32062 31924 33892 
34790 40610 32200 34177 
34155 50326 32539 34234 
32817 59269 32954 34091 
31638 64364 33299 33683 
31446 63033 33569 33144 
32499 54337 33689 32466 
34406 40049 33695 31871 
36305 23294 33543 31366 
37299 8510 33261 31075 
36883 320 32882 31001 
35433 57 32505 31210 
33965 188 32208 31659 
33385 11117 31991 32281 
34152 21383 31921 32973 
35598 31504 31939 33608 
36497 40653 32081 34105 
35537 48954 32326 34393 
32081 56323 32599 34436 
26547 62131 32865 34204 
20549 64712 33035 33699 
16717 62660 33203 33124 
16508 55457 33265 32488 
20593 43211 33254 31873 
28248 27654 33178 31421 
37587 11605 33043 31171 
46354 485 32821 31115 
52330 65 32596 31309 
54175 32 32427 31743 
51460 5621 32253 32257 
45497 18021 32209 32872 
37979 32260 32199 33414 
30722 45298 32364 33924 
24488 54691 32527 34118 
19937 59159 32822 34175 
16946 58867 33039 33926 
15666 55089 33221 33515 
16450 48936 33336 32987 
19617 41206 33351 32418 
24711 32794 33236 31900 
30635 24787 33020 31533 
36302 17931 32738 31373 
41221 13086 32472 31476 
45441 10645 32193 31734 
48771 10968 32030 32140 
51065 13722 32011 32637 
51315 18576 32092 33100 
48234 25405 32238 33457 
41463 33748 32505 33709 
32029 42502 32773 33764 
22174 50546 33060 33684 
14578 56167 33276 33430 
11332 57914 33421 33093 
12820 55032 33438 32679 
17716 48532 33367 32315 
23844 40329 33175 32011 
29456 32796 32904 31821 
33860 27440 32578 31772 
37336 24213 32308 31919 
40482 21793 32102 32197 
43680 18504 31923 32516 
46681 14122 31918 32911 
48376 10056 32020 33255 
47405 9332 32260 33518 
43130 14239 32576 33639 
35962 24728 32913 33602 
27526 38494 33219 33372 
20197 51874 33509 33054 
16570 60478 33661 32663 
17592 62273 33725 32284 
22342 57432 33580 31914 
28901 48167 33328 31686 
34594 37980 33001 31648 
37861 29024 32595 31749 
38755 22409 32251 32041 
38251 17895 31948 32406 
37743 14884 31757 32857 
37937 13533 31769 33290 
38147 14221 31870 33605 
37133 17938 32097 33797 
