32657 32666 32757 33130 
32657 32666 32757 33130 
32908 33133 32960 32830 
33112 33527 33096 32516 
33312 33824 33214 32293 
33408 33923 33225 32139 
33389 33817 33138 32086 
33242 33524 32971 32103 
33031 33158 32785 32240 
32770 32720 32607 32441 
32577 32370 32529 32717 
32363 32049 32485 32921 
32225 31840 32499 33052 
32193 31799 32609 33117 
32252 31904 32758 33069 
32388 32134 32915 32920 
32570 32421 33035 32714 
32766 32741 33099 32485 
32912 33011 33071 32261 
32988 33216 32928 32094 
33022 33352 32755 32069 
33009 33392 32564 32183 
32929 33333 32360 32393 
32809 33187 32208 32687 
32662 32975 32099 33005 
32535 32755 32095 33316 
32509 32571 32227 33582 
32513 32388 32403 33698 
32590 32279 32662 33685 
32720 32231 32953 33521 
32778 32163 33138 33129 
32885 32225 33332 32725 
32969 32348 33445 32309 
32971 32504 33426 31938 
32860 32631 33268 31641 
32698 32771 33008 31525 
32470 32871 32669 31578 
32309 32984 32384 31870 
32178 33058 32145 32230 
32134 33096 32015 32670 
32211 33118 32035 33132 
32354 33054 32139 33458 
32626 33001 32384 33704 
32933 32910 32678 33741 
33263 32827 32990 33641 
33503 32681 33214 33322 
33667 32564 33383 32958 
33686 32470 33417 32550 
33537 32388 33314 32186 
33234 32351 33101 31929 
32868 32373 32840 31841 
32404 32404 32511 31890 
32022 32539 32281 32124 
31727 32682 32132 32457 
31553 32811 32064 32796 
31563 32905 32138 33105 
31745 32955 32287 33342 
32093 32981 32547 33471 
32503 32932 32778 33420 
32950 32854 32995 33257 
33357 32757 33158 32976 
33696 32702 33248 32673 
33907 32691 33296 32385 
33898 32681 33211 32122 
33684 32676 33034 31941 
33344 32699 32806 31913 
32927 32727 32569 32021 
32484 32746 32373 32273 
32039 32702 32174 32562 
31736 32667 32104 32949 
31580 32578 32105 33277 
31594 32497 32207 33539 
31817 32457 32412 33707 
32145 32448 32678 33713 
32552 32466 32951 33538 
32971 32535 33208 33228 
33340 32658 33404 32826 
33620 32819 33503 32374 
33736 32991 33469 31947 
33692 33155 33324 31615 
33517 33293 33088 31459 
33224 33346 32793 31472 
32880 33301 32502 31670 
32547 33175 32258 32051 
32260 32952 32075 32493 
32035 32647 31968 32961 
31912 32334 31968 33427 
31946 32110 32095 33795 
32081 31988 32319 34019 
32232 31916 32510 33995 
32460 32006 32764 33848 
32699 32208 33009 33543 
32905 32466 33189 33120 
33078 32758 33303 32658 
33243 33086 33407 32244 
33275 33273 33347 31815 
33264 33402 33223 31540 
33183 33378 33035 31436 
33039 33261 32792 31506 
32848 33029 32525 31736 
32678 32764 32303 32120 
32500 32478 32118 32558 
32373 32270 32028 33041 
32302 32174 32060 33472 
32277 32176 32187 33779 
32314 32300 32413 33923 
32454 32578 32759 33921 
32593 32830 33060 33696 
32903 33239 33502 32878 
32966 33251 33502 32364 
33063 33211 33445 31943 
33056 33019 33224 31627 
32955 32738 32892 31475 
32864 32487 32580 31572 
32735 32274 32267 31838 
32622 32153 32054 32217 
32492 32089 31878 32627 
32460 32195 31908 33097 
32454 32354 32023 33454 
32551 32631 32274 33725 
32673 32908 32583 33803 
32814 33189 32909 33716 
32913 33368 33179 33449 
33004 33472 33399 33109 
33038 33439 33499 32703 
33047 33330 33531 32363 
32936 33053 33378 32034 
32753 32698 33135 31823 
32561 32351 32845 31784 
32388 32039 32536 31895 
32252 31813 32254 32154 
32161 31671 32015 32446 
32199 31748 31921 32837 
32321 31958 31948 33193 
32529 32313 32117 33460 
32788 32739 32385 33593 
33026 33193 32699 33569 
33239 33609 33028 33376 
33366 33905 33298 33043 
33420 34020 33492 32652 
33357 33932 33555 32252 
33203 33637 33460 31923 
32976 33214 33255 31720 
32692 32670 32942 31707 
32468 32159 32647 31916 
32286 31751 32386 32270 
32143 31468 32169 32681 
32082 31383 32040 33092 
32082 31519 32031 33480 
32214 31892 32160 33766 
32357 32347 32347 33848 
32608 32903 32621 33769 
32796 33366 32823 33485 
32993 33741 33014 33065 
33162 33923 33143 32589 
33301 33936 33258 32163 
33310 33671 33232 31747 
33258 33283 33145 31521 
33117 32782 32978 31461 
32907 32292 32777 31616 
32722 31924 32600 31980 
32493 31674 32404 32420 
32311 31647 32284 32939 
32165 31783 32212 33402 
32124 32077 32223 33780 
32167 32463 32330 33974 
32298 32880 32516 33982 
32477 33245 32728 33771 
32699 33517 32952 33406 
32931 33644 33165 32914 
33153 33629 33329 32415 
33342 33489 33451 31964 
33391 33186 33404 31575 
33377 32847 33291 31393 
33253 32491 33072 31410 
33047 32207 32779 31609 
32805 32033 32481 31999 
32542 31998 32196 32449 
32315 32094 31996 32928 
32128 32262 31864 33364 
32072 32540 31924 33734 
32105 32791 32068 33937 
32203 32968 32299 33916 
32329 33042 32553 33731 
32501 33033 32825 33457 
32641 32883 33027 33052 
32781 32721 33180 32677 
32904 32572 33279 32360 
32986 32471 33286 32108 
33031 32465 33230 31972 
33064 32531 33112 31932 
33106 32721 33025 32018 
33123 32934 32923 32161 
33107 33117 32814 32306 
33088 33260 32758 32471 
33038 33309 32706 32601 
32975 33271 32690 32700 
32806 33039 32600 32708 
32652 32812 32552 32745 
32483 32536 32496 32768 
32318 32267 32420 32808 
32187 32080 32367 32901 
32082 31974 32316 33009 
32078 32006 32326 33158 
32177 32177 32404 33327 
32333 32428 32510 33437 
32534 32705 32618 33450 
32793 33003 32770 33387 
33001 33212 32895 33172 
33221 33375 33047 32926 
33379 33445 33186 32623 
33406 33374 33258 32236 
33367 33223 33292 31896 
33225 33007 33252 31635 
33004 32746 33108 31487 
32772 32512 32942 31539 
32573 32313 32733 31753 
32392 32161 32501 32108 
32196 32002 32219 32515 
32143 32003 32049 33046 
32124 32022 31954 33512 
32188 32147 31967 33872 
32349 32381 32139 34108 
32540 32665 32400 34129 
32767 32983 32728 33946 
32957 33279 33060 33538 
33129 33547 33366 33047 
33245 33724 33590 32509 
33281 33761 33691 31962 
33197 33623 33586 31502 
33071 33381 33375 31252 
32886 33025 33041 31210 
32654 32589 32625 31360 
32497 32221 32285 31775 
32367 31874 31989 32285 
32278 31640 31812 32881 
32245 31542 31748 33421 
32351 31687 31932 33916 
32477 31917 32182 34162 
32649 32249 32531 34218 
32841 32638 32883 34065 
32980 33033 33194 33767 
33083 33400 33412 33442 
33151 33678 33527 33103 
33148 33828 33520 32670 
33070 33782 33385 31997 
32906 33582 33171 31075 
32704 33251 32892 30022 
32593 32900 32610 29177 
32643 32555 32346 28964 
32754 32243 32167 29681 
32317 32078 31996 31262 
30723 32833 31986 33658 
27902 34861 32002 36066 
25648 37478 32173 38060 
27140 37796 32381 39108 
35323 32421 32634 39044 
48971 20522 32944 37906 
61868 6330 33173 35841 
65535 111 33374 33201 
54580 0 33481 30274 
34460 19711 33539 27439 
12778 44746 33482 25044 
193 64808 33305 23585 
0 65535 33112 23526 
0 65535 32782 24916 
21620 65535 32517 27804 
43434 65535 32278 31836 
64090 43398 32047 36415 
65535 19166 31961 40611 
65535 967 31953 43726 
65478 84 32046 45219 
57323 107 32207 44654 
46203 106 32465 42013 
30082 277 32661 37671 
10453 13822 32855 32371 
403 33779 32998 26981 
119 58119 33029 22376 
18 65218 33092 19473 
0 65522 33070 18782 
0 65535 33047 20424 
14513 65535 33026 24090 
35721 65535 33049 29184 
57622 51102 33053 34901 
65310 27711 33056 40063 
65535 3049 33056 43923 
65535 207 32980 45877 
65535 0 32885 45638 
65535 0 32751 43251 
57564 0 32568 39232 
37098 15764 32381 34297 
16024 40204 32197 29268 
415 63885 32068 24989 
0 65350 32017 22118 
0 65430 32045 21177 
4830 65535 32201 22170 
25757 65535 32379 24784 
47094 65535 32640 28549 
64800 45693 32945 32874 
65527 21541 33152 36756 
65535 886 33371 39791 
65535 165 33500 41473 
65535 106 33539 41614 
61036 0 33466 40280 
37933 0 33285 37685 
16813 8884 33059 34604 
545 28974 32730 31426 
1 53803 32462 28796 
0 65153 32192 27041 
0 65509 31994 26420 
11549 65535 31882 26938 
29581 65535 31977 28479 
48226 65535 32154 30522 
63214 55830 32423 32716 
65481 32612 32728 34664 
65535 7370 33044 36030 
65513 209 33287 36591 
47970 19 33441 36347 
27802 0 33478 35434 
7106 0 33402 34117 
194 6731 33193 32603 
33 26065 32985 31360 
4 48338 32687 30517 
8 64917 32485 30271 
12098 65470 32285 30540 
27540 65535 32210 31316 
43694 65535 32182 32383 
56724 65535 32281 33513 
63820 59162 32432 34438 
63777 36337 32603 34965 
57784 12169 32796 35030 
47277 322 32932 34603 
34556 45 33042 33787 
21815 4 33087 32689 
11581 0 33120 31649 
5534 10006 33030 30751 
4373 26330 32971 30270 
8031 44337 32814 30153 
15839 60014 32670 30530 
26541 65398 32554 31326 
38054 65529 32431 32388 
47416 65530 32394 33494 
53247 53932 32390 34473 
54744 36708 32445 35101 
52407 18885 32553 35358 
47440 3560 32735 35189 
41088 141 32883 34587 
34076 52 33035 33690 
26941 38 33158 32675 
20652 8738 33264 31713 
16734 21990 33231 30868 
17125 36546 33185 30414 
22002 48953 33040 30319 
29721 57341 32869 30625 
37145 60885 32627 31205 
41257 60131 32423 32042 
40547 55857 32277 32937 
36304 49009 32178 33725 
31582 40032 32142 34295 
29266 29455 32215 34588 
30231 18405 32342 34591 
33003 8785 32480 34277 
35323 2813 32613 33753 
35588 2365 32731 33153 
34008 7737 32847 32555 
31842 18131 32934 32076 
30201 31661 32984 31731 
29336 46290 33034 31606 
28852 58464 33076 31706 
28677 65090 33106 31923 
29718 65505 33151 32234 
33149 55774 33156 32523 
39319 40611 33169 32785 
46244 22839 33116 32930 
50042 8800 33023 32956 
47808 2333 32856 32877 
38992 5236 32669 32761 
26140 15915 32462 32657 
13821 30743 32257 32589 
7135 45002 32062 32570 
8315 54511 31927 32649 
15988 57601 31903 32823 
26815 54077 31962 33039 
37629 45652 32162 33298 
46268 34651 32442 33479 
51607 24117 32785 33550 
53715 16174 33121 33490 
53009 11479 33391 33246 
49828 10092 33592 32910 
44224 11776 33670 32509 
36197 16836 33659 32096 
26871 25015 33469 31724 
17163 36180 33258 31506 
8707 48891 32971 31463 
3518 60831 32685 31588 
3482 65372 32420 31906 
9663 65511 32166 32300 
21593 65535 31962 32774 
36222 55635 31842 33236 
51228 36881 31818 33645 
63829 16004 31916 33985 
65440 595 32090 34131 
65513 62 32345 34079 
65535 0 32669 33873 
65419 0 32951 33460 
45524 15732 33254 32987 
24735 35951 33480 32439 
4436 56891 33670 31948 
84 65332 33736 31579 
0 65535 33652 31323 
229 65535 33480 31273 
18892 65535 33221 31414 
36240 45654 32887 31722 
49808 23176 32538 32142 
55973 4730 32259 32665 
54906 143 31999 33122 
49215 57 31783 33479 
41700 59 31746 33788 
33943 6564 31789 33870 
26184 17939 32034 33900 
17506 32518 32316 33728 
8253 48605 32657 33478 
730 63523 32982 33126 
62 65428 33235 32728 
5 65526 33431 32381 
12722 65535 33475 32091 
30112 65535 33401 31911 
49170 48199 33214 31845 
64729 25513 32959 31912 
65484 3066 32656 32068 
65535 100 32448 32325 
65533 0 32324 32599 
65499 0 32315 32856 
54523 11173 32404 33033 
39301 27149 32601 33154 
25435 43138 32828 33166 
15313 55150 33027 33054 
9052 61696 33183 32911 
6402 62572 33246 32739 
6955 58799 33166 32556 
10656 51094 32994 32469 
17043 40178 32708 32421 
25658 26375 32439 32499 
35283 10782 32210 32667 
44423 407 32029 32835 
51199 87 31939 33008 
53555 23 31978 33121 
50677 0 32171 33213 
42981 12777 32432 33186 
32310 31144 32760 33064 
21337 51748 33094 32865 
13592 65067 33368 32618 
10898 65481 33561 32354 
13689 65527 33657 32110 
20794 65535 33592 31914 
30697 65528 33449 31862 
41191 51985 33160 31926 
50633 32893 32823 32132 
57881 13779 32455 32441 
61522 551 32121 32843 
60218 83 31838 33245 
53311 47 31684 33589 
41962 44 31704 33842 
28232 9589 31861 33904 
15061 22435 32158 33801 
4984 37327 32561 33539 
307 51563 32950 33088 
87 63456 33305 32548 
1520 65403 33632 32023 
9842 65486 33808 31546 
20169 65523 33822 31230 
32965 65535 33636 31103 
47227 50394 33359 31249 
60916 29075 32975 31617 
65372 6512 32559 32178 
65502 186 32189 32830 
65522 25 31883 33452 
65520 0 31752 34024 
56235 97 31758 34372 
40000 17984 31912 34495 
22516 36842 32147 34335 
8088 54768 32437 33950 
326 65180 32721 33380 
53 65507 32964 32771 
53 65527 33138 32162 
10663 65485 33274 31683 
22363 49627 33301 31393 
33828 33095 33252 31281 
42967 17273 33148 31376 
48726 3538 33050 31643 
50830 178 32927 32036 
50036 110 32827 32420 
47415 83 32726 32772 
43579 50 32674 33057 
38626 6416 32667 33264 
32238 20675 32604 33323 
25056 39440 32579 33328 
18005 59785 32562 33290 
12817 65337 32526 33214 
11348 65520 32477 33139 
14718 65535 32403 33068 
22519 65535 32393 33075 
32993 65535 32391 33054 
43976 46624 32434 33032 
53241 24792 32507 32926 
58401 6280 32619 32782 
58556 173 32764 32573 
53843 45 32892 32302 
45520 42 33016 32042 
35300 8977 33114 31797 
25356 21779 33215 31693 
16963 36315 33267 31719 
11086 50112 33243 31845 
8355 60810 33181 32084 
9132 65375 33069 32457 
13251 65490 32884 32865 
20091 58471 32612 33227 
28588 47189 32395 33640 
37567 32884 32154 33895 
45611 17944 31958 34000 
51618 4634 31874 33976 
55073 182 31905 33789 
55595 62 32024 33446 
52923 29 32273 33042 
46969 8415 32587 32559 
38451 22960 32988 32149 
28433 39814 33306 31692 
19087 55144 33620 31434 
12715 64916 33799 31270 
11071 65472 33850 31312 
14239 65483 33684 31458 
20587 58549 33405 31775 
27677 51013 33014 32181 
33424 40314 32542 32648 
37162 29009 32141 33147 
39593 17269 31820 33604 
42086 5577 31614 33938 
45184 217 31630 34153 
47864 56 31782 34163 
48034 18 32049 34018 
44155 9902 32392 33722 
36382 25035 32697 33309 
26623 41485 32998 32855 
18301 54402 33168 32380 
14286 61044 33295 31997 
14910 61977 33348 31739 
18634 59447 33265 31555 
23475 55863 33164 31548 
28060 51800 33063 31669 
32459 45867 32965 31872 
37729 36094 32864 32086 
44070 22387 32805 32324 
50042 7326 32777 32564 
53178 210 32761 32804 
51561 29 32692 32962 
45708 35 32629 33141 
38148 10574 32532 33281 
31932 21775 32440 33411 
28271 31649 32314 33498 
26189 39419 32197 33534 
23197 46788 32114 33520 
17991 55262 32121 33444 
11793 64175 32212 33311 
7940 65427 32385 33083 
10129 65526 32629 32783 
18671 65535 32864 32421 
30973 56075 33084 32050 
42959 37846 33313 31744 
51180 18707 33436 31510 
54734 3438 33510 31439 
54894 139 33465 31517 
53866 86 33346 31733 
52468 88 33149 32040 
49817 4969 32912 32446 
43975 12059 32639 32909 
34195 24082 32358 33362 
22833 37477 32124 33730 
12716 50454 31936 33968 
6831 60508 31837 34045 
6324 65268 31854 34003 
10097 65473 31960 33795 
15915 58601 32154 33483 
22192 48304 32428 33094 
28552 35532 32765 32669 
35440 22516 33092 32219 
43302 11545 33348 31777 
51150 4902 33571 31445 
56748 3429 33638 31252 
58220 6514 33610 31232 
54450 12949 33450 31364 
46397 21298 33224 31672 
36115 30613 32906 32096 
26954 39894 32619 32623 
20796 48896 32365 33181 
18134 56554 32161 33675 
18063 61372 32034 34062 
19308 61522 32029 34282 
21011 55892 32072 34265 
23298 45472 32186 34068 
26770 32445 32334 33679 
31722 20027 32563 33222 
37326 11194 32726 32652 
42276 7806 32913 32099 
44351 10076 33024 31592 
42799 16307 33095 31300 
38154 24521 33124 31189 
32183 32877 33074 31254 
27297 39942 32995 31518 
25383 44614 32885 31963 
27181 45803 32760 32476 
31819 43286 32657 33012 
37465 37555 32571 33522 
42233 30125 32529 33934 
44631 23225 32551 34178 
43768 19511 32575 34170 
39905 20673 32657 33978 
33806 26608 32727 33558 
26795 35697 32815 33051 
20177 45460 32862 32437 
15664 52671 32931 31879 
14345 54994 32914 31421 
16649 51823 32865 31160 
22270 44232 32766 31110 
30083 34493 32669 31329 
38576 24855 32542 31742 
45726 17476 32438 32289 
49987 13163 32359 32874 
50800 11541 32336 33446 
48372 12127 32396 33918 
43537 14699 32523 34191 
37372 19461 32671 34236 
31485 26311 32807 34072 
26716 34939 32917 33680 
23476 44378 32964 33204 
21661 53002 32959 32681 
21036 59105 32929 32220 
21613 60593 32830 31828 
23843 56555 32735 31603 
28012 47129 32636 31555 
33685 34103 32587 31667 
39398 20684 32594 31891 
42815 11318 32670 32194 
42564 8477 32792 32492 
38603 12664 32898 32722 
32462 22165 32992 32908 
26817 33111 33044 33022 
24120 41601 33040 33084 
25275 45184 32935 33057 
29765 43229 32785 33049 
35803 36903 32552 32994 
41703 28628 32348 33008 
45760 21480 32173 33036 
47212 17331 32047 33060 
45605 17279 32028 33077 
40699 21414 32114 33080 
32649 29141 32284 33028 
23094 38707 32584 32940 
14254 48190 32851 32752 
9048 55678 33128 32517 
9484 59482 33341 32244 
15744 58629 33476 31984 
25613 53140 33527 31817 
36350 43599 33467 31716 
45544 31205 33314 31744 
51768 17870 33097 31885 
54459 5729 32813 32151 
53536 203 32532 32498 
49257 60 32244 32892 
42133 80 31981 33260 
33042 12086 31794 33593 
23529 25772 31749 33880 
15621 41253 31815 33987 
11592 55723 31984 33948 
12500 65071 32259 33754 
17886 65478 32621 33472 
26057 65517 32981 33061 
35125 65386 33310 32562 
42967 48821 33606 32077 
47914 33286 33774 31668 
49354 19261 33754 31331 
47396 9208 33645 31189 
42376 3727 33376 31178 
35587 2713 33057 31392 
28430 5446 32673 31759 
22272 11750 32358 32261 
18202 21473 32083 32809 
17000 33932 31863 33309 
19252 47398 31799 33807 
24789 58373 31893 34153 
32766 63840 32061 34291 
41578 61916 32288 34209 
48986 53212 32527 33924 
52553 40150 32792 33540 
50413 26951 32936 33019 
42925 17087 32993 32490 
32313 12403 32990 32031 
22147 12399 32962 31726 
15989 15046 32872 31572 
16240 18018 32821 31598 
21674 20252 32825 31785 
29349 22466 32875 32021 
36210 26390 32967 32318 
40006 33669 33099 32615 
40015 44803 33200 32816 
36966 58143 33267 32935 
32810 65283 33229 32959 
29303 65514 33096 32919 
27810 65535 32850 32831 
28821 65535 32561 32743 
31809 47172 32234 32733 
35076 24376 31894 32724 
37221 4187 31697 32841 
37365 99 31579 32961 
36154 27 31632 33141 
35003 87 31889 33343 
35285 10366 32250 33467 
37155 19736 32682 33461 
39498 28680 33143 33352 
40267 37186 33542 33069 
37677 45685 33832 32696 
31005 54241 33956 32225 
21836 61218 33880 31796 
12961 64516 33712 31496 
7655 62026 33379 31320 
8468 52387 32959 31290 
16033 36838 32544 31484 
28500 17751 32183 31847 
42862 867 31913 32344 
55682 83 31718 32876 
63694 5 31665 33436 
64370 0 31744 33924 
58197 13256 31909 34230 
47632 30890 32162 34364 
35606 48959 32452 34309 
24874 63043 32807 34082 
16742 65449 33080 33615 
11709 65501 33321 33063 
9233 65489 33528 32489 
9215 55637 33621 31887 
12051 42965 33626 31398 
17897 29661 33494 31040 
25775 17395 33296 30900 
34217 7148 33051 30984 
41769 520 32771 31306 
47784 106 32481 31783 
52521 87 32237 32357 
56146 4257 32047 32983 
58221 11977 31941 33562 
57296 21955 31937 34025 
51781 33506 32014 34295 
40891 46176 32167 34348 
26885 58170 32388 34219 
12872 65256 32600 33880 
3036 65467 32826 33399 
189 65506 33031 32886 
4583 65513 33174 32366 
13885 56480 33314 31908 
23870 42265 33321 31555 
32369 29538 33272 31380 
38460 20844 33129 31354 
42879 15938 32950 31525 
46892 12307 32756 31867 
51058 7529 32523 32253 
54691 1515 32353 32722 
56194 122 32219 33134 
53685 28 32183 33513 
46210 6812 32259 33805 
34346 23388 32448 33931 
