33926 33916 33645 32449 
33926 33916 33645 32449 
34016 33831 33593 32273 
33944 33584 33447 32152 
33677 33160 33173 32032 
33334 32695 32896 32008 
32917 32231 32589 32069 
32472 31822 32310 32191 
32094 31584 32107 32414 
31798 31529 31962 32651 
31622 31637 31917 32957 
31597 31896 31929 33274 
31723 32268 32070 33579 
31985 32719 32276 33849 
32293 33157 32539 33954 
32597 33490 32767 33885 
32901 33727 32996 33638 
33165 33814 33203 33258 
33406 33766 33386 32789 
33544 33563 33483 32246 
33589 33250 33500 31727 
33505 32831 33388 31290 
33373 32416 33247 31055 
33140 32023 33009 31024 
32870 31745 32726 31224 
32611 31653 32464 31665 
32370 31731 32234 32266 
32190 31957 32075 32932 
32087 32295 32016 33620 
32061 32691 32039 34178 
32121 33076 32156 34510 
32220 33359 32309 34547 
32389 33544 32506 34341 
32564 33587 32718 33892 
32763 33500 32936 33275 
32892 33254 33075 32549 
33029 32997 33200 31906 
33087 32677 33223 31351 
33133 32415 33216 31091 
33064 32139 33093 31028 
32964 31965 32919 31252 
32829 31886 32728 31686 
32700 31937 32555 32288 
32601 32103 32427 32929 
32516 32315 32327 33480 
32497 32612 32334 33924 
32536 32944 32416 34134 
32598 33215 32549 34074 
32720 33469 32757 33822 
32801 33556 32914 33345 
32866 33542 33058 32790 
32931 33442 33165 32256 
32960 33252 33207 31792 
32887 32947 33100 31450 
32812 32656 32956 31369 
32722 32411 32770 31542 
32614 32219 32571 31916 
32498 32081 32387 32390 
32419 32053 32245 32923 
32360 32071 32157 33382 
32396 32193 32182 33730 
32497 32380 32300 33911 
32681 32607 32493 33870 
32834 32786 32656 33608 
32961 32925 32821 33215 
33081 33015 32979 32789 
33026 32969 32991 32305 
32983 32927 33011 31990 
32828 32825 32977 31818 
32648 32706 32908 31826 
32485 32634 32846 32006 
32382 32643 32829 32308 
32334 32699 32815 32623 
32371 32814 32828 32905 
32478 32956 32858 33081 
32674 33109 32918 33153 
32890 33234 32952 33102 
33058 33242 32907 32887 
33218 33170 32848 32654 
33270 32986 32715 32408 
33213 32693 32514 32202 
33056 32355 32304 32143 
32841 32051 32146 32214 
32525 31774 32004 32397 
32299 31692 32022 32752 
31990 31971 32332 33465 
32024 32303 32620 33711 
32216 32754 32978 33848 
32426 33135 33233 33686 
32742 33501 33476 33405 
33055 33733 33625 32981 
33300 33796 33627 32469 
33480 33711 33530 31989 
33493 33444 33279 31535 
33385 33129 32971 31278 
33165 32776 32633 31214 
32884 32476 32333 31392 
32567 32256 32084 31767 
32275 32110 31922 32269 
32040 32031 31816 32827 
31900 31998 31828 33398 
31879 32030 31938 33878 
32018 32132 32163 34241 
32231 32230 32418 34369 
32518 32375 32728 34291 
32831 32565 33041 33989 
33102 32772 33322 33518 
33299 32981 33518 32924 
33435 33214 33655 32310 
33504 33434 33710 31737 
33445 33551 33621 31244 
33347 33607 33461 30985 
33134 33505 33153 30897 
32903 33317 32799 31051 
32684 33103 32465 31460 
32433 32800 32112 32003 
32228 32517 31864 32664 
32071 32270 31718 33331 
31981 32077 31734 33934 
31959 31956 31848 34328 
32035 31918 32073 34503 
32201 32001 32399 34499 
32416 32088 32709 34191 
32645 32211 32979 33719 
32890 32360 33178 33128 
33086 32495 33302 32514 
33285 32692 33369 32010 
33355 32835 33304 31581 
33354 32988 33191 31363 
33242 33144 33032 31334 
33108 33319 32910 31500 
32959 33520 32826 31819 
32769 33624 32756 32135 
32621 33700 32758 32514 
32480 33648 32751 32805 
32392 33449 32756 33023 
32346 33128 32729 33135 
32368 32753 32683 33204 
32432 32327 32603 33226 
32521 31933 32495 33209 
32596 31593 32340 33153 
32636 31407 32179 33113 
32722 31431 32108 33114 
32749 31584 32085 33107 
32778 31880 32161 33120 
32793 32241 32333 33096 
32790 32644 32587 33017 
32769 33033 32886 32881 
32728 33326 33149 32637 
32743 33581 33419 32389 
32768 33746 33599 32136 
32776 33761 33636 31864 
32837 33711 33559 31682 
32933 33628 33414 31675 
32990 33432 33154 31745 
33001 33197 32840 31930 
32957 32911 32502 32221 
32860 32619 32215 32619 
32701 32305 31975 33046 
32486 31982 31792 33458 
32239 31649 31704 33796 
32108 31484 31794 34052 
32055 31400 31976 34131 
32082 31431 32233 34023 
32226 31628 32549 33765 
32508 32011 32919 33392 
32817 32486 33258 32894 
33128 33021 33504 32333 
33393 33595 33685 31808 
33549 34079 33729 31380 
33575 34385 33661 31110 
33454 34466 33459 31035 
33212 34282 33173 31176 
32891 33874 32819 31504 
32599 33332 32510 32019 
32315 32723 32223 32610 
32105 32109 32004 33211 
31993 31584 31880 33752 
31998 31252 31864 34147 
32129 31161 31979 34363 
32318 31263 32163 34358 
32570 31562 32411 34151 
32812 31990 32660 33730 
33018 32472 32898 33192 
33190 32942 33109 32610 
33273 33360 33264 32055 
33238 33619 33311 31557 
33141 33763 33308 31267 
32964 33718 33203 31165 
32735 33520 33032 31269 
32503 33251 32827 31589 
32325 32949 32633 32076 
32197 32650 32454 32620 
32189 32463 32360 33230 
32232 32320 32295 33699 
32367 32297 32321 34036 
32562 32324 32406 34143 
32805 32450 32582 34067 
33055 32573 32776 33768 
33220 32637 32932 33265 
33332 32688 33070 32723 
33367 32739 33176 32192 
33300 32736 33193 31709 
33128 32701 33116 31393 
32905 32666 32981 31284 
32644 32642 32808 31405 
32412 32635 32610 31733 
32228 32648 32428 32188 
32121 32704 32295 32728 
32123 32792 32230 33296 
32176 32848 32188 33729 
32350 32937 32265 34029 
32597 33032 32425 34140 
32829 33079 32621 34016 
33004 33046 32817 33662 
33123 32952 32994 33178 
33140 32803 33136 32617 
33061 32644 33218 32100 
32914 32466 33199 31683 
32737 32329 33107 31462 
32546 32211 32931 31435 
32397 32179 32702 31608 
32369 32257 32529 31994 
32427 32406 32399 32459 
32555 32610 32360 32967 
32676 32777 32345 33343 
32858 32975 32467 33638 
33011 33110 32632 33784 
33139 33201 32833 33803 
33210 33215 33013 33750 
33168 33143 33087 33544 
33084 33039 33129 33142 
32863 32846 33056 32347 
32643 32677 32926 31310 
32425 32521 32728 30220 
32381 32470 32537 29479 
32509 32455 32337 29474 
32497 32514 32217 30462 
31589 33033 32193 32304 
29294 34663 32248 34550 
26388 37315 32371 36615 
25718 39160 32621 38075 
30678 36595 32851 38470 
42525 27025 33088 37815 
57601 11759 33259 36157 
65394 432 33351 33910 
65535 0 33337 31280 
47439 8814 33213 28615 
26330 32047 33067 26352 
4581 57480 32784 24719 
0 65434 32496 24250 
0 65535 32238 25160 
11352 65535 32019 27456 
32522 65535 31965 30958 
53949 54252 31996 35185 
65366 30338 32128 39342 
65535 7007 32415 42739 
65506 155 32737 44655 
65299 92 33045 44658 
50699 118 33301 42609 
35929 76 33527 38703 
17562 6203 33634 33625 
833 22284 33527 28038 
186 45383 33378 23063 
59 64639 33086 19468 
0 65424 32749 17975 
0 65535 32406 18950 
4013 65535 32150 22259 
25689 65535 31964 27279 
47228 64138 31900 33279 
64763 39579 31939 39304 
65524 14945 32110 44193 
65535 466 32358 47217 
65535 142 32613 47920 
65535 0 32888 46221 
65535 0 33103 42322 
47169 0 33236 37031 
27070 23707 33295 31147 
5885 48732 33322 25707 
37 64979 33247 21481 
0 65398 33109 19110 
0 65535 32987 19061 
14664 65535 32814 21088 
35825 65535 32707 24847 
57149 61590 32601 29614 
65353 37658 32465 34650 
65535 12377 32351 39033 
65535 381 32282 42147 
65535 138 32203 43594 
65535 0 32207 43355 
51048 0 32278 41551 
30778 0 32425 38532 
9630 12114 32630 34936 
183 35797 32841 31304 
0 60685 33071 28242 
0 65327 33289 26124 
0 65535 33466 25233 
18911 65535 33499 25535 
38135 65535 33472 26880 
56362 65535 33333 28910 
65318 49470 33118 31252 
65535 25720 32831 33522 
65535 1564 32488 35312 
63782 117 32232 36472 
41368 3 32013 36857 
20555 0 31920 36624 
967 0 31935 35790 
83 12295 32015 34645 
10 33441 32203 33430 
0 56534 32373 32357 
2715 65266 32636 31643 
18017 65512 32872 31303 
34430 65535 33065 31303 
49560 65535 33236 31595 
59925 65535 33359 32057 
63701 51431 33458 32523 
60608 28763 33439 32828 
52049 4691 33384 32954 
39614 151 33257 32871 
26376 25 33113 32627 
14540 0 32929 32260 
6201 0 32718 31901 
2678 14647 32556 31695 
4454 32395 32361 31669 
11114 50623 32215 31853 
21500 64534 32102 32246 
33586 65484 32066 32787 
45359 65533 32125 33448 
53909 65525 32210 34019 
57986 52661 32361 34428 
57424 35037 32567 34615 
53156 17231 32748 34515 
46471 1758 32934 34115 
38625 112 33064 33481 
30198 47 33173 32737 
22024 36 33245 31986 
15496 9396 33226 31304 
12632 22759 33177 30891 
15003 36985 33075 30763 
21939 48723 32914 30912 
30824 56511 32789 31401 
38224 59910 32655 32056 
41338 59359 32549 32811 
39696 55447 32467 33494 
35618 48649 32441 34024 
32366 39304 32489 34312 
31961 28024 32566 34315 
34127 16498 32656 34023 
36767 6795 32721 33489 
37704 1752 32794 32878 
36208 2719 32798 32235 
33393 9859 32833 31755 
30645 21858 32787 31436 
28807 36928 32732 31396 
27724 51948 32683 31627 
27042 63086 32658 32081 
27194 65466 32651 32617 
29494 65532 32674 33180 
34801 51923 32700 33635 
42288 34023 32739 33902 
48714 16418 32773 33925 
50405 4271 32842 33755 
44945 1392 32842 33366 
33392 8003 32854 32874 
19405 21418 32869 32367 
8930 36798 32859 31900 
6157 49295 32822 31596 
11322 56160 32776 31483 
21705 56175 32688 31574 
33543 50191 32619 31898 
43978 40255 32547 32342 
50843 29509 32487 32849 
54143 20206 32426 33314 
54288 13843 32431 33714 
51792 10796 32493 33959 
46698 10835 32582 33969 
39400 13921 32712 33760 
30447 20146 32862 33414 
20656 29698 33037 32967 
11372 41881 33166 32459 
4316 55131 33252 31982 
1915 65011 33267 31610 
5422 65473 33176 31431 
14915 65531 33035 31475 
28794 65535 32832 31687 
44426 50123 32570 32024 
59269 29146 32388 32519 
65337 7757 32219 33006 
65497 215 32070 33384 
65529 26 32045 33670 
65535 0 32118 33836 
55373 6711 32249 33776 
37098 23621 32486 33600 
16401 44430 32760 33341 
596 63474 33036 32983 
0 65488 33259 32596 
0 65535 33442 32250 
9935 65535 33508 31960 
27530 54618 33431 31780 
43662 34028 33288 31787 
53776 13013 32993 31868 
55873 450 32663 32099 
51518 69 32327 32430 
43894 58 32059 32793 
35818 133 31835 33079 
28394 11504 31794 33369 
20828 24430 31905 33541 
12493 39967 32169 33596 
4226 56050 32528 33491 
173 65249 32933 33242 
24 65497 33300 32885 
6154 65535 33564 32499 
21714 65535 33784 32218 
40623 62996 33787 31938 
59746 39252 33629 31807 
65387 15490 33314 31811 
65534 468 32921 31967 
65535 29 32484 32215 
65523 0 32090 32576 
65395 2841 31793 32933 
47765 18275 31665 33274 
32509 34436 31658 33474 
20285 48840 31855 33579 
11950 58546 32168 33547 
7461 62407 32521 33345 
6465 60858 32895 33093 
8668 54934 33150 32751 
13771 45695 33348 32496 
21294 33281 33403 32296 
30470 18426 33327 32217 
39898 2724 33153 32238 
48046 159 32971 32378 
52668 48 32785 32534 
52311 1 32658 32680 
46716 7001 32607 32789 
37064 21826 32626 32795 
25752 42022 32692 32703 
15916 62416 32833 32580 
10574 65411 32892 32389 
11126 65525 32952 32273 
16890 65535 32919 32219 
26170 65535 32822 32281 
36823 63899 32650 32462 
47226 42881 32458 32753 
56102 22403 32219 33055 
61841 4038 32091 33412 
62826 146 32007 33647 
58495 54 32065 33785 
48799 42 32186 33681 
35095 5233 32418 33465 
20314 16907 32768 33137 
7930 31351 33073 32695 
520 46361 33386 32266 
90 59750 33617 31895 
82 65313 33718 31626 
5530 65471 33689 31528 
14346 65509 33515 31583 
26091 65535 33236 31798 
39903 61510 32892 32096 
54397 40141 32514 32454 
65048 16697 32201 32900 
65469 551 31885 33208 
65519 65 31689 33478 
65526 0 31632 33661 
65453 0 31708 33718 
47966 9609 31894 33640 
30269 27204 32225 33550 
14060 46727 32569 33326 
2153 63375 32985 33068 
83 65468 33305 32696 
41 65535 33612 32374 
6812 65532 33816 32104 
18202 57257 33832 31828 
30454 41848 33772 31698 
41076 24299 33540 31660 
48413 8295 33246 31772 
51506 310 32880 31942 
51066 122 32471 32194 
48321 97 32126 32532 
44211 66 31840 32872 
39138 40 31666 33199 
33148 12615 31660 33482 
26410 29598 31786 33664 
19494 49901 32044 33750 
13689 64953 32333 33688 
10846 65468 32658 33530 
12443 65535 32925 33262 
18774 65535 33133 32979 
28669 65535 33235 32669 
40038 55623 33270 32415 
50550 34263 33252 32225 
57992 12701 33124 32053 
60472 407 33050 32002 
57736 52 32974 32012 
50531 35 32917 32048 
40732 6379 32903 32120 
29980 16566 32900 32221 
20264 31270 32908 32327 
12998 46054 32945 32482 
8631 58435 32856 32565 
7659 65224 32769 32739 
10055 65482 32577 32868 
15743 65467 32356 33067 
23614 53686 32151 33254 
32533 39868 31944 33406 
41213 24512 31862 33549 
48505 9676 31883 33641 
53610 361 32046 33633 
55831 84 32318 33484 
54923 41 32662 33251 
50896 90 33046 32930 
43824 14571 33344 32503 
34511 30835 33642 32113 
24345 47907 33756 31720 
16000 61123 33758 31458 
11454 65394 33612 31335 
11930 65489 33387 31389 
16724 65394 33086 31590 
23868 54357 32711 31937 
30560 44273 32419 32411 
35229 33856 32097 32881 
37961 23062 31845 33337 
40038 11858 31735 33788 
42672 1185 31700 34059 
45799 110 31798 34180 
47916 34 31981 34127 
46914 579 32245 33916 
41623 16248 32565 33536 
32710 33199 32932 33076 
23292 48924 33253 32551 
16524 59705 33585 32069 
14324 63865 33773 31619 
16433 62751 33832 31318 
20994 59212 33768 31195 
25860 54991 33505 31214 
30113 50114 33209 31489 
34593 42294 32804 31863 
40235 30212 32427 32359 
46623 14737 32117 32905 
51683 749 31806 33372 
52720 62 31667 33755 
48833 16 31679 33981 
41652 7754 31840 34049 
34247 15392 32092 33933 
29345 26355 32423 33684 
27068 35310 32744 33316 
25447 42631 33057 32906 
21948 50431 33338 32514 
16122 59543 33514 32162 
10322 65293 33591 31882 
8514 65490 33554 31752 
13597 65535 33363 31701 
24234 65535 33099 31809 
36847 48723 32764 32011 
47358 28170 32457 32308 
53185 9720 32181 32628 
54469 284 31963 32940 
53387 83 31896 33200 
52004 83 31970 33379 
50405 86 32162 33451 
46888 8116 32475 33430 
39859 18526 32814 33285 
29482 31628 33101 33019 
18108 45745 33348 32742 
9427 58181 33514 32474 
6309 65136 33553 32282 
8347 65473 33444 32153 
13621 65467 33216 32118 
19910 54369 32920 32176 
26199 40983 32581 32321 
32582 26174 32282 32548 
39545 13050 32060 32778 
47123 3814 31917 32941 
53890 237 31891 33085 
57653 728 31998 33151 
56488 8161 32215 33146 
49977 17493 32538 33086 
40259 27545 32846 32942 
30173 37699 33127 32770 
22397 47438 33327 32613 
18292 56286 33445 32489 
17535 62647 33367 32369 
18707 64551 33215 32371 
20469 61012 32971 32410 
22482 51781 32672 32491 
25305 38417 32423 32627 
29809 23484 32251 32751 
35456 11579 32181 32844 
41127 5297 32242 32920 
44703 5504 32402 32931 
44814 11073 32650 32906 
41152 19882 32903 32814 
35003 29602 33108 32676 
28707 38597 33228 32528 
25021 44967 33266 32430 
25161 47800 33170 32366 
28967 46570 33003 32376 
34814 41428 32736 32436 
40678 33464 32460 32577 
44417 25086 32248 32770 
44899 19179 32088 32926 
42100 17875 32054 33101 
36600 21953 32110 33205 
29408 30631 32252 33201 
22210 41315 32491 33119 
16664 50562 32737 32953 
13924 55816 33009 32757 
14687 55437 33204 32514 
19086 49644 33343 32301 
26567 40039 33400 32121 
35402 29391 33348 32032 
43579 20346 33201 32043 
49462 14133 32967 32154 
51935 10968 32709 32368 
50682 10411 32429 32616 
46264 12118 32189 32911 
40045 15955 32022 33194 
33443 22098 31961 33421 
27723 30412 32019 33555 
23684 40150 32198 33569 
21343 50068 32433 33433 
20535 57975 32736 33176 
20962 62061 33031 32837 
22806 60730 33284 32466 
26485 53489 33452 32090 
31966 40986 33469 31756 
38251 26045 33390 31587 
42849 13680 33210 31604 
44054 7066 32945 31769 
41129 8103 32682 32082 
35025 15809 32407 32471 
27926 27565 32199 32937 
23119 38577 32064 33324 
22426 45263 32039 33619 
25903 46135 32153 33816 
32146 41500 32323 33828 
39096 33458 32527 33670 
45010 24796 32745 33387 
48399 18446 32907 32987 
48559 16225 33062 32598 
45176 18438 33126 32212 
38215 24677 33118 31876 
28637 33690 33062 31679 
18161 43839 32931 31646 
10138 52796 32765 31760 
7416 58556 32629 32034 
10845 60019 32488 32365 
19299 56707 32397 32740 
30151 48988 32397 33145 
40535 37634 32447 33443 
48701 23903 32575 33656 
53462 10420 32742 33693 
54616 687 32897 33574 
52476 81 33030 33320 
47145 46 33097 32944 
39096 6870 33111 32540 
29521 19186 33059 32190 
20179 34459 32918 31879 
13677 49565 32744 31724 
11535 62280 32552 31709 
14285 65414 32392 31876 
20898 65510 32285 32160 
29657 65524 32236 32512 
38194 56775 32284 32904 
44530 41309 32358 33259 
47878 25491 32488 33510 
47872 12740 32643 33652 
44817 4686 32820 33663 
39500 1432 32976 33513 
32802 2356 33065 33234 
26356 7025 33129 32897 
21232 15385 33137 32532 
18451 27120 33128 32208 
18613 40923 32996 31880 
22191 54374 32863 31733 
28645 63535 32695 31722 
36909 65472 32521 31857 
45063 60141 32352 32113 
50571 48299 32209 32431 
51262 33667 32162 32838 
46170 20803 32150 33182 
36797 12756 32254 33502 
26140 10233 32428 33648 
18040 11759 32628 33637 
15557 15050 32887 33501 
19276 18117 33119 33201 
26727 20575 33274 32793 
34590 23834 33374 32388 
39981 29737 33436 32080 
41365 39312 33333 31812 
38946 52256 33122 31704 
34421 64592 32877 31794 
29796 65452 32602 32030 
26859 65535 32369 32402 
26566 65535 32143 32762 
28923 64318 32012 33145 
32717 39146 31989 33435 
36162 16072 32064 33588 
37927 567 32221 33610 
37757 36 32434 33466 
36624 37 32658 33172 
36148 5508 32905 32824 
37171 14609 33098 32425 
39286 23911 33257 32102 
40786 32498 33329 31862 
39588 40949 33317 31767 
34431 49346 33217 31829 
25816 57227 33018 32016 
15961 62868 32824 32400 
8138 63596 32590 32785 
5649 57538 32364 33197 
10204 44594 32191 33528 
21080 26588 32166 33786 
35627 6853 32198 33829 
50402 205 32367 33727 
61880 24 32561 33405 
65439 0 32791 32952 
65452 6679 32947 32406 
54737 23223 33163 31968 
42642 42273 33210 31523 
30515 59199 33192 31273 
20441 65368 33082 31245 
13531 65509 32907 31443 
9517 65503 32693 31817 
8026 65344 32521 32362 
9212 50316 32350 32940 
13521 36429 32253 33496 
20754 22472 32224 33957 
29419 10387 32282 34228 
37931 1347 32435 34307 
44899 118 32614 34146 
50194 85 32777 33734 
54439 124 32927 33172 
57450 8927 33040 32585 
58250 18218 33125 32037 
55142 28981 33088 31566 
47012 40706 32997 31318 
34346 52455 32828 31302 
19484 62996 32632 31465 
6945 65407 32486 31853 
815 65497 32361 32317 
2346 65516 32317 32801 
9739 60468 32359 33218 
19705 45851 32485 33533 
29021 31986 32678 33661 
36095 21990 32913 33630 
40647 17053 33086 33400 
44217 14960 33221 33077 
48006 12503 33263 32719 
52032 7760 33199 32375 
55130 1647 33036 32126 
55115 91 32815 32017 
50332 4 32559 32056 
40635 13390 32331 32257 
27696 32050 32162 32539 
14915 52287 32068 32834 
6498 65116 32087 33116 
5307 65535 32200 33309 
11381 65535 32402 33413 
21833 65499 32663 33385 
32644 53131 32930 33223 
40481 39629 33149 32962 
44061 28949 33312 32604 
44300 21432 33403 32262 
43519 16308 33376 31989 
43341 12473 33227 31808 
43527 10430 32981 31769 
42261 11613 32695 31876 
