32170 32017 31986 33946 
32170 32017 31986 33946 
32387 32351 32204 33978 
32638 32741 32494 33863 
32922 33110 32817 33603 
33142 33393 33116 33181 
33339 33618 33404 32722 
33452 33732 33611 32248 
33446 33706 33700 31806 
33347 33559 33636 31447 
33134 33314 33439 31249 
32889 33035 33155 31259 
32604 32726 32815 31459 
32376 32439 32478 31835 
32233 32239 32223 32342 
32154 32062 32022 32915 
32145 31964 31920 33456 
32233 31950 31939 33880 
32404 32039 32075 34156 
32574 32177 32268 34194 
32768 32380 32506 34032 
32888 32579 32709 33639 
33004 32835 32916 33196 
33016 33003 33038 32613 
33052 33215 33183 32136 
33009 33341 33240 31712 
32905 33355 33199 31428 
32813 33314 33140 31409 
32659 33139 32973 31534 
32538 32930 32805 31849 
32441 32677 32618 32261 
32397 32472 32479 32785 
32356 32232 32324 33202 
32387 32082 32254 33580 
32490 32074 32281 33832 
32634 32147 32386 33881 
32783 32296 32555 33741 
32935 32523 32744 33453 
33086 32803 32974 33049 
33162 33010 33107 32547 
33197 33205 33219 32091 
33186 33339 33271 31732 
33073 33344 33179 31484 
32926 33298 33043 31458 
32718 33132 32823 31611 
32506 32930 32567 31917 
32333 32702 32342 32351 
32224 32513 32192 32861 
32141 32304 32084 33332 
32177 32192 32121 33727 
32273 32123 32229 33964 
32425 32136 32431 33996 
32619 32226 32684 33867 
32788 32333 32902 33529 
32919 32476 33050 33110 
33003 32625 33118 32655 
33061 32794 33133 32247 
33014 32898 33023 31891 
32970 33019 32892 31711 
32880 33115 32777 31688 
32827 33206 32689 31850 
32750 33249 32640 32062 
32714 33257 32661 32341 
32694 33214 32720 32619 
32696 33111 32802 32826 
32696 32936 32865 32923 
32707 32726 32910 32983 
32725 32498 32909 32988 
32713 32260 32841 32945 
32681 32059 32716 32885 
32654 31943 32576 32869 
32591 31908 32420 32874 
32526 31982 32281 32899 
32478 32181 32221 32970 
32421 32424 32182 33008 
32457 32749 32271 33073 
32544 33062 32444 33097 
32622 33298 32605 32995 
32757 33477 32826 32858 
32884 33524 33036 32659 
33044 33505 33247 32457 
33128 33361 33354 32225 
33187 33153 33409 32041 
33176 32911 33387 31925 
33067 32618 33239 31867 
32881 32344 33022 31929 
32667 32133 32775 32100 
32447 32012 32515 32406 
32256 31968 32258 32778 
32093 31981 32036 33121 
32025 32080 31908 33458 
32074 32259 31890 33719 
32271 32529 32033 33899 
32520 32792 32231 33846 
32814 33026 32515 33652 
33101 33254 32831 33312 
33324 33390 33123 32848 
33464 33441 33364 32354 
33488 33440 33539 31914 
33398 33352 33584 31585 
33170 33159 33484 31419 
32906 32948 33302 31469 
32590 32678 33029 31667 
32342 32470 32742 32101 
32148 32273 32467 32586 
32058 32144 32242 33065 
32043 32044 32068 33458 
32173 32059 32039 33770 
32355 32150 32091 33900 
32592 32311 32239 33826 
32821 32528 32435 33567 
33040 32772 32665 33223 
33181 32967 32850 32769 
33261 33134 33000 32324 
33271 33262 33100 31950 
33183 33283 33108 31699 
33018 33232 33047 31626 
32803 33077 32903 31724 
32570 32901 32748 32018 
32363 32699 32606 32407 
32215 32533 32518 32897 
32076 32355 32437 33310 
32049 32262 32441 33648 
32142 32265 32546 33838 
32369 32393 32749 33854 
32633 32524 32942 33648 
32915 32682 33103 33267 
33212 32867 33242 32799 
33447 33008 33285 32281 
33607 33117 33247 31836 
33646 33145 33106 31496 
33522 33067 32862 31333 
33279 32983 32603 31413 
32948 32844 32339 31692 
32549 32688 32105 32141 
32201 32567 31994 32672 
31902 32466 31956 33198 
31735 32425 32066 33697 
31730 32423 32265 34046 
31879 32462 32546 34177 
32114 32508 32835 34093 
32425 32539 33074 33797 
32753 32572 33242 33371 
33038 32574 33297 32846 
33261 32601 33267 32344 
33363 32625 33113 31907 
33362 32684 32947 31635 
33276 32774 32768 31559 
33142 32891 32620 31632 
32975 33021 32560 31845 
32811 33152 32559 32113 
32704 33278 32652 32448 
32637 33321 32766 32757 
32630 33307 32888 33003 
32618 33155 32926 33114 
32638 32977 32953 33193 
32631 32721 32881 33180 
32615 32444 32747 33153 
32572 32209 32587 33097 
32484 31997 32381 33027 
32381 31882 32215 32970 
32302 31872 32116 32933 
32300 31972 32130 32925 
32344 32165 32244 32913 
32471 32410 32431 32872 
32685 32725 32703 32823 
32937 33039 32992 32707 
33143 33263 33208 32516 
33361 33479 33416 32348 
33479 33615 33525 32184 
33463 33619 33497 32008 
33340 33549 33371 31918 
33116 33385 33153 31923 
32761 33079 32808 31978 
32424 32766 32484 32201 
32115 32419 32176 32522 
31908 32123 31952 32921 
31764 31799 31788 33299 
31798 31632 31819 33684 
31976 31636 31978 33970 
32256 31792 32267 34060 
32659 32103 32674 34023 
32999 32447 33016 33717 
33320 32865 33341 33239 
33578 33279 33567 32686 
33705 33616 33681 32105 
33665 33784 33614 31569 
33520 33831 33422 31220 
33266 33691 33131 31059 
32933 33391 32772 31120 
32574 33022 32407 31420 
32236 32594 32116 31916 
32028 32276 31981 32541 
31900 32039 31957 33169 
31851 31887 32029 33711 
31952 31916 32221 34131 
32136 32047 32451 34321 
32419 32292 32730 34299 
32691 32521 32928 34019 
32983 32753 33088 33584 
33219 32933 33188 33066 
33398 33045 33212 32477 
33500 33113 33201 31979 
33424 33045 33076 31552 
33277 32983 32944 31371 
33017 32859 32763 31354 
32732 32754 32587 31546 
32461 32691 32442 31939 
32201 32634 32301 32367 
32054 32635 32243 32858 
31991 32628 32225 33261 
32067 32671 32317 33594 
32305 32790 32554 33834 
32547 32822 32762 33810 
32821 32852 32999 33619 
33062 32840 33191 33277 
33226 32788 33312 32843 
33329 32765 33373 32436 
33341 32726 33340 32078 
33218 32666 33168 31821 
33011 32594 32924 31723 
32751 32537 32622 31803 
32546 32532 32373 32069 
32361 32529 32151 32419 
32257 32525 32020 32821 
32262 32542 32003 33195 
32344 32580 32090 33483 
32499 32652 32271 33683 
32724 32797 32545 33845 
32896 32891 32802 33856 
32999 32978 33008 33716 
33032 33160 33342 32615 
32953 33166 33420 31523 
32809 33081 33379 30321 
32698 32941 33225 29336 
32700 32745 32975 29078 
32702 32575 32728 29864 
32168 32613 32456 31588 
30622 33410 32205 33887 
28412 35149 32025 36136 
27252 36769 31967 37859 
29742 35868 32019 38688 
37429 30168 32202 38409 
48177 20158 32462 37141 
56783 9776 32797 35128 
56657 5554 33100 32543 
44734 12836 33360 29768 
24796 31739 33527 27056 
3031 56218 33571 24910 
4 65325 33479 23887 
0 65535 33307 24221 
8864 65535 32992 25975 
27913 65535 32623 29047 
49220 53980 32355 33226 
64912 30071 32060 37578 
65519 7207 31938 41418 
65503 151 31907 44018 
65464 63 32004 44852 
58001 101 32217 43703 
46299 3598 32454 40571 
31510 10593 32732 36047 
13590 22756 32910 30742 
517 40887 33037 25638 
114 62443 33107 21653 
31 65342 33052 19347 
0 65535 33009 19480 
0 65535 32916 21842 
17950 65535 32880 26005 
38444 65535 32848 31189 
59613 45233 32889 36627 
65360 21139 32947 41272 
65535 710 33002 44484 
65535 0 33069 45662 
65535 0 33050 44583 
65535 0 32953 41591 
51919 15290 32768 37227 
32104 37919 32539 32314 
10556 62336 32338 27612 
206 65381 32070 23993 
0 65535 31951 22040 
0 65535 31887 21911 
8910 65535 32001 23611 
27275 65535 32177 26677 
47761 45691 32458 30607 
64667 21748 32823 34557 
65501 887 33133 37839 
65535 78 33398 40106 
65535 0 33607 40986 
65535 0 33689 40421 
47182 0 33602 38568 
26102 14599 33417 35877 
4967 34862 33197 32957 
137 56475 32890 30210 
13 65277 32605 28178 
0 65520 32350 27099 
58 65535 32101 27068 
15490 65535 31953 28073 
30894 65535 31889 29757 
45760 44389 31925 31829 
56859 20471 32016 33851 
62097 787 32186 35491 
60547 78 32398 36513 
53068 23 32653 36737 
41187 15 32933 36223 
26968 445 33163 35044 
13182 15192 33382 33577 
2452 30887 33597 32033 
97 46688 33706 30709 
38 59206 33661 29815 
7177 65294 33586 29530 
19535 65496 33352 29820 
33859 57635 33036 30595 
47239 47978 32694 31766 
57272 31837 32348 33063 
62289 15775 32058 34235 
62028 2473 31807 35046 
57349 118 31702 35476 
49471 56 31734 35436 
39859 76 31870 34919 
30048 12054 32102 34031 
22131 25270 32402 33030 
16633 39809 32696 32011 
14171 53155 32988 31202 
14844 62771 33177 30646 
18470 65429 33341 30494 
24111 65479 33441 30749 
30143 55625 33479 31302 
35257 43560 33404 32013 
38586 30621 33329 32767 
39909 19393 33203 33434 
39661 11451 33022 33876 
38544 7887 32874 34052 
36822 8579 32715 33973 
34496 13124 32564 33661 
31676 20653 32418 33225 
28959 30096 32293 32715 
27816 38957 32215 32306 
29159 45406 32154 32030 
32905 48364 32138 31950 
37547 47768 32167 32081 
40828 44530 32238 32351 
40906 40086 32367 32722 
37559 35773 32568 33124 
32585 32197 32764 33393 
28542 29267 32997 33550 
27074 26675 33180 33505 
28210 24508 33323 33278 
30453 23200 33429 32933 
31986 23466 33419 32500 
32010 25637 33347 32094 
30968 29556 33205 31761 
29786 34756 32994 31555 
29080 40464 32776 31589 
28910 45431 32602 31810 
28987 48103 32444 32143 
29658 47241 32306 32578 
31781 42097 32214 33049 
35939 33181 32145 33461 
41847 22050 32123 33822 
46957 12804 32173 34017 
48707 8282 32255 34045 
45209 10337 32357 33862 
36909 18795 32529 33571 
26272 31445 32722 33151 
17579 44339 32933 32653 
13668 54282 33146 32155 
15365 58889 33333 31699 
21290 57317 33453 31385 
29172 50147 33491 31228 
36422 39735 33426 31240 
41883 28686 33312 31494 
45181 19374 33128 31880 
46370 13248 32854 32321 
45661 10783 32605 32868 
43088 11719 32337 33372 
38876 15422 32119 33787 
33295 21601 31980 34044 
26766 29907 31908 34119 
20005 40198 31989 34063 
14659 50370 32117 33792 
12160 58401 32323 33396 
13630 62440 32600 32966 
19360 60842 32862 32493 
28675 53422 33120 32063 
39988 40646 33275 31673 
50871 24982 33333 31483 
59128 9640 33302 31456 
63108 350 33141 31580 
61766 57 32950 31865 
54642 15 32691 32199 
42254 8603 32486 32660 
26647 24564 32376 33091 
10496 43371 32343 33451 
376 60955 32460 33723 
26 65414 32630 33802 
0 65535 32852 33698 
11063 65535 33049 33445 
26580 65287 33185 33069 
41859 45003 33247 32641 
53280 27004 33202 32244 
58753 11908 33007 31888 
58694 2371 32765 31766 
55027 122 32465 31782 
49502 73 32153 31951 
42827 5894 31905 32250 
34523 16382 31828 32702 
24799 29672 31873 33109 
14433 44125 32015 33395 
5977 57085 32365 33632 
1833 65132 32739 33653 
4063 65487 33131 33512 
12896 65525 33459 33225 
26675 55677 33705 32846 
41640 39200 33818 32441 
54596 21182 33790 32112 
62485 5420 33596 31835 
63601 152 33312 31743 
58373 27 32900 31748 
48639 4085 32477 31940 
37570 15947 32095 32255 
27204 30256 31796 32637 
19207 43661 31565 32987 
14256 53817 31505 33347 
12276 59643 31626 33648 
13010 60900 31875 33802 
16107 58404 32257 33842 
21220 52546 32705 33701 
28044 43557 33119 33409 
35897 31808 33512 33018 
43876 18272 33810 32536 
50454 5505 34021 32128 
53860 190 33980 31723 
53090 41 33754 31413 
47958 56 33431 31293 
39269 13979 33033 31370 
28764 30109 32589 31650 
19289 46973 32175 32082 
13229 60844 31849 32577 
11596 65379 31668 33115 
14302 65493 31645 33603 
20339 65506 31795 34008 
28414 62090 32041 34195 
37064 46415 32338 34183 
44969 30588 32642 33996 
51078 15488 32881 33614 
54240 3568 33046 33145 
53354 143 33078 32603 
48180 64 33104 32159 
39782 140 33034 31753 
29944 11208 32971 31509 
20936 22945 32925 31437 
14459 35818 32918 31515 
11243 48409 32955 31736 
11290 58987 33031 32035 
14020 65184 33134 32411 
19079 65459 33158 32720 
26475 65502 33163 33043 
35621 58437 33040 33255 
45968 43442 32842 33417 
54870 25351 32595 33482 
60326 7619 32347 33496 
60790 225 32068 33382 
56061 41 31845 33232 
46896 16 31729 33032 
34981 7194 31798 32859 
22741 21513 31946 32671 
12266 37977 32226 32495 
5296 52999 32553 32347 
3164 63481 32968 32294 
6111 65445 33285 32205 
13807 65493 33627 32249 
24096 57393 33790 32253 
35072 46042 33825 32313 
44719 33572 33705 32412 
51449 21531 33458 32521 
54663 10697 33091 32630 
54441 2043 32637 32732 
51731 145 32223 32858 
47324 84 31857 32954 
41850 57 31634 33038 
35564 9214 31583 33132 
28482 23157 31747 33219 
21425 40321 32056 33227 
15289 57905 32431 33171 
11479 65292 32837 33034 
11068 65498 33211 32843 
14661 65532 33504 32600 
21725 65535 33681 32349 
30564 65428 33693 32140 
39561 46326 33536 31988 
46992 28299 33247 31903 
51480 12892 32922 31967 
52204 2318 32506 32077 
49399 108 32228 32371 
44134 64 31996 32645 
37670 6841 31900 32955 
31156 17254 31970 33248 
25469 29414 32106 33440 
21252 41597 32385 33542 
18986 51374 32662 33518 
18854 57021 32876 33343 
20824 58053 33025 33122 
24457 54572 33065 32849 
29172 47616 33031 32599 
34298 38178 32968 32436 
38816 27995 32829 32294 
42320 18344 32727 32265 
44388 10796 32651 32282 
44785 7168 32676 32359 
43182 8701 32761 32427 
39590 15518 32875 32454 
34360 26127 32994 32461 
28472 37926 33109 32452 
23134 48445 33175 32428 
20322 54754 33141 32424 
20721 56286 32997 32456 
23989 53839 32758 32552 
28714 48882 32510 32739 
33156 42702 32231 32942 
36159 35833 31996 33191 
37571 28351 31840 33393 
38399 20450 31869 33573 
39543 12650 31994 33623 
41195 6758 32222 33532 
42392 5094 32548 33327 
41641 9261 32922 33028 
37961 18707 33219 32599 
31959 31183 33483 32211 
25363 43219 33620 31838 
20472 51944 33644 31587 
18764 56149 33538 31494 
20199 56458 33378 31601 
23323 54716 33111 31801 
26776 52209 32806 32098 
30011 48678 32465 32463 
33453 42923 32231 32917 
37644 33666 31957 33247 
42324 21910 31781 33509 
46177 10290 31752 33726 
47444 2423 31826 33804 
45356 726 31979 33749 
40776 5405 32231 33610 
36017 13737 32568 33379 
32723 22791 32915 33063 
31093 30957 33242 32730 
29691 38299 33504 32334 
26750 46075 33715 32005 
21847 54618 33778 31723 
16792 62445 33675 31524 
14362 65398 33488 31509 
16498 65502 33180 31600 
23048 59295 32856 31848 
31813 46232 32451 32146 
39462 30909 32135 32569 
44306 16683 31884 32988 
46266 6143 31738 33368 
46740 500 31739 33684 
46960 101 31876 33893 
46944 99 32109 33924 
45437 7542 32379 33801 
41223 16788 32681 33529 
34270 28304 32933 33132 
26254 40620 33200 32715 
19303 52255 33401 32299 
15862 60487 33504 31955 
15849 64352 33493 31699 
18201 63422 33359 31614 
21592 57971 33154 31696 
25126 48714 32839 31899 
29060 37594 32583 32255 
33872 26168 32315 32627 
39592 16527 32120 33013 
45271 10144 31998 33331 
49269 7710 32030 33567 
49897 9108 32221 33700 
46645 13214 32409 33558 
40639 19218 32716 33353 
33597 26433 32989 32988 
27831 34255 33200 32557 
24676 42056 33369 32183 
23841 48929 33421 31890 
24360 53464 33350 31744 
25180 54238 33142 31717 
26011 50671 32856 31901 
27148 43649 32568 32223 
29200 34869 32317 32649 
32299 26653 32125 33079 
35954 20851 31983 33454 
38736 18883 31979 33687 
39510 20348 32101 33786 
37836 24119 32301 33653 
34341 29040 32598 33427 
30398 33901 32865 33015 
27719 37795 33120 32570 
27579 39757 33321 32163 
30085 39253 33465 31851 
34229 36141 33455 31632 
38621 31093 33327 31615 
41881 25432 33125 31762 
42817 21110 32805 32021 
41193 20105 32495 32393 
37329 22974 32205 32822 
32020 29257 31972 33218 
26395 37357 31877 33565 
21543 45180 31916 33790 
18634 50302 32096 33820 
18311 51558 32412 33706 
20735 48742 32761 33442 
25618 42892 33109 33056 
32017 35530 33392 32572 
38436 28668 33570 32127 
43601 23310 33618 31765 
46509 19749 33513 31543 
46638 17744 33244 31485 
44182 17193 32888 31612 
40064 18166 32544 31913 
35287 20905 32245 32349 
30885 25580 32020 32809 
27523 31888 31902 33234 
25433 39147 31945 33621 
24436 45826 32093 33821 
24260 50605 32343 33876 
24976 52025 32623 33730 
27000 49192 32889 33467 
30425 42384 33101 33062 
34500 33573 33251 32674 
37995 25174 33306 32277 
39498 19899 33289 31956 
38257 19223 33147 31708 
34684 23065 32934 31637 
30345 29533 32711 31720 
27209 35745 32475 31947 
26530 39451 32300 32259 
28624 39470 32222 32661 
32623 35931 32192 33049 
37300 30174 32244 33377 
41258 24497 32406 33639 
43717 20592 32634 33778 
44114 19505 32844 33682 
42174 21632 33084 33486 
37566 26718 33241 33144 
30884 33734 33317 32719 
23342 41446 33311 32282 
17047 48340 33215 31896 
14073 52986 33036 31605 
15614 54384 32791 31521 
21204 52087 32561 31623 
29074 46258 32348 31886 
37161 37701 32216 32277 
43718 27457 32143 32725 
47957 17055 32184 33204 
49389 8646 32257 33548 
48132 4296 32434 33811 
44350 4845 32621 33879 
38358 10350 32777 33757 
31038 19969 32874 33496 
23663 32212 32912 33125 
18199 44915 32889 32708 
16145 55604 32843 32355 
17860 62449 32794 32080 
22743 63672 32747 31904 
29480 59062 32751 31877 
36542 49464 32805 31964 
42195 37102 32870 32084 
45512 24855 32993 32308 
46002 15329 33126 32535 
43780 9490 33172 32712 
39425 7407 33173 32824 
33818 8662 33085 32880 
27929 12964 32877 32886 
23088 20092 32637 32877 
20081 29729 32388 32883 
19526 40872 32144 32894 
21725 51518 31953 32923 
26718 59165 31869 32982 
33708 61135 31904 33062 
41000 56745 32063 33129 
46726 47190 32315 33156 
48993 35106 32632 33124 
46680 23649 32948 32994 
40115 15789 33237 32804 
31911 12792 33458 32561 
24755 13432 33593 32303 
21082 15959 33607 32070 
21664 18909 33513 31900 
25443 21785 33277 31772 
30279 25203 32988 31788 
33911 30283 32659 31931 
35385 37832 32390 32249 
34609 47424 32084 32600 
32569 57496 31919 33034 
30483 64595 31832 33425 
29576 65485 31914 33785 
30323 59396 32084 33960 
32577 45819 32360 33961 
35453 28252 32659 33749 
37833 10901 33007 33426 
38563 439 33257 32921 
37669 51 33425 32377 
36012 52 33516 31893 
34745 8407 33479 31498 
34709 18691 33331 31318 
35752 28794 33083 31330 
36796 37891 32782 31555 
36354 46009 32529 32002 
33328 53307 32302 32507 
27640 59649 32138 33036 
20930 63642 32067 33531 
15392 63823 32137 33893 
13282 58944 32283 34057 
15939 48664 32459 33993 
23409 33625 32669 33725 
33968 16510 32859 33313 
44719 1513 33010 32824 
53260 95 33087 32290 
57519 30 33158 31896 
56541 47 33141 31583 
50918 13529 33031 31452 
42722 28122 32897 31547 
33965 42460 32737 31815 
26222 53501 32571 32207 
20166 59505 32427 32675 
15807 60246 32330 33178 
13350 56655 32282 33620 
13142 50468 32347 33937 
15491 42748 32427 34001 
20325 34416 32584 33891 
26916 26065 32795 33595 
33861 18687 32998 33145 
39928 13201 33137 32578 
45125 10181 33289 32089 
49493 9728 33314 31632 
52909 11781 33229 31322 
54624 16225 33100 31245 
53068 22671 32868 31365 
47359 30751 32620 31708 
37714 39907 32410 32210 
26093 48993 32195 32763 
15575 56350 32097 33354 
8967 60229 32084 33857 
8115 59063 32159 34188 
12177 53305 32337 34315 
18846 44576 32530 34170 
25931 35569 32767 33853 
31876 28386 32949 33339 
36665 23851 33121 32786 
40670 21051 33232 32215 
44567 18046 33271 31713 
48279 13746 33226 31351 
50905 8947 33130 31191 
51021 6222 32950 31201 
47494 8887 32765 31451 
40241 18056 32563 31863 
30596 32190 32394 32377 
20982 47710 32284 32942 
14351 60253 32233 33490 
12752 65382 32233 33915 
16619 65402 32330 34181 
23807 55385 32504 34238 
31536 44082 32709 34059 
37426 33145 32924 33712 
40321 24424 33073 33163 
40879 18442 33211 32607 
40476 14504 33281 32041 
40310 12244 33250 31566 
40335 11789 33104 31262 
39556 14106 32941 31215 
36459 19997 32684 31317 
