32257 31426 32073 33397 
32257 31426 32073 33397 
32408 31674 32242 33559 
32587 32057 32497 33567 
32777 32519 32776 33465 
32918 32948 32985 33230 
32992 33296 33119 32913 
33056 33565 33205 32647 
33086 33691 33206 32444 
33029 33619 33096 32278 
32967 33428 32964 32243 
32851 33142 32806 32268 
32782 32877 32717 32393 
32725 32642 32663 32534 
32707 32485 32671 32649 
32705 32422 32719 32688 
32705 32423 32776 32664 
32724 32502 32830 32586 
32741 32593 32857 32477 
32725 32681 32837 32377 
32678 32713 32744 32329 
32637 32722 32638 32412 
32592 32678 32512 32577 
32527 32584 32374 32809 
32460 32442 32239 33064 
32452 32350 32218 33374 
32486 32299 32269 33631 
32593 32348 32442 33792 
32677 32417 32612 33731 
32822 32611 32875 33576 
32939 32841 33105 33218 
33032 33075 33266 32756 
33129 33354 33397 32283 
33206 33619 33459 31876 
33167 33701 33373 31517 
33082 33680 33217 31348 
32910 33481 32972 31321 
32713 33152 32714 31507 
32500 32739 32465 31863 
32305 32260 32247 32300 
32155 31806 32062 32801 
32090 31452 31948 33287 
32067 31257 31896 33702 
32176 31286 31974 34003 
32360 31536 32142 34151 
32612 31989 32411 34133 
32884 32537 32704 33929 
33112 33122 33021 33577 
33255 33635 33257 33088 
33343 34067 33478 32580 
33403 34354 33658 32116 
33283 34319 33632 31639 
33130 34115 33544 31371 
32910 33674 33320 31239 
32676 33101 33037 31286 
32448 32468 32690 31507 
32297 31902 32388 31893 
32233 31469 32128 32344 
32212 31225 31942 32821 
32267 31192 31839 33265 
32380 31392 31860 33648 
32556 31802 32010 33918 
32762 32331 32269 34051 
32930 32863 32561 33995 
32980 33301 32824 33745 
33006 33648 33084 33412 
32994 33853 33301 33032 
32949 33861 33423 32641 
32849 33709 33440 32261 
32709 33398 33305 31939 
32589 33035 33092 31728 
32458 32613 32794 31649 
32433 32278 32544 31764 
32441 32023 32333 31980 
32492 31871 32196 32249 
32574 31851 32160 32567 
32750 32025 32305 32908 
32913 32278 32513 33155 
33073 32612 32806 33334 
33133 32899 33044 33334 
33137 33131 33220 33227 
33053 33278 33295 33034 
32927 33348 33289 32836 
32746 33292 33124 32624 
32559 33165 32883 32447 
32392 32957 32581 32349 
32299 32763 32324 32345 
32262 32569 32118 32426 
32314 32432 32040 32578 
32424 32334 32069 32778 
32596 32329 32232 32991 
32726 32325 32432 33115 
32892 32410 32712 33199 
33033 32536 32995 33216 
33068 32628 33158 33053 
33123 32809 33321 32902 
33081 32919 33355 32635 
32996 33025 33304 32382 
32855 33046 33140 32134 
32686 32995 32907 31961 
32520 32881 32651 31900 
32385 32747 32428 31994 
32281 32574 32234 32195 
32227 32427 32127 32508 
32261 32348 32137 32873 
32345 32326 32225 33224 
32485 32386 32396 33513 
32705 32543 32663 33719 
32887 32722 32911 33751 
33038 32877 33101 33593 
33169 33031 33231 33282 
33252 33180 33310 32903 
33276 33238 33269 32464 
33204 33205 33132 32020 
33102 33140 32962 31722 
32908 32957 32709 31537 
32740 32782 32521 31597 
32531 32571 32345 31808 
32364 32390 32266 32147 
32228 32254 32246 32564 
32137 32160 32289 32985 
32135 32163 32400 33382 
32213 32253 32546 33685 
32364 32402 32690 33838 
32562 32589 32852 33806 
32738 32746 32933 33554 
32920 32897 32997 33214 
33062 33000 33004 32786 
33157 33063 32988 32346 
33236 33123 32968 31986 
33184 33072 32881 31694 
33072 32991 32770 31594 
32923 32887 32660 31685 
32726 32742 32546 31950 
32555 32634 32485 32363 
32402 32515 32431 32802 
32300 32431 32416 33234 
32265 32416 32454 33601 
32327 32471 32551 33833 
32465 32598 32709 33865 
32610 32715 32853 33668 
32769 32845 32984 33307 
32916 32912 33074 32803 
33024 32954 33116 32260 
33088 32928 33127 31803 
33076 32829 33044 31466 
32973 32668 32883 31340 
32879 32537 32732 31482 
32751 32440 32587 31840 
32614 32375 32429 32319 
32536 32410 32345 32888 
32433 32456 32249 33401 
32409 32604 32264 33845 
32453 32806 32355 34101 
32488 32975 32468 34096 
32595 33151 32636 33904 
32723 33275 32828 33512 
32825 33297 32973 32983 
32938 33257 33110 32437 
33027 33108 33193 31922 
33051 32874 33191 31513 
33023 32589 33125 31326 
32929 32294 32987 31348 
32755 31994 32769 31572 
32549 31793 32535 31967 
32389 31743 32355 32494 
32205 31766 32162 32997 
32130 31949 32091 33478 
32162 32282 32130 33857 
32282 32670 32277 34029 
32507 33090 32527 34008 
32766 33482 32803 33767 
33032 33793 33062 33362 
33293 33970 33297 32861 
33510 34020 33470 32343 
33590 33892 33519 31877 
33545 33621 33447 31558 
33338 33200 33224 31409 
33011 32662 32907 31429 
32665 32162 32590 31715 
32278 31678 32263 32086 
31985 31363 32025 32550 
31805 31228 31898 33013 
31715 31259 31853 33380 
31858 31543 31992 33676 
32108 31995 32250 33834 
32432 32496 32541 33789 
32757 33002 32825 33604 
33014 33413 33027 33298 
33224 33745 33183 33015 
33311 33891 33200 32684 
33307 33878 33169 32426 
33222 33720 33085 32252 
33040 33415 32912 32083 
32880 33094 32795 32047 
32742 32760 32731 32056 
32643 32452 32730 32109 
32594 32201 32752 32167 
32584 32040 32816 32239 
32623 31986 32887 32306 
32668 32014 32915 32388 
32726 32170 32914 32527 
32741 32351 32823 32673 
32706 32536 32671 32855 
32629 32691 32474 33070 
32530 32816 32290 33289 
32440 32893 32143 33484 
32373 32936 32082 33644 
32350 32928 32091 33682 
32425 32936 32255 33644 
32544 32947 32481 33468 
32703 32933 32743 33158 
32902 32959 33029 32787 
33080 32955 33253 32321 
33200 32932 33387 31889 
33261 32881 33450 31555 
33163 32761 33304 31365 
33003 32673 33112 31528 
32812 32572 32885 31819 
32583 32462 32627 32207 
32384 32393 32409 32691 
32207 32296 32208 33151 
32052 32194 32026 33544 
32029 32182 31970 33897 
32065 32212 31971 34049 
32198 32337 32070 34089 
32404 32544 32243 34011 
32661 32807 32486 33889 
32931 33104 32757 33707 
33159 33385 33023 33387 
33340 33596 33282 32782 
33462 33700 33506 31806 
33411 33615 33624 30572 
33227 33322 33633 29381 
32979 32877 33494 28638 
32810 32466 33263 28766 
32810 32256 32953 29989 
32890 32374 32629 32062 
32881 32802 32296 34508 
32647 33324 32008 36748 
32290 33527 31853 38342 
31977 32688 31765 38856 
32195 30789 31864 38335 
32976 28309 32066 36845 
33848 26450 32327 34670 
34064 26683 32642 31953 
32896 29881 32904 29118 
30466 35462 33097 26620 
27550 41826 33201 24850 
25576 46635 33247 24256 
25937 47792 33251 25119 
29041 44260 33141 27351 
34384 36993 33016 30764 
40277 27976 32934 34831 
45004 19608 32868 38910 
46963 14148 32778 42104 
45697 12720 32771 43794 
41550 14983 32739 43595 
35591 20156 32733 41481 
28917 27336 32717 37607 
22789 35610 32646 32632 
18253 43921 32584 27591 
15697 51402 32493 23238 
15555 56944 32405 20420 
18016 59413 32341 19684 
22709 57650 32311 21205 
29198 51402 32289 24716 
36742 41162 32326 29617 
44457 28085 32437 35188 
51022 14513 32609 40335 
55085 3274 32814 44105 
55801 138 33012 45988 
52634 56 33154 45677 
45900 260 33301 43266 
36221 13542 33382 39094 
25643 27907 33373 33985 
15877 43671 33294 28785 
8721 58184 33116 24302 
5652 65300 32880 21284 
7415 65487 32632 20201 
13684 65512 32403 21207 
23206 65516 32187 23972 
34224 54089 32024 27986 
44507 37212 31945 32543 
52406 19583 31966 36995 
56283 4662 32059 40522 
55685 155 32270 42577 
51271 50 32533 42976 
44351 48 32800 41743 
36439 11422 33102 39156 
29032 25098 33350 35691 
23303 39525 33532 32077 
19591 52091 33618 28827 
17968 60397 33575 26437 
18340 62934 33448 25226 
20483 59486 33208 25294 
23940 51151 32911 26511 
28197 39851 32606 28590 
32596 27565 32300 31068 
36522 16375 32070 33611 
39264 8284 31898 35699 
40581 4643 31848 37026 
40599 5695 31924 37519 
39696 11190 32122 37223 
38305 20238 32352 36210 
36942 31411 32637 34804 
35805 42918 32873 33258 
34867 52694 33015 31863 
34048 59127 33163 30894 
33024 60934 33207 30405 
31687 57721 33207 30432 
29935 50067 33109 30828 
27984 39568 33039 31545 
26129 27930 32977 32358 
24788 17354 32900 33010 
24544 10351 32831 33383 
25701 7762 32822 33494 
28287 9858 32768 33290 
32111 16184 32743 32893 
36512 25435 32652 32379 
40395 35374 32575 31964 
42884 43996 32487 31724 
43234 49535 32358 31747 
41358 51051 32299 32061 
37736 48414 32258 32578 
33513 42889 32301 33256 
29583 35994 32375 33859 
26793 29527 32494 34320 
25436 24642 32674 34528 
25474 22144 32854 34415 
26564 21983 33015 33980 
28372 23756 33144 33321 
30669 26932 33214 32541 
33357 31214 33259 31780 
36016 35773 33211 31137 
38228 39943 33134 30759 
39568 42853 33038 30700 
39480 43558 32865 30884 
37732 41563 32700 31375 
34554 37101 32552 32066 
30514 31071 32354 32747 
26736 25085 32226 33427 
24163 20693 32108 33975 
23836 19381 32062 34294 
25793 21386 32082 34388 
29560 26138 32214 34293 
34363 32466 32414 33976 
38556 38272 32679 33545 
41454 42293 32943 33045 
42597 43814 33166 32516 
41986 43026 33398 32093 
39685 40530 33539 31719 
36028 37440 33556 31499 
31489 34392 33504 31432 
26672 31577 33283 31464 
22639 28902 33056 31687 
20501 26177 32737 31964 
21035 23607 32454 32324 
24276 21885 32219 32737 
29422 21953 31980 33072 
34993 24600 31861 33393 
39664 29791 31908 33667 
42411 36387 32029 33823 
43005 42905 32278 33839 
41741 47248 32535 33711 
39324 48356 32852 33478 
36317 45749 33089 33130 
33127 39961 33269 32722 
30184 32673 33378 32349 
27667 25518 33359 32010 
25879 20131 33226 31793 
25111 17626 32991 31685 
25585 18377 32704 31741 
27189 21903 32465 31954 
29615 27172 32326 32294 
32348 33013 32294 32687 
34873 38380 32329 33015 
36875 42470 32469 33296 
38042 44729 32709 33480 
38391 45181 32978 33525 
37951 43741 33136 33350 
36905 40617 33259 33108 
35315 36066 33251 32752 
33385 30769 33097 32375 
31373 25485 32904 32096 
29502 21066 32579 31902 
28305 18525 32320 31925 
27973 18550 32059 32032 
28584 21483 31915 32306 
29866 27069 31928 32676 
31383 34510 32067 33090 
32619 42108 32337 33453 
33408 47987 32704 33692 
33876 50691 33024 33748 
34405 49299 33345 33654 
35169 43653 33557 33352 
36129 35166 33627 32944 
36810 25789 33538 32459 
36764 17879 33380 32022 
35574 13191 33087 31663 
33482 12939 32757 31467 
31102 16915 32450 31455 
29066 24084 32189 31625 
27897 32895 32013 31974 
27715 41921 31933 32429 
28352 49389 31956 32955 
29429 54205 32057 33460 
30741 55531 32234 33883 
32132 52894 32458 34153 
33589 46150 32701 34214 
35032 36679 32924 34061 
36356 25683 33091 33688 
37361 15087 33219 33155 
37855 6994 33300 32543 
37768 3101 33374 31932 
37006 4394 33339 31386 
35698 10827 33279 31024 
33937 21356 33151 30889 
31834 34482 33031 31052 
29550 47588 32854 31474 
27375 58341 32642 32050 
25682 64854 32471 32773 
24819 65459 32293 33438 
25180 63157 32132 34016 
26923 53405 32037 34351 
29873 41391 32044 34478 
33457 28108 32074 34314 
37161 15513 32199 33966 
40087 5841 32330 33423 
41876 457 32483 32841 
42296 89 32633 32271 
41458 1889 32830 31838 
39401 10766 32974 31535 
36426 21835 33150 31471 
32661 34571 33289 31561 
28397 47610 33432 31834 
24071 58928 33479 32118 
20795 65211 33555 32513 
19135 65464 33506 32812 
19757 65491 33329 32960 
23115 57586 33139 33104 
28668 45126 32823 33070 
35503 30965 32497 33024 
42371 17405 32151 32920 
47885 6553 31861 32866 
50598 636 31637 32814 
49980 85 31565 32847 
45933 3786 31576 32898 
39327 12028 31780 33020 
31295 23116 32091 33115 
23703 35025 32486 33202 
17869 46125 32852 33135 
14866 54984 33255 33027 
15071 60426 33554 32816 
18262 61546 33796 32560 
23586 58305 33880 32273 
30112 51197 33801 31981 
36997 41111 33629 31768 
43025 29926 33364 31689 
47395 19245 33019 31726 
49431 10799 32644 31893 
48750 6020 32320 32203 
45207 5673 32010 32590 
39458 9900 31801 32992 
32467 17885 31643 33345 
25642 28263 31642 33694 
20288 39443 31784 33955 
17662 49044 32015 34039 
18097 55593 32309 33975 
21239 57972 32667 33734 
26329 55785 33008 33356 
31964 49609 33329 32863 
36833 41028 33582 32345 
40225 31527 33768 31882 
41723 22754 33811 31470 
41386 15978 33687 31178 
39791 12414 33474 31109 
37564 12229 33164 31217 
35300 15256 32809 31534 
33350 20845 32434 31981 
31886 28185 32121 32553 
30907 35728 31899 33146 
30256 42385 31759 33661 
29966 47177 31798 34083 
29961 49411 31942 34293 
30221 48771 32152 34278 
30613 45628 32445 34109 
30858 40586 32703 33754 
30766 34517 32918 33312 
30253 28637 33012 32797 
29566 23873 33065 32322 
29146 21027 33081 31958 
29477 20524 33029 31677 
30925 22433 32982 31557 
33426 26046 32953 31554 
36575 30445 32945 31664 
39660 34554 32984 31843 
41954 37407 33039 32067 
42756 38413 33139 32351 
41831 37565 33173 32584 
39270 35489 33121 32789 
35442 33122 32997 32994 
30941 31357 32743 33155 
26632 30937 32505 33362 
22912 31814 32193 33478 
20371 33688 31926 33601 
19367 35947 31693 33601 
20339 37847 31636 33566 
23238 38860 31732 33454 
27875 38704 31978 33252 
33620 37335 32330 32958 
39670 34850 32790 32661 
44859 31423 33243 32316 
48185 27420 33642 31992 
48923 23385 33887 31699 
46895 20090 34000 31540 
42550 18443 33893 31485 
36780 19169 33664 31585 
30561 22606 33274 31776 
25007 28601 32866 32101 
20773 36257 32407 32470 
18613 43914 32028 32921 
18513 50029 31720 33309 
20477 53271 31560 33666 
24248 52870 31571 33936 
29170 48802 31746 34081 
34355 42020 32022 34062 
39071 33741 32371 33907 
42598 25316 32697 33576 
44533 18081 33057 33182 
44474 13415 33339 32713 
42547 11987 33575 32244 
38933 13951 33674 31777 
34299 18985 33684 31426 
29428 26259 33553 31186 
25560 34058 33337 31126 
23511 41208 33070 31266 
23719 46656 32745 31543 
26005 49806 32481 32015 
29485 50344 32224 32533 
33170 48327 32051 33074 
36087 43889 31980 33592 
37724 37315 31979 33987 
38107 29369 32098 34258 
37409 21712 32290 34319 
35903 16015 32489 34190 
33822 13804 32676 33878 
31300 15861 32807 33410 
28808 21610 32867 32887 
26870 29449 32892 32364 
26172 37459 32902 31949 
27110 43867 32888 31626 
29654 47410 32883 31476 
33238 48104 32901 31483 
36928 46269 32947 31634 
39832 42435 33034 31899 
41096 37345 33148 32221 
40527 31474 33193 32500 
38452 25686 33221 32774 
35408 20900 33169 32986 
31832 18012 33010 33112 
28657 17993 32777 33162 
26195 20772 32499 33173 
24724 25736 32201 33149 
24480 31912 31960 33122 
25554 37903 31792 33097 
27946 42816 31781 33122 
31259 45850 31860 33112 
35150 46740 32099 33097 
38653 45332 32433 33065 
40870 41971 32825 32990 
41277 37083 33153 32801 
39795 31438 33429 32589 
36846 25855 33652 32398 
33279 21335 33673 32128 
30103 18637 33575 31927 
28042 18224 33374 31802 
27406 20306 33088 31748 
28060 24608 32812 31843 
29441 30527 32528 32012 
31063 37051 32329 32319 
32492 43063 32155 32656 
33610 47118 32081 33061 
34431 48334 32093 33449 
34915 46323 32134 33754 
34999 41507 32240 33965 
34480 34897 32381 34011 
33380 28310 32557 33923 
31868 23152 32719 33669 
30390 20479 32883 33295 
29516 20689 33027 32788 
29732 23451 33126 32244 
31081 27916 33231 31766 
33242 32900 33302 31405 
35482 37352 33271 31158 
37097 40225 33170 31098 
37771 41174 33063 31283 
37345 40102 32858 31628 
36043 37398 32651 32127 
34203 33838 32491 32727 
31968 30133 32295 33280 
29673 27132 32205 33811 
27455 25243 32157 34149 
25717 24778 32223 34324 
24990 25783 32349 34278 
25741 28109 32523 34011 
28142 31534 32673 33585 
32059 35743 32801 33062 
36517 39843 32839 32494 
40536 43178 32860 32029 
42965 44886 32826 31668 
43101 44337 32768 31509 
40799 41181 32741 31539 
36842 36071 32739 31725 
32193 29885 32775 32007 
27974 23966 32896 32345 
24940 19569 32980 32617 
23577 17754 33083 32823 
23925 18915 33160 32961 
25623 22648 33166 32998 
28320 28094 33137 33013 
31542 34035 32982 32936 
34897 39153 32744 32870 
37883 42492 32485 32852 
40109 43658 32236 32883 
41188 42773 32009 32947 
40886 40405 31889 33074 
39021 37207 31863 33162 
35995 34166 31966 33207 
32294 31761 32185 33185 
28663 30300 32500 33090 
25721 29655 32812 32877 
24054 29578 33143 32592 
24108 29716 33404 32302 
25820 29794 33600 32043 
28780 29718 33607 31799 
32706 29671 33557 31717 
36549 29670 33334 31734 
39347 29825 33075 31860 
40649 30132 32810 32129 
40081 30483 32516 32458 
37953 31029 32297 32870 
34976 31861 32085 33231 
32071 33261 31945 33515 
30000 35400 31896 33747 
29107 38097 31965 33877 
29186 40721 32120 33859 
29772 42322 32339 33719 
30388 42128 32612 33481 
30821 39853 32886 33124 
31093 35786 33148 32685 
31325 31107 33369 32259 
31622 26860 33530 31877 
31955 23822 33538 31516 
32418 22288 33501 31376 
32937 22026 33315 31356 
33676 22766 33068 31487 
34701 24455 32742 31750 
36034 27362 32476 32191 
37249 31407 32228 32643 
37937 36335 32067 33122 
37660 41169 31983 33530 
36252 44859 32011 33857 
33966 46234 32197 34099 
31182 44861 32374 34100 
28549 41295 32609 33977 
26519 36537 32825 33690 
25344 31742 32987 33274 
25252 28039 33101 32821 
26207 25673 33172 32359 
28149 24451 33145 31911 
31109 24095 33064 31551 
34750 24434 32945 31361 
38457 25452 32758 31309 
41545 27416 32613 31484 
43184 30341 32494 31816 
42730 33817 32449 32281 
40127 37281 32447 32809 
35838 40008 32459 33271 
30860 41459 32557 33719 
26134 41284 32704 34024 
22865 39564 32842 34082 
21621 36762 32975 33945 
22551 33431 33053 33601 
25407 30172 33081 33136 
29674 27467 33016 32541 
34460 25900 32959 32042 
38865 25553 32820 31606 
42091 26569 32636 31335 
43530 28822 32500 31344 
42679 31951 32348 31532 
39778 35267 32316 31958 
35211 38007 32304 32448 
30085 39540 32382 32994 
25590 39439 32495 33479 
22803 37716 32685 33887 
22408 34810 32826 34026 
24333 31472 32925 33935 
27955 28479 33013 33712 
32294 26262 32964 33295 
36299 25341 32885 32848 
39189 25651 32750 32376 
40677 27146 32655 32038 
40713 29721 32592 31837 
39515 32882 32570 31770 
37347 36312 32592 31814 
34537 39555 32724 32029 
31298 42073 32906 32302 
28062 43051 33046 32534 
25413 42240 33156 32753 
23908 39486 33171 32887 
24163 35066 33114 32969 
26328 29764 32940 32960 
30047 24846 32738 32967 
34439 21243 32516 32963 
38466 19809 32265 32925 
41242 21043 32086 32941 
42037 24827 31984 32987 
40726 29974 31990 33025 
37832 35427 32161 33115 
33934 39991 32382 33111 
29839 42921 32682 33069 
26395 43733 32993 32933 
24287 42601 33213 32687 
23995 40126 33438 32475 
25539 36733 33521 32242 
28674 32809 33442 31996 
32830 28963 33288 31853 
36829 25928 33082 31842 
39852 23945 32806 31894 
41418 23477 32567 32110 
41150 24608 32346 32389 
39236 27069 32165 32700 
36148 30309 32061 33023 
32485 33603 32025 33328 
28806 36471 32069 33592 
25780 38422 32183 33744 
23905 39355 32364 33793 
23422 39377 32591 33705 
24500 38559 32794 33490 
27229 37085 33036 33188 
31203 35157 33232 32818 
35819 33001 33361 32373 
40294 31049 33449 31980 
43628 29690 33463 31664 
44898 29086 33359 31427 
43629 29273 33225 31392 
39876 29837 32983 31467 
34422 30313 32716 31722 
28252 30374 32458 32138 
22988 29873 32217 32608 
19728 29182 32037 33078 
19008 28914 31929 33527 
20931 29609 31909 33834 
25268 31625 32049 34056 
31340 34702 32265 34066 
37899 38013 32513 33896 
43776 40715 32770 33551 
47707 42006 32974 33132 
48685 41386 33112 32652 
46257 38996 33204 32262 
40901 35443 33200 31973 
33679 31538 33109 31778 
26141 28175 33023 31785 
19850 25813 32912 31889 
15935 24542 32803 32090 
15369 24272 32756 32323 
17967 24732 32755 32551 
