32697 32652 32125 33045 
32697 32652 32125 33045 
32644 32733 32065 33596 
32603 32790 32132 34015 
32575 32812 32284 34225 
32574 32818 32545 34220 
32571 32804 32816 33988 
32591 32763 33058 33546 
32662 32775 33288 33049 
32732 32761 33393 32485 
32787 32753 33388 31944 
32847 32766 33276 31542 
32859 32760 33051 31313 
32867 32754 32806 31316 
32839 32743 32535 31519 
32807 32716 32309 31911 
32743 32675 32143 32357 
32683 32625 32090 32873 
32579 32520 32070 33287 
32579 32521 32226 33684 
32568 32497 32424 33878 
32593 32527 32654 33882 
32679 32634 32908 33775 
32722 32706 33070 33423 
32831 32888 33238 33105 
32863 32999 33279 32675 
32920 33139 33277 32303 
32905 33192 33175 31979 
32819 33132 32988 31768 
32730 32996 32793 31712 
32569 32744 32531 31791 
32463 32488 32364 32056 
32337 32181 32192 32344 
32268 31951 32105 32714 
32306 31855 32141 33069 
32437 31957 32284 33372 
32626 32179 32484 33526 
32857 32517 32732 33547 
33134 32971 33027 33462 
33302 33342 33213 33178 
33416 33657 33365 32858 
33417 33827 33422 32499 
33331 33842 33401 32211 
33083 33597 33211 31931 
32782 33256 32963 31822 
32451 32790 32640 31838 
32202 32374 32390 32051 
32028 31992 32179 32349 
31947 31700 32023 32694 
32000 31623 32014 33062 
32190 31732 32124 33389 
32428 31960 32299 33551 
32741 32328 32562 33644 
33009 32708 32811 33537 
33177 33014 32973 33314 
33211 33204 33051 32973 
33155 33285 33055 32646 
33020 33266 33018 32383 
32746 33049 32851 32113 
32517 32842 32735 32013 
32372 32671 32670 32055 
32363 32600 32696 32207 
32409 32572 32739 32364 
32582 32672 32868 32567 
32807 32829 32991 32712 
33073 33033 33125 32818 
33274 33200 33197 32856 
33395 33277 33188 32834 
33403 33249 33069 32773 
33256 33077 32835 32703 
32985 32785 32532 32625 
32620 32412 32208 32611 
32253 32053 31947 32673 
31920 31733 31760 32765 
31672 31537 31721 32893 
31580 31523 31830 33012 
31714 31740 32119 33163 
32003 32115 32505 33230 
32406 32614 32942 33215 
32879 33163 33346 33126 
33336 33689 33676 32947 
33711 34092 33856 32712 
33973 34315 33902 32479 
34001 34259 33762 32240 
33786 33909 33428 31984 
33460 33431 33079 31863 
33034 32846 32695 31871 
32571 32219 32309 31955 
32133 31672 31999 32157 
31772 31266 31734 32405 
31569 31087 31631 32718 
31567 31180 31666 33095 
31685 31445 31777 33381 
31981 31933 32035 33633 
32344 32498 32362 33788 
32736 33056 32716 33770 
33107 33568 33082 33644 
33400 33935 33405 33369 
33603 34104 33657 32999 
33627 34043 33770 32538 
33569 33852 33809 32146 
33384 33490 33702 31773 
33085 33031 33450 31514 
32772 32567 33132 31435 
32500 32175 32768 31528 
32280 31884 32398 31768 
32215 31800 32122 32170 
32198 31807 31875 32570 
32302 31990 31778 33034 
32407 32213 31741 33413 
32569 32482 31879 33728 
32701 32736 32096 33918 
32794 32903 32385 33907 
32825 33001 32687 33733 
32774 33009 32945 33416 
32705 32964 33176 33006 
32673 32950 33364 32603 
32681 32939 33492 32226 
32644 32884 33421 31864 
32657 32857 33305 31659 
32777 32839 32859 31795 
32841 32796 32599 32051 
32899 32757 32398 32426 
32913 32678 32255 32827 
32901 32592 32181 33210 
32861 32507 32225 33493 
32791 32451 32359 33636 
32729 32450 32565 33625 
32652 32476 32789 33419 
32602 32543 33004 33091 
32550 32619 33132 32668 
32555 32748 33226 32257 
32579 32857 33186 31919 
32639 32955 33077 31711 
32726 33033 32889 31716 
32767 33035 32634 31852 
32866 33056 32444 32196 
32907 32999 32288 32601 
32891 32883 32204 33018 
32811 32697 32182 33361 
32759 32575 32305 33648 
32661 32453 32483 33763 
32572 32356 32669 33706 
32485 32320 32841 33500 
32426 32305 32959 33171 
32406 32354 33021 32800 
32416 32412 33000 32414 
32512 32551 32986 32177 
32608 32662 32895 31992 
32714 32765 32795 31918 
32854 32905 32755 31984 
32978 33023 32724 32116 
33068 33124 32751 32299 
33145 33216 32821 32520 
33124 33195 32849 32651 
33076 33151 32885 32759 
32964 33014 32867 32786 
32818 32858 32818 32775 
32688 32675 32739 32769 
32584 32545 32633 32809 
32490 32408 32506 32841 
32414 32314 32367 32908 
32403 32300 32292 33036 
32408 32322 32253 33170 
32423 32371 32284 33265 
32473 32446 32402 33328 
32503 32520 32548 33298 
32595 32633 32785 33208 
32643 32694 32955 32956 
32726 32788 33122 32689 
32853 32904 33287 32389 
32991 33006 33371 32091 
33069 33054 33331 31788 
33162 33114 33259 31666 
33150 33086 33062 31623 
33121 33081 32848 31787 
32983 32957 32552 32008 
32811 32853 32298 32398 
32627 32720 32080 32845 
32401 32536 31905 33258 
32236 32371 31867 33636 
32142 32232 31959 33915 
32122 32131 32175 33996 
32206 32115 32497 33923 
32353 32151 32841 33637 
32551 32286 33182 33239 
32806 32522 33490 32758 
33068 32837 33690 32257 
33239 33126 33708 31793 
33365 33414 33602 31460 
33383 33611 33367 31339 
33309 33691 33052 31416 
33106 33587 32658 31661 
32878 33364 32305 32080 
32615 33005 32022 32569 
32359 32567 31834 33052 
32198 32136 31802 33515 
32101 31766 31864 33813 
32157 31587 32081 33957 
32268 31584 32349 33872 
32458 31773 32655 33635 
32714 32162 32987 33298 
32904 32584 33225 32829 
33063 33054 33392 32368 
33157 33477 33463 31968 
33157 33770 33438 31705 
33054 33859 33278 31599 
32886 33714 33051 31684 
32652 33387 32754 31930 
32470 32956 32494 32293 
32325 32482 32265 32755 
32248 32051 32123 33203 
32245 31707 32056 33549 
32359 31603 32118 33787 
32537 31702 32273 33798 
32832 32073 32577 33692 
33092 32517 32858 33351 
33304 32996 33119 32906 
33379 33392 33284 32366 
33386 33711 33393 31915 
33236 33804 33366 31561 
32990 33663 33232 31404 
32637 33300 32972 31427 
32298 32870 32678 31675 
32053 32419 32412 32100 
31931 32023 32221 32635 
31939 31787 32090 33207 
32072 31714 32062 33784 
32332 31870 32149 34294 
32725 32209 32372 34687 
33052 32589 32595 34642 
33343 33007 32858 34062 
33468 33302 33054 32887 
33408 33427 33204 31401 
33188 33362 33276 29993 
32931 33172 33265 29158 
32767 33000 33151 29313 
32734 33001 32979 30479 
32723 33289 32771 32372 
32564 33733 32539 34480 
32270 33998 32343 36274 
32011 33442 32189 37360 
32103 31675 32087 37525 
32877 28979 32149 36886 
33965 26256 32248 35473 
34649 25053 32428 33503 
34095 26912 32695 31135 
31919 32059 32968 28766 
28617 39170 33182 26686 
25672 45853 33353 25469 
24634 49525 33431 25330 
26606 48489 33406 26531 
31588 42463 33309 29034 
38152 33031 33091 32502 
44082 23107 32835 36299 
47689 15151 32528 39760 
47977 10966 32290 42324 
44846 10977 32079 43330 
38983 14844 31953 42501 
31723 21615 31976 39852 
24600 29973 32087 35817 
18619 39204 32290 31054 
14596 48344 32549 26363 
13077 56109 32796 22599 
14450 61275 32985 20417 
18613 62248 33101 20365 
25125 58384 33134 22431 
33289 49709 33116 26279 
42232 36807 33031 31327 
50520 21835 32941 36717 
56588 7635 32839 41278 
59334 269 32795 44448 
57882 69 32803 45675 
51766 42 32812 44665 
41854 6302 32883 41664 
29934 18994 32891 37234 
17974 34775 32899 32146 
8144 50805 32858 27276 
2378 64101 32758 23380 
1943 65444 32609 21101 
6950 65506 32431 20818 
16518 65521 32285 22496 
28678 65383 32150 25703 
41275 46972 32083 29880 
52102 28273 32101 34373 
58899 10874 32234 38308 
60740 395 32426 41116 
57724 65 32704 42471 
50785 38 32967 42178 
41580 5388 33210 40346 
32204 17132 33436 37514 
24019 31827 33564 34117 
18056 46186 33592 30786 
14725 57504 33489 28002 
14149 63694 33272 26178 
16165 63321 33035 25620 
20140 57182 32732 26235 
25432 46638 32425 27811 
31229 33762 32157 30002 
36623 20552 31880 32376 
40711 9702 31789 34579 
42919 2944 31773 36191 
43268 1157 31874 37039 
42106 4469 32065 37104 
40013 12392 32336 36428 
37665 24017 32726 35257 
35640 36942 33077 33821 
34124 49363 33377 32376 
33053 59112 33606 31194 
32262 64413 33766 30490 
31433 64408 33778 30269 
30286 58575 33631 30474 
28848 48784 33388 31064 
27210 36471 33025 31819 
25749 23888 32678 32638 
24863 13231 32335 33301 
25058 6406 32036 33760 
26617 4705 31823 33881 
29625 8140 31770 33770 
33665 15817 31816 33466 
37973 26016 31994 33056 
41572 36771 32255 32624 
43467 45663 32573 32306 
43136 50921 32896 32145 
40696 51855 33122 32116 
36895 48825 33290 32253 
32695 43058 33363 32506 
28917 36052 33287 32781 
26373 29741 33142 33049 
25140 25079 32940 33226 
25091 22552 32681 33247 
26117 22282 32533 33213 
27965 23943 32450 33058 
30434 27105 32432 32812 
33324 31371 32496 32513 
36324 36116 32662 32317 
38766 40320 32832 32158 
40078 42984 32961 32059 
39800 43151 33050 32086 
37785 40525 33091 32207 
34340 35529 33022 32407 
30163 29231 32862 32591 
26529 23557 32695 32835 
24499 20182 32498 33011 
24633 19928 32283 33136 
27012 22904 32190 33236 
30933 28264 32147 33241 
35214 34247 32208 33207 
38841 39370 32339 33114 
41134 42536 32555 32992 
41747 43276 32799 32845 
40677 41959 33035 32678 
38101 39500 33214 32512 
34297 36722 33331 32373 
29706 34019 33311 32228 
25156 31404 33203 32164 
21704 28599 33011 32162 
20529 25594 32754 32227 
22150 22825 32496 32370 
26274 21313 32317 32578 
31869 22117 32210 32839 
37296 25766 32181 33061 
41238 31749 32290 33252 
43065 38698 32496 33362 
42804 44749 32731 33359 
40920 48302 32973 33223 
38156 47968 33151 32982 
35102 43974 33248 32676 
32034 37387 33237 32374 
29231 29803 33123 32099 
26885 23035 32901 31903 
25389 18564 32659 31856 
25088 17419 32429 31974 
26006 19464 32246 32209 
27902 23878 32129 32514 
30449 29590 32172 32921 
33108 35372 32266 33266 
35482 40342 32450 33554 
37193 43724 32713 33748 
38055 45313 32933 33756 
38122 45032 33116 33588 
37474 42866 33254 33276 
36246 39039 33279 32849 
34643 34087 33248 32416 
32748 28563 33103 31976 
30886 23376 32917 31667 
29372 19443 32663 31474 
28580 17714 32455 31511 
28666 18800 32255 31719 
29537 22840 32108 32062 
30822 29383 32088 32540 
32008 37161 32153 33074 
32711 44599 32243 33509 
33082 49731 32469 33890 
33361 51171 32708 34033 
33924 48284 32944 33963 
34920 41545 33184 33704 
36101 32267 33345 33270 
36901 22952 33482 32797 
36634 15938 33453 32231 
35240 12757 33350 31766 
32959 13938 33125 31412 
30539 19025 32849 31282 
28621 27003 32525 31358 
27750 35962 32277 31687 
27813 44345 32042 32109 
28617 50915 31910 32622 
29811 54590 31900 33144 
31199 54559 31998 33584 
32730 50522 32235 33947 
34273 42979 32516 34077 
35802 32965 32835 34030 
37082 21966 33047 33734 
37982 11981 33273 33357 
38162 5204 33369 32868 
37643 3241 33389 32372 
36486 6493 33322 31945 
34788 14591 33204 31620 
32693 26163 33002 31447 
30340 39453 32789 31443 
27993 52016 32596 31647 
25999 61348 32409 31971 
24710 65342 32264 32388 
24520 65476 32174 32860 
25594 59057 32099 33272 
28090 48654 32085 33608 
31571 36033 32193 33888 
35425 22971 32331 33939 
38972 11590 32566 33860 
41587 3445 32802 33596 
42903 190 33009 33165 
42828 78 33221 32700 
41469 6113 33402 32231 
38931 15411 33484 31780 
35438 27311 33497 31469 
31084 40542 33380 31310 
26400 52948 33179 31379 
22102 62452 32916 31634 
18924 65394 32584 32022 
17821 65482 32333 32560 
19331 65386 32107 33113 
23646 52579 31918 33579 
30078 39041 31901 33976 
37505 24616 31973 34148 
44528 11888 32142 34111 
49669 2892 32356 33879 
51772 133 32601 33468 
50140 71 32791 32956 
45141 6355 32914 32412 
37796 16137 33036 31958 
29535 27852 33107 31650 
21845 39989 33118 31498 
16500 50488 33128 31568 
14183 58159 33119 31773 
15161 62010 33139 32147 
19163 61284 33139 32543 
25343 56046 33131 32915 
32272 47384 33064 33168 
39130 36533 32974 33306 
44951 25104 32831 33298 
48884 14723 32636 33168 
50066 7409 32399 32940 
48213 4429 32181 32709 
43611 6161 31979 32508 
36988 12346 31870 32398 
29445 22135 31871 32430 
22658 33568 31971 32573 
18142 44468 32166 32784 
16653 53123 32463 33042 
18339 58068 32818 33289 
22526 58409 33104 33358 
28379 54305 33430 33353 
34262 46592 33624 33174 
38936 37076 33693 32855 
41852 27326 33646 32455 
42762 19020 33487 32049 
41877 13290 33242 31695 
39756 11008 32918 31470 
37195 12305 32598 31452 
34709 16690 32321 31654 
32539 23282 32055 32016 
30866 31071 31886 32509 
29663 38883 31832 33105 
28853 45283 31822 33661 
28586 49154 31959 34113 
28803 50194 32176 34354 
29421 48411 32425 34344 
30233 44272 32744 34128 
30852 38388 32997 33596 
31164 32039 33253 32981 
31135 26430 33487 32332 
30952 22352 33633 31714 
30996 20450 33642 31209 
31730 21009 33567 30935 
33386 23830 33418 30933 
35687 27981 33137 31140 
38137 32295 32814 31545 
40140 35797 32489 32121 
41031 37651 32170 32727 
40544 37603 31948 33320 
38538 35912 31816 33834 
35520 33574 31832 34157 
31840 31494 31932 34254 
28121 30503 32129 34177 
24844 30945 32386 33924 
22380 32657 32584 33493 
21180 35215 32827 33066 
21463 37684 32964 32601 
23372 39453 33055 32227 
26877 40124 33141 31993 
31593 39382 33135 31827 
37049 37292 33158 31833 
42231 33829 33158 31891 
45905 29613 33160 32014 
47494 25046 33147 32138 
46641 20846 33134 32235 
43509 17931 33096 32341 
38603 17217 33030 32456 
32895 19384 32855 32524 
27506 24453 32668 32619 
23173 31744 32466 32812 
20355 39912 32204 32957 
19381 47404 31964 33153 
20353 52674 31816 33399 
23097 54367 31768 33624 
27148 52221 31865 33780 
31800 46688 32023 33773 
36415 38942 32321 33672 
40303 30238 32671 33437 
42979 21934 33062 33091 
43903 15575 33362 32610 
43102 12105 33642 32142 
40594 12069 33793 31697 
36720 15433 33792 31360 
32158 21741 33695 31191 
27945 29416 33448 31186 
25007 37233 33124 31361 
24082 43825 32805 31768 
25255 48295 32471 32270 
28045 50214 32169 32845 
31426 49421 31871 33380 
34455 46170 31720 33867 
36418 40653 31684 34208 
37177 33426 31751 34371 
36959 25607 31959 34358 
35939 18708 32221 34121 
34359 14741 32542 33693 
32445 14939 32892 33199 
30302 19238 33180 32565 
28377 26528 33453 31992 
27203 35058 33644 31461 
27430 42254 33662 31071 
29305 46808 33640 30966 
32316 48247 33443 31009 
35810 46927 33215 31301 
38796 43374 32907 31748 
40500 38222 32614 32317 
40394 32246 32352 32922 
38655 26295 32128 33480 
35800 21198 32010 33948 
32471 17922 31984 34240 
29141 17280 32022 34312 
26598 19800 32164 34206 
25095 24774 32379 33914 
24762 31204 32600 33472 
25605 37768 32799 32941 
27615 43301 32984 32411 
30676 46894 33098 31932 
34262 47938 33138 31582 
37612 46435 33074 31389 
40095 42813 32969 31409 
41008 37564 32817 31609 
40121 31529 32690 31961 
37614 25532 32636 32424 
34237 20727 32624 32879 
30922 17769 32648 33249 
28520 17176 32708 33507 
27565 19129 32831 33622 
28018 23489 32961 33551 
29413 29664 33029 33330 
31120 36491 33030 32982 
32670 42954 33012 32641 
33733 47750 32883 32278 
34416 49877 32735 32074 
34680 48530 32520 31973 
34640 43987 32343 32062 
34171 37160 32203 32273 
33211 29628 32101 32575 
31884 23136 32122 32936 
30405 18979 32205 33253 
29430 18136 32401 33497 
29321 20313 32610 33568 
30397 24851 32872 33510 
32396 30605 33087 33236 
34835 36198 33281 32890 
36908 40362 33400 32475 
38099 42523 33460 32079 
38169 42398 33416 31777 
37176 40189 33259 31586 
35353 36478 33007 31576 
33104 32324 32722 31768 
30701 28577 32467 32156 
28230 25789 32204 32600 
26045 24358 31974 33079 
24617 24518 31880 33582 
24627 26241 31904 33958 
26380 29224 32059 34116 
29829 33238 32325 34081 
34376 37596 32633 33813 
39035 41590 32977 33364 
42629 44354 33271 32782 
44073 45049 33519 32207 
42996 43240 33629 31680 
39722 39052 33596 31294 
35122 33213 33461 31140 
30173 26772 33174 31181 
26225 21469 32877 31498 
23737 18331 32530 31972 
22982 18057 32227 32540 
23845 20605 32027 33123 
25995 25434 31918 33643 
28957 31253 31922 34014 
32403 36895 32082 34197 
35822 41168 32290 34143 
38847 43409 32536 33897 
41050 43481 32825 33489 
41853 41654 33045 32974 
41097 38733 33213 32467 
38828 35541 33328 32012 
35309 32726 33334 31625 
31242 30780 33227 31432 
27515 29810 33050 31412 
24761 29520 32802 31571 
23508 29537 32534 31872 
24042 29614 32348 32334 
26262 29553 32204 32817 
29658 29387 32127 33254 
33630 29309 32180 33628 
37311 29459 32359 33886 
39836 29899 32630 33968 
40610 30467 32894 33819 
39585 31159 33160 33519 
37201 32029 33337 33066 
34354 33277 33449 32596 
31830 35050 33390 32079 
30266 37458 33242 31693 
29740 39946 32992 31458 
29897 41820 32678 31421 
30289 42287 32375 31621 
30538 40740 32135 31986 
30566 37169 31942 32435 
30527 32516 31908 32926 
30579 27866 32022 33414 
30821 24267 32238 33780 
31263 22221 32487 33916 
31974 21738 32830 33921 
32859 22414 33101 33681 
34097 24009 33346 33347 
35650 26504 33489 32903 
37320 30035 33520 32451 
38642 34512 33429 32018 
39090 39499 33215 31715 
38287 43764 32944 31592 
36193 46160 32599 31632 
33227 45998 32325 31898 
29915 43217 32056 32224 
26864 38546 31865 32610 
24760 33498 31843 33034 
23778 29065 31934 33393 
24058 25950 32159 33636 
25638 24276 32505 33754 
28485 23706 32884 33675 
32332 23992 33239 33444 
36754 24973 33536 33095 
40972 26764 33736 32704 
44099 29473 33765 32283 
45183 32960 33669 31942 
43702 36508 33361 31661 
39953 39668 33005 31598 
34624 41627 32560 31652 
28879 42051 32186 31928 
23759 40703 31871 32297 
20579 38014 31715 32741 
19734 34456 31673 33112 
21377 30742 31816 33453 
25130 27513 32098 33711 
30364 25135 32428 33788 
35739 24213 32746 33681 
40475 24826 33018 33468 
43596 26897 33169 33128 
44526 30294 33256 32803 
42956 34263 33246 32495 
39224 37936 33174 32280 
34127 40535 33055 32122 
28941 41444 32961 32092 
24770 40346 32846 32087 
22707 37546 32838 32184 
23176 33726 32843 32285 
25808 29903 32884 32375 
29648 26746 32902 32431 
33816 24832 32901 32468 
37330 24350 32848 32492 
39646 25277 32733 32514 
40448 27482 32565 32583 
39877 30567 32372 32711 
38218 34190 32184 32905 
35664 37814 32022 33122 
32534 40945 31953 33368 
29185 42905 31991 33589 
26049 43161 32154 33748 
23924 41398 32404 33769 
23384 37758 32703 33626 
24847 32820 33042 33357 
28170 27467 33328 32936 
32763 22785 33546 32442 
37618 20061 33703 31967 
41355 19925 33671 31513 
43276 22485 33531 31221 
42966 27158 33289 31083 
40620 32928 33020 31206 
36625 38394 32648 31479 
32099 42376 32352 31989 
27721 44238 32072 32561 
24343 43937 31875 33191 
22532 41746 31743 33776 
22798 38147 31754 34240 
25154 33982 31929 34540 
28932 29807 32146 34575 
33433 26196 32470 34406 
37636 23616 32784 33968 
40725 22543 33093 33344 
42164 23238 33378 32634 
41735 25638 33585 31910 
39740 29121 33689 31283 
36584 33004 33648 30822 
32877 36523 33480 30575 
29258 39207 33294 30670 
26125 40728 33002 31007 
24072 40959 32671 31567 
23421 40121 32382 32319 
24431 38364 32151 33081 
27040 35912 31970 33799 
31125 33081 31938 34376 
35775 30386 32004 34704 
40126 28294 32145 34751 
43141 27207 32312 34526 
43997 27267 32496 34058 
42266 28264 32670 33442 
38114 29598 32781 32742 
32738 30682 32880 32156 
27215 31072 32919 31647 
22771 30880 32967 31376 
20334 30496 33005 31298 
20402 30555 33061 31424 
23033 31630 33133 31703 
27819 33889 33209 32042 
33775 36770 33257 32355 
39997 39590 33267 32656 
45202 41505 33244 32879 
48160 41732 33085 32976 
47928 40118 32883 33034 
44401 37027 32615 33033 
38305 33191 32325 33044 
30836 29451 32043 33034 
23602 26522 31825 33073 
17969 24664 31697 33121 
15205 23883 31709 33180 
15641 23937 31899 33282 
