31757 31131 32269 32073 
31757 31131 32269 32073 
31709 31019 32218 32560 
31755 31128 32173 33004 
31946 31486 32210 33423 
32258 32086 32337 33784 
32611 32763 32515 33964 
32993 33464 32760 33999 
33266 34021 32924 33807 
33495 34396 33117 33508 
33599 34500 33247 33089 
33609 34366 33346 32640 
33512 33990 33371 32192 
33299 33396 33282 31771 
33035 32751 33126 31482 
32738 32093 32911 31345 
32484 31595 32698 31418 
32274 31283 32470 31651 
32163 31249 32300 32057 
32123 31421 32180 32525 
32162 31766 32145 33017 
32240 32183 32160 33491 
32352 32641 32253 33861 
32494 33046 32403 34073 
32595 33362 32548 34092 
32673 33514 32685 33916 
32733 33524 32788 33588 
32733 33379 32836 33134 
32752 33181 32877 32670 
32816 32971 32927 32253 
32857 32747 32935 31896 
32929 32596 32971 31687 
33021 32530 33027 31627 
33143 32538 33090 31722 
33234 32596 33133 31903 
33313 32707 33179 32159 
33290 32808 33169 32434 
33172 32834 33063 32655 
32999 32842 32935 32889 
32688 32710 32688 33016 
32374 32561 32453 33122 
32079 32395 32238 33171 
31804 32198 31996 33167 
31652 32098 31856 33148 
31660 32081 31811 33130 
31849 32218 31920 33152 
32148 32450 32123 33126 
32576 32764 32437 33114 
33030 33118 32792 33061 
33415 33383 33117 32920 
33725 33603 33412 32750 
33870 33671 33618 32536 
33840 33600 33702 32292 
33642 33383 33660 32047 
33339 33096 33527 31876 
32940 32719 33265 31738 
32575 32386 32994 31761 
32231 32096 32697 31897 
31988 31894 32412 32154 
31855 31803 32156 32510 
31826 31818 31951 32890 
31864 31928 31802 33276 
32016 32122 31765 33611 
32245 32411 31847 33902 
32495 32716 32029 34003 
32750 32991 32278 33954 
32956 33213 32585 33731 
33141 33366 32929 33389 
33264 33432 33241 32938 
33343 33423 33519 32441 
33387 33381 33725 31960 
33347 33228 33771 31520 
33264 33083 33697 31253 
33169 32937 33525 31183 
33009 32776 33214 31275 
32837 32625 32873 31560 
32640 32476 32497 32007 
32452 32380 32177 32552 
32277 32263 31919 33090 
32110 32170 31767 33588 
32019 32126 31755 33976 
31995 32116 31883 34173 
32052 32164 32093 34189 
32190 32271 32391 34011 
32374 32406 32674 33688 
32559 32538 32893 33256 
32746 32667 33046 32769 
32930 32832 33131 32343 
33074 32963 33129 31935 
33213 33126 33089 31689 
33283 33252 33016 31579 
33337 33363 32969 31616 
33367 33463 32979 31805 
33301 33466 33002 32014 
33163 33389 33031 32255 
33005 33256 33075 32512 
32757 33004 33027 32702 
32526 32731 32954 32871 
32297 32412 32813 32999 
32125 32128 32617 33093 
32028 31907 32387 33169 
32011 31775 32166 33215 
32098 31763 32007 33277 
32237 31827 31914 33292 
32469 32033 31974 33338 
32703 32285 32112 33314 
32916 32594 32359 33237 
33086 32906 32647 33085 
33211 33188 32955 32865 
33204 33378 33173 32549 
33215 33588 33424 32293 
33150 33660 33546 32021 
33043 33630 33565 31794 
32895 33487 33457 31646 
32733 33259 33266 31642 
32563 32947 32988 31750 
32479 32648 32711 32001 
32408 32361 32441 32373 
32378 32097 32204 32778 
32348 31862 31982 33182 
32381 31771 31905 33597 
32441 31794 31948 33910 
32518 31911 32092 34061 
32635 32160 32350 34058 
32718 32432 32614 33828 
32829 32775 32910 33464 
32897 33069 33157 32952 
32974 33346 33344 32427 
33045 33552 33478 31936 
33065 33596 33463 31516 
33052 33538 33356 31269 
32986 33361 33155 31236 
32877 33094 32899 31388 
32771 32843 32645 31746 
32689 32620 32445 32233 
32572 32411 32250 32743 
32500 32294 32138 33264 
32457 32246 32099 33689 
32445 32262 32150 33981 
32522 32372 32317 34113 
32584 32463 32503 34008 
32642 32538 32701 33730 
32724 32621 32925 33348 
32768 32652 33073 32875 
32789 32661 33150 32405 
32789 32666 33165 32015 
32763 32652 33097 31756 
32700 32636 32935 31637 
32607 32619 32734 31705 
32588 32681 32567 31964 
32600 32782 32454 32298 
32667 32923 32418 32697 
32759 33064 32446 33033 
32876 33202 32568 33295 
33035 33346 32780 33460 
33146 33381 32983 33449 
33198 33345 33162 33291 
33176 33188 33269 33019 
33015 32892 33231 32632 
32866 32596 33145 32314 
32643 32266 32932 32055 
32408 31969 32648 31910 
32212 31784 32343 31933 
32097 31727 32091 32122 
32042 31814 31910 32436 
32138 32038 31896 32857 
32291 32346 32013 33278 
32537 32733 32253 33660 
32769 33092 32555 33860 
32983 33407 32882 33868 
33167 33649 33207 33676 
33269 33735 33435 33323 
33317 33707 33578 32861 
33267 33520 33569 32305 
33165 33231 33445 31796 
33040 32896 33260 31425 
32865 32512 32979 31214 
32716 32201 32713 31254 
32568 31958 32460 31510 
32444 31824 32227 31936 
32322 31796 32061 32458 
32274 31915 31999 33060 
32222 32097 31978 33613 
32203 32342 32039 34056 
32255 32631 32218 34333 
32325 32885 32407 34361 
32435 33081 32629 34157 
32584 33238 32887 33768 
32746 33304 33086 33208 
32971 33349 33300 32591 
33208 33355 33462 32017 
33383 33285 33516 31501 
33473 33180 33484 31165 
33498 33034 33353 31034 
33425 32892 33171 31139 
33236 32713 32917 31426 
33006 32577 32666 31931 
32725 32448 32432 32486 
32391 32285 32195 33047 
32101 32162 32021 33553 
31895 32088 31933 33938 
31822 32073 31960 34131 
31842 32106 32058 34125 
32004 32233 32266 33952 
32265 32418 32508 33599 
32596 32664 32797 33191 
32918 32908 33048 32725 
33186 33131 33227 32272 
33389 33320 33341 31922 
33455 33412 33327 31698 
33403 33405 33233 31673 
33237 33267 33046 31779 
32987 33069 32816 32005 
32741 32835 32635 32327 
32517 32597 32494 32679 
32358 32418 32433 32993 
32279 32276 32431 33161 
32340 32295 32545 33280 
32437 32347 32672 33229 
32614 32499 32847 33097 
32763 32661 32974 32878 
32896 32804 33036 32648 
32964 32910 33024 32452 
32962 32943 32923 32316 
32889 32892 32741 32276 
32768 32788 32524 32363 
32650 32687 32342 32589 
32527 32572 32206 32938 
32436 32465 32148 33384 
32396 32410 32181 33803 
32453 32466 32356 34023 
32547 32553 32582 33765 
32675 32683 32871 33003 
32736 32745 33088 31786 
32815 32800 33287 30560 
32892 32860 33389 29759 
33103 33012 33408 29768 
33361 33327 33299 30704 
33552 33801 33131 32362 
33514 34330 32934 34260 
33125 34577 32677 35889 
32602 34085 32470 36903 
32218 32431 32274 37059 
32388 29849 32178 36470 
32952 27060 32095 35180 
33482 25473 32098 33454 
33272 26363 32165 31408 
31887 30104 32282 29347 
29556 35969 32463 27569 
27163 42083 32669 26415 
25985 46190 32853 26222 
27152 46556 33040 27179 
30859 42718 33216 29306 
36134 35704 33345 32284 
41395 27542 33452 35669 
45075 20321 33446 38884 
43814 14990 33189 42120 
39317 17229 32964 41407 
33468 21876 32666 39053 
27268 28548 32416 35311 
22019 36106 32162 30884 
18413 43738 31986 26639 
16774 50622 31901 23264 
17420 55584 31926 21430 
20379 57412 32047 21493 
25359 55041 32249 23571 
31699 48464 32493 27257 
38690 38276 32737 31958 
45328 25987 32947 36853 
50709 13220 33086 41277 
53455 3284 33206 44230 
52879 139 33258 45226 
48878 56 33241 44178 
41844 5442 33193 41279 
32831 16942 33138 36997 
23234 31935 33082 31958 
15034 47522 33017 27063 
9872 60815 32905 23200 
8664 65366 32828 20946 
11714 65490 32705 20549 
18830 65511 32597 22180 
28298 65438 32458 25393 
38064 49477 32321 29592 
46503 32758 32194 34092 
52092 16421 32112 38139 
53941 3355 32097 41189 
51891 120 32136 42845 
46883 48 32257 42847 
40300 3221 32462 41372 
33441 14195 32677 38690 
27408 27573 32916 35307 
22856 41461 33126 31718 
20223 52638 33307 28645 
19457 59409 33474 26477 
20288 60626 33500 25376 
22562 56568 33458 25486 
26033 48157 33359 26683 
30048 37302 33179 28636 
33890 26231 32916 30859 
37097 16750 32652 33115 
39185 10272 32373 34987 
39993 7714 32108 36248 
39705 9499 31924 36833 
38666 15338 31800 36683 
37408 24143 31780 35998 
36324 34506 31909 35005 
35441 44602 32095 33862 
34703 52871 32398 32798 
33890 57451 32763 31983 
32824 57450 33120 31478 
31305 52938 33411 31258 
29512 44932 33707 31381 
27559 34816 33825 31605 
25818 24304 33795 31870 
24863 15807 33669 32120 
24997 10663 33397 32262 
26579 9809 33043 32324 
29500 13264 32642 32294 
33545 20512 32274 32301 
37785 29805 31984 32305 
41170 38900 31792 32397 
42872 46098 31729 32588 
42496 50016 31826 32886 
40059 49953 31965 33201 
36228 46250 32210 33525 
32124 40256 32470 33814 
28636 33583 32759 33974 
26294 27640 32907 33922 
25338 23568 33019 33717 
25699 21769 33107 33413 
27014 22190 33137 32995 
29007 24380 33123 32514 
31528 27924 33179 32120 
34276 32264 33192 31757 
36905 36823 33234 31537 
38952 40798 33226 31440 
39846 43189 33190 31498 
39194 43189 33122 31694 
36912 40522 32961 31964 
33351 35654 32755 32287 
29339 29736 32534 32678 
25840 24220 32274 33023 
24028 20874 32018 33314 
24432 20552 31836 33537 
26981 23321 31762 33665 
31081 28438 31803 33719 
35554 34317 31960 33656 
39247 39285 32227 33514 
41472 42276 32538 33275 
42028 42905 32913 33039 
40896 41464 33261 32759 
38205 38729 33531 32435 
34354 35698 33728 32180 
29882 32875 33761 31938 
25518 30335 33693 31801 
22251 27906 33486 31756 
21045 25483 33182 31827 
22446 23319 32777 31942 
26203 22381 32365 32178 
31334 23437 32019 32479 
36509 26982 31779 32833 
40417 32617 31638 33116 
42358 39076 31702 33403 
42286 44569 31917 33597 
40678 47627 32265 33695 
38157 47319 32652 33648 
35214 43605 33032 33449 
32178 37291 33367 33156 
29467 30128 33577 32804 
27292 23717 33665 32450 
25940 19452 33616 32148 
25629 18080 33397 31877 
26500 19727 33079 31746 
28312 23667 32726 31744 
30683 28844 32395 31867 
33166 34269 32159 32111 
35282 38918 31959 32401 
36830 42402 31933 32770 
37587 44198 32031 33112 
37628 44310 32231 33407 
37089 42758 32494 33598 
36058 39670 32776 33669 
34583 35242 33016 33569 
32895 30214 33186 33360 
31154 25318 33280 33073 
29651 21391 33231 32717 
28770 19347 33092 32392 
28701 19799 32864 32114 
29411 22974 32615 31935 
30610 28567 32421 31934 
31813 35459 32294 32052 
32714 42279 32268 32267 
33283 47410 32376 32573 
33679 49243 32557 32837 
34214 47163 32794 33062 
35038 41449 33035 33183 
35993 33373 33220 33176 
36615 24724 33329 33059 
36384 17966 33312 32840 
35116 14510 33166 32589 
33099 15068 32949 32373 
30781 19427 32598 32168 
28942 26578 32277 32117 
28024 34816 32036 32205 
27994 42881 31901 32401 
28685 49433 31916 32716 
29764 53365 32029 33029 
31068 53925 32296 33359 
32473 50721 32639 33608 
33931 44036 32986 33706 
35352 34714 33267 33620 
36628 24212 33461 33377 
37518 14236 33529 32996 
37806 7112 33455 32535 
37480 4234 33287 32085 
36526 6273 33024 31666 
35046 13050 32716 31380 
33213 23776 32459 31306 
31149 36106 32253 31425 
28980 48192 32125 31735 
27020 58039 32101 32201 
25555 63845 32147 32744 
25023 64589 32281 33370 
25710 60049 32438 33915 
27630 51263 32591 34262 
30648 39688 32728 34420 
34177 27148 32866 34323 
37655 15413 32979 33988 
40335 6565 33038 33440 
41889 1660 33082 32807 
42187 1177 33115 32114 
41242 5069 33107 31498 
39099 13296 33095 31071 
35961 24371 33029 30835 
32190 36643 32974 30914 
27968 48625 32864 31239 
23871 58587 32726 31752 
20653 64736 32605 32427 
19068 65454 32455 33093 
19862 59688 32282 33670 
23263 53275 32221 34136 
28833 41175 32189 34338 
35590 27778 32192 34286 
42405 15233 32294 34038 
47755 5774 32439 33588 
50175 1211 32595 33057 
49305 1628 32719 32517 
45268 6737 32878 32118 
38620 15655 32958 31804 
30908 26834 33055 31718 
23721 38352 33071 31814 
18375 48769 33100 32032 
15736 56706 33113 32316 
16122 61060 33107 32590 
19297 61117 33094 32804 
24668 56655 33027 32875 
30974 48740 32991 32876 
37364 38402 32899 32755 
42927 27189 32776 32579 
46855 16861 32634 32412 
48510 9013 32458 32298 
47419 5215 32294 32306 
43550 6116 32149 32442 
37828 11436 32057 32698 
31222 20220 32068 33040 
25000 30851 32111 33387 
20540 41631 32275 33703 
18626 50754 32480 33879 
19655 56419 32738 33863 
23042 57719 33009 33663 
27845 54647 33202 33258 
32845 48120 33382 32767 
37086 39386 33510 32274 
39863 29872 33521 31757 
40868 21426 33419 31356 
40318 15466 33237 31169 
38765 12575 32983 31160 
36802 13041 32697 31358 
34890 16561 32427 31760 
33232 22507 32173 32280 
32026 29650 32000 32882 
31097 36814 31869 33412 
30518 42916 31905 33950 
30150 46946 32002 34264 
30098 48465 32199 34403 
30280 47333 32464 34320 
30554 43933 32743 34006 
30733 39057 33033 33548 
30607 33535 33255 32938 
30156 28279 33411 32294 
29738 24354 33558 31761 
29621 22306 33551 31315 
30309 22392 33455 31069 
31928 24385 33250 30999 
34498 27839 33020 31219 
37438 31674 32732 31591 
40042 34901 32497 32159 
41599 36707 32257 32725 
41679 36782 32078 33285 
40241 35440 31995 33780 
37352 33288 31969 34051 
33602 31389 32090 34192 
29594 30508 32269 34097 
25854 30957 32475 33831 
22867 32682 32670 33421 
21057 35162 32839 32981 
20692 37658 32919 32488 
22135 39508 33000 32144 
25268 40130 33011 31890 
29842 39371 32997 31799 
35221 37277 32982 31864 
40601 34015 32955 32002 
45030 29879 32983 32227 
47499 25449 33018 32431 
47450 21482 33042 32582 
44959 18718 33090 32700 
40551 17923 33097 32746 
35034 19695 33035 32732 
29280 24269 32892 32698 
24383 30990 32683 32657 
20987 38844 32497 32711 
19316 46142 32249 32771 
19574 51471 32049 32901 
21740 53631 31932 33115 
25505 51853 31884 33284 
30173 46787 31991 33459 
35011 39352 32183 33513 
39380 30848 32437 33457 
42628 22779 32779 33313 
44231 16290 33068 33002 
43969 12720 33319 32653 
41897 12511 33539 32315 
38275 15658 33634 31975 
33766 21479 33595 31693 
29167 29115 33475 31561 
25668 36791 33260 31561 
23954 43347 33008 31718 
24330 47887 32707 31964 
26550 49994 32479 32353 
29743 49397 32210 32726 
32921 46209 31972 33086 
35383 40598 31842 33434 
36712 33536 31825 33736 
36997 25863 31883 33898 
36515 19176 32076 33955 
35369 15043 32288 33827 
33770 14837 32638 33645 
31714 18843 32928 33270 
29763 25758 33217 32845 
28371 33823 33501 32422 
28063 41070 33689 32005 
29102 46062 33735 31615 
31496 48160 33637 31363 
34523 47275 33438 31292 
37221 44131 33151 31398 
38901 39386 32792 31655 
39070 33702 32406 32051 
37830 27834 32097 32536 
35497 22499 31878 33042 
32648 18786 31771 33517 
29958 17599 31790 33860 
27810 19244 31970 34068 
26433 23418 32229 34093 
26021 29345 32558 33946 
26680 35755 32901 33658 
28347 41254 33156 33226 
30913 45177 33366 32792 
34081 46963 33471 32335 
37250 46440 33479 31961 
39602 43707 33317 31655 
40480 39313 33108 31538 
39582 33835 32813 31541 
37138 28140 32529 31734 
33724 22982 32287 32033 
30360 19381 32158 32437 
27969 17927 32093 32837 
27005 18857 32157 33187 
27490 22113 32321 33467 
29028 27282 32576 33639 
31047 33753 32877 33691 
32941 40294 33101 33530 
34355 45408 33294 33295 
35294 48237 33389 32973 
35777 48043 33358 32603 
35770 44673 33218 32278 
35175 38812 32975 32026 
33948 32148 32681 31899 
32253 26080 32419 31923 
30391 21804 32172 32037 
28999 20191 32059 32303 
28545 21323 32044 32620 
29339 24699 32141 32929 
31227 29246 32315 33185 
33665 33998 32574 33393 
35917 37832 32839 33478 
37398 40162 33067 33439 
37863 40599 33253 33288 
37288 39205 33357 33038 
35924 36509 33382 32751 
34013 33188 33303 32448 
31777 29961 33119 32163 
29429 27419 32897 31979 
27168 25908 32608 31903 
25621 25729 32376 31994 
25248 26863 32181 32205 
26446 29252 32043 32487 
29287 32653 32025 32860 
33439 36616 32139 33225 
37884 40429 32322 33502 
41233 43085 32589 33656 
42771 43987 32907 33663 
42006 42571 33148 33453 
39261 38991 33384 33127 
35127 33662 33512 32678 
30710 27756 33500 32197 
27126 22792 33424 31824 
24823 19692 33200 31530 
24054 19143 32901 31457 
24705 21184 32584 31593 
26619 25414 32313 31981 
29326 30736 32100 32456 
32461 35889 31989 32994 
35618 39888 31971 33475 
38396 42147 32053 33848 
40402 42523 32261 34052 
41165 41196 32521 34035 
40286 38630 32718 33720 
38044 35869 32912 33337 
34750 33362 33046 32857 
30980 31501 33076 32369 
27525 30454 33088 32008 
24948 29951 33021 31759 
23928 29824 32970 31717 
24500 29717 32873 31817 
26743 29664 32876 32077 
30121 29553 32843 32340 
34122 29578 32912 32644 
37671 29733 32949 32873 
40094 30011 32966 32985 
40802 30370 32932 32997 
39760 30804 32863 32921 
37346 31467 32751 32811 
34380 32535 32567 32673 
31752 34286 32423 32635 
29939 36618 32230 32585 
29136 39269 32118 32663 
29092 41514 32085 32823 
29375 42322 32114 33008 
29707 41166 32230 33185 
30032 38118 32465 33355 
30368 33773 32729 33425 
30853 29103 33008 33376 
31472 25297 33228 33149 
32218 22872 33406 32841 
33018 21879 33517 32473 
33872 22026 33511 32064 
34884 23192 33366 31715 
36060 25419 33132 31488 
37202 28823 32821 31426 
38017 33364 32491 31575 
38072 38442 32201 31939 
37048 43077 31999 32434 
35017 45928 31907 33008 
32245 46207 31912 33534 
29404 43972 32070 33984 
27022 39872 32339 34241 
25441 34954 32666 34246 
24949 30443 32993 33998 
25480 27072 33232 33508 
27051 24945 33402 32902 
29625 23879 33490 32280 
33086 23625 33446 31718 
36940 24138 33272 31302 
40460 25576 33032 31113 
42879 28082 32741 31163 
43537 31502 32484 31493 
42048 35403 32303 32030 
38501 39012 32185 32637 
33710 41458 32144 33229 
28626 42250 32170 33705 
24410 41354 32325 34085 
21831 38946 32511 34199 
21361 35489 32677 34051 
23190 31714 32865 33715 
26653 28394 32954 33175 
31211 26032 33052 32646 
35988 24938 33092 32136 
40096 25260 33065 31696 
42810 27003 32977 31436 
43425 29950 32834 31402 
41792 33356 32712 31613 
38208 36647 32587 32006 
33482 39056 32505 32507 
28595 39988 32408 32980 
24761 39266 32405 33469 
22958 36997 32440 33812 
23571 33931 32562 33978 
26160 30700 32741 33932 
29927 27952 32895 33661 
33927 26148 33045 33200 
37388 25580 33166 32667 
39619 26311 33229 32116 
40387 28101 33207 31619 
39866 30791 33082 31321 
38307 34054 32899 31220 
35928 37330 32642 31361 
32924 40217 32410 31737 
29745 41940 32220 32239 
26727 42054 32054 32795 
24575 40392 32048 33395 
23788 37021 32095 33858 
24918 32435 32285 34192 
27850 27536 32524 34291 
31904 23469 32766 34146 
36223 21128 32983 33801 
39772 21072 33133 33312 
41778 23390 33182 32753 
41879 27761 33231 32264 
39962 32934 33134 31813 
36699 37749 33011 31529 
32756 41338 32858 31415 
28934 43127 32740 31474 
25899 43019 32681 31707 
24347 41236 32673 32048 
24577 38297 32671 32359 
26578 34731 32739 32694 
29774 30925 32730 32921 
33611 27488 32768 33128 
37202 24792 32709 33225 
39695 23498 32668 33310 
40656 23763 32584 33349 
39958 25487 32464 33298 
37838 28383 32335 33242 
34783 31852 32270 33209 
31381 35096 32242 33134 
28303 37602 32289 33055 
25991 39169 32421 32959 
24766 39745 32629 32846 
24844 39359 32845 32656 
26422 38206 33103 32446 
29357 36405 33310 32222 
33222 34244 33452 32020 
37400 32024 33491 31871 
41070 30158 33425 31794 
43310 28993 33266 31816 
43393 28667 33015 31906 
41010 29057 32724 32115 
36638 29749 32452 32408 
31190 30249 32218 32750 
25756 30250 32020 33111 
21513 29794 31899 33445 
19514 29292 31867 33718 
20095 29369 31954 33925 
23143 30457 32116 33978 
28242 32683 32354 33892 
34622 35837 32686 33707 
40986 38984 32981 33344 
46015 41254 33229 32881 
48670 42029 33444 32388 
48238 41041 33625 31943 
44457 38352 33641 31498 
38207 34747 33532 31201 
30735 31028 33344 31091 
23532 27866 33093 31179 
18077 25625 32801 31454 
15315 24282 32484 31885 
15814 23790 32226 32420 
19315 24019 32043 32997 
