32441 32277 32796 32509 
32441 32277 32796 32509 
32328 32322 32797 32705 
32279 32414 32793 32830 
32334 32579 32805 32899 
32405 32723 32784 32921 
32512 32832 32719 32908 
32636 32903 32644 32911 
32724 32883 32533 32915 
32738 32777 32389 32923 
32724 32626 32242 32968 
32652 32453 32136 33017 
32602 32335 32094 33098 
32555 32269 32127 33155 
32544 32295 32237 33158 
32568 32423 32433 33088 
32661 32630 32688 32968 
32793 32881 32979 32768 
32906 33093 33213 32486 
33054 33335 33460 32250 
33169 33475 33610 32008 
33224 33498 33640 31836 
33200 33397 33560 31754 
33107 33201 33383 31791 
32925 32929 33110 31938 
32686 32563 32764 32168 
32494 32287 32473 32542 
32289 32014 32173 32927 
32094 31803 31885 33260 
31986 31708 31692 33550 
31990 31781 31647 33806 
32136 31985 31759 33926 
32320 32239 31945 33875 
32558 32567 32221 33683 
32834 32933 32584 33406 
33059 33249 32951 33023 
33236 33486 33281 32573 
33373 33664 33593 32170 
33393 33699 33791 31770 
33326 33616 33843 31469 
33190 33417 33739 31312 
32989 33132 33518 31307 
32791 32829 33229 31485 
32566 32484 32836 31787 
32436 32233 32503 32243 
32336 32033 32176 32741 
32266 31917 31912 33246 
32287 31928 31778 33718 
32359 32037 31764 34051 
32474 32244 31886 34225 
32549 32427 32042 34125 
32653 32659 32299 33902 
32730 32844 32566 33516 
32715 32900 32741 32983 
32702 32933 32918 32465 
32679 32912 33030 32023 
32682 32878 33115 31739 
32686 32815 33142 31573 
32707 32784 33149 31628 
32789 32824 33182 31829 
32861 32902 33209 32114 
32946 33007 33209 32414 
33012 33124 33194 32691 
33061 33208 33141 32884 
33042 33192 33025 32967 
33016 33127 32881 33008 
32924 32936 32663 32914 
32822 32707 32451 32840 
32662 32410 32220 32769 
32485 32096 31995 32693 
32325 31834 31842 32705 
32207 31694 31781 32782 
32156 31704 31835 32931 
32161 31859 31994 33082 
32259 32134 32267 33232 
32438 32559 32641 33349 
32656 33015 33024 33371 
32812 33378 33297 33186 
32989 33700 33556 32923 
33138 33901 33722 32615 
33221 33908 33760 32242 
33205 33709 33623 31859 
33183 33433 33437 31617 
33067 33039 33145 31506 
32949 32615 32827 31559 
32825 32229 32532 31807 
32685 31878 32247 32152 
32563 31671 32040 32608 
32461 31620 31898 33106 
32359 31691 31834 33573 
32296 31890 31848 33949 
32277 32161 31956 34164 
32278 32491 32118 34187 
32340 32853 32379 34045 
32405 33144 32632 33651 
32510 33397 32920 33172 
32668 33589 33232 32611 
33016 33635 33684 31579 
33147 33469 33741 31238 
33241 33226 33685 31079 
33269 32910 33493 31141 
33228 32577 33196 31395 
33128 32291 32856 31826 
32990 32072 32498 32349 
32813 31950 32181 32917 
32610 31915 31914 33453 
32447 32007 31787 33908 
32326 32182 31787 34187 
32250 32408 31903 34285 
32216 32637 32091 34163 
32261 32865 32368 33873 
32318 33043 32634 33419 
32474 33201 32925 32948 
32603 33242 33125 32396 
32776 33269 33308 31925 
32921 33197 33389 31508 
33026 33083 33384 31286 
33083 32926 33297 31237 
33099 32750 33153 31397 
33022 32552 32941 31710 
32917 32369 32710 32180 
32772 32243 32499 32712 
32606 32136 32293 33227 
32480 32118 32183 33706 
32400 32193 32158 34058 
32419 32374 32241 34224 
32488 32587 32390 34142 
32638 32879 32628 33893 
32781 33114 32841 33393 
32914 33304 33027 32800 
33051 33457 33203 32207 
33111 33456 33278 31664 
33070 33323 33214 31263 
33010 33134 33118 31127 
32834 32838 32898 31189 
32645 32519 32653 31497 
32519 32314 32501 32083 
32351 32079 32292 32625 
32274 31988 32210 33245 
32239 31994 32178 33760 
32313 32135 32269 34140 
32494 32418 32463 34328 
32639 32686 32645 34206 
32838 32984 32873 33910 
32956 33158 33000 33327 
33087 33339 33144 32768 
33165 33378 33206 32178 
33170 33319 33200 31675 
33119 33156 33119 31346 
32993 32922 32961 31218 
32802 32602 32737 31307 
32647 32372 32565 31665 
32461 32158 32360 32144 
32321 32052 32235 32687 
32222 32045 32179 33247 
32206 32146 32203 33725 
32267 32359 32321 34050 
32445 32667 32560 34185 
32616 32938 32779 34041 
32791 33155 32989 33676 
32972 33336 33162 33190 
33126 33426 33299 32619 
33249 33420 33367 32079 
33282 33309 33335 31633 
33204 33071 33184 31317 
33067 32789 32961 31229 
32875 32506 32717 31375 
32719 32317 32515 31770 
32550 32198 32345 32277 
32381 32125 32184 32812 
32263 32146 32108 33329 
32241 32273 32147 33784 
32293 32469 32273 34046 
32411 32672 32460 34089 
32541 32842 32633 33917 
32686 32951 32800 33539 
32806 32998 32912 33084 
32874 32957 32957 32610 
32922 32895 32984 32214 
32872 32751 32925 31894 
32851 32671 32900 31805 
32766 32593 32846 31852 
32699 32567 32822 32039 
32684 32614 32851 32310 
32689 32703 32904 32583 
32757 32843 32982 32823 
32815 32948 33010 32919 
32894 33055 33024 32923 
33003 33155 33013 32866 
33022 33125 32881 32686 
33020 33079 32736 32521 
32973 32948 32549 32408 
32824 32732 32340 32369 
32651 32490 32168 32459 
32451 32256 32043 32662 
32278 32063 32011 32968 
32149 31946 32084 33306 
32098 31936 32253 33599 
32151 32042 32495 33793 
32313 32275 32816 33831 
32498 32550 33097 33628 
32726 32870 33334 33281 
32961 33189 33517 32800 
33142 33443 33556 32233 
33316 33657 33530 31714 
33376 33704 33356 31294 
33367 33630 33113 31079 
33278 33436 32833 31087 
33111 33145 32538 31331 
32946 32826 32316 31798 
32773 32505 32186 32394 
32570 32186 32111 33011 
32399 31939 32090 33594 
32247 31782 32138 34070 
32139 31747 32241 34354 
32071 31803 32344 34407 
32050 31967 32456 34249 
32086 32192 32545 33897 
32189 32484 32653 33413 
32364 32791 32784 32867 
32550 33044 32903 32313 
32811 33302 33085 31881 
33074 33479 33248 31533 
33297 33552 33396 31345 
33504 33545 33501 31324 
33655 33511 33572 31505 
33656 33334 33477 31780 
33590 33175 33330 32252 
33395 32953 33051 32810 
33093 32711 32684 33319 
32783 32531 32345 33610 
32411 32315 32001 33419 
32031 32121 31747 32785 
31629 31861 31603 31840 
31378 31644 31609 31092 
31387 31619 31774 30927 
31791 31925 32069 31583 
32435 32557 32393 32932 
33164 33557 32756 34690 
33678 34574 33059 36253 
33867 35084 33325 37273 
33694 34403 33492 37433 
33445 32254 33522 36686 
33392 29107 33494 35182 
33409 26346 33397 33171 
33037 25519 33249 30857 
31906 27774 33082 28514 
29950 33161 32937 26394 
27700 40032 32763 24908 
26384 45836 32647 24514 
27035 48311 32543 25376 
30217 46184 32435 27544 
35347 39787 32316 30847 
41182 30769 32219 34937 
45614 22041 32144 38999 
47293 15649 32114 42419 
45577 12837 32128 44497 
40642 13805 32198 44756 
33637 17943 32326 42942 
26211 24230 32531 39371 
19684 31946 32765 34487 
15121 40325 32999 29076 
13228 48599 33215 23986 
14491 55449 33412 20257 
18707 59371 33525 18570 
25317 59327 33552 19169 
33420 54689 33487 22003 
42096 45425 33319 26629 
50045 32480 33050 32400 
55607 18805 32752 37944 
57912 6391 32391 42561 
56338 242 32109 45615 
50594 65 31842 46527 
41356 42 31693 45194 
30131 10016 31697 41931 
18764 23631 31866 37351 
9302 39366 32144 32194 
3546 54598 32494 27308 
2798 65058 32908 23426 
7308 65467 33265 21252 
16290 65507 33582 20950 
28116 65516 33764 22491 
40660 57231 33807 25480 
51868 41241 33704 29510 
59185 23503 33421 33616 
61564 7762 33088 37322 
58627 248 32666 39985 
51302 53 32298 41332 
41243 37 31987 41189 
30981 8972 31791 39755 
22191 22111 31737 37399 
16200 36760 31842 34554 
13426 50111 32020 31716 
13864 59773 32334 29369 
16834 63427 32652 27863 
21629 60902 32970 27323 
27306 53097 33203 27660 
33149 41751 33393 28770 
38313 28715 33461 30363 
41877 16919 33444 32061 
43447 7986 33280 33553 
43006 3298 33059 34661 
40871 3468 32745 35181 
37852 8643 32470 35222 
34830 17771 32223 34783 
32560 29497 32081 34067 
31425 42044 32047 33234 
31364 53212 32122 32508 
32026 61218 32344 32011 
32840 64171 32665 31859 
33206 61671 32961 31922 
32750 54186 33169 32141 
31460 43148 33362 32538 
29469 30208 33428 32906 
27303 17994 33366 33170 
25668 8891 33182 33255 
25173 4293 32879 33128 
26296 4964 32560 32855 
29180 10806 32299 32535 
33369 20532 32124 32222 
37712 31713 32006 31942 
41299 42294 32053 31865 
43089 50066 32186 31914 
42655 53733 32387 32135 
40171 52858 32676 32516 
36431 48155 32944 32933 
32389 41185 33150 33283 
28905 33695 33274 33539 
26542 27292 33325 33642 
25434 22868 33300 33565 
25487 20885 33154 33314 
26460 21140 32902 32930 
28239 23334 32662 32546 
30744 27028 32457 32251 
33652 31614 32236 32015 
36630 36592 32133 31993 
38862 40688 32125 32131 
39834 43021 32231 32404 
39131 42818 32439 32777 
36665 39827 32675 33087 
32911 34616 32934 33325 
28971 28728 33144 33386 
25916 23749 33281 33253 
24705 21172 33337 32986 
25709 21709 33239 32562 
28771 25317 33123 32180 
32920 30764 32868 31788 
37018 36412 32653 31621 
40135 40688 32442 31652 
41665 42656 32270 31869 
41506 42186 32201 32289 
39603 39807 32207 32812 
36367 36749 32304 33359 
32128 33802 32478 33849 
27420 31275 32646 34121 
23202 29169 32837 34223 
20484 27045 32943 34032 
20353 25010 33018 33642 
23041 23475 33023 33099 
28057 23366 33015 32521 
34102 25493 32984 31940 
39415 29843 32861 31410 
43019 35745 32759 31124 
44283 41704 32630 31038 
43418 46030 32530 31195 
40934 47388 32480 31633 
37586 45115 32433 32197 
33898 39774 32427 32827 
30286 32684 32461 33443 
27151 25619 32531 33972 
24824 20189 32661 34314 
23755 17768 32785 34404 
24102 18626 32886 34187 
25856 22381 33001 33778 
28711 28020 33093 33178 
32155 34274 33154 32537 
35275 39532 33142 31917 
37798 43277 33105 31437 
39324 45044 32976 31153 
39759 44767 32774 31088 
39197 42632 32589 31318 
37822 39111 32441 31767 
35762 34520 32294 32289 
33238 29433 32179 32837 
30515 24432 32156 33364 
28165 20684 32209 33770 
26647 18875 32298 33963 
26322 19553 32471 34004 
27189 22819 32614 33838 
29139 28618 32777 33559 
31475 35818 32893 33195 
33542 42894 32958 32800 
35021 48358 33041 32488 
35869 50732 33116 32240 
36242 49035 33125 32042 
36499 43239 33167 31985 
36671 34574 33134 31926 
36663 25059 33112 31962 
36066 16969 33052 32012 
34621 12240 32995 32135 
32377 12096 32834 32245 
29968 16389 32653 32357 
28036 24047 32497 32525 
27000 33374 32284 32685 
27104 42742 32119 32879 
28103 50614 31965 33068 
29680 55552 31972 33329 
31403 56719 32033 33530 
33094 53809 32205 33709 
34600 46923 32397 33748 
36007 36654 32702 33724 
37070 24969 32967 33517 
37685 14013 33176 33167 
37778 5677 33373 32781 
37278 1736 33476 32326 
36271 3094 33476 31898 
34870 10098 33406 31526 
33258 21067 33258 31330 
31489 34399 33071 31294 
29618 47741 32877 31455 
27680 59103 32632 31755 
26085 65244 32471 32247 
25129 65471 32294 32759 
25266 65456 32156 33284 
26694 54742 32048 33728 
29379 42352 31995 34038 
32963 28392 32002 34155 
36727 15415 32110 34125 
39886 5618 32290 33903 
41966 401 32470 33478 
42728 85 32735 32995 
42139 5499 33025 32458 
40318 11599 33280 31958 
37477 22566 33534 31581 
33733 34996 33689 31343 
29393 47209 33739 31274 
24850 57705 33665 31403 
20967 64354 33454 31686 
18540 65442 33146 32102 
18414 65174 32785 32581 
21079 54706 32405 33079 
26483 42442 31995 33479 
33381 29125 31717 33789 
40696 16628 31616 33951 
46870 7071 31628 33933 
50661 2014 31806 33786 
51046 1877 32021 33451 
47910 6475 32318 33103 
41814 14751 32632 32725 
34048 25277 32944 32393 
26124 36405 33167 32083 
19479 46780 33379 31939 
15558 54666 33496 31896 
14768 59237 33535 31955 
17035 59910 33541 32089 
21840 56455 33485 32270 
28061 49602 33351 32435 
34781 40309 33174 32550 
41051 29909 32962 32647 
46009 19983 32738 32727 
48830 11970 32512 32806 
48867 7423 32240 32840 
46103 6951 32026 32886 
40976 10703 31881 32970 
34228 18237 31814 33085 
27467 27949 31854 33201 
21935 38285 31982 33289 
18773 47467 32191 33337 
18538 54045 32483 33330 
21121 56581 32780 33226 
25606 54835 33082 33058 
30793 49403 33339 32822 
35561 41399 33500 32504 
39104 32255 33607 32205 
40853 23785 33635 31971 
40784 17373 33496 31748 
39439 13847 33298 31665 
37428 13529 33022 31719 
35238 16325 32652 31880 
33445 21598 32354 32212 
32120 28313 32080 32579 
31263 35365 31912 33020 
30729 41656 31800 33408 
30501 46032 31857 33737 
30570 47872 32048 33936 
30846 47109 32355 33971 
31160 44050 32701 33805 
31280 39350 33024 33462 
31002 33813 33269 32977 
30323 28670 33445 32477 
29471 24682 33510 32028 
28899 22484 33452 31658 
29099 22452 33278 31453 
30466 24557 33028 31436 
32897 28111 32759 31627 
36018 32175 32517 31973 
39088 35676 32323 32396 
41349 37687 32195 32838 
42216 37690 32160 33258 
41369 35857 32210 33576 
39029 32984 32342 33777 
35551 30112 32501 33792 
31461 28280 32708 33675 
27301 28225 32881 33404 
23866 30013 32988 33040 
21480 33189 33050 32631 
20511 36940 33066 32246 
21247 40372 33005 31916 
23814 42546 32882 31708 
27967 42997 32748 31704 
33224 41545 32624 31898 
38788 38209 32497 32160 
43783 33089 32398 32534 
46935 27152 32419 32995 
47565 21248 32464 33345 
45622 16402 32583 33616 
41537 13696 32747 33727 
36155 14064 32913 33645 
30401 18040 33036 33365 
25390 25404 33129 32970 
21893 34857 33156 32509 
20201 44738 33129 32089 
20344 53036 33033 31733 
22259 58150 32872 31539 
25628 58707 32678 31553 
29868 54768 32521 31804 
34345 47042 32351 32158 
38428 36997 32251 32621 
41544 26060 32193 33097 
43187 16188 32222 33576 
43055 9484 32339 33910 
41196 6586 32507 34034 
37843 7948 32667 33913 
33422 13576 32906 33643 
28972 22068 33041 33191 
25571 31787 33159 32680 
23958 41176 33218 32187 
24496 48854 33173 31746 
27004 53844 33088 31527 
30643 55518 32896 31484 
34157 53709 32706 31669 
36703 48583 32531 32027 
37898 40730 32423 32501 
37750 31114 32341 32953 
36627 21328 32336 33358 
34999 13926 32420 33621 
33104 10511 32577 33716 
31095 11949 32757 33618 
29154 17753 32914 33310 
27693 26401 33040 32911 
27267 35381 33110 32490 
28208 42886 33103 32112 
30514 47666 33066 31895 
33664 49355 32928 31815 
36893 48133 32731 31908 
39259 44684 32605 32221 
40030 39494 32447 32595 
39106 33261 32345 32966 
36822 26838 32261 33311 
33783 21252 32300 33593 
30676 17777 32375 33670 
28070 17180 32492 33570 
26315 19672 32652 33298 
25674 24691 32872 32950 
26079 31205 33006 32468 
27631 37746 33164 32078 
30136 43130 33254 31767 
33220 46500 33255 31608 
36414 47396 33140 31665 
39039 45731 32954 31901 
40337 41900 32717 32281 
39898 36499 32470 32775 
37758 30378 32231 33239 
34413 24469 32074 33650 
30893 19950 32041 33922 
28218 17622 32111 33964 
27027 17812 32308 33801 
27429 20548 32593 33467 
29067 25474 32910 32992 
31303 32004 33206 32438 
33471 38981 33492 31935 
34953 45006 33624 31526 
35730 48956 33608 31301 
35920 49937 33481 31324 
35533 47452 33184 31505 
34656 41802 32794 31886 
33331 34450 32426 32399 
31622 26948 32106 32965 
29753 20889 31835 33454 
28282 17597 31749 33860 
27805 17740 31833 34073 
28657 20881 32021 34074 
30769 26146 32306 33894 
33682 32164 32608 33543 
36528 37703 32899 33123 
38524 41726 33092 32643 
39202 43478 33244 32230 
38480 42733 33269 31922 
36697 40022 33216 31761 
34310 36089 33149 31763 
31636 31743 33044 31869 
29000 27916 32930 32064 
26738 25279 32881 32310 
25115 24042 32811 32518 
24580 24376 32788 32682 
25643 26333 32787 32798 
28447 29706 32763 32842 
32588 33977 32698 32873 
37270 38490 32604 32866 
41360 42386 32508 32905 
43682 44654 32381 32947 
43510 44568 32246 33005 
40889 41873 32159 33119 
36560 36980 32158 33252 
31540 30828 32195 33306 
27006 24753 32374 33355 
23872 20237 32558 33260 
22673 18436 32803 33106 
23233 19509 33041 32820 
25262 23088 33235 32468 
28346 28448 33376 32117 
31869 34111 33440 31799 
35451 38981 33410 31590 
38649 42201 33291 31518 
41029 43284 33121 31602 
42073 42316 32897 31820 
41660 39905 32699 32201 
39654 36715 32449 32600 
36374 33563 32261 33084 
32387 31083 32097 33492 
28510 29623 31972 33823 
25408 29150 31967 34049 
23560 29310 32022 34108 
23333 29780 32161 33998 
24857 30263 32369 33720 
27791 30644 32621 33345 
31579 30897 32904 32883 
35495 31072 33159 32346 
38804 31261 33436 31864 
40504 31310 33626 31446 
40423 31217 33689 31203 
38790 31064 33625 31093 
36287 31187 33455 31178 
33716 32003 33206 31498 
31798 33744 32871 31962 
30804 36236 32480 32442 
30569 38984 32165 33042 
30582 41028 31908 33577 
30444 41474 31737 34014 
30072 39901 31736 34296 
29544 36640 31840 34346 
29169 32622 32083 34240 
29062 28779 32349 33920 
29397 25815 32637 33439 
30161 24005 32869 32913 
31331 23100 33043 32358 
33040 22975 33181 31910 
35201 23701 33242 31561 
37663 25738 33250 31391 
39803 29210 33229 31436 
41091 34005 33200 31597 
40947 39113 33125 31853 
39189 43503 33093 32188 
35922 45739 33014 32496 
31925 45323 32920 32769 
27929 42679 32827 33013 
24590 38664 32665 33139 
22467 34389 32541 33267 
21825 30705 32356 33288 
22780 27900 32216 33301 
25290 25819 32084 33259 
29254 24265 31979 33215 
34351 23336 31982 33180 
39397 23368 32055 33105 
43656 24714 32232 33049 
46074 27447 32463 32928 
45959 31425 32781 32801 
43102 35673 33051 32604 
38151 39433 33325 32399 
32180 41914 33534 32205 
26243 42588 33613 31990 
21812 41486 33618 31872 
19675 38977 33492 31833 
20054 35612 33272 31869 
22731 32026 32999 32015 
27282 28760 32706 32277 
32846 26309 32396 32581 
38051 25209 32141 32929 
42129 25482 31929 33217 
44295 27140 31790 33482 
44122 29956 31817 33703 
41448 33269 31919 33816 
36892 36248 32087 33771 
31554 38258 32347 33638 
26702 38829 32662 33406 
23448 37843 33007 33078 
22608 35620 33283 32659 
24244 32937 33536 32276 
27560 30314 33684 31889 
31651 28292 33686 31571 
35548 27222 33577 31405 
38496 27189 33339 31363 
40023 28189 33031 31506 
40235 30074 32701 31835 
39263 32618 32381 32232 
37256 35506 32115 32704 
34517 38198 31941 33187 
31316 40142 31887 33620 
28077 40861 31967 33941 
25390 39983 32136 34081 
23897 37419 32353 34037 
24207 33612 32576 33791 
26440 29287 32814 33445 
30201 25337 33024 33025 
34685 22663 33145 32541 
38780 22174 33260 32139 
41395 23952 33254 31782 
42117 27652 33171 31555 
40869 32444 33057 31543 
37872 37206 32862 31639 
33787 40853 32640 31889 
29793 42549 32499 32303 
26399 42213 32383 32706 
24278 40196 32315 33122 
23959 37068 32343 33486 
25526 33327 32430 33731 
28670 29709 32574 33801 
32743 26673 32797 33729 
36665 24569 32920 33420 
39770 23902 33066 33047 
41275 24836 33163 32642 
40934 27226 33145 32198 
39018 30684 33089 31856 
35883 34424 32928 31640 
32171 37673 32705 31582 
28819 39762 32551 31783 
26120 40437 32382 32069 
24458 39788 32284 32444 
24079 38113 32259 32884 
25174 35714 32300 33282 
27776 33140 32453 33630 
31556 30633 32627 33790 
36000 28545 32789 33769 
40225 27275 32899 33601 
43318 27119 32949 33289 
44261 28120 32935 32928 
42637 29931 32844 32547 
38688 32061 32778 32268 
32928 33805 32704 32065 
26960 34490 32622 31966 
22101 34032 32619 31988 
19456 32800 32666 32098 
19482 31533 32791 32277 
22173 30973 32976 32499 
26961 31464 33049 32582 
33354 33224 33162 32714 
39871 35529 33173 32747 
45447 37680 33107 32763 
48758 38847 32929 32727 
49004 38654 32721 32757 
45773 37034 32464 32818 
39698 34503 32204 32888 
32015 31758 32028 33026 
24346 29460 31976 33218 
18113 27797 31966 33320 
14543 26795 32117 33417 
14450 26226 32332 33377 
17661 25961 32614 33237 
