32466 32173 32555 31643 
32466 32173 32555 31643 
32305 31917 32343 31939 
32174 31734 32147 32340 
32105 31696 32016 32804 
32117 31770 31965 33290 
32197 31939 32017 33725 
32292 32156 32101 34009 
32460 32466 32276 34129 
32638 32791 32523 34050 
32823 33113 32787 33776 
32914 33332 32982 33276 
33041 33546 33209 32753 
33164 33692 33420 32243 
33220 33705 33527 31761 
33222 33582 33527 31386 
33216 33402 33472 31245 
33132 33113 33287 31276 
33044 32794 33069 31519 
32915 32466 32793 31923 
32750 32144 32508 32399 
32573 31903 32250 32911 
32400 31766 32051 33381 
32258 31754 31922 33735 
32147 31853 31885 33926 
32123 32083 31961 33955 
32147 32369 32109 33786 
32251 32696 32332 33512 
32449 33023 32626 33176 
32632 33268 32889 32762 
32833 33397 33116 32381 
33019 33427 33307 32093 
33139 33328 33383 31893 
33181 33139 33355 31828 
33149 32894 33231 31887 
33062 32657 33041 32064 
32929 32483 32833 32335 
32774 32380 32630 32623 
32648 32403 32502 32909 
32515 32466 32414 33108 
32470 32603 32431 33219 
32490 32775 32538 33227 
32543 32887 32658 33107 
32645 32952 32793 32902 
32761 32941 32887 32663 
32890 32889 32954 32460 
32941 32739 32916 32289 
32949 32571 32811 32235 
32871 32407 32654 32277 
32766 32296 32491 32467 
32591 32225 32313 32684 
32468 32283 32233 32968 
32352 32396 32207 33199 
32341 32632 32322 33410 
32376 32852 32500 33470 
32496 33087 32749 33396 
32666 33275 32993 33197 
32820 33362 33192 32888 
33008 33393 33358 32560 
33166 33338 33453 32248 
33255 33186 33426 31974 
33231 32946 33277 31792 
33125 32642 33027 31712 
33001 32406 32791 31851 
32809 32172 32525 32054 
32590 32001 32282 32347 
32366 31899 32071 32687 
32192 31891 31946 33045 
32077 31978 31900 33340 
32060 32178 31966 33585 
32124 32448 32130 33727 
32287 32779 32379 33766 
32495 33097 32673 33675 
32747 33381 32970 33480 
32961 33555 33229 33158 
33204 33665 33471 32812 
33368 33615 33605 32374 
33471 33487 33658 32002 
33474 33253 33560 31686 
33352 32924 33355 31458 
33151 32580 33086 31360 
32905 32287 32775 31459 
32635 32078 32474 31717 
32348 31927 32165 32072 
32151 31925 31977 32531 
32030 32035 31871 33024 
32022 32228 31884 33513 
32091 32448 31994 33911 
32256 32682 32183 34147 
32467 32895 32426 34215 
32646 32998 32647 34069 
32803 33052 32851 33769 
32889 32988 32971 33326 
32921 32863 33041 32798 
32920 32737 33078 32302 
32894 32638 33074 31888 
32877 32595 33048 31588 
32855 32625 33033 31460 
32875 32722 33021 31491 
32925 32882 33055 31668 
32967 33047 33087 31932 
33031 33210 33111 32251 
33023 33264 33074 32542 
33005 33252 32999 32810 
32915 33095 32834 32998 
32764 32859 32619 33146 
32588 32576 32371 33237 
32403 32242 32119 33280 
32209 31962 31905 33286 
32077 31778 31782 33268 
32040 31725 31786 33258 
32074 31820 31921 33226 
32213 32045 32163 33157 
32443 32388 32518 33082 
32711 32786 32901 32963 
32964 33143 33247 32737 
33192 33481 33530 32485 
33376 33716 33731 32253 
33478 33813 33795 32039 
33362 33547 33527 31774 
33173 33267 33238 31778 
32907 32893 32890 31847 
32625 32521 32531 32045 
32378 32212 32228 32363 
32133 31911 31933 32680 
31973 31724 31748 33025 
31892 31642 31665 33370 
31927 31717 31703 33673 
32057 31886 31852 33877 
32308 32186 32127 33970 
32585 32531 32455 33906 
32875 32904 32835 33690 
33116 33230 33164 33337 
33320 33515 33480 32907 
33442 33677 33711 32422 
33513 33738 33841 31970 
33434 33597 33773 31534 
33286 33363 33600 31276 
33073 33059 33306 31189 
32822 32722 32939 31287 
32544 32383 32525 31573 
32350 32198 32204 32063 
32143 32028 31905 32539 
32048 32013 31756 33064 
32024 32093 31753 33579 
32100 32247 31881 33975 
32253 32468 32099 34187 
32470 32699 32394 34222 
32723 32901 32726 34071 
32954 33038 33007 33712 
33109 33058 33196 33210 
33224 33032 33329 32675 
33280 32962 33380 32178 
33191 32784 33264 31709 
33030 32603 33084 31441 
32877 32507 32907 31420 
32646 32411 32662 31552 
32463 32446 32490 31896 
32329 32506 32368 32305 
32278 32646 32337 32757 
32313 32810 32399 33175 
32413 32970 32534 33463 
32572 33098 32716 33578 
32778 33197 32922 33528 
32954 33192 33076 33286 
33074 33100 33133 32937 
33170 32968 33141 32569 
33157 32771 33045 32208 
33068 32546 32843 31982 
32947 32354 32631 31941 
32780 32220 32430 32081 
32573 32122 32241 32371 
32391 32111 32127 32738 
32280 32211 32124 33156 
32204 32350 32187 33491 
32254 32599 32394 33734 
32349 32840 32614 33764 
32472 33020 32832 33541 
32659 33173 33041 33159 
32864 33274 33231 32690 
33031 33296 33341 32146 
33177 33250 33395 31706 
33198 33071 33303 31386 
33198 32913 33169 31332 
33068 32668 32925 31466 
32916 32475 32669 31869 
32740 32321 32442 32421 
32505 32211 32193 33007 
32302 32146 32021 33578 
32212 32224 32008 34069 
32166 32344 32069 34278 
32238 32544 32253 34259 
32381 32742 32517 33990 
32637 32978 32853 33528 
32828 33083 33089 32863 
33066 33186 33318 32224 
33240 33184 33432 31638 
33364 33121 33455 31240 
33346 32971 33334 31061 
33208 32763 33084 31118 
32993 32565 32805 31417 
32726 32422 32529 31944 
32432 32336 32290 32543 
32213 32339 32169 33162 
32025 32361 32095 33666 
31986 32504 32173 34068 
32080 32670 32336 34235 
32307 32851 32551 34188 
32601 33012 32775 33933 
32883 33085 32930 33465 
33186 33152 33062 32943 
33413 33149 33125 32422 
33527 33084 33137 31949 
33489 32949 33053 31586 
33283 32730 32885 31397 
32980 32514 32721 31415 
32634 32329 32555 31639 
32267 32135 32396 32001 
31968 32008 32309 32465 
31781 31946 32266 32920 
31752 31986 32317 33375 
31894 32148 32468 33785 
32160 32381 32648 34027 
32570 32727 32915 34152 
32947 33065 33109 34014 
33303 33396 33263 33640 
33574 33674 33333 33072 
33749 33870 33329 32331 
33763 33919 33224 31531 
33585 33760 32986 30735 
33289 33486 32705 30167 
32947 33138 32455 29983 
32556 32669 32217 30192 
32201 32187 32063 30892 
31936 31764 32021 32039 
31790 31452 32093 33487 
31731 31265 32207 34924 
31856 31295 32426 36235 
32107 31545 32690 37121 
32376 31916 32910 37395 
32726 32401 33120 36920 
33038 32920 33247 35761 
33281 33392 33293 34011 
33457 33806 33273 31944 
33518 34048 33190 29792 
33468 34106 33044 27994 
33337 34011 32887 26822 
33065 33702 32662 26446 
32782 33346 32491 27012 
32505 32888 32344 28482 
32258 32409 32239 30564 
32109 32023 32227 33024 
32056 31725 32275 35531 
32113 31598 32386 37633 
32269 31635 32543 38980 
32531 31846 32778 39458 
32784 32095 32961 38898 
33022 32425 33125 37443 
33219 32775 33272 35354 
33298 33067 33320 32919 
33317 33320 33314 30550 
33216 33482 33228 28538 
33043 33529 33050 27243 
32836 33502 32831 26811 
32610 33374 32588 27247 
32477 33247 32414 28518 
32383 33043 32264 30236 
32387 32854 32226 32203 
32434 32622 32213 34061 
32568 32473 32323 35646 
32679 32308 32450 36650 
32780 32210 32595 37002 
32833 32136 32722 36712 
32833 32107 32820 35924 
32773 32126 32876 34759 
32677 32193 32917 33479 
32612 32342 32957 32297 
32564 32540 33012 31337 
32566 32762 33052 30697 
32617 33008 33113 30416 
32735 33238 33153 30443 
32898 33438 33191 30759 
33101 33608 33213 31294 
33270 33648 33162 31889 
33377 33589 33045 32432 
33383 33421 32868 32897 
33270 33163 32615 33235 
33102 32884 32402 33497 
32834 32527 32154 33590 
32571 32280 32047 33664 
32316 32062 31989 33625 
32090 31898 32015 33522 
31980 31869 32175 33438 
31984 31974 32415 33336 
32083 32134 32690 33206 
32288 32395 33003 33060 
32561 32680 33274 32869 
32832 32949 33478 32651 
33128 33233 33621 32456 
33341 33407 33621 32206 
33512 33512 33527 32025 
33496 33447 33269 31872 
33416 33317 32979 31859 
33204 33093 32634 31946 
32966 32863 32330 32176 
32681 32609 32084 32489 
32429 32403 31944 32867 
32234 32276 31930 33234 
32135 32244 32054 33535 
32153 32307 32296 33715 
32296 32475 32636 33776 
32498 32675 32963 33653 
32738 32870 33260 33373 
32945 33012 33440 32974 
33146 33121 33558 32559 
33303 33184 33555 32195 
33302 33089 33366 31862 
33245 32983 33136 31724 
33062 32776 32811 31705 
32870 32623 32537 31938 
32651 32505 32313 32293 
32443 32413 32142 32683 
32296 32423 32086 33104 
32249 32483 32148 33468 
32309 32626 32298 33723 
32489 32829 32549 33842 
32735 32997 32807 33750 
32926 33109 33001 33493 
33146 33191 33207 33131 
33284 33187 33308 32741 
33289 33067 33288 32333 
33177 32877 33190 32026 
32947 32616 32970 31824 
32677 32376 32723 31806 
32395 32179 32509 31960 
32175 32074 32339 32231 
32060 32104 32267 32583 
32105 32278 32329 32952 
32269 32557 32501 33266 
32530 32892 32736 33458 
32842 33211 32968 33485 
33174 33521 33220 33396 
33460 33705 33372 33180 
33652 33771 33430 32890 
33677 33642 33337 32569 
33583 33377 33144 32316 
33303 32958 32837 32119 
32963 32505 32520 32074 
32607 32112 32266 32220 
32241 31775 32069 32429 
31975 31594 31998 32717 
31770 31572 32007 32984 
31774 31788 32181 33253 
31908 32139 32440 33415 
32179 32586 32744 33452 
32540 33090 33063 33382 
32901 33521 33299 33164 
33227 33819 33464 32862 
33495 33958 33545 32553 
33664 33913 33515 32280 
33637 33620 33342 32030 
33492 33229 33106 31924 
33216 32730 32794 31927 
32933 32276 32499 32123 
32607 31869 32231 32417 
32314 31609 32036 32782 
32111 31556 31949 33147 
32021 31706 31974 33469 
32056 32059 32148 33684 
32232 32533 32437 33775 
32465 33053 32777 33655 
32688 33486 33071 33339 
32951 33861 33369 32960 
33117 33974 33540 32470 
33267 33911 33616 32062 
33281 33626 33525 31698 
33183 33157 33287 31507 
33078 32676 33026 31572 
32914 32179 32702 31805 
32769 31815 32432 32207 
32597 31595 32175 32674 
32496 31604 32031 33194 
32432 31815 32009 33625 
32441 32169 32104 33939 
32476 32587 32274 34011 
32584 33059 32550 33933 
32686 33432 32812 33631 
32759 33664 33031 33163 
32870 33761 33217 32682 
32936 33679 33327 32187 
32982 33480 33368 31820 
32951 33137 33279 31559 
32879 32746 33116 31507 
32783 32386 32910 31657 
32671 32085 32685 31995 
32544 31870 32459 32403 
32441 31802 32275 32878 
32393 31860 32152 33323 
32421 32063 32142 33680 
32515 32356 32238 33887 
32663 32713 32426 33900 
32848 33077 32707 33724 
33008 33383 32976 33400 
33136 33583 33215 32959 
33230 33708 33434 32523 
33233 33672 33509 32077 
33140 33468 33435 31721 
32986 33151 33228 31529 
32781 32782 32933 31521 
32577 32409 32616 31713 
32406 32094 32311 32056 
32301 31895 32107 32487 
32235 31795 31972 32909 
32247 31859 31989 33328 
32339 32068 32130 33643 
32503 32408 32386 33851 
32688 32778 32678 33852 
32834 33097 32927 33679 
32957 33347 33132 33391 
33042 33475 33273 33006 
33094 33484 33346 32605 
33115 33375 33343 32249 
33068 33133 33239 31950 
32957 32817 33028 31754 
32858 32539 32832 31763 
32725 32285 32597 31883 
32614 32166 32403 32152 
32441 32072 32184 32408 
32341 32145 32081 32750 
32288 32323 32085 33088 
32281 32553 32166 33332 
32360 32831 32355 33506 
32490 33059 32595 33528 
32653 33240 32868 33429 
32846 33308 33136 33215 
33031 33257 33341 32927 
33187 33110 33476 32615 
33285 32907 33501 32307 
33320 32655 33415 32067 
33248 32445 33226 31942 
33070 32252 32934 31881 
32852 32175 32624 31963 
32624 32238 32337 32194 
32395 32382 32107 32505 
32268 32630 32012 32866 
32158 32856 31983 33181 
32150 33071 32079 33440 
32255 33238 32280 33622 
32398 33255 32503 33619 
32562 33137 32696 33479 
32698 32907 32839 33192 
32805 32594 32939 32854 
32892 32286 32984 32528 
32918 32058 32986 32242 
32854 31890 32922 32007 
32813 31927 32896 31945 
32760 32094 32861 31984 
32750 32406 32885 32136 
32783 32824 32949 32358 
32837 33199 32988 32546 
32907 33572 33049 32740 
32984 33797 33080 32872 
33042 33830 33057 32912 
33043 33706 32953 32910 
32970 33407 32781 32842 
32852 33008 32571 32780 
32668 32544 32313 32716 
32505 32123 32120 32729 
32310 31744 31937 32755 
32180 31550 31875 32864 
32105 31506 31926 32992 
32111 31620 32077 33105 
32221 31916 32367 33196 
32380 32275 32705 33195 
32591 32690 33049 33109 
32785 33046 33329 32898 
32974 33387 33550 32633 
33146 33652 33685 32347 
33242 33744 33657 32048 
33263 33704 33496 31795 
33251 33567 33272 31688 
33167 33305 32957 31711 
33074 33012 32643 31881 
32906 32663 32297 32139 
32754 32367 32054 32534 
32554 32090 31844 32952 
32343 31877 31744 33355 
32212 31822 31797 33752 
32096 31827 31925 34008 
32049 31919 32154 34084 
32099 32125 32457 33991 
32198 32372 32774 33699 
32341 32622 33055 33259 
32581 32915 33336 32729 
32816 33159 33533 32144 
33043 33341 33631 31602 
33271 33477 33656 31225 
33392 33480 33517 30983 
33461 33455 33337 31017 
33427 33343 33079 31275 
33280 33137 32739 31714 
33053 32913 32396 32320 
32833 32714 32131 32967 
32584 32502 31918 33577 
32346 32307 31800 34046 
32166 32167 31801 34315 
32063 32070 31908 34356 
32027 32028 32096 34153 
32069 32016 32338 33765 
32160 32042 32572 33268 
32278 32089 32791 32700 
32453 32229 32986 32214 
32588 32349 33086 31796 
32778 32594 33211 31593 
32899 32829 33246 31562 
33020 33081 33269 31682 
33086 33328 33241 31893 
33171 33567 33236 32187 
33216 33722 33195 32474 
33191 33755 33096 32690 
33150 33655 32965 32811 
33070 33442 32785 32841 
32956 33140 32584 32829 
32808 32761 32378 32783 
32679 32402 32206 32773 
32510 32040 32038 32780 
32341 31731 31914 32827 
32193 31537 31860 32934 
32091 31479 31914 33109 
32070 31563 32070 33276 
32104 31775 32307 33407 
32229 32099 32629 33479 
32364 32442 32909 33381 
32547 32837 33216 33175 
32734 33183 33415 32839 
32925 33512 33566 32451 
33090 33742 33590 32034 
33230 33881 33527 31678 
33295 33851 33343 31422 
33316 33713 33119 31329 
33231 33419 32809 31377 
33146 33079 32541 31665 
32980 32658 32276 32086 
32813 32239 32094 32612 
32583 31824 31949 33120 
32335 31496 31845 33577 
32156 31367 31867 33988 
32001 31401 31972 34217 
31913 31610 32148 34249 
31942 31985 32392 34083 
32063 32446 32683 33740 
32257 32945 32971 33250 
32474 33338 33178 32618 
32805 33732 33439 32075 
33110 33951 33578 31572 
33358 33940 33599 31184 
33547 33749 33517 30994 
33601 33426 33320 31015 
33568 33049 33075 31272 
33387 32617 32754 31678 
33150 32248 32447 32269 
32838 31979 32197 32864 
32468 31784 31964 33379 
32188 31788 31890 33848 
31989 31931 31932 34154 
31874 32144 32041 34216 
31840 32368 32203 34078 
31937 32608 32412 33778 
32098 32784 32600 33356 
32287 32872 32757 32878 
32507 32891 32869 32444 
32701 32838 32913 32078 
32881 32780 32952 31867 
33028 32726 32975 31757 
33144 32734 33001 31806 
33197 32778 33026 31917 
33219 32876 33073 32080 
33183 32976 33104 32224 
33140 33124 33150 32375 
33099 33230 33182 32494 
33025 33271 33128 32576 
32898 33178 32978 32595 
32779 33045 32799 32671 
32648 32818 32553 32767 
32468 32511 32264 32878 
32305 32226 32018 33055 
32172 31980 31847 33255 
32054 31791 31753 33400 
32040 31755 31822 33543 
32094 31847 32012 33600 
32165 32000 32226 33470 
32345 32287 32545 33266 
32587 32642 32893 32970 
32820 32983 33184 32565 
33055 33313 33435 32154 
33274 33573 33622 31799 
33413 33711 33678 31535 
33459 33710 33611 31416 
33376 33531 33399 31427 
33225 33261 33140 31639 
32958 32876 32779 31972 
32684 32480 32437 32427 
32420 32102 32140 32957 
32171 31811 31891 33435 
32035 31666 31788 33840 
31961 31669 31769 34041 
32013 31859 31910 34088 
32171 32184 32167 33953 
32404 32590 32490 33633 
32637 33012 32821 33177 
32846 33349 33095 32588 
33067 33657 33369 32073 
33160 33712 33458 31578 
33194 33592 33425 31258 
33196 33366 33339 31198 
33095 32948 33108 31302 
32964 32499 32835 31622 
32842 32120 32603 32121 
32695 31825 32402 32672 
32573 31698 32267 33214 
32472 31768 32220 33682 
32388 31967 32236 33981 
32373 32318 32329 34079 
32384 32730 32479 33972 
32428 33119 32621 33693 
32494 33435 32744 33254 
32569 33607 32826 32744 
32707 33675 32930 32278 
32828 33567 32958 31883 
32923 33318 32953 31616 
32947 32929 32866 31498 
32932 32508 32772 31577 
32886 32140 32699 31854 
32786 31836 32606 32211 
32667 31648 32538 32624 
32530 31633 32486 33064 
32411 31751 32462 33413 
32397 32055 32542 33706 
32417 32419 32619 33812 
32523 32841 32731 33729 
32651 33238 32829 33482 
32824 33592 32938 33119 
33011 33814 33036 32701 
33183 33904 33109 32282 
33266 33807 33112 31891 
33259 33552 33041 31602 
33129 33190 32910 31487 
32957 32796 32775 31583 
32717 32368 32597 31826 
32462 32003 32442 32219 
32286 31761 32340 32701 
32149 31632 32281 33155 
32072 31636 32263 33536 
32155 31844 32343 33843 
32276 32080 32463 33890 
32472 32409 32603 33800 
32666 32741 32734 33536 
32803 32997 32784 33169 
32883 33171 32789 32717 
32948 33303 32795 32358 
32967 33336 32790 32083 
32930 33263 32761 31909 
32870 33151 32743 31870 
32839 33035 32772 31969 
32824 32931 32852 32145 
32833 32838 32948 32364 
32869 32782 33060 32572 
32953 32805 33189 32769 
32955 32771 33217 32833 
32931 32741 33177 32832 
32878 32678 33069 32787 
32787 32603 32891 32736 
32622 32453 32621 32649 
32479 32325 32364 32669 
32306 32155 32097 32716 
32158 32024 31869 32820 
32069 31945 31742 32973 
32071 31971 31761 33160 
32192 32147 31941 33340 
32395 32426 32231 33436 
32650 32770 32595 33393 
32924 33135 32971 33217 
33159 33478 33316 32917 
33384 33759 33619 32575 
33551 33940 33813 32214 
33568 33893 33807 31860 
33470 33696 33676 31615 
33275 33364 33428 31531 
33028 32956 33114 31624 
32717 32491 32757 31862 
32447 32089 32446 32239 
32168 31714 32133 32651 
31964 31516 31911 33129 
31856 31464 31787 33546 
31832 31556 31748 33850 
31938 31804 31846 34027 
32105 32127 31999 33992 
32350 32511 32237 33791 
32635 32926 32541 33476 
32914 33279 32841 33035 
33160 33554 33130 32534 
33381 33754 33418 32058 
33529 33823 33620 31639 
33597 33759 33722 31410 
33519 33562 33671 31310 
33413 33350 33571 31459 
33204 33049 33326 31744 
32958 32737 33026 32142 
32682 32434 32693 32614 
32418 32175 32369 33090 
32153 31932 32071 33491 
31963 31795 31866 33790 
31860 31751 31781 33894 
31889 31834 31847 33893 
31962 31974 31972 33685 
32146 32219 32199 33383 
32439 32543 32496 33043 
32760 32859 32798 32674 
33067 33166 33057 32309 
33370 33437 33288 32042 
33572 33600 33414 31847 
33660 33658 33447 31769 
33625 33579 33397 31808 
33422 33366 33229 31947 
33119 33084 33001 32178 
32726 32732 32733 32443 
32395 32463 32553 32819 
32069 32190 32355 33136 
31831 31999 32234 33393 
31745 31930 32204 33589 
31842 32031 32310 33729 
32078 32198 32466 33703 
32374 32418 32646 33507 
32768 32695 32860 33223 
33127 32940 33022 32798 
33437 33139 33134 32340 
33654 33297 33182 31926 
33736 33374 33144 31624 
33614 33298 32986 31432 
33387 33184 32816 31473 
33040 32969 32589 31665 
32696 32788 32435 32088 
32314 32567 32304 32548 
32052 32413 32291 33109 
31844 32276 32324 33578 
31806 32233 32449 33950 
31892 32224 32600 34108 
32095 32268 32753 34065 
32393 32390 32917 33860 
32662 32501 32965 33472 
32898 32613 32947 32986 
33108 32770 32899 32522 
33270 32950 32834 32119 
33318 33079 32741 31781 
33322 33228 32706 31622 
33263 33308 32710 31624 
33158 33325 32766 31751 
33040 33259 32855 31957 
32883 33098 32931 32191 
32760 32908 33020 32477 
32634 32666 33065 32744 
32565 32466 33058 32990 
32496 32278 32969 33184 
32429 32139 32802 33294 
32389 32105 32613 33388 
32325 32117 32369 33396 
32306 32224 32199 33380 
32305 32396 32072 33326 
