33228 33682 33271 31779 
33228 33682 33271 31779 
33310 33545 33319 31542 
33369 33345 33351 31449 
33350 33067 33306 31450 
33270 32770 33203 31564 
33166 32516 33054 31792 
33034 32346 32869 32120 
32849 32200 32622 32443 
32657 32179 32397 32869 
32425 32194 32158 33272 
32227 32276 32001 33649 
32114 32404 31958 33959 
32035 32518 31989 34121 
32009 32607 32104 34136 
32061 32667 32282 33960 
32198 32708 32514 33663 
32353 32698 32734 33260 
32540 32681 32917 32778 
32753 32652 33045 32299 
32944 32643 33134 31901 
33088 32660 33148 31583 
33222 32732 33141 31457 
33304 32830 33110 31471 
33355 32989 33072 31649 
33352 33158 33037 31921 
33319 33328 33052 32269 
33177 33378 33007 32553 
33033 33377 33006 32856 
32809 33221 32919 33032 
32589 33003 32837 33183 
32351 32694 32675 33234 
32174 32385 32514 33262 
32020 32069 32290 33228 
31941 31834 32083 33162 
31953 31730 31921 33119 
32038 31761 31836 33059 
32246 31947 31904 33042 
32498 32222 32077 33009 
32795 32555 32356 32959 
33076 32911 32702 32899 
33311 33220 33053 32788 
33441 33428 33346 32599 
33525 33606 33608 32434 
33477 33620 33732 32240 
33293 33497 33684 32034 
33089 33320 33558 31912 
32827 33066 33316 31834 
32546 32783 33012 31825 
32286 32493 32669 31911 
32145 32295 32396 32157 
32092 32150 32165 32473 
32079 32036 31971 32811 
32145 32003 31859 33178 
32282 32044 31850 33561 
32452 32151 31939 33881 
32649 32307 32112 34076 
32826 32501 32352 34124 
32961 32682 32607 33991 
33103 32930 32924 33732 
33135 33087 33163 33251 
33190 33295 33426 32717 
33197 33461 33608 32146 
33157 33533 33681 31574 
33059 33494 33632 31109 
32938 33376 33473 30835 
32774 33136 33194 30758 
32600 32837 32842 30958 
32485 32537 32495 31392 
32400 32282 32201 32051 
32339 32080 31951 32779 
32321 31956 31803 33500 
32376 31960 31811 34196 
32434 32054 31934 34665 
32524 32210 32152 34891 
32615 32398 32419 34842 
32696 32603 32703 34534 
32720 32725 32909 33927 
32724 32838 33077 33205 
32706 32868 33139 32432 
32696 32914 33177 31756 
32745 32965 33163 31254 
32793 33010 33104 30947 
32828 33028 32997 30816 
32933 33124 32951 30989 
33053 33233 32929 31352 
33114 33285 32893 31789 
33181 33327 32923 32321 
33160 33263 32917 32844 
33011 33050 32842 33248 
32829 32769 32740 33542 
32641 32471 32661 33768 
32407 32123 32487 33815 
32213 31827 32321 33749 
32055 31623 32134 33583 
32050 31640 32051 33417 
32112 31750 32011 33172 
32300 32046 32102 33011 
32533 32398 32268 32806 
32804 32828 32532 32659 
33016 33192 32802 32479 
33194 33508 33081 32320 
33288 33721 33328 32187 
33306 33808 33512 32066 
33243 33747 33598 31990 
33100 33570 33565 31941 
32930 33316 33437 31948 
32752 33005 33229 32025 
32573 32668 32961 32150 
32470 32341 32682 32365 
32422 32084 32410 32634 
32405 31873 32143 32908 
32415 31759 31949 33215 
32459 31754 31844 33485 
32494 31840 31826 33694 
32525 32018 31919 33814 
32555 32278 32131 33834 
32551 32566 32396 33732 
32581 32886 32733 33531 
32606 33151 33034 33187 
32661 33398 33301 32775 
32805 33610 33532 32340 
33145 33704 33660 31594 
33269 33556 33515 31332 
33376 33355 33324 31268 
33363 33043 33031 31354 
33276 32733 32729 31634 
33099 32424 32457 32050 
32851 32159 32223 32526 
32579 31989 32097 33080 
32241 31842 31978 33516 
31994 31840 31994 33930 
31859 31928 32109 34174 
31858 32105 32292 34256 
31960 32289 32485 34088 
32185 32545 32700 33779 
32449 32766 32858 33292 
32761 32982 32981 32728 
33042 33193 33039 32154 
33281 33367 33063 31710 
33390 33432 32996 31416 
33395 33425 32925 31344 
33308 33345 32853 31503 
33118 33170 32795 31857 
32891 32929 32763 32303 
32682 32684 32775 32799 
32507 32456 32826 33245 
32387 32252 32867 33538 
32373 32161 32911 33651 
32461 32182 32966 33561 
32571 32285 32933 33289 
32735 32477 32907 32943 
32825 32632 32759 32522 
32897 32824 32626 32174 
32869 32912 32447 31926 
32825 32967 32317 31886 
32708 32958 32212 32032 
32580 32847 32164 32315 
32477 32723 32215 32725 
32413 32616 32348 33189 
32384 32507 32511 33527 
32405 32470 32720 33741 
32505 32514 32921 33767 
32681 32656 33117 33601 
32861 32849 33244 33235 
33048 33056 33295 32753 
33250 33283 33328 32280 
33392 33435 33297 31853 
33402 33412 33162 31517 
33294 33241 32986 31407 
33053 32907 32744 31472 
32726 32468 32506 31754 
32409 32048 32309 32221 
32070 31666 32123 32745 
31790 31430 31977 33281 
31683 31428 31968 33760 
31721 31631 32023 34061 
31991 32108 32246 34207 
32345 32651 32515 34058 
32815 33304 32853 33738 
33207 33824 33114 33194 
33600 34209 33378 32596 
33869 34404 33577 32026 
33978 34355 33669 31561 
33857 34005 33594 31251 
33554 33438 33385 31161 
33132 32772 33078 31302 
32663 32100 32736 31676 
32207 31524 32393 32191 
31863 31164 32108 32798 
31629 31042 31893 33327 
31601 31191 31806 33761 
31724 31568 31845 34011 
31995 32117 32026 34046 
32367 32707 32303 33911 
32705 33211 32589 33590 
32978 33565 32848 33171 
33153 33724 33045 32738 
33238 33701 33176 32379 
33229 33511 33234 32085 
33141 33222 33196 31950 
33029 32906 33117 31933 
32977 32677 33070 32053 
32927 32527 32995 32219 
32889 32497 32938 32395 
32890 32552 32898 32519 
32922 32710 32887 32631 
32934 32878 32871 32663 
32882 32980 32809 32636 
32766 32999 32713 32593 
32624 32928 32609 32604 
32403 32712 32439 32627 
32195 32420 32288 32724 
31995 32081 32129 32865 
31878 31796 32019 33051 
31878 31622 31997 33249 
32015 31656 32076 33408 
32314 31898 32278 33524 
32696 32306 32571 33522 
33123 32808 32896 33393 
33466 33326 33189 33111 
33781 33856 33500 32818 
33900 34173 33687 32451 
33878 34326 33780 32136 
33638 34209 33691 31821 
33301 33910 33500 31642 
32839 33376 33166 31563 
32388 32763 32774 31727 
32027 32177 32403 32134 
31761 31639 32060 32662 
31637 31245 31796 33157 
31628 31007 31626 33380 
31755 30993 31619 33198 
31931 31153 31749 32607 
32158 31498 32026 31908 
32465 31995 32374 31446 
32869 32641 32738 31550 
33419 33532 33119 32387 
33873 34576 33418 33697 
34135 35705 33669 35207 
34007 36424 33789 36296 
33612 36194 33769 36661 
33301 34545 33638 36233 
33407 31443 33379 35052 
33932 27758 33045 33373 
34340 25143 32696 31479 
33867 25064 32383 29557 
31998 28233 32079 27788 
28963 34100 31903 26482 
25670 40879 31811 25882 
23807 45960 31833 26318 
24764 46980 31967 27885 
28787 43442 32190 30470 
34881 36213 32418 33763 
41280 27454 32639 37305 
46153 19476 32839 40566 
47968 14466 32983 42805 
46331 13262 33050 43507 
41849 15562 33074 42502 
35556 20622 33102 39811 
28690 27634 33116 35763 
22264 35929 33088 30804 
17474 44442 33122 26025 
14758 52265 33134 22112 
14645 58210 33154 19768 
17237 60866 33125 19429 
22471 59143 33072 21293 
29519 52579 32943 24974 
37738 41750 32746 29919 
45910 28043 32517 35303 
52735 13784 32295 40337 
56905 1435 32040 44174 
57244 107 31853 46136 
53414 53 31786 46019 
45637 72 31808 43841 
35126 12512 31973 40006 
23437 27298 32275 35074 
13132 43446 32640 30006 
5967 58381 33017 25536 
3319 65296 33321 22303 
5892 65487 33597 20828 
13461 65513 33747 21259 
24193 65519 33735 23366 
36217 54865 33614 26774 
47279 37969 33396 30847 
55445 20047 33086 34860 
59277 4307 32768 38341 
58205 144 32432 40564 
52907 47 32150 41444 
44964 40 31938 40953 
35995 10260 31808 39295 
27414 23934 31822 36817 
20680 38502 31906 34038 
16318 51417 32060 31389 
14571 60290 32315 29309 
15327 63419 32588 28021 
18355 60455 32873 27597 
22978 52467 33143 28027 
28542 41139 33361 29045 
34122 28532 33500 30427 
38879 16899 33593 31891 
42218 7870 33598 33201 
43527 3344 33447 34053 
43103 3850 33229 34444 
41439 9139 32966 34429 
39149 18392 32638 34077 
36887 30108 32350 33584 
34963 42619 32118 33115 
33495 53295 31957 32774 
32343 60518 31908 32643 
31292 62878 31961 32730 
30109 59964 32093 32954 
28620 52134 32267 33241 
27048 41232 32480 33531 
25581 29123 32672 33672 
24613 18017 32845 33646 
24560 9907 32951 33368 
25835 6249 33013 32932 
28503 7744 33033 32380 
32415 13808 33070 31835 
36817 23022 33075 31345 
40799 33422 33071 31015 
43447 42973 33089 30932 
43956 49368 33109 31081 
42246 51720 33096 31441 
38860 49968 33074 31980 
34558 44846 32983 32579 
30549 38169 32860 33192 
27423 31468 32622 33663 
25603 26116 32405 34017 
25037 22802 32185 34168 
25541 21762 31989 34101 
26913 22738 31881 33892 
28970 25405 31868 33581 
31603 29316 31969 33226 
34554 34058 32191 32874 
37203 38564 32492 32583 
39062 41995 32850 32361 
39541 43316 33161 32172 
38305 41887 33427 32061 
35416 37668 33585 31979 
31695 31936 33596 31951 
28124 26184 33543 31985 
25684 21943 33345 31986 
25227 20530 33090 32020 
27000 22432 32800 32086 
30381 26844 32536 32199 
34442 32566 32344 32407 
38112 37876 32194 32645 
40600 41552 32038 32945 
41376 42679 32003 33284 
40507 41630 32061 33662 
38133 39198 32143 33932 
34582 36347 32309 34116 
30084 33555 32469 34088 
25608 31115 32660 33892 
22082 28782 32882 33522 
20495 26306 33055 32973 
21643 24001 33257 32407 
25471 22551 33400 31791 
30967 23016 33467 31257 
36675 25986 33439 30889 
41197 31270 33348 30779 
43669 37831 33178 30911 
43827 43990 32916 31296 
42115 47812 32639 31891 
39277 48255 32408 32623 
35851 45002 32165 33353 
32317 38817 31984 33977 
28996 31038 31905 34427 
26379 23837 31998 34676 
24612 18618 32111 34606 
24084 16474 32296 34270 
24884 17672 32514 33736 
26930 21725 32726 33088 
29718 27381 32888 32419 
32721 33564 33007 31841 
35451 39119 33074 31444 
37501 43317 33086 31267 
38706 45797 33116 31343 
38922 46268 33107 31581 
38367 44827 33110 31950 
37153 41599 33094 32341 
35403 36796 33054 32681 
33333 31091 32996 32926 
31241 25429 32908 33050 
29447 20712 32797 33069 
28326 17858 32657 33001 
28112 17645 32503 32914 
28805 20471 32333 32805 
30151 26133 32172 32773 
31522 33479 32071 32798 
32549 41118 32032 32885 
33090 47258 32066 33019 
33365 50355 32210 33209 
33720 49246 32413 33334 
34451 44081 32684 33423 
35449 35970 32967 33360 
36290 26865 33175 33145 
36454 18929 33349 32823 
35595 14386 33422 32418 
33903 14066 33456 32068 
31807 17753 33343 31684 
29994 24568 33184 31459 
28863 33143 32939 31348 
28646 41643 32703 31433 
29087 48797 32510 31728 
29865 53369 32324 32117 
30752 54526 32194 32597 
31767 51789 32126 33162 
32837 45340 32106 33677 
34064 36023 32163 34097 
35299 25245 32265 34334 
36403 14881 32413 34387 
37137 6755 32607 34215 
37252 3166 32778 33812 
36820 4678 32970 33270 
35803 11251 33101 32614 
34328 22195 33235 31977 
32383 35663 33309 31411 
30273 48657 33333 31042 
28177 59382 33299 30902 
26402 65211 33182 30984 
25412 65468 33034 31314 
25568 65362 32811 31815 
27097 54087 32625 32450 
29770 41702 32404 33063 
33132 28082 32230 33626 
36637 15131 32099 34056 
39571 5106 32059 34291 
41339 265 32031 34231 
41937 83 32162 34046 
41228 132 32315 33624 
39415 10188 32551 33136 
36550 21559 32829 32640 
32896 34463 33065 32180 
28663 47358 33219 31804 
24418 58451 33313 31612 
20872 65143 33313 31624 
18880 65463 33214 31811 
19301 65492 33042 32106 
22408 57851 32833 32463 
27850 45464 32624 32809 
34910 31032 32457 33102 
42164 17324 32406 33318 
47886 6851 32406 33357 
51027 995 32508 33265 
50758 95 32594 33016 
46990 4690 32776 32778 
40492 13001 32884 32475 
32554 23855 32961 32253 
24678 35464 32947 32109 
18381 46312 32867 32101 
14725 54994 32756 32236 
14424 60189 32620 32498 
17199 60935 32519 32835 
22311 57465 32444 33158 
28770 50165 32355 33368 
35724 40253 32387 33528 
42247 28989 32504 33573 
47096 18472 32634 33432 
49659 10295 32773 33175 
49424 5808 32914 32811 
46237 5808 33016 32401 
40600 10521 33084 32024 
33679 18963 33117 31761 
26683 29626 33053 31601 
21083 40664 32946 31617 
17989 50317 32813 31838 
17995 56600 32681 32171 
20756 58461 32552 32614 
25391 55776 32420 33066 
30661 49197 32306 33464 
35614 39854 32285 33810 
39123 29873 32361 34001 
40830 21058 32475 33973 
40916 14608 32625 33762 
39833 11384 32805 33407 
38081 11673 32970 32875 
36218 15373 33118 32345 
34585 21609 33228 31861 
33166 29218 33216 31421 
32023 37095 33151 31217 
31018 43955 32989 31204 
30255 48595 32796 31442 
29826 50363 32629 31893 
29653 49179 32449 32422 
29696 45441 32307 33021 
29740 39771 32229 33571 
29652 33379 32241 34042 
29333 27415 32282 34214 
29066 22883 32458 34246 
29142 20408 32614 33997 
30011 20401 32773 33550 
31903 22772 32917 33001 
34630 26732 33001 32409 
37775 31315 33085 31905 
40601 35338 33107 31517 
42387 37898 33062 31315 
42509 38332 32976 31335 
40920 36972 32843 31545 
37889 34554 32695 31928 
33909 32087 32559 32415 
29542 30475 32471 32980 
25410 30255 32347 33427 
22242 31566 32328 33802 
20403 33962 32390 34017 
20137 36613 32480 33999 
21698 38881 32665 33833 
25043 40156 32847 33463 
29835 40085 33035 33020 
35439 38581 33176 32525 
41008 35711 33274 32076 
45447 31657 33256 31668 
47910 26862 33165 31462 
47735 22188 32988 31430 
45022 18447 32778 31565 
40362 16648 32559 31880 
34510 17602 32349 32294 
28650 21717 32205 32764 
23813 28462 32114 33197 
20565 36781 32146 33594 
19227 45048 32243 33860 
19859 51529 32400 33945 
22367 54920 32629 33903 
26329 54265 32843 33672 
30988 49852 33007 33317 
35781 42598 33161 32904 
39905 33815 33249 32477 
42813 24785 33281 32061 
43987 17150 33224 31733 
43265 12233 33054 31506 
40862 10775 32893 31518 
37049 12911 32655 31646 
32482 18266 32423 31927 
28030 25894 32233 32316 
24828 34103 32118 32751 
23578 41580 32127 33199 
24525 47270 32215 33561 
27326 50529 32428 33835 
31129 51014 32685 33893 
34668 48745 32953 33798 
37156 43906 33171 33507 
38289 36922 33309 33124 
38194 28820 33367 32672 
37083 21036 33322 32224 
35291 15663 33163 31837 
33072 14073 32944 31596 
30553 16698 32647 31485 
28230 22919 32418 31615 
26552 31105 32254 31926 
26210 38792 32146 32310 
27525 44504 32159 32795 
30318 47346 32234 33235 
33932 47326 32380 33610 
37568 44857 32615 33884 
40070 40617 32835 33940 
40863 35218 33012 33780 
39890 29324 33104 33437 
37564 23836 33169 33022 
34318 19590 33123 32519 
30908 17757 33025 32083 
27973 18854 32807 31720 
25865 22698 32587 31552 
24847 28471 32430 31628 
25022 34898 32322 31887 
26493 40916 32299 32282 
29095 45239 32405 32768 
32529 47319 32551 33192 
36203 47051 32785 33560 
39337 44400 33009 33716 
41104 39861 33182 33656 
41011 34222 33313 33437 
39084 28260 33334 33055 
35863 22893 33228 32591 
32256 18979 33008 32115 
29188 17188 32708 31717 
27494 17970 32414 31577 
27294 21240 32193 31662 
28241 26545 32003 31913 
29843 33151 31977 32364 
31520 40073 32033 32888 
32956 45797 32229 33436 
33978 49220 32467 33842 
34682 49486 32762 34066 
35046 46296 33032 34051 
34931 40271 33230 33761 
34265 32986 33354 33309 
33030 25989 33390 32698 
31511 20855 33345 32097 
30131 18548 33201 31544 
29450 19365 33003 31166 
29882 22837 32782 31056 
31381 27944 32568 31213 
33527 33410 32355 31616 
35625 38140 32184 32216 
37117 41253 32085 32900 
37586 42184 32081 33601 
37062 41013 32153 34183 
35740 38152 32308 34521 
33908 34356 32523 34560 
31771 30461 32786 34326 
29544 27306 33004 33787 
27421 25278 33179 33061 
25819 24695 33316 32290 
25247 25630 33393 31579 
26198 27980 33362 31029 
28794 31450 33253 30767 
32719 35594 33058 30783 
37128 39742 32835 31127 
40886 42987 32583 31695 
42980 44552 32385 32458 
42681 43724 32242 33210 
40100 40376 32105 33809 
36044 35202 32115 34277 
31467 29107 32176 34474 
27381 23400 32317 34412 
24697 19547 32496 34093 
23744 18459 32711 33590 
24334 20181 32901 32981 
26142 24226 33043 32339 
28821 29678 33180 31805 
31997 35410 33235 31392 
35126 39962 33199 31211 
37976 42673 33126 31304 
40032 43156 32954 31565 
40972 41726 32760 32011 
40477 38883 32540 32537 
38535 35571 32388 33100 
35448 32619 32254 33539 
31837 30600 32235 33882 
28353 29627 32298 33979 
25710 29626 32448 33881 
24357 30133 32643 33563 
24731 30760 32894 33141 
26648 31137 33061 32604 
29833 31280 33245 32158 
33558 31127 33317 31744 
37103 30886 33311 31520 
39635 30574 33154 31467 
40482 30292 32938 31637 
39565 30093 32675 31967 
37224 30142 32438 32430 
34118 30705 32226 32927 
31255 32060 32060 33353 
29474 34391 32077 33743 
28835 37331 32158 33923 
29124 40239 32328 33906 
29910 42126 32591 33731 
30630 42119 32830 33430 
31120 39971 33002 33010 
31397 36107 33100 32558 
31625 31598 33163 32223 
31798 27429 33115 31946 
32029 24380 33005 31812 
32341 22753 32865 31837 
32778 22321 32718 31955 
33516 22910 32644 32189 
34672 24523 32624 32427 
36114 27351 32671 32666 
37546 31689 32760 32837 
38309 36713 32830 32924 
38064 41571 32920 32939 
36624 45051 32947 32906 
34111 46096 32922 32852 
31030 44280 32822 32797 
28213 40409 32692 32784 
25992 35544 32503 32806 
24708 30922 32320 32874 
24501 27352 32163 32985 
25444 25079 32072 33098 
27570 24005 32076 33168 
30827 23818 32212 33208 
34849 24356 32428 33151 
39033 25730 32732 33020 
42490 28101 33021 32765 
44272 31400 33314 32501 
43815 35219 33519 32208 
41056 38821 33594 31933 
36560 41443 33579 31790 
31149 42514 33425 31725 
26122 41719 33159 31778 
22491 39356 32874 31986 
20871 35865 32551 32256 
21640 31965 32336 32664 
24487 28197 32094 33003 
28733 25491 31979 33346 
33636 24060 31922 33592 
38286 24167 31948 33741 
41788 25864 32080 33809 
43426 28914 32224 33718 
42760 32739 32389 33533 
39988 36650 32633 33330 
35603 39711 32842 33019 
30665 41294 33042 32681 
26370 40981 33248 32358 
23863 38853 33413 32053 
23622 35502 33526 31826 
25533 31699 33578 31650 
28947 28247 33559 31600 
33044 25676 33451 31634 
36609 24521 33223 31752 
38992 24812 32947 31978 
39986 26387 32584 32246 
39738 29138 32300 32654 
38351 32728 32008 33043 
36045 36560 31791 33414 
33190 40018 31725 33754 
29969 42443 31754 33941 
26892 43295 31937 34021 
24486 42109 32149 33911 
23428 38852 32415 33659 
24265 34111 32673 33330 
27041 28743 32933 32959 
31220 23789 33098 32528 
35962 20472 33260 32192 
40107 19581 33326 31899 
42719 21572 33394 31759 
43118 25838 33364 31704 
41405 31454 33310 31772 
38062 37206 33264 31935 
33664 41807 33137 32095 
29207 44441 33022 32301 
25609 44782 32894 32501 
23418 43079 32710 32653 
23148 39922 32553 32820 
24837 35674 32332 32903 
28209 31116 32154 33047 
32374 26937 32032 33175 
36463 23636 31935 33283 
39635 21781 31922 33393 
41266 21726 31981 33459 
41112 23578 32141 33493 
39371 26928 32379 33481 
36454 31048 32644 33337 
32995 35160 32949 33146 
29512 38502 33196 32811 
26591 40813 33467 32484 
24685 41794 33641 32127 
24120 41473 33695 31779 
25082 40100 33648 31532 
27533 37794 33450 31393 
31326 34867 33159 31418 
35791 31744 32800 31622 
39945 29055 32425 32002 
42927 27267 32101 32491 
43826 26570 31801 33010 
42264 26932 31636 33516 
38333 28075 31687 33995 
32970 29279 31897 34283 
27205 30118 32195 34305 
22701 30420 32569 34130 
20204 30506 32967 33742 
20149 30862 33284 33177 
22589 32019 33533 32544 
27272 34153 33658 31931 
33181 36860 33612 31399 
39401 39608 33455 31086 
44719 41499 33210 31004 
47932 41873 32904 31166 
48107 40407 32576 31561 
44981 37412 32355 32158 
39206 33588 32172 32772 
31862 29770 32063 33325 
24626 26769 32087 33846 
18788 24879 32195 34148 
15697 24099 32344 34220 
15744 24188 32573 34108 
