32903 32756 33120 32789 
32903 32756 33120 32789 
32910 32731 33031 32433 
32908 32732 32927 32203 
32881 32712 32800 32057 
32860 32694 32703 31998 
32898 32762 32678 32097 
32913 32795 32667 32181 
32966 32874 32729 32323 
32981 32940 32801 32415 
33018 33026 32900 32518 
33027 33104 32957 32586 
32968 33116 32949 32596 
32870 33063 32876 32634 
32715 32942 32733 32698 
32532 32752 32547 32816 
32326 32526 32352 32991 
32164 32292 32194 33205 
32031 32070 32072 33372 
32006 31959 32085 33534 
32067 31945 32177 33591 
32236 32078 32379 33542 
32502 32339 32681 33381 
32781 32644 32974 33077 
33040 32957 33230 32672 
33292 33243 33423 32241 
33487 33477 33536 31839 
33600 33621 33557 31559 
33597 33623 33440 31401 
33422 33470 33207 31385 
33212 33247 32958 31566 
32889 32919 32642 31867 
32572 32597 32400 32341 
32254 32264 32161 32848 
31955 31948 31959 33340 
31778 31760 31874 33790 
31715 31672 31866 34106 
31790 31739 31952 34240 
31986 31950 32130 34201 
32311 32286 32406 34011 
32700 32673 32735 33632 
33023 33037 33028 33111 
33327 33377 33306 32510 
33544 33625 33533 31916 
33626 33744 33668 31421 
33582 33748 33695 31104 
33436 33618 33605 30968 
33209 33378 33400 31058 
32920 33042 33089 31329 
32655 32710 32758 31817 
32457 32391 32440 32428 
32324 32146 32157 33061 
32216 31921 31902 33624 
32193 31842 31775 34093 
32252 31888 31800 34360 
32344 32030 31934 34413 
32455 32241 32154 34235 
32510 32436 32386 33823 
32593 32697 32693 33338 
32608 32844 32919 32759 
32581 32941 33101 32201 
32565 32967 33209 31782 
32584 32974 33260 31525 
32632 32952 33242 31454 
32749 32925 33170 31553 
32926 32960 33096 31810 
33112 33009 33007 32109 
33314 33105 32938 32441 
33465 33192 32873 32736 
33499 33242 32811 32971 
33457 33237 32776 33123 
33272 33123 32702 33167 
32993 32919 32622 33141 
32634 32644 32529 33051 
32282 32362 32460 33006 
31905 32024 32315 32885 
31709 31809 32245 32876 
31613 31646 32169 32851 
31693 31675 32189 32897 
31902 31809 32250 32911 
32232 32096 32410 32949 
32626 32466 32602 32940 
33011 32898 32822 32882 
33352 33315 33024 32771 
33618 33699 33209 32622 
33744 33950 33355 32442 
33733 34030 33426 32274 
33566 33921 33417 32129 
33287 33629 33313 32013 
32931 33210 33121 31967 
32528 32696 32837 31982 
32215 32217 32571 32147 
31993 31811 32319 32427 
31898 31534 32121 32779 
31879 31401 31966 33120 
31990 31480 31944 33488 
32195 31724 32029 33760 
32453 32126 32240 33940 
32731 32576 32513 33926 
32979 33052 32833 33740 
33129 33418 33065 33343 
33273 33728 33297 32869 
33314 33870 33425 32311 
33333 33873 33504 31810 
33216 33649 33409 31349 
33071 33329 33249 31124 
32870 32944 32989 31102 
32686 32549 32705 31316 
32584 32278 32494 31817 
32468 32047 32268 32374 
32438 31977 32149 33006 
32400 31964 32064 33543 
32453 32114 32124 34021 
32493 32277 32240 34250 
32538 32471 32419 34289 
32554 32614 32610 34092 
32530 32713 32766 33721 
32485 32750 32883 33240 
32431 32708 32917 32683 
32448 32741 32966 32247 
32509 32737 32962 31888 
32603 32779 32945 31666 
32760 32871 32941 31620 
32958 33015 32956 31719 
33150 33153 32972 31886 
33349 33327 33030 32135 
33487 33430 33047 32367 
33512 33422 33022 32547 
33415 33306 32940 32677 
33227 33101 32830 32779 
32938 32800 32663 32867 
32591 32465 32483 32965 
32213 32101 32288 33064 
31896 31789 32140 33196 
31713 31611 32080 33369 
31614 31527 32049 33465 
31720 31659 32124 33565 
31987 31952 32309 33587 
32318 32323 32523 33466 
32727 32781 32810 33274 
33092 33200 33037 32896 
33402 33585 33245 32465 
33623 33864 33408 32022 
33719 34006 33498 31636 
33658 33956 33454 31344 
33477 33734 33326 31213 
33234 33440 33137 31307 
32931 33027 32897 31559 
32668 32625 32683 32051 
32420 32213 32494 32578 
32215 31847 32319 33136 
32083 31575 32198 33615 
31992 31456 32114 33991 
31970 31477 32080 34151 
32046 31673 32124 34143 
32149 31971 32179 33942 
32293 32357 32287 33631 
32494 32788 32441 33251 
32645 33143 32557 32759 
32859 33514 32782 32389 
33035 33723 32990 32049 
33222 33835 33211 31821 
33369 33801 33422 31711 
33485 33657 33573 31728 
33486 33391 33585 31761 
33473 33139 33556 31913 
33333 32803 33379 32051 
33118 32485 33127 32213 
32863 32210 32821 32430 
32559 31998 32482 32641 
32269 31896 32187 32874 
32025 31844 31944 33097 
31865 31910 31796 33339 
31841 32082 31802 33570 
31903 32277 31887 33703 
32086 32537 32102 33809 
32310 32758 32349 33749 
32533 32901 32580 33588 
32752 33015 32799 33328 
32912 33031 32952 32962 
33040 33048 33057 32594 
33149 33064 33136 32261 
33197 33048 33178 31951 
33196 33035 33191 31739 
33184 33048 33193 31635 
33140 33031 33183 31633 
33099 33034 33192 31761 
33046 32999 33187 31933 
32976 32924 33129 32158 
32774 32718 32896 32693 
32653 32580 32693 32931 
32486 32408 32451 33134 
32314 32257 32212 33319 
32167 32127 31995 33455 
32054 32026 31835 33526 
32007 32009 31790 33576 
32060 32107 31881 33601 
32155 32243 32033 33523 
32383 32474 32301 33386 
32671 32763 32653 33203 
32962 33043 32996 32939 
33196 33256 33267 32582 
33422 33456 33531 32263 
33556 33567 33697 31936 
33563 33559 33717 31652 
33447 33448 33606 31488 
33244 33243 33384 31435 
33004 33019 33116 31511 
32746 32785 32834 31751 
32490 32559 32554 32089 
32320 32394 32346 32528 
32158 32209 32148 32969 
32026 32025 31983 33373 
31995 31937 31916 33766 
32017 31900 31915 34054 
32136 31953 32017 34230 
32276 32039 32148 34197 
32471 32212 32341 34034 
32667 32408 32541 33686 
32921 32717 32832 33287 
33102 32994 33079 32758 
33266 33272 33304 32190 
33401 33546 33517 31680 
33499 33795 33682 31292 
33487 33897 33721 31020 
33409 33876 33628 30931 
33264 33719 33422 31066 
33066 33468 33131 31469 
32805 33077 32766 32111 
32565 32648 32411 32977 
32296 32174 32066 33792 
32068 31742 31834 34294 
31865 31395 31698 34230 
31693 31161 31700 33577 
31609 31079 31867 32579 
31679 31189 32132 31674 
31958 31553 32410 31241 
32518 32288 32714 31575 
33241 33373 32960 32624 
33879 34639 33084 33998 
34252 35783 33191 35346 
34205 36166 33228 36224 
33891 35193 33215 36398 
33536 32633 33163 35786 
33404 29255 33130 34595 
33288 26349 33083 32911 
32764 25501 33056 30937 
31420 27824 33033 28852 
29266 33147 32989 26921 
27126 39535 32907 25675 
26022 44740 32790 25368 
26995 46636 32628 26295 
30542 44121 32440 28510 
35754 37830 32220 31733 
41258 29612 31991 35529 
45334 21832 31851 39333 
46705 16428 31811 42413 
44763 14377 31881 44125 
40029 15776 32076 44015 
33476 19855 32337 41958 
26500 25901 32693 38216 
20318 33382 33075 33206 
16128 41302 33384 27912 
14515 48947 33684 23262 
15742 55111 33867 20003 
19833 58549 33907 18739 
26162 57870 33749 19792 
33763 52705 33525 23016 
41727 43424 33179 27820 
48901 31153 32775 33392 
54152 17682 32324 38946 
56246 5915 31945 43406 
54592 226 31631 46101 
49191 65 31438 46642 
40393 52 31416 44958 
29651 11213 31577 41329 
18993 24978 31856 36484 
10314 40599 32261 31236 
5318 55441 32791 26446 
4945 65129 33234 22678 
9693 65469 33643 20703 
18506 65506 33935 20735 
29855 65513 34033 22593 
41549 56368 33956 25850 
51876 39706 33687 30065 
58209 22102 33328 34341 
59558 6993 32886 37957 
56090 226 32462 40512 
48782 53 32086 41708 
39277 40 31806 41409 
29612 9986 31657 39795 
21786 23063 31677 37309 
16679 37484 31860 34396 
14544 50307 32079 31500 
15334 59288 32430 29155 
18446 62428 32754 27615 
23081 59550 33041 27097 
28498 51740 33254 27497 
33849 40751 33414 28664 
38500 28477 33468 30319 
41604 17263 33392 32051 
42725 9115 33200 33551 
42025 5075 32941 34681 
39933 5647 32645 35230 
37173 10940 32432 35351 
34491 20024 32213 34897 
32673 31246 32129 34212 
31911 42986 32171 33424 
32005 53051 32291 32691 
32614 59872 32553 32190 
33113 61752 32817 31922 
33084 58466 33073 31921 
32235 50719 33255 32107 
30633 39949 33387 32432 
28542 27847 33411 32737 
26549 17077 33282 32942 
25251 9377 33017 32970 
25296 6122 32703 32855 
27009 7856 32405 32680 
30369 14278 32168 32440 
34570 23641 31983 32185 
38767 34106 31920 32024 
41892 43465 31973 31994 
43170 50053 32174 32125 
42176 52434 32458 32411 
39352 50575 32785 32779 
35430 45415 33035 33130 
31423 38533 33216 33435 
28100 31518 33321 33687 
26002 25945 33332 33779 
25049 22367 33169 33634 
25252 21092 32984 33411 
26475 21946 32781 33076 
28574 24633 32612 32682 
31396 28699 32549 32327 
34611 33544 32555 32036 
37596 38328 32594 31787 
39788 42088 32692 31670 
40456 43714 32804 31698 
39191 42497 32862 31840 
36267 38669 32914 32099 
32265 33037 32842 32376 
28262 27097 32724 32672 
25377 22491 32582 32990 
24537 20654 32422 33267 
25924 22025 32281 33451 
29115 26100 32264 33631 
33118 31524 32260 33629 
37043 36992 32385 33599 
39860 40822 32553 33443 
41154 42280 32770 33246 
40841 41545 32957 32956 
39085 39387 33144 32647 
36003 36707 33280 32364 
31872 34070 33345 32092 
27383 31717 33334 31888 
23549 29524 33224 31762 
21395 27213 33036 31719 
21717 24949 32807 31820 
24676 23369 32543 31993 
29622 23564 32321 32302 
34996 26057 32148 32669 
39488 30704 32031 33026 
42223 36597 32000 33376 
42900 42165 32092 33675 
41776 45853 32287 33858 
39418 46385 32558 33875 
36447 43529 32835 33705 
33259 38030 33107 33399 
30167 31328 33329 32993 
27469 25003 33460 32504 
25503 20539 33510 32058 
24670 18984 33417 31678 
25175 20470 33221 31484 
26872 24273 32957 31470 
29451 29411 32664 31644 
32461 34874 32405 32013 
35255 39464 32198 32460 
37406 42508 32048 32929 
38738 43839 32029 33362 
39155 43491 32110 33706 
38642 41540 32228 33837 
37357 38220 32443 33794 
35464 34006 32698 33611 
33087 29316 32904 33263 
30574 24866 33060 32833 
28421 21504 33186 32411 
27053 19959 33281 32064 
26839 20788 33257 31812 
27773 24127 33146 31702 
29544 29600 32979 31787 
31683 36451 32757 32018 
33557 43021 32547 32376 
34806 47655 32342 32768 
35542 49142 32210 33150 
35936 46749 32162 33439 
36318 40835 32254 33648 
36606 32402 32409 33684 
36575 23494 32668 33559 
35802 16807 32919 33282 
34172 13588 33128 32881 
31930 14560 33287 32456 
29685 19480 33393 32095 
27944 27194 33327 31780 
27253 35999 33173 31638 
27588 44310 32933 31650 
28711 50852 32624 31825 
30273 54565 32375 32137 
31921 54640 32174 32544 
33462 50827 32055 32954 
34883 43530 32063 33340 
36141 33673 32188 33634 
37080 22600 32359 33766 
37605 12629 32626 33791 
37523 5781 32877 33626 
36869 3341 33085 33365 
35740 5961 33223 33027 
34299 13408 33306 32667 
32642 24669 33295 32302 
30890 37495 33203 32012 
29010 49783 32972 31744 
27288 59574 32749 31664 
25979 64935 32528 31731 
25396 65459 32313 31914 
25935 59939 32182 32213 
27709 50512 32121 32569 
30568 38447 32166 32948 
34111 25345 32310 33318 
37607 13650 32552 33621 
40341 5213 32804 33752 
41957 1015 33062 33719 
42251 1391 33258 33543 
41296 6240 33411 33239 
39211 14680 33417 32824 
36216 25665 33335 32407 
32503 37670 33168 32046 
28201 49428 32873 31743 
23953 58898 32542 31577 
20609 64427 32305 31683 
18826 65438 32076 31873 
19426 60591 31993 32238 
22686 51692 31994 32621 
28289 39544 32086 33006 
35149 26633 32304 33391 
42063 14959 32582 33678 
47554 6463 32841 33813 
50535 2300 33063 33731 
49986 3232 33205 33517 
46117 8545 33297 33182 
39753 17197 33319 32789 
32100 27743 33273 32385 
24680 38514 33128 31998 
18781 48265 32917 31695 
15701 55399 32720 31621 
15577 59060 32493 31684 
18252 58824 32304 31913 
23274 54523 32162 32272 
29570 46983 32117 32709 
36033 37520 32157 33140 
41825 27340 32252 33472 
46190 18155 32448 33722 
48382 11342 32682 33799 
47943 8011 32942 33685 
44757 8757 33105 33369 
39509 13482 33257 32974 
33054 21276 33290 32494 
26563 31339 33312 32089 
21708 41191 33210 31748 
19358 49107 33024 31536 
19797 53987 32843 31572 
22579 54947 32620 31766 
27086 51951 32482 32151 
31915 45587 32314 32575 
36027 37498 32258 33070 
38738 29065 32199 33473 
39923 21798 32239 33811 
39658 16791 32329 33929 
38391 14700 32477 33850 
36716 15741 32628 33571 
35066 19461 32782 33172 
33662 25113 32906 32679 
32593 31838 32980 32167 
31841 38328 33031 31791 
31277 43341 33023 31594 
30866 46244 32936 31573 
30685 46693 32854 31791 
30676 44774 32800 32169 
30671 40826 32715 32608 
30574 35873 32700 33083 
30207 30745 32711 33463 
29612 26348 32750 33686 
29046 23428 32772 33680 
29000 22546 32840 33497 
29822 23794 32866 33113 
31666 26822 32827 32647 
34433 30931 32808 32230 
37488 34979 32698 31860 
40232 38012 32582 31666 
41828 39109 32483 31739 
41882 38071 32376 31950 
40382 35350 32352 32345 
37413 31715 32371 32851 
33611 28558 32439 33330 
29622 26888 32548 33709 
25961 27187 32721 33924 
23048 29364 32857 33874 
21262 32952 32960 33581 
21014 36977 33050 33141 
22450 40445 33121 32612 
25493 42637 33149 32104 
29981 43063 33126 31654 
35319 41453 33011 31380 
40611 37862 32853 31322 
44746 32816 32672 31532 
46974 26911 32496 31946 
46751 21063 32337 32509 
44007 16282 32192 33116 
39211 13902 32135 33687 
33741 14934 32205 34151 
28389 19513 32351 34336 
24090 27131 32584 34273 
21348 36594 32832 33932 
20441 46240 33092 33379 
21370 53997 33300 32676 
23878 57896 33427 31987 
27466 57375 33425 31365 
31714 52566 33295 30968 
35924 44429 33058 30811 
39565 34172 32770 30975 
42023 23719 32473 31411 
42961 15040 32258 32091 
42233 9312 32120 32821 
39908 7390 32048 33502 
36265 9747 32136 34139 
31972 15899 32314 34524 
27937 24638 32547 34633 
25127 34168 32777 34459 
24205 42978 32977 34026 
25349 49870 33111 33403 
28230 54020 33218 32749 
31876 54895 33249 32082 
35088 52337 33181 31501 
37193 46584 33045 31130 
37868 38252 32827 30965 
37344 28597 32614 31073 
36008 19316 32450 31466 
34211 12813 32288 31994 
32251 10566 32224 32615 
30238 13073 32206 33218 
28437 19735 32289 33749 
27333 28788 32481 34120 
27430 37461 32678 34198 
28952 44326 32942 34091 
31663 48357 33151 33734 
34964 49388 33308 33239 
38021 47690 33370 32640 
39948 43776 33374 32121 
40145 38293 33243 31680 
38709 31938 33003 31421 
36098 25635 32746 31405 
32857 20396 32481 31614 
29707 17500 32240 32017 
27254 17649 32080 32486 
25741 20713 31990 32980 
25329 26013 32032 33440 
26147 32478 32177 33801 
28055 38642 32426 33995 
30823 43446 32671 33903 
34150 46252 32941 33663 
37320 46633 33138 33229 
39752 44628 33311 32697 
40684 40677 33414 32194 
39812 35354 33401 31737 
37304 29505 33255 31394 
33788 24090 33049 31306 
30341 20179 32796 31468 
27877 18400 32511 31810 
26914 19061 32252 32328 
27436 22076 32051 32928 
29084 27134 31968 33548 
31171 33449 31996 34051 
33069 39781 32153 34331 
34475 45065 32408 34378 
35322 48157 32713 34137 
35712 48197 33039 33627 
35579 44922 33302 32951 
34917 39188 33486 32193 
33734 32283 33580 31522 
32084 25750 33544 30995 
30275 20955 33359 30705 
28935 19018 33055 30714 
28581 20045 32703 31033 
29535 23603 32393 31640 
31605 28717 32112 32419 
34182 34084 31933 33221 
36447 38553 31863 33941 
37843 41369 31967 34490 
38042 42094 32142 34760 
37110 40757 32437 34786 
35257 37671 32715 34465 
33038 33892 32951 33935 
30690 30126 33101 33218 
28430 27055 33146 32491 
26531 25145 33138 31838 
25309 24587 33059 31315 
25326 25555 32923 31046 
26871 27904 32784 30978 
30065 31459 32730 31173 
34332 35743 32723 31534 
38866 40054 32746 31999 
42324 43292 32817 32445 
43828 44757 32895 32873 
42864 43793 32943 33205 
39720 40404 32942 33455 
35044 35028 32889 33589 
30154 28944 32762 33614 
26049 23455 32609 33589 
23434 19790 32433 33498 
22551 18694 32224 33324 
23451 20484 32108 33157 
25654 24464 32067 32959 
28740 29666 32131 32783 
32309 34993 32281 32606 
35934 39394 32540 32448 
39040 41952 32818 32312 
41223 42512 33077 32155 
42134 41363 33325 32076 
41460 38964 33473 32009 
39314 36175 33523 31975 
36054 33599 33449 32003 
32233 31680 33250 32075 
28515 30571 32954 32194 
25495 30151 32615 32424 
23902 30137 32319 32733 
23832 30179 32054 33031 
25336 30165 31879 33340 
28194 30102 31871 33637 
31912 30024 31992 33859 
35490 30024 32258 33917 
38274 30133 32591 33840 
39635 30269 32945 33583 
39395 30375 33218 33184 
37838 30658 33433 32701 
35690 31369 33524 32186 
33645 32805 33466 31699 
32198 35033 33258 31325 
31508 37855 32994 31158 
31269 40555 32664 31180 
31139 42107 32400 31443 
30755 41824 32178 31852 
30123 39581 32059 32383 
29501 35821 32101 33007 
29052 31480 32189 33564 
29072 27738 32403 34016 
29580 25073 32651 34276 
30513 23509 32854 34283 
31884 22857 33032 34082 
33644 23010 33127 33672 
35776 24093 33153 33150 
38004 26447 33123 32581 
39764 30134 32997 32002 
40567 34941 32823 31538 
39897 39737 32638 31270 
37718 43391 32460 31233 
34350 44919 32330 31411 
30405 44004 32264 31813 
26691 41060 32284 32347 
24060 37310 32392 32914 
22685 33591 32525 33432 
22821 30590 32735 33845 
24421 28337 32959 34054 
27377 26662 33160 34040 
31461 25391 33286 33783 
36235 24625 33357 33383 
40794 24625 33290 32837 
44330 25870 33164 32288 
45826 28388 32991 31825 
44769 31785 32715 31448 
41293 35493 32470 31319 
35915 38741 32262 31440 
29899 40697 32129 31763 
24590 41035 32085 32228 
20919 39820 32085 32736 
19586 37500 32216 33285 
20736 34474 32374 33744 
24004 31414 32578 34027 
28731 28807 32816 34121 
34066 26998 32996 33927 
39034 26336 33159 33573 
42837 26961 33275 33098 
44519 28782 33285 32543 
43895 31528 33268 32086 
40869 34458 33110 31676 
36104 36976 32897 31475 
30735 38368 32651 31487 
26160 38298 32465 31756 
23331 36794 32311 32143 
22827 34317 32224 32604 
24622 31450 32231 33056 
27944 28931 32318 33421 
31921 27249 32525 33672 
35571 26582 32739 33682 
38285 27008 32946 33511 
39736 28528 33120 33174 
39892 30829 33214 32743 
38969 33769 33231 32353 
37032 36744 33083 31976 
34404 39402 32917 31818 
31227 41167 32702 31832 
28070 41451 32481 32038 
25487 40020 32280 32358 
24230 37014 32205 32805 
24694 32810 32185 33209 
27060 28121 32254 33527 
30901 24095 32434 33729 
35183 21708 32667 33749 
38911 21512 32893 33546 
41245 23657 33078 33177 
41670 27909 33180 32671 
40172 33161 33281 32234 
37162 38045 33210 31795 
33381 41693 33123 31535 
29546 43443 32966 31447 
26351 43132 32786 31601 
24514 41006 32598 31898 
24420 37686 32467 32361 
26022 33639 32316 32831 
29087 29431 32207 33317 
32937 25767 32155 33726 
36572 23284 32175 33989 
39261 22387 32265 34066 
40494 23281 32428 33962 
40023 26016 32626 33659 
38038 29978 32826 33215 
35233 34207 33069 32743 
32102 37949 33277 32270 
29169 40589 33405 31824 
26835 41814 33467 31494 
25482 41540 33441 31345 
25301 39984 33295 31313 
26463 37532 33101 31498 
28870 34488 32828 31789 
32498 31184 32517 32171 
36553 28375 32279 32676 
40178 26495 32079 33136 
42530 25865 31954 33535 
42895 26583 31945 33859 
40920 28350 32050 34048 
36835 30611 32264 34114 
31604 32499 32500 34013 
26318 33528 32712 33728 
22183 33559 32877 33364 
20131 32930 33027 32965 
20554 32169 33061 32497 
23486 32076 33105 32114 
28327 32880 33069 31776 
34389 34576 32991 31513 
40566 36644 32954 31428 
45517 38298 32930 31472 
48206 38948 32938 31631 
47897 38318 32965 31910 
44419 36512 32962 32230 
38329 33981 32945 32585 
31085 31457 32887 32945 
23965 29355 32720 33222 
18533 27940 32584 33519 
15692 26969 32414 33712 
15978 26231 32220 33756 
