33113 32907 33408 32012 
33113 32907 33408 32012 
33309 32825 33539 31672 
33356 32695 33505 31437 
33334 32623 33394 31389 
33227 32580 33186 31508 
33054 32580 32919 31785 
32832 32626 32609 32175 
32608 32695 32318 32623 
32425 32777 32089 33086 
32249 32800 31907 33459 
32156 32808 31854 33756 
32153 32769 31937 33912 
32206 32697 32116 33913 
32291 32566 32358 33749 
32388 32413 32611 33468 
32521 32281 32852 33103 
32619 32185 33020 32710 
32723 32182 33122 32337 
32822 32257 33154 32032 
32933 32469 33164 31871 
33006 32707 33114 31785 
33067 32985 33048 31833 
33100 33255 32984 31943 
33098 33448 32923 32116 
33114 33591 32923 32344 
33109 33624 32926 32563 
33038 33507 32886 32727 
32954 33285 32842 32874 
32842 32989 32752 32967 
32690 32638 32631 33041 
32537 32299 32490 33129 
32353 31973 32299 33155 
32203 31750 32140 33196 
32107 31669 32052 33239 
32057 31734 32032 33251 
32059 31882 32075 33201 
32212 32196 32284 33163 
32402 32535 32538 33024 
32628 32884 32843 32833 
32819 33124 33082 32524 
33065 33376 33351 32271 
33255 33519 33506 32003 
33375 33549 33547 31790 
33453 33515 33493 31693 
33420 33385 33304 31709 
33348 33242 33103 31885 
33195 33047 32837 32138 
32991 32851 32588 32488 
32705 32593 32339 32837 
32428 32353 32159 33210 
32159 32121 32032 33547 
31950 31933 31992 33794 
31814 31786 32013 33890 
31797 31751 32120 33887 
31881 31790 32283 33728 
32064 31949 32485 33459 
32350 32207 32709 33102 
32672 32562 32939 32695 
33015 32964 33166 32260 
33345 33394 33344 31854 
33600 33774 33444 31502 
33775 34055 33507 31341 
33799 34159 33467 31309 
33677 34061 33344 31427 
33442 33777 33142 31713 
33081 33288 32862 32122 
32724 32760 32619 32614 
32357 32191 32353 33129 
32022 31685 32117 33604 
31768 31327 31933 33959 
31708 31233 31903 34198 
31747 31326 31931 34200 
31911 31623 32076 34009 
32167 32055 32270 33659 
32452 32520 32499 33174 
32745 32966 32732 32662 
32995 33332 32931 32171 
33163 33549 33055 31766 
33304 33675 33169 31580 
33307 33592 33186 31546 
33288 33441 33214 31730 
33183 33201 33195 31994 
33042 32946 33148 32339 
32901 32712 33112 32692 
32777 32544 33087 32972 
32682 32465 33036 33142 
32607 32446 32931 33150 
32572 32497 32815 33029 
32566 32585 32655 32820 
32605 32710 32506 32623 
32636 32764 32354 32443 
32621 32749 32194 32357 
32594 32657 32073 32411 
32523 32498 32017 32614 
32432 32313 32024 32923 
32361 32161 32119 33269 
32305 32063 32265 33548 
32358 32135 32528 33796 
32474 32293 32804 33799 
32640 32560 33073 33594 
32845 32893 33298 33211 
33074 33247 33463 32702 
33311 33596 33585 32172 
33456 33818 33576 31640 
33518 33895 33496 31258 
33467 33791 33316 31063 
33290 33527 33080 31112 
33002 33136 32786 31369 
32320 32133 32241 32448 
31965 31645 31997 33066 
31704 31273 31813 33652 
31599 31110 31756 34137 
31675 31194 31807 34441 
31938 31537 31981 34532 
32273 32020 32193 34340 
32713 32659 32504 33982 
33176 33357 32867 33443 
33516 33911 33159 32771 
33772 34313 33442 32128 
33859 34490 33642 31572 
33749 34385 33720 31140 
33475 34032 33680 30916 
33093 33464 33493 30904 
32675 32820 33238 31116 
32292 32151 32941 31542 
32017 31587 32632 32122 
31844 31187 32325 32705 
31824 31044 32090 33297 
31917 31127 31907 33778 
32159 31465 31858 34139 
32475 32015 31910 34310 
32834 32665 32084 34337 
33116 33267 32298 34104 
33312 33773 32539 33699 
33414 34133 32833 33228 
33340 34182 33043 32642 
33197 34028 33222 32137 
32924 33607 33282 31664 
32600 33077 33226 31366 
32314 32490 33092 31267 
32115 31984 32917 31401 
32007 31590 32702 31685 
32040 31440 32535 32133 
32236 31543 32484 32652 
32530 31831 32509 33152 
32848 32220 32606 33532 
33173 32694 32770 33778 
33435 33146 32948 33799 
33598 33537 33119 33627 
33607 33771 33200 33311 
33450 33800 33163 32887 
33188 33659 33055 32489 
32824 33363 32824 32115 
32388 32952 32509 31852 
32027 32539 32234 31806 
31778 32196 32013 31958 
31675 31945 31882 32239 
31745 31825 31873 32592 
31954 31855 31996 32961 
32302 32034 32244 33307 
32713 32305 32608 33541 
33106 32604 32994 33600 
33400 32866 33318 33464 
33564 33048 33551 33166 
33641 33222 33729 32840 
33513 33240 33671 32435 
33340 33249 33571 32120 
33064 33151 33309 31862 
32790 33044 32995 31758 
32519 32904 32647 31815 
32312 32769 32325 32025 
32167 32626 32040 32310 
32108 32503 31863 32669 
32110 32423 31775 33043 
32160 32369 31786 33371 
32281 32374 31920 33618 
32435 32416 32157 33737 
32593 32481 32451 33734 
32769 32579 32796 33592 
32884 32642 33100 33292 
32996 32711 33363 32925 
33067 32758 33558 32498 
33125 32807 33673 32089 
33135 32849 33661 31740 
33128 32880 33541 31481 
33116 32951 33352 31451 
33076 33021 33110 31570 
32994 33062 32800 31829 
32895 33088 32493 32220 
32745 33053 32200 32669 
32614 33002 31988 33158 
32442 32844 31822 33551 
32340 32709 31806 33885 
32266 32568 31889 34011 
32219 32401 32038 33946 
32240 32299 32273 33729 
32285 32204 32513 33356 
32353 32154 32749 32936 
32439 32128 32969 32517 
32534 32157 33143 32155 
32639 32230 33280 31889 
32746 32366 33349 31795 
32890 32574 33404 31859 
33028 32814 33380 32002 
33184 33117 33339 32249 
33315 33393 33229 32470 
33415 33648 33088 32664 
33475 33815 32934 32815 
33479 33859 32781 32893 
33335 33697 32543 32857 
33130 33433 32355 32828 
32833 33061 32184 32774 
32480 32609 32042 32740 
32147 32179 32006 32787 
31834 31760 32006 32853 
31590 31460 32065 32960 
31509 31330 32209 33085 
31595 31398 32423 33217 
31812 31630 32659 33291 
32206 32048 32925 33303 
32621 32477 33117 33160 
33103 32988 33306 32975 
33540 33449 33415 32674 
33895 33851 33476 32364 
34062 34029 33438 32021 
34039 34021 33339 31801 
33799 33778 33134 31733 
33356 33367 32845 31889 
32899 32922 32595 32304 
32393 32447 32333 32722 
31960 32041 32144 32957 
31565 31686 31961 32782 
31348 31505 31925 32311 
31306 31477 32026 31745 
31491 31622 32203 31464 
31970 32026 32425 31741 
32753 32786 32740 32664 
33604 33832 33010 34000 
34285 35006 33220 35372 
34614 35926 33419 36395 
34464 35838 33492 36661 
33981 34238 33426 36115 
33543 31167 33283 34886 
33258 27514 33060 33208 
32849 24909 32741 31306 
31999 24933 32517 29501 
30341 28199 32298 27851 
28146 34282 32195 26659 
26181 41084 32138 26188 
25702 46075 32213 26704 
27534 47295 32355 28294 
31804 44064 32528 30826 
37605 37092 32689 34098 
43166 28479 32772 37486 
46775 20898 32849 40497 
47351 15890 32838 42499 
44648 14276 32803 43083 
39101 15961 32715 41922 
31952 20432 32686 39108 
24817 26749 32683 35039 
18805 34435 32752 30325 
14829 42617 32855 25726 
13546 50357 33006 22037 
15284 56485 33150 19902 
20111 59387 33269 19869 
26964 57841 33320 21937 
35096 51550 33246 25732 
43448 41196 33109 30727 
50749 28146 32860 36100 
55837 14384 32545 41011 
57478 3003 32242 44573 
55130 132 31935 46242 
48953 54 31737 45818 
39627 440 31664 43365 
28283 13828 31760 39264 
17402 28413 32051 34340 
8714 44302 32383 29265 
3957 58817 32793 24901 
4002 65306 33143 21837 
9298 65488 33521 20636 
18605 65512 33744 21320 
30375 65515 33839 23696 
42378 53726 33822 27292 
52565 36216 33583 31489 
58844 18786 33282 35537 
60241 4104 32891 38804 
56774 142 32524 40904 
49543 48 32175 41613 
39998 55 31890 40888 
30442 11848 31701 39050 
22333 25420 31657 36462 
16745 39912 31754 33633 
14035 52855 31965 30930 
14405 60925 32284 28958 
17208 62936 32654 27890 
21775 59112 32998 27695 
27318 50504 33297 28269 
33111 38982 33544 29404 
38291 26354 33686 30887 
41884 15352 33716 32314 
43554 7512 33613 33428 
43260 3961 33403 34132 
41405 5175 33085 34315 
38682 11168 32766 34151 
35858 20712 32404 33675 
33665 32395 32155 33192 
32257 44181 31960 32764 
31636 54092 31863 32529 
31505 60498 31896 32575 
31513 61926 32056 32892 
31207 58174 32235 33304 
30440 50106 32490 33770 
29214 39186 32742 34104 
27799 27216 32997 34219 
26571 16765 33140 33983 
26096 9561 33233 33456 
26808 6832 33257 32726 
29019 9123 33256 31898 
32414 15772 33161 31051 
36307 25082 33079 30456 
39763 35093 32900 30093 
42002 43761 32775 30189 
42279 49338 32614 30628 
40522 50919 32473 31433 
37298 48568 32364 32478 
33447 43343 32280 33547 
29905 36831 32227 34535 
27291 30510 32210 35224 
26002 25750 32281 35579 
25913 23148 32422 35501 
26737 22644 32598 35009 
28307 23957 32787 34165 
30432 26755 33007 33133 
33013 30689 33180 32016 
35718 35070 33340 31086 
38027 39175 33405 30405 
39379 42058 33374 30067 
39328 42793 33252 30125 
37549 40849 33040 30548 
34374 36538 32776 31268 
30529 30860 32514 32184 
26994 25294 32284 33117 
24750 21338 32086 33902 
24655 20372 31977 34434 
26710 22560 31995 34682 
30321 27231 32098 34596 
34609 33160 32296 34264 
38304 38438 32481 33719 
40827 41905 32699 33139 
41704 42929 32869 32564 
40915 41727 33005 32115 
38605 39100 33085 31830 
35080 36125 33131 31763 
30725 33373 33158 31846 
26213 31009 33146 32023 
22537 28802 33128 32244 
20821 26591 33084 32437 
21791 24595 33039 32576 
25283 23438 32940 32600 
30518 24010 32816 32560 
36133 26873 32692 32470 
40640 31874 32557 32426 
43118 37728 32443 32468 
43353 42914 32304 32522 
41822 45978 32239 32741 
39003 45840 32179 32983 
35656 42434 32172 33274 
32175 36662 32231 33545 
28995 29965 32374 33756 
26326 23855 32549 33801 
24646 19953 32726 33667 
24241 19035 32849 33336 
25284 21104 33022 32908 
27519 25400 33152 32432 
30595 30923 33279 31964 
33743 36240 33348 31587 
36459 40473 33331 31349 
38389 43137 33264 31313 
39261 43967 33077 31446 
39116 43020 32862 31799 
38070 40549 32588 32262 
36365 36922 32354 32835 
34095 32408 32077 33307 
31679 27733 31924 33770 
29317 23478 31866 34058 
27589 20635 31943 34145 
26854 19790 32157 34012 
27320 21376 32457 33685 
28951 25678 32845 33245 
31210 31869 33192 32690 
33423 38830 33473 32153 
35056 45113 33645 31719 
35877 49190 33635 31420 
36039 49821 33513 31322 
35813 46344 33236 31420 
35549 39419 32876 31714 
35300 30427 32488 32112 
34889 21551 32170 32583 
34022 14900 31978 33082 
32528 12005 31865 33475 
30734 13588 31913 33752 
29116 19126 32079 33850 
28207 27411 32350 33796 
28181 36722 32632 33587 
29044 45615 32915 33279 
30436 52359 33143 32915 
31919 56004 33293 32538 
33287 55842 33357 32223 
34384 51626 33322 31971 
35240 43418 33146 31788 
35907 32995 32949 31780 
36284 21699 32678 31848 
36350 11613 32456 32073 
36021 4578 32267 32356 
35324 2416 32153 32703 
34373 5540 32117 33004 
33275 13514 32184 33281 
32121 24991 32365 33485 
30878 38108 32593 33584 
29505 50798 32844 33527 
28219 60486 33093 33355 
27211 65257 33294 33096 
26817 65468 33393 32735 
27432 60024 33433 32380 
29064 50262 33300 32030 
31661 38041 33113 31825 
34703 25157 32833 31711 
37616 13474 32534 31808 
39878 5031 32290 32055 
41000 999 32113 32389 
40952 1529 32013 32759 
39835 6335 32047 33127 
37777 14780 32157 33403 
34880 25967 32355 33589 
31391 37909 32578 33622 
27526 49286 32772 33503 
23768 58463 32919 33273 
20793 63878 32991 32969 
19417 64457 33001 32663 
20402 59910 32995 32421 
23853 51087 32951 32243 
29406 39436 32885 32147 
36338 26581 32850 32140 
42972 15313 32853 32206 
48132 7245 32866 32296 
50668 3482 32904 32406 
49887 4451 32953 32510 
45600 9856 32925 32530 
38993 18288 32920 32574 
31256 28369 32836 32569 
23902 38659 32724 32598 
18193 47912 32572 32661 
15272 54658 32399 32748 
15445 57910 32255 32909 
18318 57365 32128 33060 
23279 53232 32096 33273 
29499 46111 32123 33408 
36293 36725 32305 33532 
42203 26899 32503 33498 
46505 18242 32751 33377 
48593 11927 33000 33121 
48017 8976 33199 32750 
44813 9948 33372 32361 
39292 14904 33457 31947 
32820 22712 33438 31633 
26592 32073 33336 31467 
21860 41286 33166 31437 
19492 49125 32948 31604 
19976 53596 32697 31896 
22803 54187 32463 32295 
27086 51025 32249 32769 
31668 44835 32020 33183 
35680 36993 31933 33629 
38399 28661 31877 33950 
39552 21651 31936 34125 
39358 16827 32085 34111 
38257 14822 32329 33937 
36746 15792 32624 33602 
35228 19498 32960 33164 
33954 25050 33253 32634 
32977 31606 33503 32107 
32239 38028 33670 31657 
31627 43185 33718 31321 
31129 46364 33573 31099 
30877 47121 33394 31147 
30724 45441 33082 31337 
30616 41811 32733 31723 
30357 36852 32386 32249 
29876 31569 32116 32835 
29218 26917 31904 33381 
28702 23622 31807 33861 
28772 22261 31847 34208 
29731 22972 31951 34318 
31830 25671 32199 34273 
34706 29499 32437 33970 
37825 33474 32740 33543 
40432 36530 32999 32994 
41899 37949 33216 32403 
41806 37446 33399 31837 
40055 35338 33469 31402 
37046 32556 33414 31153 
33244 30105 33265 31112 
29239 28805 33025 31299 
25571 29161 32763 31699 
22664 31093 32457 32243 
21102 34075 32249 32849 
21023 37234 32097 33422 
22676 39916 32070 33906 
26062 41473 32179 34190 
30817 41410 32382 34226 
36191 39627 32605 33970 
41382 36319 32891 33586 
45341 31673 33081 32988 
47309 26264 33233 32364 
46648 20982 33314 31808 
43569 17108 33275 31422 
38692 15428 33121 31242 
33063 16739 32909 31316 
27540 21396 32654 31615 
23117 29082 32413 32138 
20571 37929 32233 32710 
19894 46449 32111 33251 
21011 52941 32082 33693 
23782 56089 32193 34020 
27766 55081 32379 34081 
32269 50204 32648 33914 
36673 42413 32910 33551 
40336 33077 33133 33059 
42738 23529 33251 32463 
43541 15678 33321 31997 
42553 10813 33268 31642 
39886 9523 33074 31457 
35955 12012 32812 31511 
31460 17774 32534 31767 
27290 25928 32353 32247 
24447 34577 32201 32731 
23646 42550 32173 33221 
25024 48667 32252 33608 
28222 52291 32474 33852 
32097 52799 32731 33841 
35473 50218 33000 33627 
37663 44685 33161 33183 
38462 36910 33309 32725 
37952 27815 33323 32179 
36527 19487 33230 31756 
34577 13983 33028 31507 
32335 12590 32769 31493 
30006 15641 32482 31685 
27905 22534 32264 32130 
26675 31054 32125 32661 
26791 38937 32081 33198 
28390 44754 32121 33632 
31289 47776 32283 33955 
34851 48014 32543 34072 
38131 45711 32806 33928 
40134 41523 33064 33590 
40435 36026 33233 33073 
39097 29960 33344 32514 
36503 24123 33401 32017 
33226 19651 33317 31569 
29994 17616 33099 31319 
27344 18490 32821 31302 
25632 22132 32543 31526 
25066 27814 32305 31989 
25728 34260 32081 32526 
27562 40122 31966 33093 
30460 44552 31989 33614 
33932 46898 32140 34020 
37324 46877 32399 34186 
39952 44497 32745 34116 
40948 40101 33067 33750 
40102 34530 33365 33253 
37629 28599 33556 32664 
34231 23316 33658 32104 
30774 19460 33564 31606 
28198 17812 33304 31284 
27180 18748 32981 31244 
27578 22064 32588 31417 
28991 27282 32226 31791 
30886 33914 31947 32314 
32600 40372 31774 32846 
33902 45538 31813 33390 
34752 48340 31942 33763 
35199 48132 32209 33992 
35256 44736 32566 34029 
34739 38856 32906 33844 
33661 32052 33185 33512 
32146 25791 33407 33094 
30576 21437 33527 32679 
29438 19773 33516 32260 
29294 20975 33391 31931 
30310 24441 33167 31697 
32243 29159 32861 31622 
34617 34190 32568 31725 
36619 38232 32320 31960 
37636 40517 32130 32253 
37534 40861 32054 32612 
36411 39342 32064 32984 
34575 36464 32168 33297 
32383 32953 32370 33522 
30178 29677 32578 33618 
28174 27231 32835 33614 
26532 25892 33056 33443 
25629 25866 33204 33143 
25966 27230 33289 32777 
27849 29867 33315 32428 
31166 33389 33250 32113 
35377 37287 33062 31834 
39669 41008 32908 31767 
42645 43458 32719 31822 
43546 43973 32540 32036 
42039 42130 32401 32344 
38425 37986 32296 32710 
33739 32429 32281 33090 
29011 26545 32314 33401 
25226 21621 32389 33567 
23078 18890 32534 33659 
22700 18883 32663 33559 
23935 21558 32760 33326 
26360 26151 32820 33014 
29550 31652 32825 32667 
33174 37048 32809 32374 
36599 40976 32775 32154 
39442 42957 32743 32040 
41348 42909 32741 32069 
41927 41114 32791 32186 
40937 38195 32857 32331 
38636 35206 32997 32547 
35324 32610 33070 32688 
31671 30899 33160 32798 
28176 30055 33163 32816 
25526 29924 33095 32793 
24275 30115 32943 32734 
24528 30318 32738 32678 
26209 30365 32488 32650 
29104 30258 32258 32686 
32573 30054 32061 32782 
35748 29883 31964 32928 
37967 29761 31946 33063 
38866 29777 32110 33265 
38267 29895 32314 33338 
36652 30399 32651 33368 
34706 31511 32980 33274 
33065 33428 33224 33018 
32181 36207 33412 32697 
32001 39399 33550 32376 
32080 42002 33501 32024 
32071 43174 33387 31770 
31634 42234 33151 31603 
30906 39291 32880 31617 
30054 34886 32617 31780 
29420 30291 32441 32106 
29114 26350 32287 32484 
29300 23626 32205 32915 
29953 22072 32150 33301 
31182 21625 32183 33657 
32948 22153 32232 33859 
35189 23875 32333 33928 
37588 27014 32452 33858 
39597 31667 32598 33647 
40516 36990 32731 33332 
39978 41945 32901 32961 
37874 45278 33022 32525 
34565 46219 33178 32140 
30756 44561 33310 31803 
27282 41105 33390 31593 
24584 36827 33350 31454 
23128 32776 33254 31485 
23112 29417 33093 31660 
24567 26940 32871 31943 
27436 25134 32640 32305 
31508 23906 32404 32726 
36233 23387 32214 33138 
40770 23933 32060 33483 
44088 25835 32023 33780 
45316 28970 32051 33914 
44054 32922 32183 33922 
40345 36903 32364 33791 
35002 40065 32605 33540 
29289 41720 32852 33240 
24264 41628 33015 32789 
21016 40090 33185 32392 
20077 37465 33282 32030 
21523 34204 33288 31703 
24942 30992 33188 31519 
29736 28287 33040 31479 
34942 26457 32810 31592 
39772 25842 32583 31856 
43175 26630 32418 32275 
44410 28700 32346 32764 
43235 31572 32330 33220 
39842 34620 32366 33605 
34812 37183 32509 33867 
29588 38496 32704 33917 
25422 38271 32896 33771 
23184 36676 33070 33476 
23275 34169 33164 33051 
25437 31403 33179 32564 
28985 28940 33112 32104 
32836 27306 32924 31746 
36214 26731 32703 31567 
38556 27247 32486 31603 
39627 28741 32258 31797 
39570 31204 32159 32172 
38416 34141 32134 32607 
36350 37134 32219 33060 
33576 39677 32366 33430 
30441 41237 32606 33702 
27370 41293 32859 33810 
25122 39592 33053 33673 
24367 36341 33226 33439 
25405 32016 33303 33037 
28273 27497 33338 32628 
32234 23684 33247 32202 
36406 21566 33099 31871 
39753 21654 32875 31657 
41516 24029 32611 31638 
41354 28344 32395 31854 
39302 33330 32201 32173 
35915 38012 32070 32574 
31954 41414 32059 33024 
28088 43012 32146 33446 
25198 42651 32331 33770 
23891 40674 32577 33886 
24438 37586 32848 33806 
26740 33896 33085 33516 
30449 30056 33260 33064 
34671 26715 33381 32546 
38440 24501 33443 32052 
40912 23622 33336 31609 
41656 24356 33152 31320 
40624 26662 32939 31292 
38160 29959 32703 31493 
34791 33496 32482 31906 
31110 36569 32270 32389 
27824 38757 32200 33019 
25223 39717 32140 33549 
23884 39573 32225 34022 
23874 38441 32327 34230 
25397 36619 32493 34231 
28424 34304 32632 33986 
32481 31941 32736 33567 
36984 29868 32824 33063 
41005 28456 32823 32509 
43649 28088 32832 32039 
43947 28723 32805 31658 
41758 30109 32815 31520 
37463 31611 32854 31549 
31983 32658 32909 31705 
26484 32903 33015 32018 
22290 32296 33122 32330 
20333 31349 33220 32654 
20849 30695 33256 32887 
23749 30901 33180 33023 
28655 32291 33041 33077 
34550 34530 32851 33103 
40359 36901 32543 33026 
45029 38764 32288 32998 
47322 39338 31990 32934 
46587 38453 31822 32943 
42869 36364 31777 33009 
36836 33608 31845 33070 
29802 30931 32042 33151 
23148 28824 32374 33195 
18339 27446 32731 33145 
16369 26737 33099 33043 
17350 26346 33379 32787 
