33540 33518 33120 31731 
33540 33518 33120 31731 
33183 33089 33022 31487 
32792 32646 32915 31488 
32390 32212 32793 31699 
31999 31816 32641 32045 
31763 31604 32523 32538 
31638 31576 32437 33016 
31687 31686 32382 33412 
31962 32063 32448 33779 
32315 32498 32532 33887 
32730 32980 32671 33788 
33133 33425 32793 33468 
33458 33751 32913 32990 
33663 33912 33019 32472 
33722 33852 33069 31953 
33625 33614 33068 31559 
33359 33203 32960 31351 
32998 32713 32804 31362 
32674 32313 32680 31689 
32389 31960 32548 32182 
32150 31752 32420 32757 
32037 31713 32357 33373 
31998 31839 32318 33846 
32099 32100 32386 34165 
32249 32444 32492 34233 
32440 32787 32626 34033 
32601 33066 32748 33575 
32780 33301 32910 33037 
32916 33419 33022 32439 
33011 33392 33114 31879 
33040 33225 33134 31437 
33034 32988 33094 31215 
33016 32743 33024 31261 
33011 32548 32920 31573 
32946 32369 32725 32000 
32879 32299 32528 32530 
32826 32360 32365 33099 
32720 32433 32185 33530 
32615 32575 32079 33850 
32566 32777 32131 34021 
32479 32907 32240 33956 
32404 32970 32431 33693 
32397 33003 32735 33343 
32412 32917 33009 32858 
32434 32753 33247 32339 
32558 32631 33484 31946 
32678 32496 33570 31655 
32784 32369 33522 31517 
32871 32317 33346 31570 
32955 32344 33084 31795 
33001 32473 32752 32110 
33014 32673 32411 32516 
33004 32919 32137 32960 
32922 33128 31914 33313 
32850 33322 31841 33585 
32763 33397 31884 33728 
32671 33363 32042 33714 
32595 33176 32288 33560 
32561 32919 32591 33298 
32526 32582 32886 32958 
32500 32220 33118 32566 
32558 32001 33344 32246 
32605 31901 33464 31984 
32658 31940 33465 31820 
32710 32115 33361 31795 
32721 32365 33174 31886 
32708 32675 32931 32141 
32655 32938 32644 32452 
32577 33124 32375 32793 
32515 33212 32168 33119 
32480 33192 32037 33392 
32498 33089 32024 33566 
32605 32984 32144 33628 
32747 32833 32342 33519 
32922 32715 32612 33277 
33107 32655 32913 32930 
33247 32612 33166 32514 
33329 32670 33379 32137 
33332 32743 33472 31827 
33230 32823 33424 31636 
33043 32876 33262 31621 
32809 32883 33007 31797 
32555 32862 32705 32113 
32314 32792 32434 32551 
32128 32679 32203 33036 
31999 32518 32054 33465 
31973 32378 32037 33792 
32035 32252 32130 33908 
32158 32166 32291 33822 
32406 32215 32561 33597 
32624 32296 32777 33224 
32845 32433 32931 32770 
33052 32630 33040 32353 
33198 32834 33053 32004 
33277 33036 33028 31841 
33270 33197 32943 31817 
33200 33288 32855 31942 
33072 33323 32773 32172 
32936 33269 32744 32448 
32801 33189 32755 32715 
32721 33081 32822 32929 
32611 32905 32844 32991 
32589 32765 32946 33016 
32560 32577 32958 32887 
32554 32442 32934 32748 
32555 32332 32851 32601 
32521 32230 32702 32486 
32501 32168 32521 32476 
32489 32169 32352 32579 
32450 32161 32176 32727 
32442 32246 32107 32977 
32447 32339 32101 33204 
32501 32516 32222 33400 
32581 32709 32420 33491 
32709 32941 32684 33471 
32831 33133 32945 33268 
32934 33275 33145 32923 
33070 33416 33326 32550 
33210 33522 33470 32198 
33253 33481 33459 31807 
33260 33366 33369 31577 
33179 33149 33182 31503 
33056 32884 32958 31592 
32850 32558 32685 31822 
32679 32309 32494 32250 
32411 32026 32219 32644 
32230 31867 32065 33112 
32037 31740 31929 33484 
31926 31764 31883 33781 
31928 31868 31961 33965 
32014 32073 32115 33978 
32169 32337 32346 33847 
32444 32687 32675 33594 
32753 33055 33001 33242 
33029 33353 33262 32772 
33314 33635 33513 32324 
33561 33865 33697 31923 
33682 33896 33729 31577 
33654 33762 33600 31359 
33496 33502 33366 31303 
33273 33155 33071 31438 
32934 32726 32689 31706 
32610 32312 32353 32137 
32308 31962 32067 32612 
31874 31572 31744 33506 
31836 31645 31806 33871 
31947 31866 32013 34093 
32097 32118 32250 34098 
32306 32420 32516 33936 
32614 32809 32860 33653 
32859 33108 33101 33219 
33079 33357 33290 32744 
33313 33596 33455 32315 
33430 33662 33477 31872 
33411 33604 33377 31550 
33281 33402 33178 31384 
33074 33113 32924 31410 
32810 32777 32636 31614 
32552 32436 32399 32004 
32329 32146 32220 32466 
32149 31904 32085 32903 
32074 31800 32091 33335 
32134 31851 32208 33675 
32268 32013 32396 33857 
32534 32324 32680 33899 
32784 32642 32935 33713 
33005 32960 33136 33352 
33174 33221 33248 32895 
33287 33424 33290 32418 
33339 33577 33266 32034 
33219 33543 33093 31690 
33069 33444 32898 31580 
32822 33200 32630 31605 
32581 32918 32418 31839 
32362 32606 32257 32200 
32211 32311 32183 32646 
32138 32087 32192 33093 
32124 31925 32254 33449 
32248 31903 32423 33691 
32448 32016 32631 33791 
32649 32191 32797 33665 
32846 32414 32927 33406 
32988 32654 32988 33080 
33053 32860 32980 32701 
33036 33003 32922 32369 
32947 33088 32820 32133 
32813 33118 32735 32005 
32724 33133 32721 32038 
32613 33073 32698 32108 
32566 33013 32744 32257 
32622 32979 32844 32431 
32707 32951 32934 32560 
32852 32929 33038 32659 
32980 32903 33075 32685 
33072 32863 33048 32688 
33098 32780 32925 32667 
33053 32681 32744 32672 
32938 32562 32531 32730 
32724 32413 32316 32844 
32472 32256 32134 32994 
32197 32093 31997 33149 
32012 32000 31981 33297 
31912 31993 32084 33399 
31937 32095 32289 33416 
32131 32325 32590 33369 
32410 32610 32912 33167 
32724 32918 33172 32840 
33092 33254 33425 32505 
33411 33534 33560 32138 
33647 33732 33609 31858 
33725 33776 33515 31648 
33643 33664 33312 31580 
33453 33450 33052 31662 
33155 33116 32753 31870 
32772 32712 32434 32151 
32415 32331 32181 32566 
32102 32002 31986 32998 
31818 31691 31835 33359 
31694 31574 31822 33712 
31699 31563 31899 33980 
31868 31734 32115 34133 
32094 31990 32359 34135 
32456 32363 32699 34034 
32807 32771 33012 33721 
33121 33140 33255 33200 
33387 33488 33457 32540 
33609 33797 33638 31813 
33659 33895 33651 31023 
33539 33797 33525 30286 
33329 33557 33305 29803 
33057 33231 33033 29690 
32728 32815 32694 30006 
32477 32459 32415 30868 
32291 32169 32197 32138 
32165 31950 32010 33619 
32141 31893 31962 35183 
32207 31958 32006 36569 
32347 32145 32137 37465 
32516 32372 32335 37718 
32670 32613 32550 37225 
32779 32802 32757 35998 
32854 32967 32952 34176 
32868 33039 33091 32021 
32893 33099 33224 29916 
32814 33040 33231 28049 
32759 32950 33211 26798 
32687 32800 33098 26385 
32653 32656 32959 26923 
32641 32566 32783 28319 
32690 32522 32623 30361 
32760 32547 32484 32795 
32830 32616 32376 35167 
32931 32751 32340 37208 
33019 32908 32384 38592 
33069 33072 32491 39139 
33072 33175 32645 38747 
33004 33221 32842 37544 
32852 33132 32981 35648 
32673 32968 33093 33391 
32486 32759 33168 31144 
32370 32541 33163 29260 
32308 32356 33087 27977 
32281 32183 32920 27376 
32335 32096 32697 27598 
32486 32148 32542 28546 
32679 32299 32423 29997 
32873 32500 32351 31700 
33020 32725 32325 33426 
33146 32962 32383 34867 
33183 33136 32491 35833 
33136 33241 32592 36239 
33080 33330 32756 36161 
32916 33246 32834 35550 
32708 33082 32861 34666 
32519 32870 32877 33667 
32356 32645 32855 32752 
32296 32474 32867 32026 
32281 32351 32866 31573 
32365 32326 32899 31430 
32527 32408 32955 31525 
32731 32545 33023 31757 
32967 32742 33110 32035 
33129 32906 33146 32237 
33254 33027 33121 32314 
33306 33110 33066 32315 
33283 33109 32945 32213 
33145 33009 32736 32037 
32960 32872 32518 31925 
32782 32740 32327 31967 
32581 32609 32177 32176 
32401 32505 32076 32552 
32298 32462 32093 33100 
32252 32484 32185 33727 
32248 32519 32343 34277 
32376 32667 32636 34750 
32521 32778 32893 34923 
32686 32871 33133 34792 
32847 32929 33309 34353 
33026 32983 33463 33670 
33120 32950 33471 32808 
33197 32912 33429 31922 
33198 32842 33318 31113 
33124 32763 33136 30500 
33003 32692 32913 30168 
32854 32668 32679 30181 
32746 32707 32498 30578 
32636 32735 32309 31204 
32545 32783 32179 32084 
32479 32792 32087 33015 
32431 32752 32041 33886 
32453 32723 32114 34640 
32480 32655 32246 35138 
32531 32590 32451 35348 
32615 32542 32694 35212 
32708 32548 32969 34757 
32786 32564 33194 34019 
32897 32684 33427 33119 
32989 32834 33588 32216 
33073 32989 33655 31412 
33117 33125 33601 30793 
33123 33221 33449 30462 
33089 33227 33201 30411 
33023 33170 32915 30671 
32914 33041 32578 31192 
32790 32888 32274 31929 
32664 32698 32041 32708 
32546 32515 31891 33474 
32450 32361 31840 34111 
32404 32250 31916 34504 
32396 32220 32102 34662 
32488 32327 32414 34589 
32639 32511 32775 34273 
32724 32658 33058 33698 
32856 32874 33333 33085 
32962 33041 33505 32461 
32974 33138 33526 31942 
32951 33155 33435 31596 
32875 33105 33245 31499 
32720 32911 32954 31576 
32564 32684 32649 31847 
32468 32502 32421 32245 
32404 32337 32257 32636 
32433 32291 32217 33000 
32540 32342 32284 33247 
32767 32562 32507 33382 
33031 32827 32763 33354 
33267 33108 33017 33144 
33436 33364 33225 32870 
33558 33560 33385 32625 
33548 33619 33410 32407 
33381 33516 33289 32256 
33081 33249 33046 32207 
32692 32881 32697 32275 
32319 32493 32379 32480 
31998 32107 32098 32751 
31775 31836 31933 33072 
31685 31658 31904 33316 
31769 31684 32024 33499 
31994 31873 32276 33565 
32344 32189 32610 33523 
32706 32535 32912 33294 
33074 32933 33204 33037 
33359 33228 33376 32683 
33546 33481 33441 32376 
33609 33584 33396 32119 
33535 33570 33276 31975 
33341 33431 33067 31923 
33111 33222 32887 32003 
32843 32981 32690 32156 
32617 32780 32580 32364 
32497 32643 32572 32602 
32431 32569 32591 32794 
32416 32502 32617 32899 
32457 32506 32648 32974 
32558 32543 32701 33024 
32659 32606 32717 33061 
32728 32634 32683 33078 
32717 32616 32598 33074 
32702 32598 32521 33100 
32670 32563 32480 33166 
32592 32479 32439 33182 
32579 32455 32492 33221 
32541 32420 32569 33190 
32599 32468 32729 33136 
32666 32539 32901 32961 
32780 32688 33067 32745 
32904 32872 33183 32460 
33017 33079 33254 32147 
33130 33293 33265 31897 
33181 33452 33196 31701 
33165 33520 33055 31626 
33138 33530 32922 31720 
32983 33368 32713 31894 
32839 33150 32553 32205 
32683 32851 32435 32597 
32495 32489 32319 32996 
32331 32143 32241 33405 
32238 31874 32220 33776 
32173 31685 32220 34000 
32205 31672 32290 34119 
32288 31781 32405 34078 
32451 32014 32569 33882 
32622 32329 32746 33547 
32797 32703 32933 33111 
32968 33076 33097 32595 
33113 33427 33263 32059 
33226 33687 33378 31596 
33274 33818 33433 31260 
33290 33817 33454 31102 
33179 33608 33334 31072 
33017 33293 33133 31262 
32848 32956 32921 31663 
32626 32543 32604 32133 
32495 32267 32386 32766 
32381 32040 32146 33370 
32279 31908 31943 33876 
32297 31967 31889 34266 
32354 32121 31922 34451 
32458 32353 32059 34420 
32593 32613 32293 34175 
32741 32847 32587 33782 
32839 32974 32863 33216 
32896 33003 33109 32612 
32938 32988 33325 32027 
32947 32892 33455 31523 
32925 32790 33494 31209 
32872 32702 33438 31082 
32837 32656 33323 31168 
32760 32628 33108 31426 
32703 32687 32865 31862 
32648 32770 32596 32377 
32585 32846 32334 32908 
32544 32906 32088 33404 
32523 32952 31949 33819 
32551 32966 31916 34075 
32578 32907 31965 34121 
32632 32781 32126 33998 
32712 32647 32394 33709 
32805 32534 32728 33354 
32883 32412 33042 32886 
32902 32323 33306 32378 
32910 32306 33506 31912 
32900 32380 33606 31585 
32864 32513 33571 31412 
32792 32656 33406 31393 
32726 32836 33140 31555 
32638 32967 32801 31852 
32576 33061 32459 32236 
32565 33144 32188 32702 
32558 33129 31982 33116 
32601 33079 31892 33503 
32675 32991 31933 33775 
32753 32875 32089 33888 
32801 32733 32294 33839 
32847 32600 32580 33678 
32780 32431 32795 33374 
32663 32266 32949 32980 
32516 32137 33033 32607 
32418 32109 33083 32305 
32321 32097 33040 32028 
32327 32207 33006 31897 
32419 32383 32951 31858 
32578 32614 32923 31898 
32800 32889 32919 32032 
33008 33118 32912 32169 
33220 33335 32925 32347 
33358 33481 32941 32529 
33398 33507 32913 32700 
33330 33434 32838 32841 
33164 33266 32712 32974 
32924 33041 32562 33080 
32679 32811 32434 33180 
32394 32539 32269 33238 
32169 32330 32177 33299 
32010 32150 32116 33286 
31931 32037 32145 33229 
31981 32002 32259 33137 
32124 32040 32428 32995 
32319 32113 32633 32766 
32576 32278 32882 32559 
32838 32466 33102 32348 
33060 32679 33290 32147 
33235 32887 33408 32002 
33316 33033 33427 31894 
33342 33205 33381 31906 
33246 33266 33196 31958 
33086 33278 32943 32110 
32899 33227 32662 32333 
32699 33142 32360 32632 
32501 32990 32080 32913 
32342 32822 31909 33232 
32265 32653 31855 33488 
32272 32530 31953 33719 
32324 32402 32150 33793 
32460 32352 32484 33761 
32572 32286 32792 33542 
32725 32324 33129 33247 
32814 32353 33373 32824 
32886 32408 33512 32367 
32912 32496 33544 31931 
32897 32581 33444 31563 
32830 32652 33227 31356 
32732 32704 32935 31300 
32651 32768 32629 31440 
32571 32820 32336 31741 
32542 32902 32101 32159 
32584 33008 31973 32690 
32659 33101 31945 33192 
32761 33175 32021 33656 
32907 33216 32210 34014 
33014 33181 32451 34156 
33068 33070 32711 34088 
33067 32899 32965 33840 
32921 32593 33099 33367 
32738 32316 33196 32857 
32487 32035 33169 32323 
32236 31819 33066 31874 
32032 31731 32907 31576 
31883 31745 32686 31462 
31913 31951 32563 31606 
32051 32230 32460 31889 
32297 32591 32438 32262 
32672 33030 32535 32697 
33043 33406 32659 33033 
33400 33717 32813 33263 
33651 33857 32945 33325 
33793 33861 33075 33269 
33764 33675 33106 33064 
33569 33353 33033 32780 
33245 32931 32871 32479 
32834 32465 32639 32256 
32420 32083 32415 32183 
32035 31772 32203 32247 
31710 31596 32043 32437 
31589 31621 32012 32752 
31588 31787 32091 33072 
31766 32065 32302 33364 
32044 32419 32583 33550 
32394 32784 32882 33564 
32721 33057 33122 33352 
33047 33288 33302 33008 
33346 33460 33421 32589 
33544 33509 33403 32113 
33617 33435 33259 31677 
33588 33305 33072 31431 
33498 33128 32878 31414 
33266 32872 32639 31566 
32998 32624 32434 31944 
32682 32387 32285 32437 
32364 32183 32185 33000 
32014 31974 32081 33473 
31790 31890 32078 33889 
31680 31898 32144 34098 
31719 32004 32273 34107 
31882 32206 32461 33892 
32098 32428 32640 33466 
32429 32711 32853 32939 
32783 32978 33053 32372 
33133 33216 33206 31825 
33455 33421 33334 31438 
33716 33562 33403 31232 
33813 33572 33358 31225 
33754 33497 33256 31439 
33559 33310 33048 31798 
33282 33098 32843 32304 
32876 32794 32578 32829 
32457 32505 32350 33316 
32087 32251 32181 33722 
31767 32009 32043 33925 
31623 31914 32037 33982 
31618 31868 32094 33811 
31752 31896 32198 33457 
31977 32001 32353 33054 
32307 32166 32526 32667 
32668 32367 32708 32310 
32968 32535 32824 32007 
33216 32730 32910 31889 
33378 32912 32958 31902 
33449 33096 32997 32048 
33423 33276 33028 32276 
33346 33454 33093 32566 
33216 33578 33153 32808 
33006 33582 33164 32927 
32818 33523 33188 32992 
32577 33315 33105 32889 
32442 33073 33035 32753 
32317 32761 32866 32550 
32277 32430 32668 32398 
32309 32140 32465 32320 
32320 31840 32194 32275 
32404 31713 32011 32420 
32470 31688 31894 32634 
32552 31790 31886 32912 
32624 31985 31988 33223 
32629 32243 32160 33442 
32685 32574 32433 33589 
32733 32929 32734 33583 
32758 33207 32998 33407 
32778 33416 33207 33054 
32867 33594 33419 32689 
32958 33633 33524 32272 
32995 33514 33508 31859 
33039 33342 33427 31581 
33060 33097 33274 31481 
32981 32751 32985 31490 
32879 32464 32707 31739 
32719 32198 32423 32112 
32548 31991 32163 32583 
32371 31868 31961 33081 
32189 31825 31835 33494 
32089 31904 31840 33841 
32086 32088 31980 34010 
32186 32353 32214 33973 
32403 32676 32538 33773 
32667 32986 32865 33391 
32934 33240 33134 32877 
33179 33445 33365 32354 
33394 33560 33531 31897 
33458 33538 33519 31522 
33393 33384 33414 31356 
33224 33136 33187 31380 
32935 32825 32895 31585 
32620 32519 32601 31973 
32356 32309 32378 32485 
32130 32127 32206 32965 
31999 32050 32106 33386 
31974 32079 32122 33687 
32105 32212 32231 33844 
32301 32378 32383 33794 
32585 32598 32601 33618 
32849 32773 32759 33302 
33094 32912 32906 32928 
33275 32984 32966 32516 
33411 33080 33042 32208 
33436 33094 33033 31968 
33328 33032 32953 31834 
33122 32932 32841 31838 
32819 32768 32696 31960 
32474 32587 32565 32202 
32198 32476 32509 32545 
31912 32311 32425 32824 
31766 32241 32430 33093 
31770 32261 32500 33323 
31957 32409 32640 33456 
32259 32623 32797 33457 
32656 32869 32958 33361 
33059 33088 33064 33108 
33449 33297 33158 32807 
33762 33432 33195 32505 
33880 33448 33160 32191 
33803 33331 33029 31947 
33564 33085 32836 31782 
33219 32799 32622 31772 
32834 32500 32447 31945 
32387 32183 32256 32192 
32015 31950 32142 32564 
31741 31812 32114 32973 
31616 31807 32158 33357 
31709 32001 32334 33713 
31874 32222 32510 33865 
32167 32557 32740 33863 
32518 32921 32944 33694 
32803 33173 33043 33325 
33106 33397 33116 32947 
33266 33419 33081 32483 
33376 33388 33031 32110 
33367 33192 32925 31816 
33269 32940 32811 31655 
33133 32702 32754 31688 
32977 32506 32730 31854 
32864 32446 32774 32120 
32744 32444 32828 32407 
32657 32542 32871 32673 
32627 32697 32920 32933 
32591 32843 32917 33083 
32550 32931 32844 33165 
32518 32952 32724 33161 
32486 32905 32591 33126 
32456 32766 32441 33075 
32416 32565 32284 33002 
32374 32341 32168 32951 
32370 32162 32111 32940 
32375 32034 32127 32916 
32433 32028 32241 32919 
32521 32118 32419 32888 
32683 32359 32687 32842 
32911 32731 33004 32786 
33094 33084 33250 32616 
33272 33440 33485 32435 
33409 33725 33613 32254 
33453 33856 33623 32094 
33396 33818 33507 32000 
33223 33582 33264 31965 
32956 33200 32945 32026 
32683 32783 32637 32206 
32403 32338 32344 32467 
32171 31942 32106 32737 
32018 31668 31965 33040 
31966 31560 31905 33270 
32017 31611 31941 33442 
32142 31812 32070 33543 
32345 32119 32261 33578 
32555 32464 32443 33503 
32736 32805 32623 33349 
32902 33121 32808 33174 
33007 33358 32951 32915 
33107 33539 33103 32680 
33167 33604 33234 32441 
33157 33544 33329 32185 
33150 33425 33420 31992 
33070 33187 33414 31812 
33013 32954 33388 31724 
32913 32684 33272 31703 
32829 32469 33118 31812 
32764 32328 32922 32011 
32683 32255 32664 32292 
32631 32258 32416 32651 
32571 32323 32184 33032 
32497 32412 31986 33396 
32447 32512 31876 33706 
32413 32625 31880 33936 
32382 32656 31974 33982 
32343 32641 32111 33872 
32341 32604 32334 33636 
32360 32535 32552 33251 
32452 32528 32785 32876 
32550 32507 32969 32448 
32714 32592 33159 32119 
32899 32742 33318 31870 
33088 32933 33439 31748 
33224 33122 33482 31750 
33307 33310 33483 31870 
33381 33484 33470 32082 
33328 33522 33351 32307 
33215 33463 33198 32514 
33039 33287 32993 32701 
32836 33015 32767 32826 
32576 32623 32473 32868 
32400 32279 32250 32949 
32243 31947 32022 32976 
32152 31724 31870 33021 
32121 31643 31761 33058 
32204 31778 31813 33169 
32325 32025 31937 33250 
32465 32372 32136 33297 
32647 32790 32444 33356 
32777 33160 32760 33312 
32872 33435 33045 33167 
32973 33612 33335 32958 
33004 33635 33533 32672 
33044 33547 33671 32344 
33073 33349 33728 32049 
33043 33019 33620 31742 
33008 32679 33437 31549 
32977 32392 33202 31551 
32857 32116 32855 31672 
32719 31925 32483 31939 
32591 31881 32153 32340 
32473 31971 31892 32828 
32351 32142 31699 33301 
32308 32435 31677 33765 
32335 32760 31817 34067 
32441 33093 32103 34194 
32573 33368 32446 34111 
32739 33545 32852 33821 
32880 33562 33208 33357 
32977 33459 33506 32809 
