33068 32775 33224 31459 
33068 32775 33224 31459 
32908 32682 32924 31464 
32735 32594 32661 31699 
32348 32398 32146 32485 
32224 32376 32008 32952 
32161 32398 31943 33328 
32268 32563 32064 33669 
32419 32751 32228 33815 
32655 33000 32484 33807 
32888 33210 32751 33618 
33114 33372 33011 33337 
33268 33432 33198 32974 
33332 33413 33337 32604 
33330 33305 33412 32280 
33176 33057 33355 31985 
32925 32709 33167 31800 
32652 32362 32960 31783 
32341 31992 32693 31861 
32084 31704 32422 32066 
31912 31554 32185 32369 
31882 31583 32058 32703 
32002 31801 32056 33064 
32216 32113 32108 33313 
32554 32572 32309 33511 
32958 33106 32620 33611 
33275 33568 32879 33502 
33530 33936 33171 33285 
33681 34126 33394 32982 
33640 34070 33506 32598 
33487 33858 33512 32269 
33187 33432 33375 31969 
32830 32930 33131 31778 
32456 32378 32815 31747 
32205 31930 32518 31902 
32040 31629 32250 32185 
31985 31494 32037 32523 
32079 31608 31977 32940 
32193 31799 31950 33236 
32437 32169 32129 33524 
32631 32540 32344 33626 
32804 32904 32599 33608 
32869 33147 32798 33430 
32871 33280 32960 33150 
32789 33268 33014 32832 
32696 33157 33025 32541 
32648 33023 33013 32334 
32590 32813 32940 32161 
32633 32696 32905 32129 
32742 32645 32888 32177 
32940 32699 32941 32277 
33162 32832 33000 32378 
33307 32944 33015 32431 
33437 33090 33065 32520 
33428 33148 33037 32563 
33276 33082 32915 32552 
32997 32896 32739 32564 
32648 32618 32543 32619 
32289 32333 32331 32721 
31951 32033 32124 32841 
31678 31795 31963 32963 
31623 31740 31934 33164 
31682 31824 32001 33295 
31942 32112 32224 33427 
32273 32464 32480 33423 
32677 32896 32803 33348 
33063 33282 33094 33145 
33416 33619 33338 32849 
33675 33824 33512 32526 
33819 33867 33602 32222 
33791 33748 33570 31956 
33567 33411 33386 31728 
33245 32987 33120 31672 
32837 32495 32760 31729 
32449 32071 32439 31979 
32112 31742 32158 32335 
31842 31562 31928 32737 
31702 31554 31797 33131 
31752 31751 31816 33488 
31935 32105 31999 33755 
32218 32516 32276 33840 
32606 33022 32690 33793 
32917 33386 33023 33492 
33172 33627 33314 33105 
33358 33713 33530 32670 
33435 33623 33607 32224 
33396 33392 33533 31837 
33249 33047 33313 31561 
33050 32721 33031 31523 
32844 32405 32702 31671 
32666 32195 32416 32004 
32506 32074 32177 32414 
32401 32079 32051 32869 
32341 32169 32010 33272 
32344 32354 32083 33594 
32416 32609 32276 33786 
32497 32825 32494 33763 
32568 32978 32712 33583 
32668 33108 32926 33300 
32741 33099 33079 32917 
32784 33007 33179 32516 
32819 32864 33216 32155 
32813 32672 33162 31866 
32828 32512 33084 31744 
32820 32400 32961 31777 
32759 32333 32749 31903 
32746 32410 32588 32203 
32698 32529 32415 32552 
32691 32737 32328 32955 
32638 32894 32260 33267 
32613 33035 32279 33534 
32648 33165 32413 33694 
32661 33168 32563 33672 
32691 33080 32754 33482 
32746 32933 32949 33171 
32808 32740 33112 32769 
32865 32557 33218 32357 
32929 32434 33270 32008 
32935 32333 33192 31736 
32916 32305 33055 31612 
32853 32345 32858 31687 
32789 32457 32638 31947 
32697 32613 32449 32308 
32618 32762 32302 32740 
32525 32890 32208 33152 
32430 32940 32170 33485 
32390 32964 32221 33729 
32376 32920 32342 33784 
32422 32859 32518 33673 
32534 32800 32730 33460 
32623 32707 32887 33065 
32766 32687 33069 32666 
32934 32721 33204 32274 
33072 32769 33277 31925 
33139 32795 33248 31674 
33144 32804 33136 31592 
33069 32786 32959 31689 
32945 32710 32746 31952 
32757 32597 32508 32319 
32580 32464 32310 32769 
32339 32277 32108 33165 
32220 32209 32047 33575 
32193 32207 32098 33840 
32235 32302 32258 33909 
32407 32516 32539 33834 
32612 32754 32849 33542 
32819 33004 33130 33115 
33037 33264 33367 32610 
33230 33483 33531 32144 
33346 33616 33550 31724 
33352 33625 33443 31466 
33254 33498 33202 31362 
33035 33241 32876 31463 
32768 32888 32521 31729 
32454 32477 32195 32132 
32212 32109 31978 32655 
32027 31761 31855 33168 
31945 31520 31844 33589 
32004 31483 31962 33913 
32193 31626 32211 34044 
32474 31960 32534 34010 
32844 32405 32889 33795 
33131 32878 33173 33390 
33335 33297 33363 32921 
33416 33634 33446 32438 
33367 33822 33404 32012 
33227 33830 33286 31712 
32938 33628 33026 31563 
32620 33322 32745 31596 
32366 32963 32493 31813 
32184 32593 32304 32146 
32137 32276 32231 32570 
32214 32066 32266 32965 
32358 31950 32381 33258 
32603 32000 32598 33448 
32860 32162 32834 33476 
33080 32387 33039 33326 
33248 32674 33187 33085 
33265 32886 33198 32754 
33202 33053 33124 32458 
33028 33129 32960 32227 
32785 33087 32714 32100 
32573 33008 32511 32193 
32331 32821 32281 32347 
32218 32666 32192 32654 
32180 32527 32165 32979 
32271 32476 32257 33274 
32408 32475 32392 33448 
32653 32609 32630 33522 
32877 32770 32846 33397 
33059 32938 33036 33125 
33188 33077 33186 32735 
33234 33171 33277 32310 
33162 33128 33280 31908 
33011 33003 33206 31631 
32801 32759 33026 31518 
32591 32501 32821 31627 
32375 32227 32583 31923 
32225 32012 32344 32371 
32179 31918 32193 32918 
32184 31932 32090 33452 
32295 32081 32105 33910 
32473 32364 32221 34191 
32691 32737 32424 34241 
32903 33113 32667 34020 
33107 33479 32947 33587 
33228 33713 33163 32982 
33303 33819 33337 32318 
33310 33772 33465 31670 
33194 33526 33404 31155 
33039 33181 33280 30877 
32859 32786 33095 30897 
32622 32320 32783 31168 
32447 31965 32502 31728 
32317 31729 32251 32415 
32217 31635 32045 33124 
32209 31726 31961 33789 
32245 31950 32006 34261 
32362 32267 32180 34532 
32497 32615 32420 34499 
32624 32926 32664 34182 
32729 33159 32888 33681 
32788 33287 33014 33056 
32839 33329 33092 32449 
32864 33270 33090 31939 
32846 33107 32990 31576 
32833 32924 32885 31460 
32800 32709 32750 31579 
32851 32625 32725 32032 
32885 32557 32719 32541 
32967 32605 32807 33042 
33000 32644 32883 33141 
32989 32694 32962 32765 
32953 32746 33073 31981 
32789 32665 33078 30991 
32635 32564 33023 30336 
32537 32466 32844 30325 
32626 32589 32630 31275 
32805 32982 32398 33043 
32800 33551 32123 35049 
32638 34144 31953 36858 
32303 34211 31870 37977 
32149 33299 31978 38216 
32440 31146 32176 37441 
33313 28399 32503 35822 
34244 26370 32849 33618 
34417 26411 33164 31019 
33336 29383 33471 28405 
30807 35122 33651 25983 
27826 41564 33678 24384 
25846 46377 33613 24030 
26174 47387 33424 25065 
29249 43880 33108 27497 
34420 36692 32766 31081 
40175 27704 32442 35401 
44524 19563 32132 39595 
46134 14431 31895 42893 
44631 13070 31761 44681 
40458 15314 31727 44562 
34615 20369 31820 42452 
28140 27579 32036 38447 
22626 35626 32343 33450 
18565 43833 32685 28134 
16504 51276 33047 23436 
16742 56793 33366 20161 
19465 59245 33633 18907 
24192 57512 33762 19941 
30478 51294 33749 23032 
37701 41178 33658 27754 
44971 28234 33437 33291 
50971 14830 33138 38725 
54421 3676 32754 42942 
54649 149 32409 45489 
51159 59 32093 45950 
44212 226 31833 44254 
34436 13662 31710 40651 
24188 27966 31752 36020 
14975 43606 31934 31025 
8589 58010 32171 26488 
6266 65303 32422 23160 
8717 65486 32734 21531 
15390 65511 32966 21792 
25042 65516 33115 23751 
35891 53566 33216 27028 
45898 36366 33210 31074 
53161 19000 33184 35143 
56238 4732 33122 38412 
55007 157 33066 40530 
50205 50 33043 41250 
42939 64 32970 40455 
34888 12426 32964 38418 
27839 26006 32950 35666 
22462 40242 32898 32633 
19187 52479 32831 29933 
18011 60421 32706 27911 
18850 62601 32569 26923 
21260 58791 32380 27034 
24862 50281 32181 28112 
29103 38909 32047 29865 
33439 26524 31995 31987 
37032 15609 32012 33995 
39367 8079 32140 35530 
40338 4823 32352 36437 
40138 6264 32626 36548 
39099 12226 32933 35943 
37777 21750 33218 34770 
36607 33034 33421 33323 
35797 44448 33601 31965 
35180 53947 33661 30856 
34474 59901 33576 30167 
33475 60900 33390 30025 
32045 56936 33149 30427 
30115 48729 32848 31191 
27898 37848 32523 32180 
25794 26253 32229 33188 
24231 15942 31980 34029 
23836 9073 31814 34566 
24953 6922 31742 34731 
27710 9610 31786 34529 
31722 16484 31963 34058 
36449 26221 32207 33395 
40593 36421 32524 32717 
43274 45132 32906 32130 
43753 50612 33210 31632 
42004 51932 33491 31387 
38465 49111 33690 31351 
34238 43360 33761 31506 
30264 36301 33703 31788 
27327 29683 33549 32146 
25707 24674 33271 32479 
25396 21924 32934 32803 
26156 21520 32551 33035 
27776 23167 32264 33269 
29964 26308 31987 33373 
32554 30451 31802 33414 
35340 35181 31753 33411 
37773 39631 31811 33361 
39169 42595 31988 33300 
39157 43307 32226 33187 
37513 41325 32528 33042 
34444 36916 32855 32861 
30527 30919 33114 32603 
26969 25119 33362 32377 
24798 21192 33462 32124 
24737 20182 33424 31915 
26892 22395 33316 31833 
30629 27076 33097 31833 
34997 33067 32847 31973 
38847 38555 32588 32209 
41287 42151 32439 32565 
42015 43293 32352 32918 
41025 42239 32346 33230 
38521 39744 32470 33505 
34801 36753 32661 33637 
30307 33861 32857 33615 
25810 31215 32965 33397 
22289 28666 33037 33099 
20711 26005 33012 32732 
21776 23496 32901 32358 
25466 21940 32730 32074 
30719 22373 32509 31890 
36170 25360 32298 31860 
40387 30739 32145 31979 
42662 37514 32109 32230 
42741 43626 32152 32547 
41182 47565 32362 32937 
38563 48056 32581 33212 
35569 44979 32887 33440 
32470 38901 33157 33514 
29692 31549 33362 33449 
27458 24617 33522 33270 
25944 19639 33506 32957 
25494 17682 33418 32644 
26261 18965 33250 32344 
27969 22827 32973 32076 
30275 28194 32640 31907 
32775 33874 32347 31905 
35001 38927 32053 31991 
36581 42544 31871 32218 
37382 44427 31776 32507 
37508 44546 31828 32875 
37030 42933 31981 33220 
36044 39684 32238 33477 
34761 35321 32587 33652 
33209 30266 32929 33653 
31608 25334 33268 33517 
30171 21338 33512 33215 
29301 19198 33701 32849 
29180 19600 33715 32393 
29856 22792 33622 32012 
30941 28452 33419 31697 
32029 35499 33088 31515 
32755 42718 32720 31517 
33037 48197 32366 31721 
33187 50181 32105 32100 
33500 48053 31925 32545 
34219 42008 31862 33018 
35234 33184 31902 33435 
36098 23678 32074 33781 
36143 16382 32312 33950 
35147 12663 32560 33928 
33247 13293 32754 33711 
31012 18145 32900 33392 
29147 25967 32943 32969 
28209 35019 32975 32580 
28148 43812 32948 32237 
28835 50930 32924 31978 
29921 55174 32882 31805 
31259 55729 32899 31783 
32686 52194 32960 31874 
34145 44942 33011 32007 
35666 35042 33122 32215 
36957 23818 33134 32355 
37901 13248 33176 32547 
38132 5703 33100 32677 
37667 2583 32973 32825 
36462 4630 32729 32914 
34724 11919 32476 33061 
32562 23438 32214 33215 
30265 36532 31978 33336 
28019 49225 31812 33418 
26118 59515 31794 33501 
24864 65169 31897 33490 
24671 65468 32103 33392 
25837 60513 32453 33233 
28215 51794 32775 32906 
31599 39473 33117 32547 
35505 26024 33419 32145 
39040 13858 33615 31804 
41679 4813 33730 31592 
42842 402 33639 31468 
42635 86 33493 31537 
41139 4902 33264 31762 
38537 13455 32968 32084 
35016 25000 32644 32497 
30901 37665 32334 32918 
26538 49897 32092 33344 
22447 59822 31912 33659 
19382 65235 31825 33894 
18175 65468 31852 33975 
19496 64721 31982 33902 
23433 53192 32169 33679 
29539 40619 32395 33363 
36826 26889 32707 33003 
43932 14152 33002 32583 
49251 5016 33257 32185 
51675 685 33435 31823 
50601 1454 33558 31598 
46041 7076 33566 31502 
38845 16454 33494 31552 
30666 27636 33286 31701 
22969 39218 33036 31976 
17212 49498 32765 32316 
14345 57210 32498 32716 
14855 61062 32274 33103 
18298 60561 32131 33454 
23818 55899 32040 33686 
30501 47736 32043 33803 
37458 37130 32126 33791 
43403 26000 32243 33639 
47630 15997 32427 33415 
49449 8676 32649 33132 
48404 5221 32815 32749 
44595 6362 33017 32409 
38660 11812 33125 32067 
31707 20684 33184 31827 
25038 31445 33157 31680 
20110 42275 33072 31708 
17836 51341 32915 31838 
18692 56866 32776 32113 
22140 58080 32605 32434 
27206 54936 32519 32830 
32689 48198 32482 33218 
37400 39073 32495 33477 
40467 29554 32581 33632 
41627 21118 32697 33625 
41103 15087 32844 33485 
39303 12137 32941 33169 
36923 12720 32988 32773 
34644 16401 32970 32363 
32765 22376 32887 32016 
31372 29610 32760 31791 
30471 36959 32607 31735 
29953 43332 32470 31870 
29780 47480 32354 32122 
29979 49047 32311 32493 
30461 47960 32361 32943 
30949 44446 32405 33291 
31330 39281 32580 33599 
31279 33523 32724 33720 
30766 28068 32863 33673 
30087 23898 33003 33469 
29642 21617 33054 33126 
29993 21627 33086 32701 
31395 23779 33066 32293 
33808 27401 33016 31940 
36728 31559 32926 31702 
39543 35190 32822 31645 
41394 37243 32670 31742 
41764 37409 32546 31999 
40528 35973 32454 32408 
37827 33596 32348 32832 
34026 31267 32274 33231 
29851 29986 32277 33587 
25948 30205 32344 33802 
22774 31854 32467 33805 
20822 34492 32647 33657 
20406 37291 32835 33331 
21795 39574 33035 32884 
24974 40720 33200 32437 
29751 40480 33360 32046 
35392 38755 33409 31729 
41128 35562 33324 31540 
45689 31366 33169 31557 
48272 26616 32960 31784 
48219 21953 32671 32082 
45489 18257 32421 32536 
40517 16544 32180 32965 
34487 17596 32008 33333 
28412 21688 31973 33619 
23212 28398 32023 33750 
19601 36837 32176 33748 
18088 45136 32374 33552 
18753 51503 32619 33293 
21379 54674 32832 32977 
25517 53933 32927 32597 
30766 49441 33084 32343 
36098 42018 33119 32131 
40662 33301 33131 32069 
43896 24585 33110 32086 
45374 17327 33069 32185 
44824 12644 33023 32316 
42347 11464 32976 32462 
38288 13833 32930 32578 
33332 19295 32899 32656 
28412 26744 32842 32676 
24522 34862 32739 32623 
22745 42041 32664 32622 
23278 47289 32543 32613 
25817 50112 32415 32642 
29406 50278 32287 32729 
33139 47759 32216 32859 
35988 42669 32172 33039 
37544 35679 32231 33232 
37874 27646 32303 33356 
37259 20195 32475 33443 
35883 15061 32671 33414 
33957 13959 32910 33296 
31664 17128 33058 33034 
29418 23774 33187 32706 
27815 32036 33320 32370 
27385 40012 33379 32039 
28555 45803 33338 31779 
31060 48527 33229 31625 
34322 48295 33063 31650 
37370 45555 32834 31795 
39367 40802 32562 32058 
39716 34855 32331 32482 
38392 28531 32141 32939 
35831 22641 31966 33346 
32716 18268 31912 33696 
29643 16396 31979 33940 
27183 17692 32159 33975 
25726 21844 32420 33835 
25363 27932 32740 33503 
26175 34754 33075 33080 
28027 40993 33333 32536 
30940 45812 33578 32038 
34367 48240 33666 31611 
37734 48181 33636 31355 
40293 45721 33442 31291 
41351 41238 33135 31437 
40503 35291 32771 31803 
37949 28947 32395 32276 
34326 23160 32096 32867 
30533 18764 31815 33345 
27664 16616 31741 33816 
26236 17045 31801 34061 
26519 20223 32025 34128 
27986 25465 32304 33923 
30065 32161 32647 33544 
32179 39118 33006 33101 
33906 45155 33266 32534 
35168 48878 33470 32034 
35952 49394 33571 31679 
36192 46551 33503 31468 
35863 41063 33354 31481 
34809 34006 33115 31654 
33134 27216 32843 32003 
31180 22240 32555 32400 
29499 19922 32302 32809 
28645 20428 32077 33175 
29022 23374 31957 33487 
30640 27946 31927 33682 
32932 32784 32014 33721 
35221 36947 32178 33632 
36875 39658 32429 33432 
37535 40523 32734 33174 
37167 39491 33057 32877 
35931 36961 33311 32524 
34158 33715 33515 32224 
32058 30465 33583 31956 
29802 27816 33618 31838 
27640 26257 33454 31748 
26070 25995 33200 31792 
25558 27046 32878 31918 
26608 29355 32518 32144 
29390 32784 32249 32493 
33516 36737 31950 32778 
37885 40484 31862 33150 
41385 43231 31885 33452 
42995 44212 31995 33643 
42231 42831 32196 33730 
39218 39050 32483 33722 
34743 33444 32752 33559 
30045 27251 32960 33296 
26081 21757 33085 32947 
23611 18261 33145 32596 
22909 17577 33133 32285 
23915 19816 33059 32037 
26208 24412 32965 31905 
29379 30346 32890 31879 
33023 36348 32855 31956 
36651 41285 32824 32090 
39718 44204 32865 32286 
41836 44838 32938 32494 
42517 43399 32970 32637 
41535 40441 32974 32763 
38873 36833 32908 32822 
35108 33462 32793 32860 
30844 30831 32625 32894 
26894 29152 32436 32955 
23927 28316 32224 33004 
22643 28095 32076 33109 
23221 28170 31988 33209 
25530 28358 31988 33277 
29173 28650 32106 33305 
33444 29080 32330 33296 
37505 29711 32629 33188 
40307 30449 32954 33006 
41308 31153 33213 32694 
40459 31873 33460 32399 
38121 32594 33627 32108 
34988 33548 33638 31813 
32183 35041 33565 31643 
30263 37074 33354 31572 
29409 39436 33066 31644 
29437 41465 32784 31893 
29772 42167 32432 32189 
30120 40993 32167 32624 
30285 37818 31948 33062 
30388 33313 31811 33497 
30549 28454 31779 33859 
30904 24548 31907 34129 
31350 22146 32043 34143 
32036 21385 32324 34040 
32867 21857 32638 33719 
34019 23386 32963 33305 
35447 25868 33233 32760 
37054 29450 33477 32207 
38410 34133 33647 31713 
38926 39337 33661 31270 
38313 43934 33598 31048 
36466 46729 33434 31036 
33685 46849 33187 31217 
30447 44157 32850 31592 
27538 39458 32522 32128 
25482 34166 32275 32777 
24410 29356 32034 33372 
24482 25845 31896 33901 
25788 23790 31872 34252 
28305 23019 31960 34427 
31799 23194 32131 34357 
35909 24176 32358 34095 
39874 25965 32574 33636 
42855 28675 32771 33086 
44014 32290 32938 32503 
42858 36146 33044 32021 
39535 39561 33117 31654 
34694 41860 33143 31462 
29408 42491 33135 31442 
24730 41329 33129 31597 
21823 38713 33128 31875 
21118 35236 33131 32223 
22662 31523 33100 32543 
26106 28271 33066 32805 
30776 25872 32950 32964 
35757 24835 32800 33038 
40153 25254 32634 33043 
43120 27075 32467 33012 
43985 30032 32250 32916 
42456 33578 32103 32887 
38832 36919 32008 32920 
33844 39342 31996 33015 
28611 40202 32032 33129 
24336 39272 32188 33277 
22146 36738 32396 33364 
22505 33370 32663 33403 
25088 29932 32942 33301 
29098 27098 33171 33061 
33496 25412 33343 32708 
37473 25164 33506 32316 
40064 26196 33533 31898 
41174 28348 33486 31555 
40835 31321 33349 31360 
39291 34773 33149 31319 
36690 38187 32871 31447 
33511 40994 32646 31808 
30014 42669 32455 32285 
26691 42679 32287 32824 
24128 40699 32129 33314 
23126 36928 32026 33765 
24133 32032 31985 34060 
27070 26913 32028 34202 
31340 22575 32104 34157 
36087 20042 32246 33942 
40021 20105 32426 33608 
42271 22792 32702 33246 
42423 27506 32951 32830 
40552 33115 33201 32404 
37168 38410 33424 32032 
32948 42371 33611 31751 
28820 44223 33691 31542 
25592 43876 33626 31421 
23868 41759 33470 31384 
24034 38455 33231 31486 
26036 34515 32909 31667 
29550 30438 32558 31982 
33709 26913 32239 32356 
37579 24352 31969 32772 
40311 23132 31766 33199 
41435 23578 31753 33659 
40701 25558 31850 34010 
38381 28741 32074 34243 
35092 32288 32380 34321 
31381 35508 32706 34212 
27878 37890 32962 33895 
25127 39225 33178 33473 
23625 39464 33264 32952 
23612 38777 33233 32409 
25255 37437 33158 31962 
28394 35620 33012 31597 
32611 33544 32838 31360 
37385 31543 32717 31307 
41644 30048 32674 31398 
44394 29293 32667 31563 
44935 29435 32748 31849 
42838 30184 32830 32118 
38379 31113 32941 32443 
32580 31673 33019 32765 
26599 31475 32998 33045 
21771 30636 32931 33327 
19080 29548 32804 33577 
19073 28928 32612 33763 
21829 29453 32406 33892 
26752 31331 32232 33918 
33030 34206 32050 33787 
39581 37404 31996 33591 
45159 40015 32041 33312 
48499 41236 32199 32944 
48624 40662 32425 32547 
45431 38508 32745 32161 
39425 35273 33028 31758 
31919 31815 33304 31462 
24413 28822 33533 31323 
18638 26734 33632 31310 
15571 25538 33629 31462 
15672 25024 33493 31744 
