32949 33260 32974 31409 
32949 33260 32974 31409 
33072 33292 33067 31382 
33200 33312 33169 31598 
33258 33248 33233 31901 
33250 33132 33262 32288 
33241 33060 33302 32715 
33207 32988 33300 33054 
33107 32867 33213 33244 
32952 32717 33050 33259 
32808 32609 32871 33198 
32657 32485 32638 33012 
32498 32351 32366 32779 
32380 32258 32163 32598 
32258 32180 31963 32456 
32160 32121 31835 32417 
32116 32100 31809 32514 
32113 32139 31907 32723 
32168 32240 32108 32967 
32246 32340 32347 33179 
32422 32577 32693 33370 
32618 32825 33026 33425 
32835 33077 33284 33289 
33090 33389 33527 33073 
33314 33627 33630 32726 
33503 33826 33657 32383 
33626 33865 33561 32029 
33631 33752 33392 31760 
33478 33456 33130 31601 
33261 33078 32870 31638 
32933 32584 32583 31820 
32607 32117 32374 32154 
32211 31637 32148 32515 
31885 31336 31980 32945 
31642 31176 31849 33305 
31584 31266 31815 33642 
31687 31576 31879 33875 
31961 32061 32054 33975 
32294 32594 32280 33884 
32698 33161 32591 33682 
33073 33635 32913 33355 
33379 33972 33208 32928 
33602 34110 33497 32447 
33705 34080 33724 32012 
33644 33842 33792 31643 
33465 33470 33753 31407 
33158 32994 33549 31288 
32810 32504 33244 31331 
32503 32100 32881 31569 
32274 31826 32524 31953 
32177 31750 32212 32449 
32173 31828 31933 32959 
32249 32009 31762 33437 
32403 32328 31718 33878 
32582 32653 31814 34142 
32756 32931 32044 34249 
32799 33047 32272 34089 
32819 33093 32602 33791 
32745 32987 32910 33326 
32622 32794 33158 32778 
32505 32572 33342 32252 
32438 32389 33426 31791 
32409 32287 33400 31471 
32468 32299 33258 31350 
32586 32442 33054 31444 
32804 32715 32854 31771 
33040 33028 32667 32180 
33251 33345 32516 32657 
33422 33617 32454 33129 
33462 33706 32439 33457 
33410 33647 32520 33652 
33243 33455 32640 33659 
32978 33117 32793 33485 
32632 32666 32865 33135 
32326 32217 32908 32735 
32088 31874 32911 32378 
31929 31606 32833 32088 
31855 31467 32685 31904 
31918 31533 32528 31940 
32078 31737 32391 32139 
32318 32060 32288 32454 
32598 32456 32256 32832 
32889 32889 32300 33206 
33116 33293 32407 33475 
33334 33697 32611 33664 
33442 33946 32817 33630 
33399 33947 33221 33104 
33228 33687 33317 32668 
33042 33342 33355 32252 
32827 32906 33317 31883 
32608 32439 33188 31625 
32425 32012 33001 31546 
32293 31693 32791 31638 
32210 31519 32565 31899 
32195 31512 32358 32261 
32204 31628 32190 32693 
32253 31862 32068 33156 
32316 32145 31991 33550 
32421 32498 32024 33866 
32552 32860 32140 34009 
32684 33185 32309 33977 
32829 33468 32526 33780 
32998 33699 32810 33458 
33141 33797 33082 33019 
33254 33781 33345 32544 
33329 33666 33539 32061 
33353 33453 33655 31653 
33284 33149 33633 31344 
33144 32788 33496 31196 
32983 32462 33276 31272 
32783 32167 32983 31540 
32558 31933 32628 31955 
32364 31797 32300 32479 
32209 31773 32032 33024 
32085 31801 31823 33514 
32063 31959 31753 33918 
32108 32195 31828 34152 
32210 32466 31972 34163 
32379 32769 32215 34003 
32565 33039 32503 33688 
32743 33257 32767 33292 
32875 33360 32995 32839 
32949 33357 33151 32381 
33022 33285 33270 32048 
33029 33119 33295 31811 
33051 32966 33305 31750 
33059 32795 33252 31779 
33040 32665 33160 31874 
33074 32642 33100 32075 
33087 32677 33018 32263 
33062 32739 32924 32419 
32998 32820 32819 32543 
32899 32876 32727 32635 
32724 32856 32604 32707 
32529 32753 32476 32778 
32337 32575 32328 32887 
32180 32387 32213 33061 
32041 32153 32078 33231 
32002 31988 32013 33422 
32083 31943 32046 33618 
32208 31998 32136 33713 
32412 32180 32308 33700 
32661 32486 32563 33554 
32944 32870 32878 33287 
33173 33249 33161 32886 
33349 33579 33395 32400 
33499 33868 33607 31952 
33514 33944 33686 31540 
33425 33849 33647 31275 
33275 33583 33516 31193 
33019 33156 33251 31280 
32747 32667 32955 31583 
32484 32163 32628 32042 
32251 31749 32319 32573 
32114 31479 32054 33132 
31986 31357 31794 33577 
32001 31493 31662 33984 
32120 31834 31673 34218 
32292 32267 31802 34256 
32508 32763 32031 34122 
32692 33186 32345 33795 
32850 33520 32716 33333 
32971 33692 33101 32810 
33019 33690 33463 32287 
33092 33563 33744 31833 
33091 33303 33867 31458 
33094 33023 33886 31273 
33094 32740 33714 31265 
33053 32498 33408 31416 
33015 32330 33032 31730 
32975 32285 32613 32141 
32911 32344 32236 32612 
32785 32425 31932 33053 
32661 32538 31763 33442 
32530 32657 31742 33743 
32372 32710 31841 33896 
32267 32727 32075 33892 
32203 32716 32374 33775 
32164 32639 32658 33525 
32208 32569 32933 33224 
32312 32516 33118 32871 
32504 32531 33270 32536 
32719 32594 33330 32232 
32945 32685 33290 31990 
33118 32794 33180 31819 
33220 32879 32995 31734 
33226 32916 32764 31752 
33185 32966 32588 31918 
33074 32964 32460 32176 
32880 32889 32336 32443 
32697 32827 32333 32784 
32532 32752 32392 33115 
32422 32691 32512 33389 
32388 32670 32691 33573 
32413 32666 32868 33643 
32495 32668 33010 33550 
32623 32696 33114 33330 
32778 32752 33156 33042 
32896 32778 33103 32681 
33030 32838 33017 32364 
33033 32780 32794 32019 
33001 32733 32602 31821 
32934 32676 32446 31805 
32792 32581 32303 31892 
32617 32480 32216 32091 
32413 32391 32195 32380 
32317 32423 32309 32765 
32275 32483 32454 33101 
32269 32561 32610 33353 
32382 32726 32810 33548 
32511 32837 32937 33582 
32676 32948 33030 33514 
32801 32976 33040 33333 
32924 32982 33031 33101 
32994 32905 32959 32841 
33011 32773 32875 32563 
33021 32668 32822 32347 
33009 32590 32772 32161 
32996 32578 32782 32059 
32982 32634 32810 32001 
32929 32708 32825 31987 
32870 32834 32837 32034 
32791 32937 32819 32148 
32714 33028 32774 32307 
32637 33075 32707 32520 
32522 33016 32588 32740 
32411 32878 32451 32984 
32315 32666 32329 33286 
32283 32466 32280 33693 
32258 32242 32254 34028 
32290 32072 32294 34179 
32399 32035 32453 33976 
32487 32021 32619 33231 
32562 32088 32834 32084 
32582 32146 33035 30753 
32708 32333 33222 29873 
33005 32706 33329 29721 
33565 33406 33375 30497 
34187 34468 33306 32060 
34627 35693 33184 33992 
34597 36551 32983 35690 
34076 36298 32770 36818 
33231 34241 32522 37076 
32510 30364 32317 36517 
32109 25754 32150 35242 
31710 22414 32010 33466 
30843 22256 31976 31432 
29084 26197 31996 29289 
26681 33802 32153 27409 
24645 42398 32365 26221 
24388 49091 32649 25973 
26983 51261 32924 26894 
32632 47859 33205 29006 
40171 39644 33435 32127 
47299 29368 33624 35664 
51878 19736 33640 39003 
52497 13127 33595 41584 
48626 10540 33399 42776 
41057 12075 33093 42179 
31548 16887 32752 39874 
21854 24170 32376 36114 
13739 33200 32109 31573 
8245 43284 31868 26835 
6507 53066 31775 22948 
8840 60785 31824 20686 
14984 64713 31976 20380 
24132 63568 32187 22121 
35251 56705 32478 25798 
46780 44518 32772 30744 
56725 28966 32975 35997 
63668 12454 33150 40775 
65433 517 33190 44255 
65228 85 33212 45931 
54563 38 33129 45356 
42220 30 33065 42776 
27613 12022 32997 38625 
13122 27423 32918 33545 
1440 45184 32902 28362 
88 61846 32888 23882 
43 65397 32886 21070 
4702 65508 32874 20154 
15523 65531 32816 21137 
30318 65533 32731 24015 
45335 52666 32597 28143 
57191 33393 32422 32599 
64143 13490 32259 36850 
65401 471 32092 40235 
59604 63 32032 42353 
49709 25 32004 42827 
37911 86 32116 41822 
26238 14416 32325 39521 
16774 30019 32601 36441 
10790 46119 32908 33076 
8687 59898 33186 29805 
10470 65368 33434 27423 
15305 65503 33618 26056 
22206 65422 33652 25747 
30179 51097 33589 26497 
37870 35382 33367 28058 
44013 19319 33072 30055 
47758 5458 32697 32144 
48677 191 32341 34057 
46811 67 32000 35498 
43002 53 31754 36332 
38302 7781 31652 36532 
33818 19837 31712 36164 
30392 34603 31923 35384 
28499 49565 32232 34348 
28103 61350 32655 33372 
28601 65380 33079 32515 
29429 65492 33448 31850 
29991 65506 33705 31398 
29891 54952 33826 31273 
29114 40620 33763 31329 
27896 25390 33530 31480 
26771 11970 33182 31698 
26410 2673 32788 31956 
27376 119 32388 32154 
29921 664 32048 32328 
33764 10785 31828 32499 
38213 22568 31748 32658 
42138 35225 31870 32874 
44451 46110 32086 33075 
44435 53164 32381 33300 
42056 55284 32688 33485 
37841 52488 32952 33617 
33008 46204 33134 33668 
28576 38287 33195 33613 
25329 30647 33167 33467 
23502 24535 33036 33188 
23180 20981 32874 32866 
24107 19978 32715 32490 
26129 21391 32662 32191 
29166 24955 32661 31920 
32772 29939 32675 31671 
36522 35588 32800 31642 
39667 40891 32910 31689 
41576 44590 33039 31883 
41562 45522 33101 32145 
39371 43042 33055 32422 
35500 37687 32957 32761 
30784 30611 32731 33037 
26481 23733 32503 33337 
23933 19127 32248 33496 
23782 18008 32032 33556 
26122 20646 31954 33598 
30214 26192 31962 33487 
34907 32884 32082 33297 
38993 38818 32314 33075 
41661 42644 32624 32823 
42515 43798 32949 32573 
41428 42572 33244 32317 
38564 40008 33478 32134 
34330 37145 33617 32010 
29219 34440 33602 31938 
24167 31925 33488 31961 
20436 29309 33301 32052 
19138 26336 33010 32183 
20965 23523 32670 32347 
25613 21893 32385 32595 
31754 22434 32114 32824 
38006 25867 31884 33020 
42566 31728 31812 33239 
44666 38426 31822 33392 
44462 44171 31986 33541 
42393 47227 32191 33571 
39195 46680 32468 33498 
35398 42494 32784 33343 
31568 35818 33098 33108 
28110 28518 33350 32789 
25417 22411 33548 32465 
23808 18868 33640 32115 
23586 18577 33573 31769 
24914 21510 33460 31564 
27412 26493 33228 31485 
30604 32300 32938 31544 
33879 37726 32642 31797 
36689 41849 32383 32177 
38644 44101 32116 32590 
39572 44422 32004 33101 
39447 42963 31966 33551 
38425 40054 32023 33891 
36604 35911 32142 34040 
34220 31066 32325 34011 
31649 26260 32532 33831 
29201 22129 32728 33507 
27313 19441 32823 33057 
26541 19021 32913 32612 
27097 21344 32968 32219 
28774 26228 32975 31907 
31080 33072 33005 31751 
33286 40593 33016 31717 
34848 47138 33049 31809 
35690 51085 33100 31987 
35918 50810 33137 32203 
35972 46178 33158 32403 
36104 37980 33146 32600 
36196 27792 33052 32716 
35880 18204 32900 32834 
34763 12105 32690 32931 
32830 10568 32474 33018 
30464 13833 32226 33083 
28366 21055 32030 33187 
27115 30822 31890 33279 
27033 40834 31851 33343 
27981 49523 31912 33382 
29514 55497 32080 33342 
31319 57787 32380 33267 
33043 55707 32698 33076 
34611 49488 33064 32849 
35931 39861 33350 32510 
37092 28189 33606 32217 
37860 16365 33716 31911 
38112 6455 33708 31698 
37702 921 33542 31566 
36734 124 33325 31624 
35274 6250 33005 31749 
33514 16673 32689 32010 
31532 30459 32391 32390 
29471 44795 32148 32807 
27405 57476 31941 33196 
25616 65169 31849 33552 
24498 65465 31862 33854 
24449 65497 31968 34023 
25744 64236 32122 34027 
28484 49694 32360 33905 
32288 35233 32640 33669 
36479 20810 32914 33325 
40293 8534 33171 32872 
42904 773 33365 32364 
44048 96 33535 31908 
43518 72 33551 31434 
41568 6568 33499 31156 
38399 16622 33370 31018 
34262 28845 33128 31057 
29630 41484 32868 31351 
24799 52953 32608 31839 
20471 61583 32389 32459 
17460 65324 32197 33138 
16680 65434 32031 33755 
18965 57798 32035 34311 
24116 47125 32064 34613 
31416 34032 32165 34645 
39607 20850 32308 34432 
47207 9746 32523 33978 
52302 2991 32745 33382 
53855 1316 32925 32684 
51403 4673 33103 31993 
45257 12420 33246 31405 
36654 23061 33318 31041 
27583 34615 33318 30903 
19566 45472 33220 31027 
14082 54243 33036 31348 
12033 59826 32827 31911 
13586 61185 32600 32524 
18135 58397 32417 33186 
24702 51799 32252 33720 
32273 42317 32143 34096 
39855 31250 32197 34284 
46103 20476 32337 34220 
50202 11523 32557 33933 
51524 5815 32836 33504 
49638 4266 33043 32915 
44800 7419 33244 32319 
37798 14879 33342 31792 
30073 25253 33349 31451 
23075 36815 33194 31280 
18214 47580 32964 31362 
16404 55914 32689 31665 
17898 59984 32440 32130 
21958 59266 32198 32631 
27549 54141 32091 33177 
33286 45559 32049 33569 
38164 34867 32145 33862 
41076 24515 32336 33938 
41932 16200 32559 33817 
41082 10915 32786 33547 
39110 9284 32930 33144 
36782 11401 33036 32740 
34601 16872 33108 32382 
32859 24659 33078 32077 
31712 33278 33049 31953 
30937 41343 32951 31883 
30521 47676 32911 31991 
30328 51270 32884 32159 
30382 51646 32871 32366 
30608 48907 32893 32564 
30805 43735 32920 32724 
30725 37032 32869 32794 
30282 30070 32799 32807 
29540 23978 32714 32815 
28892 19921 32580 32802 
28876 18613 32419 32805 
29909 20147 32264 32847 
32099 24047 32170 32977 
35281 29476 32116 33100 
38622 34806 32139 33221 
41244 38645 32248 33321 
42511 40232 32445 33325 
42079 39359 32710 33268 
39956 36513 32952 33075 
36492 32726 33199 32793 
32404 29472 33414 32483 
28229 27709 33520 32164 
24549 27948 33541 31881 
21823 30231 33457 31710 
20511 33865 33276 31649 
20858 37741 32993 31688 
23012 41080 32712 31910 
26854 43060 32454 32228 
32085 43157 32196 32630 
37911 41031 31991 33046 
43032 36943 31895 33477 
46585 31275 31864 33807 
47827 24774 31978 34025 
46329 18475 32118 34047 
42398 13644 32379 33940 
36860 11736 32676 33669 
30938 13632 32941 33251 
25681 19522 33210 32757 
21918 28684 33435 32252 
20095 39568 33599 31779 
20259 50348 33631 31392 
22257 58029 33564 31192 
25625 61423 33418 31178 
29842 59810 33178 31342 
34346 53290 32861 31665 
38404 43220 32541 32137 
41354 31637 32278 32694 
42856 20305 32055 33230 
42731 11045 31891 33687 
41001 5387 31868 34055 
37872 4356 31928 34193 
33788 8009 32084 34176 
29495 15591 32311 33987 
25858 25618 32547 33651 
23774 36449 32772 33238 
23940 46079 32933 32760 
26344 53037 33063 32334 
30209 56707 33168 32049 
34308 56643 33193 31792 
37540 52807 33202 31685 
39101 45513 33180 31695 
38928 35833 33154 31801 
37471 25266 33114 31931 
35344 16009 33085 32106 
32967 10223 33055 32336 
30636 9591 32935 32517 
28520 14135 32794 32684 
26852 22452 32617 32840 
26142 32407 32421 33008 
26870 41400 32228 33164 
29133 47485 32062 33300 
32589 50153 32000 33456 
36339 49481 31967 33542 
39565 46102 32096 33637 
41179 40781 32257 33612 
40885 34301 32519 33535 
38843 27465 32769 33301 
35644 21329 33019 32976 
31950 17022 33204 32559 
28692 15823 33382 32172 
26249 17992 33453 31793 
24934 23114 33423 31460 
24937 30434 33326 31314 
26276 38056 33143 31286 
28713 44327 32965 31482 
31982 48407 32749 31811 
35552 49745 32591 32289 
38694 48103 32395 32783 
40687 43639 32235 33306 
40776 37359 32112 33744 
38970 30149 32031 34074 
35758 23286 32072 34295 
31859 17748 32129 34262 
28606 14783 32275 34070 
26799 14808 32508 33729 
26717 17758 32711 33207 
28283 23459 33014 32666 
30758 31162 33254 32078 
33184 39162 33438 31582 
35004 46423 33534 31236 
35992 51548 33532 31070 
36158 53372 33384 31071 
35694 51205 33160 31273 
34760 45370 32905 31702 
33346 36982 32604 32225 
31550 27888 32342 32792 
29579 20054 32118 33333 
27932 15092 31992 33810 
27252 14075 31973 34124 
28003 16805 32058 34256 
30241 22431 32203 34174 
33644 29713 32455 33959 
37199 36882 32709 33578 
39801 42413 32919 33095 
40845 45464 33093 32596 
40166 45714 33223 32099 
37960 43258 33250 31672 
34817 38845 33201 31388 
31447 33761 33129 31332 
28116 28797 32911 31366 
25293 24943 32728 31626 
23205 22598 32510 32016 
22430 22178 32347 32472 
23390 23628 32247 32975 
26351 26830 32202 33423 
31063 31444 32273 33792 
36934 36936 32469 34014 
42376 42011 32666 34019 
45992 45626 32940 33889 
46799 46843 33166 33529 
44624 45162 33334 33086 
39839 40587 33397 32556 
33716 34070 33387 32059 
27782 27100 33202 31616 
23197 21173 32931 31343 
20701 17681 32642 31287 
20428 17270 32335 31447 
22176 19945 32087 31793 
25352 24811 31923 32228 
29456 30808 31892 32744 
33877 36594 32026 33269 
38042 40976 32240 33715 
41297 43177 32537 34010 
43265 43171 32839 34113 
43455 41300 33048 33975 
41841 38366 33199 33695 
38568 35182 33243 33298 
34348 32598 33189 32829 
29905 30978 33069 32381 
26061 30345 32931 32006 
23490 30391 32777 31731 
22640 30669 32663 31584 
23705 30840 32631 31640 
26425 30751 32677 31800 
30259 30433 32751 32044 
34477 30005 32822 32309 
38259 29691 32895 32588 
40466 29590 32922 32824 
40783 29613 32890 33027 
39282 29775 32782 33172 
36513 30186 32615 33263 
33412 31194 32419 33287 
31030 33099 32272 33307 
29818 35874 32135 33258 
29762 39085 32096 33210 
30409 41908 32143 33114 
31128 43187 32305 33021 
31495 42207 32523 32865 
31452 39138 32815 32730 
31079 34685 33078 32546 
30627 30065 33336 32364 
30282 26233 33490 32191 
30247 23828 33560 32080 
30633 22667 33483 31994 
31608 22498 33345 32012 
33238 23031 33098 32074 
35474 24597 32820 32205 
37906 27497 32526 32383 
39929 31889 32250 32625 
40790 36952 32028 32876 
40049 41623 31862 33116 
37706 44657 31824 33350 
34106 45182 31876 33517 
29912 43188 32042 33628 
26007 39530 32307 33619 
23133 35512 32623 33531 
21611 32053 32919 33299 
21724 29591 33223 32980 
23520 27953 33439 32605 
27156 26795 33635 32236 
32118 25792 33630 31863 
37669 25130 33551 31596 
42919 25249 33395 31515 
46671 26511 33135 31558 
47970 29070 32834 31786 
46180 32545 32518 32112 
41690 36074 32263 32554 
35297 38902 32068 33002 
28326 40444 31908 33384 
22251 40504 31900 33703 
18168 39145 31998 33888 
16930 36745 32144 33834 
18713 33949 32403 33677 
22963 31132 32670 33367 
28869 28763 32917 32977 
35330 27164 33095 32516 
41335 26743 33254 32167 
45536 27583 33284 31878 
47102 29585 33228 31767 
45748 32335 33077 31810 
41759 35183 32911 32036 
35967 37369 32711 32338 
29665 38304 32567 32703 
24466 37617 32483 33060 
21560 35558 32432 33273 
21448 32795 32494 33383 
23823 30021 32641 33367 
27735 27797 32782 33183 
32161 26565 32895 32856 
36192 26505 32991 32501 
39097 27670 33028 32181 
40492 29795 32963 31951 
40479 32611 32839 31878 
39247 35806 32676 32004 
36944 38903 32493 32277 
33723 41343 32322 32651 
30025 42477 32223 33086 
26547 41801 32179 33449 
24033 39261 32229 33700 
23263 35096 32387 33804 
24741 29881 32620 33728 
28230 24663 32844 33442 
32869 20748 33077 33051 
37582 19027 33255 32584 
41231 20078 33353 32116 
42979 23840 33392 31750 
42425 29652 33324 31498 
39749 36156 33156 31440 
35689 41716 32915 31565 
31112 45367 32629 31854 
26891 46502 32369 32275 
23821 45114 32144 32779 
22474 41578 31965 33251 
23277 36818 31894 33682 
26103 31581 31976 34016 
30283 26569 32170 34130 
34947 22516 32422 34027 
39191 20070 32739 33719 
41921 19810 33057 33248 
42619 21794 33283 32654 
41454 25803 33508 32131 
38654 30893 33550 31619 
34961 36170 33510 31303 
30927 40562 33321 31185 
27398 43298 33075 31301 
24747 44164 32769 31621 
23345 43276 32512 32156 
23395 40855 32274 32728 
25112 37385 32110 33283 
28417 33422 32035 33740 
32821 29638 32091 34058 
37660 26550 32232 34149 
41925 24695 32395 33994 
44564 24492 32604 33691 
44660 25938 32809 33236 
41972 28387 32960 32739 
37073 31125 33075 32247 
31068 33307 33140 31836 
25258 34304 33124 31550 
20924 34077 33072 31485 
19044 33058 32933 31567 
19835 32066 32753 31802 
23195 31866 32618 32195 
28545 32767 32471 32618 
35094 34697 32376 33061 
41490 36901 32329 33435 
46591 38701 32396 33716 
49095 39326 32525 33832 
48320 38586 32727 33774 
44053 36529 32886 33520 
37184 33821 33027 33126 
29388 31298 33177 32728 
22168 29288 33215 32289 
16968 27859 33168 31907 
14687 26786 33021 31650 
15731 25876 32840 31590 
