32313 32227 31992 33418 
32313 32227 31992 33418 
32431 32620 32180 33708 
32614 33050 32493 33866 
32786 33419 32822 33850 
32913 33644 33110 33632 
32977 33671 33315 33278 
32999 33537 33448 32872 
32967 33225 33447 32400 
32909 32847 33358 32009 
32809 32428 33159 31713 
32688 32042 32871 31591 
32583 31778 32561 31650 
32537 31718 32308 31919 
32515 31828 32113 32282 
32531 32086 32020 32722 
32580 32448 32048 33171 
32628 32823 32165 33503 
32701 33193 32389 33743 
32774 33483 32650 33793 
32841 33648 32928 33617 
32878 33625 33141 33249 
32917 33503 33329 32810 
32941 33278 33418 32323 
32952 32991 33415 31883 
32932 32698 33315 31599 
32867 32392 33113 31484 
32787 32161 32858 31587 
32683 32021 32576 31890 
32626 32012 32371 32372 
32548 32088 32194 32886 
32475 32209 32067 33370 
32457 32421 32075 33797 
32471 32653 32179 34042 
32474 32815 32326 34026 
32509 32931 32515 33811 
32538 32975 32706 33439 
32540 32933 32825 32959 
32565 32829 32902 32432 
32650 32773 32981 32034 
32710 32707 32972 31747 
32812 32718 32951 31643 
32926 32780 32917 31712 
33029 32872 32897 31915 
33145 33019 32918 32211 
33175 33126 32935 32506 
33199 33195 32997 32791 
33132 33148 33006 32982 
33013 33020 32998 33067 
32851 32806 32959 33071 
32658 32553 32856 33024 
32469 32286 32694 32925 
32326 32072 32515 32869 
32185 31913 32289 32812 
32102 31864 32097 32788 
32087 31925 31968 32818 
32180 32151 31973 32912 
32326 32462 32081 33026 
32528 32841 32309 33111 
32749 33212 32599 33111 
32961 33520 32931 33033 
33103 33674 33189 32834 
33250 33734 33441 32625 
33306 33618 33574 32362 
33293 33358 33584 32090 
33211 32998 33457 31866 
33059 32588 33208 31707 
32921 32271 32955 31739 
32769 32013 32656 31891 
32629 31898 32403 32167 
32488 31882 32196 32533 
32356 31967 32066 32968 
32219 32098 31990 33376 
32120 32307 32020 33738 
32117 32580 32166 34036 
32147 32816 32332 34126 
32280 33059 32561 34068 
32444 33227 32758 33804 
32676 33360 32970 33406 
32911 33395 33140 32877 
33136 33360 33273 32324 
33333 33290 33353 31797 
33494 33166 33389 31365 
33505 32973 33312 31058 
33422 32755 33178 30942 
33269 32557 33027 31074 
33045 32397 32838 31429 
32770 32245 32611 31948 
32500 32161 32407 32583 
32269 32150 32254 33249 
32084 32160 32123 33824 
32036 32280 32110 34290 
32063 32449 32152 34540 
32177 32644 32269 34545 
32337 32817 32418 34307 
32502 32967 32574 33858 
32661 33042 32715 33265 
32771 33064 32841 32646 
32857 33032 32936 32076 
32905 32942 32993 31625 
32881 32794 32976 31356 
32871 32673 32959 31286 
32900 32639 32979 31462 
32925 32623 32966 31726 
32982 32696 32994 32113 
33032 32779 32999 32453 
33097 32889 33035 32780 
33095 32954 33010 32980 
33056 32973 32952 33087 
32982 32955 32878 33117 
32860 32866 32755 33089 
32684 32708 32572 33025 
32500 32547 32419 32986 
32291 32355 32226 32973 
32094 32183 32060 32993 
31988 32092 31991 33065 
31956 32075 31995 33151 
32034 32167 32120 33223 
32208 32344 32324 33221 
32485 32614 32633 33163 
32792 32900 32949 32991 
33072 33162 33219 32710 
33362 33441 33459 32399 
33553 33607 33599 32073 
33634 33658 33622 31804 
33570 33533 33501 31599 
33407 33297 33290 31546 
33140 32966 33017 31648 
32807 32575 32690 31851 
32532 32262 32452 32221 
32247 31971 32207 32626 
32008 31778 32015 33074 
31868 31735 31930 33500 
31840 31842 31930 33855 
31944 32064 32040 34108 
32135 32381 32224 34225 
32378 32707 32451 34155 
32698 33071 32737 33945 
32952 33308 32955 33514 
33183 33462 33155 32981 
33366 33518 33319 32390 
33482 33487 33442 31807 
33476 33323 33441 31262 
33383 33099 33361 30903 
33214 32865 33229 30762 
32997 32622 33026 30846 
32798 32469 32824 31226 
32554 32303 32588 31774 
32383 32264 32425 32509 
32203 32216 32253 33247 
32080 32207 32133 33917 
32088 32303 32128 34475 
32143 32399 32180 34776 
32278 32532 32283 34792 
32463 32684 32423 34524 
32698 32853 32607 34039 
32903 32985 32768 33321 
33069 33080 32898 32539 
33254 33193 33067 31823 
33326 33206 33161 31228 
33276 33118 33150 30828 
33178 33022 33140 30728 
32972 32827 33033 30885 
32726 32623 32897 31329 
32447 32427 32732 31958 
32229 32271 32597 32666 
32088 32178 32492 33382 
32009 32133 32395 33968 
32105 32235 32419 34380 
32288 32387 32472 34523 
32580 32618 32601 34403 
32918 32870 32758 34015 
33207 33074 32856 33391 
33468 33279 32970 32714 
33598 33383 33040 32028 
33597 33384 33057 31447 
33413 33271 32991 31057 
33097 33053 32862 30912 
32735 32802 32726 31066 
32368 32547 32579 31480 
32068 32357 32450 32101 
31867 32224 32351 32783 
31820 32178 32318 33431 
31924 32222 32347 33974 
32165 32350 32455 34322 
32466 32495 32594 34404 
32767 32628 32720 34228 
33037 32727 32830 33825 
33219 32779 32908 33280 
33258 32773 32913 32675 
33233 32763 32926 32155 
33081 32709 32869 31718 
32876 32657 32816 31480 
32562 32702 32816 31625 
32490 32785 32845 31899 
32496 32902 32894 32215 
32589 33041 32940 32556 
32747 33210 32976 32854 
32893 33303 32948 33042 
33049 33373 32906 33164 
33118 33325 32792 33194 
33084 33140 32628 33131 
32933 32840 32440 33036 
32724 32487 32289 32988 
32445 32101 32164 32939 
32156 31736 32068 32906 
31980 31539 32109 32931 
31906 31499 32238 32959 
31958 31637 32427 32959 
32195 31966 32704 32955 
32518 32394 32965 32878 
32872 32880 33201 32734 
33228 33358 33373 32516 
33538 33825 33481 32344 
33695 34075 33452 32147 
33725 34166 33336 32029 
33571 34025 33145 31935 
33278 33711 32906 31958 
32901 33267 32676 32125 
32487 32733 32453 32321 
32117 32180 32277 32602 
31848 31703 32151 32898 
31692 31337 32059 33181 
31705 31165 32017 33406 
31902 31231 32063 33584 
32200 31515 32173 33658 
32556 31962 32349 33655 
32929 32504 32577 33635 
33217 33047 32806 33593 
33403 33507 33034 33481 
33440 33828 33226 33162 
33397 33994 33417 32547 
33223 33959 33555 31562 
32909 33662 33556 30329 
32552 33225 33468 29283 
32281 32729 33264 28838 
32275 32416 32998 29351 
32590 32493 32705 30933 
33074 32980 32414 33242 
33434 33665 32102 35549 
33576 34224 31913 37466 
33391 33980 31823 38537 
33036 32497 31860 38561 
32744 29871 31987 37551 
32644 27120 32235 35774 
32400 25534 32476 33372 
31745 26441 32801 30689 
30387 30224 33069 27972 
28671 35962 33289 25757 
27290 41737 33379 24378 
27225 45476 33354 24289 
29288 45518 33233 25670 
33321 41631 33039 28426 
38401 35001 32839 32249 
42935 27533 32591 36421 
45643 21313 32481 40447 
45360 17749 32381 43306 
42174 17347 32423 44484 
36750 19605 32506 43654 
30277 23874 32675 40875 
23993 29512 32852 36537 
18917 36108 32960 31154 
16067 42734 33022 25935 
15772 48675 33018 21707 
18178 52907 32925 19210 
22973 54262 32747 18959 
29701 51875 32564 21108 
37079 45682 32364 25205 
44300 36379 32219 30610 
50214 25435 32199 36409 
53795 14490 32225 41666 
54051 6000 32355 45439 
50770 1847 32559 47061 
44292 2972 32801 46358 
35418 9466 33004 43417 
25324 20653 33159 38703 
16163 34655 33300 33139 
9704 48556 33311 27647 
7153 60332 33277 23146 
8988 65349 33097 20218 
15247 65486 32915 19431 
24739 65505 32679 20813 
35431 56702 32456 23994 
45500 42393 32271 28344 
53071 26555 32155 33164 
56727 11466 32084 37733 
55764 746 32137 41252 
50666 81 32264 43177 
42914 48 32466 43377 
34226 6497 32699 41905 
26174 18663 32934 39071 
20419 32907 33148 35524 
17353 46645 33282 31789 
17052 57432 33406 28576 
18963 63208 33345 26170 
22608 62806 33253 25096 
27054 56947 33049 25309 
31681 47015 32791 26644 
35886 35036 32559 28802 
39028 22838 32346 31342 
40650 13003 32207 33765 
40579 6704 32097 35673 
39183 4875 32114 36881 
36971 7738 32221 37255 
34634 15007 32363 36779 
33020 25110 32563 35730 
32331 36499 32750 34329 
32585 47282 32951 32897 
33346 55708 33068 31614 
34174 59964 33206 30838 
34446 59324 33247 30500 
33872 53978 33236 30631 
32255 44617 33106 31105 
29983 33478 32943 31838 
27474 22339 32724 32587 
25414 13358 32524 33267 
24459 8041 32309 33704 
25184 7601 32151 33854 
27729 11967 32120 33737 
31635 20034 32166 33408 
36218 30134 32342 32979 
40431 40510 32585 32488 
42997 48537 32870 32053 
43274 52504 33136 31808 
41356 52169 33314 31703 
37883 48041 33447 31837 
33694 41294 33434 32060 
29902 33919 33311 32380 
27107 27439 33122 32741 
25493 22784 32806 33024 
25155 20509 32499 33283 
25934 20560 32224 33424 
27542 22577 31996 33421 
29992 26173 31928 33386 
32884 30732 31932 33244 
35898 35712 32074 33086 
38439 40223 32313 32925 
39854 43119 32662 32806 
39576 43593 32943 32654 
37540 41375 33232 32544 
34010 36732 33411 32431 
29964 30940 33482 32362 
26547 25632 33395 32281 
24746 22260 33199 32241 
25062 21722 32881 32191 
27537 24195 32573 32217 
31338 28760 32339 32313 
35446 34026 32136 32405 
38913 38499 32086 32566 
41087 41139 32179 32760 
41638 41515 32366 32910 
40614 40053 32640 33085 
38136 37581 32940 33198 
34412 34887 33169 33211 
29873 32417 33338 33169 
25373 30250 33393 33081 
22025 28172 33293 32912 
20772 26087 33096 32778 
22109 24300 32782 32597 
25850 23671 32480 32492 
31087 24984 32194 32423 
36322 28551 31998 32413 
40402 33843 31946 32475 
42605 39633 31998 32551 
42879 44445 32185 32650 
41544 46640 32455 32752 
39140 45584 32768 32806 
36113 41425 33045 32813 
32713 34941 33277 32764 
29484 28058 33405 32676 
26841 22510 33471 32635 
25059 19306 33386 32526 
24560 19094 33231 32460 
25433 21772 32998 32410 
27476 26315 32763 32442 
30219 31647 32545 32530 
33086 36717 32347 32666 
35683 40679 32177 32816 
37527 42945 32061 32970 
38530 43498 32024 33128 
38691 42418 32071 33259 
38061 39875 32200 33349 
36702 36166 32379 33332 
34824 31864 32631 33249 
32582 27493 32859 33036 
30333 23802 33086 32776 
28488 21510 33292 32459 
27550 21323 33467 32180 
27659 23445 33489 31884 
28744 27802 33454 31722 
30453 33650 33321 31672 
32191 39876 33095 31744 
33660 45167 32855 31986 
34626 47809 32570 32268 
35284 47044 32344 32692 
35772 42632 32142 33075 
36213 35254 31999 33437 
36462 26847 31969 33716 
36165 19368 32016 33851 
35108 14716 32188 33875 
33225 13949 32389 33698 
30998 17367 32655 33427 
29023 23966 32875 33047 
27824 32349 33078 32627 
27596 40965 33240 32226 
28217 48334 33260 31860 
29491 53413 33251 31678 
30975 55023 33106 31630 
32539 52955 32953 31794 
34019 47208 32764 32028 
35416 38294 32608 32389 
36577 27883 32487 32759 
37361 17509 32442 33100 
37579 9075 32448 33304 
37210 4376 32535 33413 
36299 4494 32684 33407 
34980 9530 32798 33224 
33432 18733 32896 32944 
31790 30647 32958 32656 
30013 43646 32974 32403 
28296 54841 32906 32228 
26852 62367 32804 32164 
25948 65081 32645 32231 
25940 62478 32533 32426 
27053 55116 32399 32654 
29389 44192 32336 32941 
32489 31784 32299 33157 
35861 19718 32388 33338 
38822 9848 32518 33401 
40910 3459 32695 33327 
41733 1587 32885 33140 
41224 4210 33026 32799 
39671 10777 33164 32463 
37214 20374 33269 32154 
33981 31614 33253 31876 
30179 43429 33155 31721 
26265 53665 32983 31727 
22740 61020 32756 31888 
20348 64150 32535 32207 
19812 62327 32334 32658 
21606 55801 32142 33085 
25731 45568 32041 33490 
31633 33365 32076 33850 
38411 21044 32228 34020 
44480 11048 32458 34000 
48506 5062 32746 33790 
49701 3626 33020 33388 
47681 6614 33244 32847 
42806 13379 33397 32289 
35961 22824 33451 31738 
28570 33374 33377 31313 
22211 43266 33204 31090 
17943 51348 32970 31109 
16414 56554 32707 31370 
17761 58194 32468 31864 
21471 55835 32233 32412 
26799 50145 32139 33049 
32740 41831 32059 33589 
38517 32248 32133 34056 
43366 22648 32289 34314 
46414 14745 32488 34329 
47111 9933 32705 34129 
45289 8782 32876 33698 
41241 11548 33007 33144 
35710 17787 33093 32563 
29609 26578 33108 32004 
24425 36067 33024 31550 
21154 44793 32928 31336 
20325 51229 32757 31289 
22046 54329 32633 31503 
25594 53511 32538 31902 
30022 49116 32519 32393 
34290 42198 32552 32899 
37518 34044 32613 33313 
39350 26022 32739 33612 
39627 19755 32900 33755 
38687 15972 33018 33662 
37067 15131 33066 33378 
35313 17203 33071 33001 
33717 21737 32940 32537 
32594 27748 32797 32162 
31877 34234 32625 31906 
31467 40054 32431 31817 
31279 44340 32287 31931 
31286 46336 32215 32223 
31396 45822 32216 32609 
31494 43131 32284 32992 
31437 38911 32446 33356 
31046 33931 32673 33639 
30268 29224 32881 33716 
29296 25536 33073 33598 
28564 23498 33213 33327 
28557 23425 33280 32935 
29648 25302 33255 32458 
31918 28586 33168 31996 
34941 32386 33001 31622 
38174 35777 32803 31458 
40741 37806 32565 31464 
42119 37986 32376 31730 
41844 36269 32225 32130 
39958 33316 32116 32648 
36817 30135 32095 33197 
32900 27777 32162 33703 
28711 27021 32296 34063 
25025 28252 32531 34200 
22213 31111 32783 34093 
20730 34972 33038 33762 
20892 38915 33255 33240 
22882 41966 33431 32646 
26592 43537 33524 32068 
31569 43202 33510 31532 
37170 40850 33384 31205 
42433 36558 33130 31075 
46196 31009 32834 31207 
47725 24879 32505 31555 
46661 19196 32212 32091 
43204 15070 31988 32696 
37959 13586 31880 33310 
32175 15510 31901 33838 
26773 20873 32048 34177 
22521 28977 32230 34243 
20041 38484 32491 34114 
19498 47670 32773 33791 
20809 54407 32990 33320 
23747 57497 33132 32817 
27799 56265 33158 32303 
32568 50912 33178 31983 
37195 42430 33092 31754 
41000 32610 33021 31750 
43428 22869 32919 31847 
44165 14842 32844 32052 
43055 9763 32805 32283 
40269 8628 32845 32541 
36193 11420 32875 32706 
31588 17539 32897 32776 
27374 25809 32889 32774 
24439 34939 32809 32688 
23598 43180 32705 32616 
24893 49528 32558 32609 
27756 53127 32372 32621 
31384 53584 32215 32763 
34521 50565 32069 32953 
36508 44603 32040 33223 
37272 36328 32109 33473 
36966 27107 32235 33638 
35978 18841 32489 33731 
34513 13392 32777 33660 
32811 12292 33069 33413 
30998 15598 33315 33031 
29381 22256 33490 32541 
28411 30429 33576 32009 
28546 38327 33543 31527 
29975 44155 33425 31221 
32400 47334 33203 31063 
35262 47845 32939 31132 
37742 45918 32648 31434 
39000 41888 32364 31928 
38636 36604 32126 32514 
36874 30625 31951 33139 
34192 24869 31848 33731 
31159 20323 31816 34191 
28548 18255 31928 34486 
26690 18984 32099 34536 
25865 22409 32356 34376 
26147 27795 32696 34024 
27534 33911 33019 33471 
29855 39460 33272 32791 
32864 43693 33508 32125 
36146 45970 33680 31542 
39025 45943 33704 31078 
40724 43708 33616 30809 
40759 39628 33417 30787 
38997 34344 33135 31010 
35791 28664 32769 31417 
31955 23531 32437 32021 
28615 19994 32162 32693 
26533 18554 31962 33350 
26070 19503 31855 33912 
27144 22794 31871 34310 
29280 28088 31991 34505 
31676 34275 32182 34449 
33786 40415 32412 34164 
35352 45383 32692 33727 
36269 48020 32910 33158 
36563 47557 33101 32568 
36228 44043 33244 32033 
35215 38267 33310 31594 
33541 31522 33284 31321 
31475 25324 33217 31272 
29388 20925 33045 31370 
28057 19363 32873 31669 
27877 20564 32669 32067 
29108 24115 32524 32549 
31511 29010 32422 33042 
34362 34225 32334 33422 
36855 38593 32361 33725 
38280 41267 32450 33842 
38484 41996 32586 33791 
37552 40788 32764 33586 
35721 38003 32899 33240 
33389 34371 32998 32824 
30928 30737 33041 32407 
28552 27678 33050 32072 
26510 25568 32948 31835 
25219 24720 32770 31725 
25285 25407 32592 31817 
26990 27585 32451 32056 
30231 31007 32308 32369 
34473 35218 32282 32737 
38763 39450 32303 33079 
41884 42681 32447 33394 
42965 44019 32598 33516 
41764 43025 32807 33550 
38496 39618 33019 33443 
34051 34408 33146 33162 
29664 28736 33242 32845 
26167 23780 33256 32516 
24152 20707 33200 32212 
23734 20099 33033 31973 
24865 22107 32848 31904 
27090 25949 32594 31919 
30036 30760 32384 32115 
33249 35467 32199 32393 
36421 39153 32079 32748 
39017 41106 32048 33088 
40636 41245 32120 33365 
41004 39949 32317 33580 
39975 37758 32565 33657 
37650 35263 32786 33513 
34358 33040 33046 33241 
30928 31575 33268 32870 
27867 30840 33420 32457 
25718 30690 33515 32066 
24809 30779 33479 31750 
25358 30944 33350 31582 
27234 30974 33111 31575 
30130 30899 32842 31773 
33411 30774 32535 32105 
36486 30661 32294 32590 
38470 30472 32091 33073 
38999 30214 31956 33498 
38129 29980 31944 33815 
36321 29985 32057 33952 
34143 30576 32236 33871 
32434 32069 32474 33623 
31480 34487 32715 33265 
31199 37387 32881 32798 
31267 40079 33029 32361 
31301 41617 33129 32044 
31005 41216 33104 31833 
30464 38984 33044 31798 
29924 35539 32997 31937 
29545 31644 32902 32149 
29615 28339 32873 32446 
30094 25979 32844 32673 
31000 24525 32865 32854 
32376 23780 32889 32951 
34210 23759 32923 32923 
36340 24760 32951 32847 
38423 27098 32904 32701 
39960 30856 32824 32593 
40372 35570 32680 32534 
39235 40072 32497 32556 
36675 43110 32316 32681 
33102 43978 32121 32846 
29214 42616 31971 33048 
25736 39621 31917 33256 
23403 36104 32013 33412 
22455 32823 32211 33481 
22951 30169 32469 33367 
25030 28168 32803 33157 
28522 26631 33142 32826 
32950 25476 33437 32428 
37822 24878 33669 32075 
42237 25154 33759 31755 
45283 26743 33730 31566 
45977 29575 33547 31527 
44080 33175 33303 31680 
39884 36728 32953 31928 
34208 39500 32554 32269 
28244 41001 32227 32770 
23142 40743 31855 33169 
20069 39101 31654 33592 
19380 36446 31579 33892 
21095 33358 31650 34051 
24801 30382 31873 34053 
29882 27921 32192 33867 
35264 26480 32566 33543 
40142 26220 32967 33129 
43557 27205 33324 32629 
44914 29359 33617 32121 
43755 32235 33789 31695 
40337 35053 33763 31367 
35478 37315 33632 31229 
30219 38408 33379 31259 
25820 38136 33093 31522 
23272 36492 32713 31876 
23120 34108 32393 32341 
25051 31502 32147 32851 
28291 29218 31967 33325 
32044 27664 31908 33730 
35398 27095 31955 34008 
37770 27586 32114 34103 
38987 29026 32316 34032 
39128 31265 32554 33789 
38280 33996 32785 33443 
36514 36764 32961 32982 
34094 39026 33075 32508 
31288 40335 33173 32089 
28502 40203 33184 31764 
26334 38466 33126 31528 
25404 35268 33013 31482 
26139 31250 32853 31567 
28472 27240 32728 31863 
31819 24080 32575 32206 
35508 22648 32506 32670 
38475 23367 32439 33070 
40032 26207 32471 33468 
39943 30446 32546 33714 
38273 35130 32649 33806 
35383 39387 32802 33697 
32012 42006 32921 33413 
28943 42724 33056 33082 
26626 41558 33075 32630 
25661 39019 33074 32225 
26244 35556 32991 31902 
28334 31633 32808 31683 
31435 28015 32637 31687 
34903 25122 32473 31883 
37833 23417 32312 32171 
39624 23255 32227 32540 
39833 24844 32220 32966 
38492 27801 32273 33309 
36054 31572 32453 33586 
32963 35376 32620 33675 
29840 38540 32817 33618 
27225 40417 32960 33396 
25550 40872 33042 33102 
25014 40096 33075 32793 
25698 38330 33038 32495 
27684 35890 32954 32269 
30758 33185 32841 32131 
34608 30579 32724 32064 
38618 28521 32683 32120 
41977 27324 32698 32221 
43693 27281 32740 32317 
43152 28337 32829 32432 
40238 30031 32906 32504 
35489 31805 32953 32575 
29870 33090 32941 32619 
24509 33509 32853 32693 
20772 33036 32710 32770 
19360 32134 32535 32894 
20558 31434 32392 33074 
24196 31463 32221 33209 
29580 32550 32151 33349 
35854 34396 32163 33445 
41827 36453 32254 33439 
46425 38037 32431 33340 
48403 38542 32675 33139 
47181 37760 32917 32858 
42934 35925 33137 32508 
36597 33609 33346 32188 
29214 31296 33446 31867 
22619 29559 33488 31667 
17904 28329 33366 31563 
15944 27480 33187 31635 
17039 26827 32913 31842 
