33102 33370 32237 32616 
33102 33370 32237 32616 
33078 33375 31979 33140 
32990 33317 31839 33627 
32877 33180 31826 34010 
32729 32972 31950 34205 
32564 32724 32151 34188 
32428 32486 32417 33997 
32320 32265 32696 33609 
32265 32118 32945 33133 
32256 32033 33121 32588 
32364 32082 33287 32120 
32515 32213 33376 31724 
32663 32360 33352 31489 
32822 32548 33284 31437 
32947 32740 33141 31575 
32986 32862 32929 31843 
32963 32938 32685 32189 
32902 33006 32493 32640 
32796 33019 32309 33064 
32688 32984 32201 33433 
32602 32963 32172 33702 
32574 32937 32246 33823 
32616 32931 32400 33749 
32688 32933 32577 33535 
32812 32968 32772 33199 
32948 33007 32969 32777 
33034 33001 33083 32319 
33111 32981 33171 31956 
33059 32843 33136 31670 
32963 32679 33079 31600 
32795 32450 32950 31707 
32540 32181 32768 31951 
32304 31940 32593 32287 
32128 31795 32454 32702 
32031 31746 32343 33096 
32043 31849 32311 33442 
32191 32114 32340 33647 
32433 32497 32443 33728 
32722 32953 32577 33638 
33032 33397 32736 33420 
33312 33811 32893 33087 
33489 34057 33023 32707 
33530 34121 33088 32353 
33465 34002 33104 32061 
33254 33684 33054 31845 
32964 33241 32946 31780 
32555 32615 32730 31791 
32285 32088 32605 32032 
32010 31543 32417 32286 
31852 31161 32291 32635 
31827 30978 32208 32964 
31952 31055 32226 33287 
32233 31411 32371 33555 
32573 31960 32569 33673 
32937 32634 32820 33669 
33240 33297 33059 33482 
33447 33909 33249 33184 
33537 34324 33379 32801 
33518 34525 33430 32405 
33360 34456 33370 32056 
33092 34107 33166 31753 
32812 33596 32919 31633 
32514 32945 32597 31641 
32218 31840 32133 32173 
32198 31451 31992 32555 
32255 31266 31957 32948 
32349 31292 32022 33315 
32527 31551 32232 33635 
32648 31896 32456 33764 
32769 32309 32734 33769 
32875 32781 33026 33638 
32889 33158 33225 33338 
32866 33449 33342 32964 
32836 33605 33373 32582 
32796 33629 33317 32247 
32707 33477 33123 31947 
32626 33237 32871 31790 
32603 32959 32620 31794 
32611 32696 32403 31957 
32664 32485 32277 32225 
32744 32366 32244 32543 
32837 32326 32291 32831 
32932 32399 32459 33076 
32989 32530 32661 33216 
33024 32698 32895 33254 
32996 32823 33080 33152 
32926 32908 33178 32982 
32822 32949 33218 32801 
32654 32854 33086 32563 
32555 32759 32947 32459 
32427 32577 32711 32398 
32375 32421 32487 32468 
32327 32255 32269 32541 
32363 32193 32161 32704 
32415 32192 32132 32857 
32553 32336 32217 33013 
32707 32560 32394 33090 
32877 32881 32636 33107 
33004 33178 32863 33010 
33089 33440 33062 32854 
33138 33634 33238 32695 
33147 33678 33348 32504 
33053 33535 33345 32313 
32932 33273 33256 32200 
32711 32846 33030 32118 
32546 32436 32816 32205 
32373 31997 32536 32326 
32245 31666 32294 32524 
32183 31503 32108 32776 
32180 31511 32011 33009 
32269 31699 32024 33220 
32424 32065 32149 33360 
32655 32520 32387 33419 
32911 33018 32689 33364 
33102 33446 32957 33169 
33285 33787 33214 32917 
33368 33962 33389 32604 
33388 33964 33500 32324 
33271 33735 33447 32074 
33083 33378 33276 31912 
32797 32911 33003 31823 
32527 32445 32716 31923 
32313 32091 32468 32152 
32154 31816 32246 32431 
32088 31707 32111 32780 
32095 31772 32077 33095 
32240 32002 32162 33382 
32397 32280 32300 33560 
32639 32624 32535 33627 
32821 32906 32724 33545 
32959 33113 32876 33320 
33070 33253 33009 33026 
33104 33275 33069 32687 
33139 33248 33121 32385 
33064 33110 33068 32089 
32984 32931 32989 31866 
32846 32715 32856 31765 
32726 32542 32748 31834 
32599 32392 32611 32006 
32485 32299 32480 32292 
32380 32256 32379 32622 
32392 32356 32382 33025 
32416 32498 32422 33368 
32477 32686 32519 33622 
32627 32949 32718 33796 
32728 33098 32875 33713 
32816 33193 33005 33468 
32893 33211 33105 33124 
32940 33131 33148 32698 
32957 32983 33135 32238 
32914 32749 33002 31829 
32863 32515 32835 31570 
32797 32326 32653 31521 
32724 32193 32464 31637 
32652 32131 32311 31903 
32631 32213 32272 32333 
32601 32351 32272 32795 
32611 32563 32366 33266 
32607 32769 32484 33635 
32624 32977 32639 33884 
32637 33126 32790 33910 
32656 33220 32925 33762 
32665 33210 33018 33474 
32675 33138 33051 33067 
32708 33017 33055 32628 
32749 32873 33015 32180 
32779 32697 32924 31806 
32816 32578 32829 31616 
32843 32476 32705 31585 
32837 32412 32575 31729 
32809 32377 32464 32021 
32765 32373 32403 32429 
32688 32376 32374 32870 
32583 32373 32382 33263 
32517 32396 32459 33591 
32480 32448 32580 33757 
32492 32538 32726 33756 
32581 32690 32905 33580 
32681 32856 33061 33236 
32790 33021 33141 32766 
32947 33241 33237 32335 
33056 33398 33226 31946 
33113 33472 33134 31663 
33122 33463 32988 31581 
33049 33326 32772 31665 
32937 33102 32557 31944 
32808 32830 32376 32360 
32599 32452 32201 32794 
32451 32142 32141 33247 
32324 31885 32151 33610 
32239 31731 32254 33802 
32192 31698 32376 33770 
32204 31804 32552 33611 
32317 32053 32758 33353 
32424 32322 32871 32977 
32564 32658 32937 32583 
32778 33046 33003 32285 
32933 33322 32985 32019 
33083 33548 32970 31915 
33192 33641 32961 31947 
33244 33627 32968 32078 
33262 33514 33005 32292 
33177 33278 33007 32485 
33082 33045 33025 32677 
32947 32800 33007 32816 
32769 32534 32913 32840 
32639 32354 32813 32880 
32453 32152 32612 32810 
32351 32068 32450 32763 
32269 32011 32269 32727 
32266 32049 32135 32770 
32211 32071 32000 32780 
32284 32218 32031 32908 
32381 32404 32126 33039 
32495 32605 32313 33144 
32635 32818 32560 33213 
32746 33005 32825 33196 
32879 33180 33103 33091 
33020 33339 33372 32942 
33144 33414 33545 32720 
33248 33440 33621 32488 
33311 33386 33584 32222 
33301 33257 33413 31994 
33228 33060 33146 31838 
33103 32844 32861 31815 
32920 32581 32534 31924 
32683 32346 32259 32253 
32404 32093 32009 32721 
32098 31872 31810 33243 
31868 31748 31733 33627 
31736 31740 31800 33660 
31673 31785 31920 33179 
31748 31947 32197 32388 
31929 32173 32520 31567 
32292 32493 32889 31136 
32832 32926 33183 31309 
33550 33655 33496 32276 
34160 34538 33711 33664 
34414 35422 33805 35091 
34284 35936 33790 36108 
33850 35381 33608 36327 
33564 33473 33339 35816 
33670 30348 32955 34641 
34091 27048 32580 33075 
34132 25063 32199 31249 
33106 25872 31900 29471 
30718 29811 31696 27889 
27416 35917 31619 26730 
24500 42224 31709 26404 
23431 46294 31907 27015 
25523 46195 32236 28798 
30452 41601 32557 31426 
36970 33893 32891 34715 
43136 25310 33111 38002 
47259 18124 33290 40894 
48064 14295 33381 42664 
45488 14130 33352 42907 
40298 17287 33261 41471 
33680 22895 33082 38388 
26675 30465 32935 33977 
20878 38555 32802 29177 
16772 46613 32709 24662 
14970 53706 32711 21284 
15791 58631 32731 19583 
19251 59750 32743 20051 
24849 56326 32749 22609 
32067 48421 32762 26898 
39928 36760 32713 32173 
47554 22778 32623 37658 
53315 9422 32493 42327 
56176 432 32341 45476 
55287 80 32211 46644 
50516 47 32143 45674 
42129 5790 32162 42673 
31538 18205 32241 38088 
20792 33553 32402 32842 
11792 49502 32650 27743 
6247 63084 32938 23575 
5333 65422 33193 20899 
9335 65500 33401 20203 
17510 65516 33528 21417 
28215 65478 33553 24278 
39692 48682 33527 28344 
49638 30248 33324 32790 
55823 13241 33110 36811 
57572 765 32801 39853 
54934 79 32461 41597 
48962 43 32176 41929 
40875 7189 31934 40798 
32644 15840 31785 38631 
25402 29841 31711 35795 
20032 43812 31790 32861 
16930 55277 31994 30240 
16231 61655 32287 28365 
17758 61999 32689 27469 
21003 56727 33048 27470 
25548 47252 33379 28259 
30776 35202 33656 29588 
35624 23236 33793 31130 
39481 13236 33819 32619 
41801 6705 33662 33748 
42426 4586 33356 34411 
41640 7359 33011 34582 
39980 14377 32631 34339 
38011 24567 32303 33848 
36145 36149 32013 33243 
34601 47450 31837 32741 
33398 56120 31809 32480 
32335 60701 31897 32462 
31238 60394 32114 32709 
29841 54963 32339 33064 
28298 45688 32660 33508 
26717 34428 32908 33806 
25463 23211 33127 33910 
24849 14049 33227 33732 
25335 8497 33228 33304 
27233 7820 33140 32701 
30389 11837 32995 32050 
34365 19518 32813 31435 
38419 29204 32634 31031 
41675 39051 32528 30893 
43168 46720 32515 31079 
42498 50645 32586 31530 
39922 50457 32719 32142 
36148 46671 32896 32780 
32148 40554 33018 33343 
28762 33688 33093 33760 
26591 27778 33112 33960 
25827 23960 33059 33931 
26117 22363 32896 33677 
27213 22807 32643 33281 
29020 25057 32401 32877 
31308 28611 32141 32483 
33842 32814 31996 32273 
36257 37114 31957 32200 
38087 40680 32019 32279 
38908 42641 32248 32537 
38145 42014 32497 32773 
35933 38853 32823 33011 
32578 33705 33116 33134 
28970 27921 33370 33140 
26113 23049 33568 33008 
24981 20632 33601 32708 
26069 21458 33542 32369 
29014 25164 33357 32007 
33071 30644 33066 31712 
37189 36431 32713 31572 
40244 40825 32387 31664 
41650 42883 32064 31908 
41352 42553 31866 32355 
39484 40383 31774 32918 
36222 37309 31831 33527 
32093 34317 32002 34049 
27629 31787 32289 34405 
23646 29625 32641 34500 
21120 27494 32989 34292 
21066 25317 33274 33786 
23714 23518 33478 33062 
28512 23032 33612 32317 
34161 24602 33590 31558 
39269 28674 33468 30964 
42460 34421 33211 30594 
43393 40559 32889 30554 
42258 45444 32576 30844 
39769 47597 32289 31453 
36570 46226 32094 32282 
33334 41628 31995 33151 
30349 34876 31975 33907 
27868 27626 32073 34479 
26115 21555 32285 34816 
25354 18121 32539 34793 
25742 17938 32751 34421 
27216 20710 32965 33833 
29475 25562 33104 33045 
32132 31437 33199 32264 
34639 37113 33261 31603 
36460 41463 33175 31096 
37541 44226 33065 30898 
37831 45205 32933 31001 
37375 44322 32737 31349 
36364 41694 32531 31910 
35003 37672 32368 32553 
33402 32647 32237 33174 
31718 27309 32166 33710 
30192 22493 32195 34063 
29122 19126 32343 34198 
28797 18071 32514 34035 
29312 19821 32758 33693 
30442 24330 33000 33199 
31803 31201 33206 32622 
32908 39048 33360 32071 
33463 45966 33422 31636 
33607 50382 33364 31402 
33655 50957 33216 31367 
34004 47271 32987 31560 
34740 39744 32676 31918 
35654 30400 32407 32413 
36169 21388 32183 32926 
35768 14865 32002 33392 
34337 12305 31928 33750 
32252 14307 31986 33945 
30223 20071 32150 33922 
28834 28274 32441 33762 
28304 37279 32733 33414 
28613 45935 33052 32988 
29439 52314 33279 32503 
30532 55282 33448 32128 
31629 54419 33454 31822 
32847 49668 33340 31675 
34082 41443 33075 31665 
35371 30765 32722 31831 
36578 19834 32459 32157 
37345 10393 32194 32512 
37565 4437 32065 32877 
37148 3283 32062 33197 
36156 7533 32238 33440 
34685 16412 32520 33516 
32852 28440 32867 33447 
30757 41562 33177 33236 
28546 53823 33400 32907 
26654 62726 33504 32560 
25479 65405 33469 32269 
25346 65482 33296 32078 
26410 58238 32931 31937 
28746 47208 32514 31967 
32052 33958 32155 32200 
35500 20891 31863 32508 
38574 9729 31714 32861 
40720 2021 31726 33196 
41713 119 31937 33467 
41411 74 32267 33592 
40007 6526 32692 33610 
37595 16517 33100 33422 
34311 28930 33443 33092 
30360 42506 33684 32688 
26184 54931 33766 32272 
22495 64043 33681 31919 
20027 65432 33443 31665 
19543 65487 33079 31580 
21548 65393 32698 31695 
26072 51885 32308 31970 
32256 37744 31986 32357 
39037 23130 31767 32786 
45092 10554 31716 33266 
49044 1951 31770 33623 
50076 108 32050 33942 
47637 68 32357 33975 
42314 7204 32744 33853 
35178 17401 33116 33533 
27540 29382 33383 33048 
20929 41679 33600 32564 
16746 52012 33666 32060 
15533 59217 33599 31664 
17209 62252 33382 31393 
21444 60653 33075 31350 
27229 54846 32746 31520 
33688 45632 32430 31874 
39889 34393 32186 32329 
44921 22907 32024 32830 
48077 12883 31958 33307 
48660 6412 32006 33694 
46578 4404 32177 33958 
42000 7135 32364 33940 
35733 14238 32603 33791 
28769 24600 32821 33455 
22819 36089 32997 33042 
18999 46761 33113 32598 
18073 54903 33238 32243 
20065 59012 33216 31891 
24326 58175 33178 31724 
29567 52907 33063 31709 
34665 44468 32910 31845 
38557 34420 32705 32057 
40797 24577 32552 32388 
41262 16426 32422 32775 
40253 11393 32313 33093 
38415 9957 32272 33348 
36322 12153 32303 33510 
34400 17435 32398 33551 
32863 25043 32581 33475 
31681 33390 32719 33213 
30849 41286 32895 32903 
30284 47463 33045 32559 
30026 51097 33185 32268 
30028 51494 33223 31991 
30258 48870 33194 31840 
30535 43864 33083 31841 
30618 37398 32916 31961 
30367 30489 32709 32205 
29882 24400 32526 32579 
29460 20354 32352 32926 
29593 18783 32238 33242 
30645 19847 32206 33465 
32740 23220 32263 33602 
35620 27995 32382 33602 
38577 32753 32500 33445 
40901 36511 32620 33167 
41984 38513 32747 32880 
41474 38479 32813 32525 
39369 36872 32893 32277 
35963 34447 32903 32050 
31964 32351 32928 31990 
27905 31268 32934 32013 
24373 31605 32965 32161 
21770 33164 32983 32338 
20618 35404 32993 32542 
21204 37576 33028 32754 
23530 39047 33036 32894 
27480 39444 33022 32985 
32675 38498 32912 32944 
38175 36292 32798 32899 
43122 33000 32654 32863 
46543 28852 32477 32791 
47682 24421 32275 32723 
46210 20416 32129 32740 
42458 17835 32009 32756 
37204 17510 31999 32806 
31398 19996 32085 32878 
25947 25429 32278 32941 
21899 32895 32552 32979 
19612 40985 32857 32954 
19283 48146 33139 32851 
20989 52922 33418 32747 
24428 54084 33582 32612 
28885 51439 33601 32431 
33808 45656 33486 32267 
38387 37829 33300 32162 
42013 29155 33017 32120 
44011 21331 32699 32104 
44222 15501 32427 32217 
42616 12554 32239 32408 
39163 13009 32085 32642 
34489 16948 32009 32887 
29728 23243 32028 33133 
25714 30739 32122 33364 
23331 38013 32260 33530 
23198 43984 32434 33611 
25291 47835 32628 33582 
28822 49208 32857 33463 
32659 48102 33012 33171 
35857 44672 33151 32807 
37943 39077 33299 32429 
38648 31894 33367 32040 
38184 24599 33370 31703 
36833 18713 33296 31513 
34811 15820 33152 31460 
32280 16944 32964 31592 
29641 21755 32728 31848 
27431 28897 32534 32244 
26279 36456 32355 32713 
26714 42666 32219 33206 
28869 46218 32115 33616 
32178 46901 32118 33932 
35773 45110 32189 34060 
38719 41425 32285 33994 
40220 36386 32427 33747 
39983 30840 32612 33404 
38257 25372 32808 32959 
35513 20852 32964 32470 
32329 18262 33135 32019 
29307 18424 33250 31671 
26969 21324 33255 31425 
25604 26476 33225 31418 
25288 32653 33092 31541 
26198 38854 32929 31862 
28223 43742 32657 32227 
31242 46640 32460 32705 
34747 47240 32274 33176 
37992 45578 32177 33597 
40249 41857 32163 33897 
40790 36756 32233 34001 
39547 30962 32413 33927 
36865 25367 32694 33715 
33427 20787 32948 33303 
30216 18000 33191 32793 
28161 17610 33371 32278 
27522 19707 33452 31824 
28137 23999 33377 31449 
29576 29990 33192 31302 
31266 36811 32902 31363 
32733 43002 32557 31619 
33835 47497 32270 32072 
34590 49233 32065 32610 
34970 47618 31928 33123 
34971 42770 31952 33607 
34455 36168 32097 33940 
33347 29157 32343 34065 
31786 23329 32607 33969 
30209 19889 32867 33705 
29094 19359 33040 33283 
29068 21661 33150 32833 
30227 25927 33185 32381 
32274 31079 33123 32013 
34670 36035 33022 31782 
36759 39790 32924 31705 
37957 41617 32836 31810 
38111 41364 32794 32017 
37308 39282 32811 32279 
35698 35928 32838 32549 
33490 32084 32871 32785 
30970 28648 32886 32942 
28345 26139 32839 33011 
26053 24929 32773 33034 
24584 25135 32590 32957 
24683 26913 32443 32917 
26563 29920 32252 32847 
30122 33836 32112 32797 
34687 38049 32045 32790 
39160 41803 32093 32853 
42393 44206 32229 32902 
43399 44418 32469 32992 
41936 42098 32756 33028 
38506 37568 33059 33030 
34016 31598 33312 32954 
29468 25367 33503 32808 
25921 20472 33577 32627 
23977 18099 33532 32413 
23691 18617 33383 32221 
24862 21848 33136 32050 
27239 27089 32826 31947 
30330 33062 32523 31962 
33683 38520 32238 32073 
36923 42369 32013 32256 
39632 44091 31870 32542 
41235 43515 31835 32840 
41301 41153 31890 33139 
39807 37831 32068 33417 
36959 34419 32342 33645 
33138 31479 32648 33735 
29185 29585 32962 33711 
25950 28739 33242 33533 
24015 28658 33458 33226 
23744 28989 33594 32854 
25292 29481 33638 32452 
28431 29923 33550 32019 
32343 30275 33389 31693 
36266 30563 33099 31460 
39381 30883 32787 31414 
40990 31237 32504 31580 
40611 31497 32223 31878 
38537 31719 32033 32316 
35443 32113 31934 32805 
32240 32942 31907 33257 
29750 34586 31990 33667 
28595 36914 32194 33964 
28559 39336 32432 34020 
29177 41035 32660 33892 
29984 41195 32881 33622 
30621 39383 32986 33186 
31134 35868 33079 32754 
31581 31449 33120 32344 
31970 27448 33100 32024 
32346 24565 33041 31838 
32712 23050 32980 31787 
33135 22741 32926 31867 
33703 23382 32864 31985 
34640 25008 32897 32226 
35835 27675 32906 32444 
37097 31532 32964 32675 
37890 36371 32946 32817 
37719 41152 32849 32868 
36457 44666 32728 32898 
34251 45991 32608 32971 
31475 44600 32420 32989 
28684 40855 32237 33006 
26461 35896 32077 33045 
25171 31106 31994 33095 
24886 27312 31997 33138 
25669 24903 32113 33157 
27520 23801 32304 33151 
30517 23679 32590 33063 
34259 24373 32914 32950 
38212 25847 33204 32730 
41611 28186 33439 32463 
43658 31438 33626 32239 
43573 35237 33646 31988 
41236 38811 33566 31823 
37112 41502 33440 31829 
31972 42589 33170 31851 
26948 41845 32849 32003 
23043 39373 32505 32263 
21165 35802 32210 32598 
21511 31709 31924 32937 
23938 27914 31755 33284 
27920 25042 31700 33599 
32778 23475 31746 33788 
37524 23651 31943 33868 
41309 25477 32238 33810 
43335 28750 32587 33603 
43200 32927 32980 33301 
40757 37244 33308 32874 
36679 40751 33593 32447 
31866 42694 33808 32078 
27369 42509 33822 31708 
24325 40217 33702 31495 
23507 36405 33454 31422 
24886 31908 33113 31506 
27902 27673 32758 31751 
31659 24471 32421 32131 
35327 22726 32113 32574 
37999 22694 31885 32986 
39389 24281 31784 33381 
39533 27235 31826 33703 
38532 31419 31978 33911 
36647 35973 32202 33894 
34135 40169 32494 33774 
31208 43409 32798 33499 
28198 44979 33042 33135 
25647 44400 33240 32750 
24251 41472 33327 32359 
24594 36760 33333 32085 
26767 30947 33193 31864 
30475 25233 32996 31790 
35059 20726 32772 31887 
39153 18738 32562 32067 
41799 19655 32427 32335 
42494 23216 32427 32637 
41096 28518 32452 32876 
38008 34319 32579 33068 
33905 39511 32794 33172 
29705 42921 32944 33127 
26149 44241 33077 32995 
23894 43544 33145 32825 
23397 41231 33119 32603 
24880 37751 33027 32464 
27911 33704 32798 32343 
31926 29645 32553 32344 
36061 26156 32328 32463 
39460 23729 32134 32662 
41354 22884 32003 32913 
41426 23792 31973 33140 
39857 26185 32084 33327 
37056 29556 32330 33450 
33479 33222 32610 33401 
29827 36448 32913 33238 
26714 38729 33168 32928 
24573 40019 33393 32591 
23746 40285 33537 32249 
24452 39562 33544 31927 
26736 38009 33464 31727 
30366 35745 33257 31606 
34730 33109 32990 31684 
39177 30545 32696 31940 
42615 28628 32415 32322 
44023 27668 32142 32739 
43004 27686 31947 33161 
39632 28396 31843 33549 
34445 29305 31862 33839 
28718 29957 31996 33933 
23830 30183 32277 33912 
20717 30152 32590 33696 
19994 30365 32917 33356 
21837 31361 33249 32927 
25949 33392 33467 32429 
31580 36168 33596 31980 
37857 39054 33611 31622 
43486 41247 33486 31431 
47336 41940 33249 31375 
48215 40742 32921 31494 
45912 37921 32628 31817 
40651 34033 32330 32197 
33561 29994 32079 32644 
26010 26682 31979 33158 
19808 24638 31943 33555 
16080 23920 32035 33873 
15415 24213 32205 33997 
17989 25281 32492 33986 
