32059 31937 31986 33313 
32059 31937 31986 33313 
31988 31830 31962 33528 
32010 31840 32015 33690 
32146 31970 32158 33727 
32343 32196 32357 33650 
32618 32499 32626 33448 
32887 32825 32893 33132 
33124 33139 33166 32723 
33341 33451 33420 32319 
33504 33696 33641 31955 
33500 33740 33687 31585 
33447 33722 33669 31435 
33280 33549 33511 31399 
33042 33278 33248 31557 
32745 32928 32877 31831 
32482 32575 32524 32263 
32286 32284 32202 32802 
32069 31957 31873 33243 
31975 31792 31712 33653 
31968 31708 31669 33895 
32082 31794 31800 33993 
32241 31928 31985 33860 
32417 32123 32226 33577 
32619 32371 32514 33237 
32809 32638 32780 32857 
32945 32848 32985 32473 
33019 33021 33139 32154 
33080 33185 33264 31986 
33073 33283 33322 31923 
33091 33379 33394 32010 
33061 33410 33382 32144 
33014 33390 33336 32297 
32994 33355 33284 32449 
32936 33256 33170 32564 
32835 33073 32979 32567 
32770 32886 32789 32580 
32690 32660 32583 32567 
32612 32447 32380 32598 
32513 32209 32156 32626 
32387 31981 31963 32708 
32327 31856 31885 32894 
32260 31777 31856 33083 
32270 31836 31947 33308 
32333 32016 32136 33518 
32444 32261 32391 33620 
32611 32599 32699 33623 
32779 32928 32991 33481 
32879 33169 33182 33142 
33028 33442 33389 32769 
33153 33626 33533 32370 
33196 33679 33550 31950 
33216 33659 33515 31646 
33101 33452 33328 31396 
32972 33181 33098 31338 
32816 32879 32848 31495 
32631 32523 32568 31793 
32489 32228 32330 32262 
32352 31966 32116 32799 
32251 31787 31968 33323 
32219 31724 31906 33770 
32231 31791 31936 34089 
32374 32019 32141 34241 
32537 32302 32392 34150 
32697 32617 32676 33844 
32879 32942 32961 33364 
32986 33211 33181 32787 
33094 33449 33364 32189 
33150 33601 33442 31668 
33113 33601 33394 31318 
33034 33488 33255 31170 
32889 33275 33037 31224 
32730 32987 32778 31498 
32601 32702 32543 31965 
32531 32466 32401 32545 
32456 32230 32264 33085 
32436 32065 32226 33558 
32468 32011 32252 33924 
32554 32060 32373 34086 
32653 32183 32527 34054 
32742 32355 32679 33835 
32804 32537 32790 33436 
32871 32763 32903 32980 
32882 32930 32952 32493 
32872 33074 32972 32047 
32854 33179 32969 31744 
32768 33193 32877 31556 
32661 33120 32775 31544 
32562 32994 32657 31731 
32465 32815 32534 32006 
32434 32674 32471 32450 
32404 32477 32417 32867 
32427 32360 32425 33258 
32498 32315 32494 33555 
32671 32380 32667 33768 
32825 32485 32841 33774 
32986 32635 33019 33602 
33150 32837 33193 33302 
33241 32996 33302 32907 
33284 33138 33323 32474 
33243 33215 33277 32083 
33102 33181 33112 31764 
32919 33078 32874 31614 
32671 32895 32585 31611 
32435 32668 32285 31806 
32236 32429 32032 32117 
32129 32269 31875 32545 
32102 32164 31844 32972 
32122 32092 31901 33324 
32281 32177 32148 33636 
32466 32320 32443 33782 
32697 32523 32814 33782 
32890 32749 33125 33612 
33006 32937 33351 33326 
33076 33081 33479 32968 
33035 33130 33432 32572 
32986 33152 33336 32255 
32874 33096 33136 32001 
32743 32965 32880 31841 
32632 32811 32640 31790 
32630 32723 32522 31926 
32648 32624 32457 32108 
32729 32585 32488 32349 
32821 32596 32585 32625 
32929 32650 32704 32856 
33001 32707 32803 33043 
33022 32767 32867 33145 
32966 32786 32838 33160 
32852 32790 32757 33146 
32707 32749 32629 33082 
32535 32689 32482 33008 
32340 32565 32309 32893 
32194 32443 32193 32810 
32121 32347 32170 32752 
32135 32314 32230 32725 
32254 32359 32407 32713 
32449 32478 32657 32718 
32683 32653 32939 32723 
32940 32865 33217 32696 
33133 33041 33415 32612 
33351 33271 33582 32583 
33464 33412 33626 32524 
33471 33454 33525 32448 
33345 33370 33292 32361 
33171 33212 32995 32327 
32935 32966 32653 32315 
32703 32722 32367 32383 
32479 32446 32113 32493 
32265 32178 31934 32602 
32142 31984 31876 32761 
32057 31868 31885 32922 
32067 31866 32000 33105 
32129 31967 32178 33256 
32271 32172 32403 33387 
32448 32418 32653 33448 
32644 32716 32909 33431 
32795 32984 33098 33307 
32945 33203 33257 33097 
33060 33389 33349 32830 
33178 33513 33428 32532 
33257 33559 33465 32232 
33274 33496 33421 31934 
33253 33358 33326 31709 
33190 33167 33183 31628 
33059 32921 32975 31644 
32905 32651 32731 31792 
32740 32437 32506 32087 
32567 32240 32266 32458 
32397 32089 32071 32851 
32262 32017 31934 33246 
32179 32010 31883 33574 
32204 32125 31974 33849 
32223 32206 32078 33878 
32332 32387 32275 33842 
32476 32569 32509 33644 
32578 32696 32690 33318 
32685 32827 32879 32969 
32782 32916 33027 32620 
32849 32995 33136 32314 
32896 33050 33229 32092 
32936 33110 33313 31958 
32972 33162 33351 31930 
32989 33187 33370 31945 
32999 33175 33340 32002 
33049 33170 33291 32115 
33067 33105 33179 32223 
33048 32994 32989 32330 
32998 32840 32753 32444 
32932 32674 32508 32593 
32803 32480 32234 32744 
32627 32271 31981 32912 
32470 32136 31809 33149 
32286 31997 31699 33339 
32170 31971 31741 33548 
32105 32024 31896 33687 
32159 32188 32197 33766 
32235 32382 32532 33703 
32399 32641 32906 33483 
32597 32920 33243 33167 
32782 33121 33499 32713 
32981 33329 33676 32272 
33260 33512 33657 31507 
33310 33462 33471 31310 
33287 33322 33203 31289 
33190 33106 32900 31435 
33042 32858 32591 31745 
32903 32639 32356 32203 
32703 32385 32146 32680 
32504 32170 31992 33183 
32326 31992 31903 33619 
32171 31887 31894 33945 
32103 31911 31990 34149 
32084 32002 32129 34150 
32143 32181 32335 34009 
32288 32423 32583 33711 
32495 32719 32872 33338 
32725 32981 33132 32847 
32956 33226 33360 32333 
33199 33460 33567 31914 
33375 33579 33680 31543 
33469 33604 33666 31324 
33447 33528 33535 31241 
33346 33367 33314 31312 
33151 33135 33009 31557 
32879 32836 32619 31923 
32648 32574 32308 32420 
32432 32341 32052 32956 
32235 32106 31840 33417 
32104 31958 31750 33818 
32094 31916 31833 34103 
32135 31950 31991 34188 
32222 32034 32203 34074 
32357 32196 32462 33822 
32507 32387 32728 33408 
32634 32588 32943 32935 
32768 32796 33116 32480 
32866 32976 33210 32068 
32948 33126 33259 31763 
33045 33281 33284 31640 
33119 33373 33258 31683 
33161 33388 33197 31890 
33200 33385 33154 32276 
33183 33316 33083 32788 
33120 33186 32989 33283 
33010 33003 32873 33604 
32868 32803 32743 33568 
32717 32600 32611 33046 
32557 32403 32474 32014 
32412 32215 32319 30581 
32264 32050 32156 29062 
32149 31941 32016 27947 
32130 31947 31986 27813 
32133 31994 31989 28952 
32188 32136 32102 31613 
32303 32382 32314 35697 
32397 32647 32569 40389 
32540 32960 32887 44916 
32623 33161 33112 48080 
32819 33394 33369 49005 
33106 33540 33559 46794 
33476 33582 33648 41199 
33929 33473 33583 32573 
34456 33316 33462 22131 
34874 33022 33176 11317 
35099 32702 32857 2719 
34935 32370 32516 141 
34234 32095 32198 64 
32902 31883 31942 6568 
31061 31819 31828 19188 
28868 31843 31834 35686 
26677 31975 31960 53653 
24962 32204 32211 65144 
24265 32500 32532 65459 
25040 32818 32872 65509 
27415 33099 33135 65535 
31392 33402 33362 65535 
36622 33664 33456 50160 
42164 33859 33425 30571 
47293 34038 33323 9667 
50900 34069 33066 295 
52153 34007 32809 70 
50226 33717 32526 29 
45103 33264 32331 12 
36984 32493 32169 11247 
26724 31551 32176 29112 
16124 30458 32221 49662 
6746 29384 32366 64939 
644 28582 32555 65455 
83 28270 32781 65531 
58 28586 32929 65535 
10040 29708 33035 65535 
22862 31654 33126 50126 
38405 34263 33099 27816 
53914 37126 33039 4446 
65032 39898 32923 188 
65442 41981 32727 56 
65495 42976 32546 19 
65516 42428 32378 5 
65524 40247 32276 10687 
65421 36460 32229 27824 
46198 31357 32258 48012 
27020 25829 32413 64697 
8584 20573 32593 65445 
253 16554 32831 65516 
52 14527 33050 65535 
32 15263 33283 65535 
93 18760 33426 52464 
13766 24798 33439 32896 
28455 32842 33410 11575 
43520 41395 33249 354 
56701 49425 32993 76 
64980 55662 32711 47 
65482 58966 32400 37 
65517 58476 32152 8758 
55418 53989 31936 22269 
40630 45976 31824 37746 
23922 35417 31847 52413 
7555 23611 32032 63686 
243 12729 32278 65445 
67 4343 32593 65503 
44 281 32874 65472 
131 78 33114 52014 
13341 5252 33282 37385 
27141 14631 33398 22456 
42018 26810 33376 9720 
55632 40089 33255 1279 
65077 52956 33095 98 
65456 62649 32939 77 
65490 65392 32789 8144 
65498 65472 32686 18388 
59755 65494 32670 30030 
46463 57315 32697 40715 
31520 44906 32726 49050 
17192 30951 32756 54056 
5383 17099 32757 55293 
213 6006 32707 53013 
80 272 32577 48105 
74 81 32379 41653 
6504 72 32117 34940 
16055 8843 31931 28998 
26538 19468 31811 25040 
36855 31474 31804 23174 
45804 43225 31959 23313 
52406 52979 32265 24996 
56165 59566 32764 27608 
56719 61868 33326 30260 
54542 59923 33933 32378 
50104 54183 34447 33552 
43962 45446 34739 33647 
37267 35458 34790 32841 
30724 25590 34536 31528 
24996 17300 33985 30211 
20553 11663 33167 29354 
17748 9454 32111 29342 
16836 10834 31041 30334 
17601 15215 30109 32180 
19830 21728 29446 34609 
23235 29358 29192 37191 
27466 36901 29506 39426 
31879 43106 30304 40785 
36067 47339 31529 40943 
39672 49238 33080 39873 
42313 48619 34667 37557 
43730 45950 36124 34501 
43777 41703 37155 31070 
42499 36669 37610 27811 
40086 31533 37356 25193 
36888 27145 36367 23697 
33464 24109 34805 23527 
30232 22570 32812 24599 
27728 22616 30729 26722 
26241 24070 28844 29625 
26005 26471 27503 32744 
26907 29392 26890 35621 
28707 32347 27127 37899 
31089 34988 28296 39359 
33356 36841 30112 39762 
35039 37763 32350 39224 
35841 37815 34665 37915 
35514 37044 36668 36061 
34116 35625 38092 33893 
32122 34033 38678 31995 
29881 32434 38310 30431 
28033 31172 37132 29450 
27040 30404 35239 29048 
27334 30239 33020 29181 
29010 30675 30815 29739 
31895 31643 28973 30537 
35572 32962 27753 31422 
39341 34244 27321 32160 
42445 35335 27795 32711 
44245 36006 29009 33036 
44195 35966 30684 33083 
42082 35227 32678 33004 
38097 33853 34538 32891 
32872 32027 35984 32824 
27161 30056 36892 32914 
21880 28196 37109 33134 
17907 26776 36630 33465 
16206 26228 35619 33917 
17047 26611 34228 34295 
20347 27964 32650 34508 
25944 30363 31178 34554 
32504 33292 30062 34316 
39226 36459 29409 33816 
45066 39322 29283 33063 
49165 41529 29676 32194 
50730 42588 30498 31355 
49617 42292 31602 30660 
45947 40544 32775 30158 
40182 37470 33868 29989 
33519 33583 34727 30183 
26794 29281 35175 30644 
21172 25269 35284 31393 
17416 22099 34969 32277 
16094 20302 34335 33217 
17350 20263 33471 34021 
20812 22029 32552 34617 
25854 25391 31739 35011 
31628 29973 31093 35113 
37233 35032 30756 34956 
41685 39772 30739 34560 
44543 43623 31064 34005 
45445 45952 31593 33326 
44406 46431 32308 32628 
41799 44989 33042 31983 
38059 41766 33669 31406 
33910 37271 34117 30994 
29974 32064 34356 30765 
26948 27100 34326 30756 
25136 23008 34047 30923 
24665 20330 33534 31244 
25518 19502 32937 31753 
27355 20581 32321 32333 
29721 23319 31752 32899 
32160 27272 31350 33452 
34266 31795 31142 33894 
35780 36237 31224 34216 
36466 39918 31473 34318 
36375 42458 31949 34285 
35617 43521 32549 34085 
34474 43023 33174 33739 
33174 41137 33726 33276 
32019 38204 34114 32745 
31319 34690 34371 32276 
31129 31230 34334 31841 
31409 28319 34003 31520 
32061 26265 33462 31353 
32880 25252 32758 31363 
33741 25412 32039 31592 
34351 26480 31375 31921 
34600 28212 30910 32324 
34412 30299 30707 32779 
33810 32423 30808 33187 
32885 34289 31266 33529 
31822 35565 31946 33700 
30859 36353 32837 33747 
30138 36531 33717 33596 
29804 36192 34528 33282 
29978 35515 35069 32880 
30614 34729 35232 32459 
31612 33935 35002 32106 
32846 33237 34409 31840 
34072 32687 33468 31718 
35123 32361 32434 31835 
35851 32164 31419 32094 
36055 31989 30550 32439 
35767 31821 29983 32850 
35040 31636 29839 33264 
33980 31433 30131 33578 
32779 31228 30827 33743 
31583 31039 31804 33706 
30574 30980 32949 33507 
29878 31035 33955 33108 
29656 31317 34742 32674 
29900 31841 35233 32272 
30479 32463 35317 31924 
31349 33198 35020 31721 
32260 33862 34344 31634 
33202 34496 33539 31813 
33965 34898 32666 32076 
34462 35073 31872 32432 
34654 34951 31284 32793 
34555 34563 30994 33112 
34245 33974 30991 33332 
33833 33278 31270 33437 
33352 32558 31718 33380 
33008 31961 32290 33285 
32766 31489 32796 33079 
32595 31183 33167 32838 
32541 31079 33381 32621 
32540 31133 33420 32453 
32512 31303 33308 32380 
32391 31505 33064 32343 
32144 31713 32760 32376 
31804 31929 32495 32455 
31470 32157 32392 32606 
31168 32388 32408 32715 
31000 32673 32578 32798 
31054 33043 32859 32813 
31370 33479 33185 32757 
31975 34015 33500 32698 
32830 34540 33724 32617 
33780 34957 33731 32536 
34720 35207 33528 32511 
35430 35132 33097 32512 
35827 34720 32521 32595 
35817 33950 31891 32769 
35257 32794 31273 32922 
34322 31563 30898 33122 
33108 30367 30802 33278 
31775 29344 31014 33333 
30513 28728 31543 33300 
29580 28655 32313 33153 
29067 29135 33168 32887 
29058 30136 33978 32502 
29604 31605 34673 32140 
30616 33371 35086 31826 
31860 35079 35154 31620 
33189 36525 34839 31579 
34418 37446 34215 31699 
35356 37751 33306 32005 
35870 37289 32343 32436 
35894 36178 31459 32940 
35453 34501 30731 33423 
34740 32609 30342 33872 
33743 30649 30251 34121 
32762 29032 30538 34171 
31856 27946 31051 33967 
31220 27571 31808 33611 
30852 27931 32607 33090 
30812 28993 33389 32529 
31036 30587 34054 31966 
31448 32468 34532 31542 
31916 34334 34751 31254 
32372 35922 34765 31235 
32655 36924 34492 31354 
32831 37285 34058 31672 
32869 36925 33464 32141 
32799 35924 32836 32667 
32705 34437 32200 33188 
32653 32740 31648 33648 
32705 31080 31222 33986 
32888 29783 30986 34119 
33215 29030 30969 34112 
33585 28889 31124 33875 
33989 29444 31485 33516 
34264 30526 31973 33057 
34384 31959 32542 32569 
34264 33494 33137 32104 
33793 34832 33626 31634 
33180 35843 34072 31397 
32401 36253 34352 31296 
31583 36062 34437 31387 
30848 35290 34342 31660 
30325 34035 34015 32049 
30114 32561 33548 32488 
30293 31142 32992 32995 
30760 29914 32347 33400 
31606 29184 31779 33761 
32577 29007 31278 33939 
33539 29466 30984 33953 
34357 30416 30848 33761 
34901 31710 30943 33452 
35155 33212 31279 33088 
35049 34642 31779 32675 
34690 35785 32439 32371 
34067 36457 33132 32128 
33318 36565 33797 31986 
32604 36122 34371 31983 
31980 35166 34736 32102 
31499 33846 34811 32234 
31251 32382 34644 32411 
31246 31004 34227 32605 
31345 29826 33555 32681 
31552 29047 32748 32695 
31822 28817 31946 32655 
32076 29129 31244 32590 
32322 29929 30772 32531 
32525 31064 30583 32499 
32717 32461 30687 32551 
32948 33901 31138 32733 
33157 35085 31789 32900 
33478 36015 32598 33175 
33798 36494 33414 33441 
34087 36460 34108 33623 
34316 35968 34554 33702 
34396 35073 34690 33639 
34260 33904 34517 33442 
33925 32568 34053 33081 
33321 31229 33352 32634 
32561 30157 32610 32156 
31746 29415 31946 31747 
30925 29078 31432 31421 
30228 29186 31152 31268 
29809 29730 31179 31304 
29780 30611 31486 31552 
30145 31707 31965 31963 
30885 32914 32512 32456 
31992 34096 33058 33019 
33223 35031 33465 33524 
34483 35749 33725 33947 
35575 36119 33785 34207 
36363 36088 33660 34286 
36625 35662 33365 34119 
36405 34973 33041 33833 
35619 33975 32671 33334 
34418 32842 32400 32804 
32914 31677 32229 32237 
31366 30658 32210 31751 
29967 29841 32293 31373 
28920 29341 32459 31175 
28423 29255 32648 31181 
28520 29567 32800 31376 
29195 30228 32865 31705 
30450 31249 32898 32210 
32019 32504 32833 32751 
33659 33762 32701 33261 
35143 34927 32550 33679 
36344 35909 32484 34033 
36947 36436 32406 34113 
36945 36528 32450 34051 
36319 36104 32548 33812 
35191 35242 32714 33458 
33621 33933 32828 32975 
31987 32465 32961 32531 
30484 30998 33046 32152 
29348 29750 33087 31899 
28718 28833 33053 31752 
28693 28460 32953 31738 
29284 28699 32850 31878 
30396 29539 32776 32131 
31778 30819 32701 32375 
33326 32440 32670 32655 
34755 34106 32681 32883 
35771 35507 32673 32987 
36352 36577 32681 33042 
36406 37114 32695 33038 
35928 37033 32679 32950 
35019 36341 32632 32853 
33816 35119 32563 32764 
32528 33613 32529 32743 
31287 31955 32456 32750 
30275 30335 32446 32808 
29667 29118 32480 32905 
29454 28379 32538 33001 
29711 28270 32686 33109 
30348 28794 32853 33159 
31235 29838 33009 33103 
32284 31253 33125 32976 
33346 32894 33206 32779 
34317 34505 33207 32518 
35071 35862 33143 32282 
35506 36773 33005 32066 
35594 37128 32785 31903 
35343 36905 32569 31836 
34785 36129 32378 31889 
33992 34876 32265 32062 
33042 33341 32234 32313 
32004 31648 32247 32573 
31105 30187 32391 32938 
30349 28990 32545 33239 
29852 28298 32703 33492 
29733 28213 32879 33709 
29934 28700 32941 33762 
30506 29753 32962 33715 
31385 31207 32923 33576 
32504 32933 32871 33356 
33664 34632 32779 33028 
34742 36074 32708 32656 
35574 37092 32684 32278 
36070 37560 32699 31927 
36078 37330 32722 31602 
35615 36441 32803 31441 
34781 35061 32917 31453 
33615 33327 32974 31560 
32339 31512 33010 31849 
31130 29856 33019 32203 
30096 28528 32935 32658 
29502 27839 32831 33125 
29376 27813 32682 33537 
29724 28452 32508 33847 
30517 29728 32362 34019 
31551 31363 32225 33991 
32722 33194 32126 33810 
33794 34904 32080 33470 
34650 36322 32098 33072 
35141 37190 32175 32638 
35243 37422 32355 32286 
34934 36972 32571 31997 
34279 35902 32797 31808 
33462 34406 33088 31788 
32607 32661 33370 31881 
31975 31110 33668 32123 
31518 29777 33818 32331 
31396 28942 33897 32565 
31541 28654 33789 32729 
31888 28969 33562 32824 
32346 29834 33245 32857 
32810 31053 32822 32871 
33121 32480 32323 32815 
33268 33893 31879 32805 
33178 34992 31487 32792 
32868 35694 31228 32801 
32485 35957 31181 32898 
32112 35711 31339 33065 
31846 35040 31666 33204 
31750 34041 32097 33296 
31934 32934 32661 33363 
32325 31849 33208 33318 
32891 30953 33683 33140 
33488 30331 33986 32827 
34054 30128 34154 32487 
34458 30342 34139 32123 
34562 30917 33942 31789 
34329 31738 33606 31568 
33780 32652 33161 31471 
33043 33568 32742 31589 
32125 34304 32294 31852 
31266 34755 31943 32230 
30545 34832 31665 32667 
30119 34582 31527 33138 
30068 34012 31530 33607 
30427 33266 31656 33973 
31147 32448 31901 34166 
32211 31746 32252 34216 
33353 31182 32635 34040 
34453 30931 33036 33700 
35305 30962 33354 33195 
35827 31295 33631 32611 
35947 31916 33829 32043 
35529 32612 33830 31480 
34726 33290 33702 31136 
33619 33877 33462 30988 
32360 34238 33136 31057 
31106 34297 32723 31330 
30139 34138 32361 31865 
29534 33726 32077 32476 
29379 33136 31866 33084 
29659 32452 31739 33609 
30420 31841 31798 34066 
31466 31391 31975 34297 
32655 31163 32215 34302 
33822 31201 32492 34080 
34813 31521 32798 33691 
35533 32064 33080 33206 
35835 32692 33274 32670 
35742 33378 33418 32187 
35221 33932 33416 31749 
34386 34296 33332 31483 
33284 34329 33118 31350 
32160 34111 32880 31447 
31095 33612 32617 31695 
30240 32961 32380 32073 
29689 32192 32201 32502 
29580 31510 32144 32976 
29851 30985 32173 33367 
30501 30756 32313 33675 
31470 30828 32524 33809 
32629 31260 32788 33782 
33796 31957 33032 33576 
34841 32791 33221 33262 
35637 33696 33335 32858 
36028 34454 33324 32431 
36031 35015 33266 32098 
35517 35164 33014 31785 
34626 34950 32725 31648 
33499 34385 32438 31732 
