32999 33273 33201 32472 
32999 33273 33201 32472 
33213 33482 33408 32091 
33414 33644 33598 31792 
33538 33672 33686 31565 
33555 33611 33672 31456 
33484 33450 33546 31473 
33320 33211 33316 31612 
33097 32930 33012 31862 
32815 32613 32651 32191 
32586 32393 32354 32658 
32322 32135 32026 33069 
32102 31941 31785 33462 
31983 31865 31684 33782 
31915 31844 31700 33943 
31960 31950 31843 33991 
32059 32097 32064 33886 
32216 32289 32323 33621 
32406 32503 32597 33296 
32602 32715 32853 32906 
32797 32914 33061 32523 
32991 33102 33254 32176 
33122 33225 33344 31891 
33260 33342 33428 31750 
33334 33401 33441 31719 
33331 33387 33400 31785 
33311 33350 33337 31959 
33252 33278 33255 32174 
33120 33133 33127 32391 
33007 32991 33011 32646 
32823 32767 32802 32822 
32643 32556 32590 32969 
32503 32390 32393 33124 
32342 32211 32154 33186 
32208 32063 31941 33208 
32118 31988 31801 33203 
32052 31935 31702 33137 
32115 32030 31792 33117 
32401 32410 32286 33009 
32601 32648 32655 32898 
32785 32898 33019 32784 
32903 33042 33291 32580 
33036 33236 33543 32482 
33073 33290 33624 32340 
33096 33305 33623 32280 
33060 33234 33472 32261 
32974 33082 33219 32272 
32882 32926 32942 32341 
32818 32779 32691 32463 
32798 32677 32506 32603 
32786 32579 32377 32703 
32814 32568 32371 32807 
32817 32555 32404 32822 
32832 32602 32518 32827 
32842 32663 32658 32813 
32801 32701 32762 32770 
32704 32698 32781 32729 
32602 32683 32758 32725 
32484 32623 32661 32777 
32357 32543 32522 32842 
32278 32475 32375 32960 
32221 32385 32240 33045 
32226 32370 32194 33112 
32326 32402 32244 33149 
32476 32510 32403 33099 
32712 32695 32682 33004 
32937 32903 32961 32834 
33128 33073 33232 32572 
33314 33269 33484 32338 
33416 33400 33633 32142 
33409 33430 33645 31968 
33335 33377 33554 31933 
33182 33241 33332 31982 
32933 32982 32999 32099 
32694 32699 32658 32324 
32480 32427 32330 32631 
32292 32184 32053 32954 
32098 31914 31788 33169 
32001 31803 31669 33376 
31962 31746 31646 33473 
32014 31847 31775 33521 
32128 32019 31995 33449 
32302 32281 32277 33308 
32554 32635 32662 33128 
32801 32978 33031 32892 
33063 33316 33390 32633 
33310 33608 33693 32393 
33513 33819 33908 32206 
33601 33846 33950 32043 
33575 33735 33840 31953 
33431 33504 33573 31924 
33172 33150 33195 31949 
32887 32785 32787 32096 
32556 32387 32346 32267 
32305 32071 32000 32535 
32092 31836 31742 32796 
31948 31673 31604 33016 
31908 31676 31613 33222 
32022 31862 31808 33430 
32219 32118 32093 33559 
32473 32456 32448 33604 
32700 32771 32785 33518 
32918 33059 33071 33332 
33099 33305 33293 33062 
33242 33477 33461 32784 
33257 33496 33465 32428 
33218 33418 33401 32121 
33104 33246 33235 31859 
32929 32994 33005 31705 
32712 32703 32721 31688 
32558 32455 32508 31873 
32413 32257 32333 32137 
32334 32155 32261 32499 
32281 32095 32230 32861 
32317 32146 32310 33219 
32427 32302 32484 33533 
32597 32527 32690 33718 
32784 32762 32895 33745 
32892 32928 33021 33535 
32995 33086 33088 33228 
33066 33214 33117 32858 
33074 33243 33035 32456 
33017 33175 32891 32090 
32901 33036 32685 31804 
32786 32885 32530 31709 
32651 32687 32382 31783 
32557 32522 32326 32026 
32487 32407 32334 32364 
32477 32360 32437 32764 
32479 32321 32552 33115 
32531 32372 32715 33426 
32606 32467 32870 33601 
32663 32552 32976 33581 
32758 32690 33066 33441 
32825 32824 33095 33160 
32863 32918 33065 32794 
32880 32979 32988 32415 
32881 33026 32881 32103 
32860 33022 32764 31913 
32815 32972 32635 31891 
32741 32875 32509 32010 
32642 32714 32379 32253 
32586 32590 32333 32636 
32510 32451 32294 32995 
32446 32342 32287 33302 
32476 32340 32405 33549 
32510 32363 32529 33611 
32595 32459 32692 33497 
32711 32630 32894 33255 
32814 32797 33075 32872 
32961 32986 33262 32462 
33049 33144 33371 32068 
33138 33247 33426 31768 
33159 33279 33385 31618 
33098 33186 33210 31633 
32983 33026 32991 31828 
32848 32836 32718 32177 
32652 32603 32407 32598 
32506 32394 32164 33080 
32324 32192 31922 33475 
32235 32117 31829 33762 
32227 32135 31869 33916 
32268 32241 32024 33849 
32367 32389 32263 33596 
32526 32613 32578 33251 
32641 32773 32841 32798 
32765 32904 33064 32348 
32869 33001 33227 31991 
32917 33006 33281 31764 
32966 33002 33291 31744 
32965 32932 33223 31880 
32928 32831 33103 32128 
32931 32785 33029 32487 
32897 32730 32923 32806 
32870 32716 32868 33056 
32856 32755 32836 33226 
32868 32838 32851 33262 
32828 32893 32803 33115 
32775 32911 32727 32872 
32714 32912 32627 32637 
32633 32830 32476 32374 
32537 32695 32295 32207 
32460 32555 32137 32203 
32378 32378 32003 32304 
32361 32249 31947 32542 
32377 32182 32006 32867 
32438 32188 32161 33189 
32566 32306 32456 33488 
32725 32502 32823 33667 
32888 32741 33209 33667 
32991 32977 33522 33469 
33068 33170 33738 33124 
33122 33338 33851 32703 
33148 33444 33820 32259 
33088 33421 33604 31830 
32968 33273 33268 31517 
32803 33050 32846 31370 
32676 32826 32446 31487 
32562 32572 32082 31740 
32463 32323 31803 32138 
32413 32144 31658 32648 
32356 32010 31627 33141 
32355 31963 31744 33588 
32381 32019 31965 33925 
32465 32166 32272 34100 
32547 32358 32605 34069 
32673 32615 32976 33880 
32764 32844 33255 33489 
32877 33074 33501 33040 
32982 33279 33647 32535 
33088 33440 33713 32093 
33112 33486 33626 31682 
33114 33444 33458 31440 
33049 33314 33213 31368 
32942 33116 32917 31472 
32768 32837 32585 31698 
32650 32593 32335 32094 
32533 32374 32137 32547 
32436 32168 31990 32981 
32362 32022 31923 33331 
32377 32005 31969 33635 
32425 32070 32081 33801 
32550 32244 32276 33841 
32657 32447 32485 33695 
32777 32699 32696 33482 
32874 32921 32898 33180 
32914 33098 33055 32822 
32940 33237 33183 32478 
32940 33322 33274 32181 
32871 33285 33277 31922 
32811 33182 33248 31803 
32693 32988 33125 31777 
32597 32756 32974 31872 
32500 32516 32791 32098 
32458 32334 32634 32419 
32458 32183 32477 32765 
32471 32123 32367 33079 
32516 32132 32299 33313 
32658 32298 32333 33495 
32807 32522 32441 33580 
32935 32767 32564 33557 
33036 32996 32695 33518 
33085 33170 32801 33440 
33102 33309 32908 33371 
33087 33362 32982 33180 
32980 33303 32966 32716 
32881 33187 32945 31953 
32721 32956 32831 30782 
32581 32698 32731 29449 
32472 32463 32647 28221 
32392 32259 32564 27475 
32319 32111 32510 27724 
32314 32073 32508 29263 
32318 32123 32541 32199 
32357 32295 32637 36336 
32384 32502 32720 41097 
32454 32762 32841 45484 
32531 32963 32929 48463 
32654 33130 32980 49021 
32859 33187 32967 46362 
33204 33173 32914 40292 
33632 33039 32785 31460 
34154 32879 32644 20979 
34609 32663 32476 10650 
34902 32507 32371 2505 
34823 32372 32281 131 
34219 32331 32311 62 
33035 32400 32435 7987 
31290 32489 32608 21008 
29196 32622 32825 37671 
27131 32790 33084 55481 
25460 32912 33288 65214 
24811 33005 33428 65466 
25537 33044 33454 65510 
27853 33047 33365 65535 
31628 33034 33157 64941 
36650 33032 32848 47801 
42083 33068 32493 27784 
46964 33197 32206 7196 
50376 33334 31959 234 
51389 33410 31809 67 
49410 33406 31818 29 
44132 33194 31968 13 
35762 32685 32212 13512 
25779 31903 32509 31547 
15470 30930 32835 52192 
6446 29864 33050 65105 
725 28988 33245 65470 
81 28511 33333 65532 
644 28725 33361 65535 
11828 29742 33304 65535 
24779 31596 33210 48161 
39943 34121 33063 25908 
55803 37118 32917 2196 
65204 39985 32783 152 
65455 42162 32702 53 
65497 43177 32617 19 
65516 42659 32569 6 
65524 40428 32524 11994 
64001 36473 32502 29818 
44157 31299 32471 49643 
24875 25543 32422 64884 
6602 20111 32392 65456 
196 15964 32398 65523 
49 13920 32413 65535 
32 14682 32445 65535 
755 18390 32509 51160 
14897 24662 32578 31460 
29541 32839 32722 10908 
44930 41889 32890 322 
57979 50313 33030 74 
65197 56666 33204 48 
65489 59866 33284 41 
65513 59228 33322 9189 
54309 54435 33246 23016 
39367 46135 33166 38467 
22501 35286 33011 52794 
6532 23330 32794 63436 
213 12222 32597 65438 
61 3551 32455 65502 
43 171 32309 65099 
792 75 32241 51150 
14114 4567 32143 36881 
28132 14223 32214 22377 
43253 26896 32259 9893 
56724 40401 32328 1908 
65134 52946 32406 116 
65461 62755 32507 109 
65493 65401 32644 9018 
65499 65475 32823 19386 
57819 65491 33044 30639 
44686 57264 33277 41050 
29790 44747 33458 49113 
15780 30786 33640 53905 
4483 16999 33703 54950 
181 6084 33647 52573 
76 294 33417 47552 
74 82 33067 41103 
7808 80 32598 34319 
17510 9414 32096 28567 
28058 20097 31600 24659 
38281 32115 31266 22881 
46950 43697 31148 23155 
53139 53232 31245 24955 
56454 59505 31657 27707 
56599 61491 32293 30520 
53993 59188 33060 32761 
49159 53171 33769 34002 
43006 44531 34383 34167 
36145 34415 34738 33423 
29684 24721 34730 32136 
24118 16736 34384 30803 
19942 11527 33696 29866 
17455 9728 32795 29720 
16755 11400 31780 30474 
17805 16059 30912 32094 
20271 22698 30287 34213 
23830 30293 30036 36449 
28103 37623 30252 38364 
32661 43822 30941 39542 
36886 47867 32021 39690 
40411 49445 33276 38699 
42826 48535 34509 36692 
43953 45525 35564 34025 
43609 40819 36160 31000 
41961 35453 36275 28287 
39209 30231 35739 26236 
35843 25924 34703 25218 
32335 22996 33261 25312 
29131 21720 31586 26467 
26911 22215 30104 28489 
25850 24107 28911 30957 
26029 26973 28259 33494 
27356 30327 28284 35713 
29588 33635 29036 37350 
32132 36363 30382 38099 
34445 38174 32144 38018 
36041 38910 34024 37181 
36587 38594 35712 35785 
36023 37459 37073 34217 
34345 35652 37760 32577 
32055 33691 37750 31319 
29582 31823 36984 30470 
27547 30356 35603 30114 
26447 29498 33744 30247 
26670 29348 31686 30704 
28373 29912 29802 31394 
31302 31006 28363 32135 
34996 32409 27478 32727 
38897 33883 27377 33128 
42087 35068 27986 33252 
43985 35843 29267 33180 
44150 36034 31077 33001 
42323 35520 33039 32716 
38727 34430 34959 32473 
33681 32812 36550 32297 
28125 31005 37555 32268 
22983 29303 37936 32404 
19032 27924 37547 32606 
17123 27210 36569 32926 
17623 27325 35033 33222 
20526 28349 33270 33458 
25450 30172 31481 33588 
31621 32619 29955 33630 
38080 35365 28856 33552 
43930 38058 28264 33282 
47965 40110 28371 33011 
49686 41218 29000 32654 
48863 41156 30108 32337 
45484 39740 31462 32039 
40096 37120 32906 31857 
33719 33632 34150 31763 
27247 29732 35092 31789 
21775 26040 35681 31934 
17951 22972 35805 32135 
16694 21326 35529 32403 
17936 21333 34938 32665 
21354 23049 34169 32918 
26321 26268 33311 33103 
32052 30641 32504 33246 
37545 35451 31838 33272 
41931 39947 31385 33227 
44679 43521 31183 33156 
45434 45561 31124 33005 
44208 45770 31259 32818 
41410 44102 31540 32686 
37556 40781 31915 32597 
33314 36269 32275 32563 
29352 31206 32586 32531 
26285 26312 32890 32574 
24552 22440 33076 32599 
24268 20108 33207 32650 
25311 19610 33265 32714 
27391 21015 33234 32722 
30071 24133 33165 32731 
32698 28271 33060 32686 
34947 32889 32942 32626 
36479 37249 32824 32513 
37161 40905 32781 32459 
36934 43150 32781 32416 
35985 43827 32807 32379 
34589 42929 32861 32379 
33046 40653 32906 32437 
31688 37388 32951 32569 
30794 33746 32929 32736 
30444 30240 32819 32904 
30725 27408 32693 33138 
31489 25533 32492 33315 
32578 24868 32263 33435 
33666 25443 32077 33478 
34517 26898 31901 33362 
34994 29002 31870 33165 
34966 31303 31921 32863 
34426 33507 32108 32495 
33467 35212 32394 32137 
32299 36291 32786 31844 
31074 36641 33177 31621 
30070 36400 33597 31596 
29463 35651 33920 31711 
29399 34702 34077 31967 
29927 33752 34091 32357 
30904 32938 33889 32783 
32219 32388 33520 33202 
33652 32141 32995 33565 
34982 32152 32425 33807 
35965 32325 31837 33874 
36452 32515 31344 33755 
36339 32603 30996 33462 
35715 32580 30932 33090 
34646 32347 31096 32651 
33357 32008 31542 32243 
31969 31563 32124 31877 
30733 31181 32824 31674 
29795 30903 33451 31617 
29383 30926 34026 31796 
29438 31198 34357 32084 
29944 31738 34454 32496 
30758 32476 34277 32936 
31778 33274 33856 33337 
32772 34029 33301 33602 
33671 34653 32724 33752 
34337 35013 32175 33695 
34728 35132 31780 33461 
34781 34873 31535 33009 
34595 34406 31535 32531 
34240 33753 31714 32053 
33785 33024 32013 31636 
33381 32367 32403 31461 
33044 31791 32787 31469 
32777 31365 33050 31692 
32607 31143 33194 32116 
32493 31078 33199 32627 
32369 31144 33092 33190 
32177 31268 32869 33679 
31921 31445 32635 34022 
31595 31621 32450 34141 
31239 31835 32350 34027 
30985 32111 32401 33736 
30839 32434 32546 33263 
30957 32889 32823 32708 
31322 33407 33122 32125 
31977 34017 33426 31629 
32853 34623 33644 31326 
33869 35126 33705 31194 
34831 35416 33549 31297 
35603 35408 33215 31614 
35990 34983 32688 32039 
35960 34227 32097 32584 
35407 33103 31513 33111 
34403 31766 31053 33600 
33128 30444 30846 33981 
31752 29297 30941 34144 
30423 28525 31304 34105 
29430 28299 31959 33893 
28897 28698 32780 33503 
28914 29697 33618 33008 
29489 31186 34400 32478 
30560 33042 34974 31998 
31892 34929 35220 31568 
33303 36567 35111 31323 
34603 37722 34674 31303 
35548 38172 33898 31432 
36074 37856 32962 31744 
36074 36754 31946 32186 
35639 35099 31112 32697 
34792 33044 30466 33146 
33713 30918 30107 33514 
32623 29070 30107 33772 
31608 27689 30435 33854 
30881 27060 31048 33788 
30464 27230 31805 33555 
30429 28214 32675 33316 
30663 29760 33473 33022 
31084 31681 34125 32698 
31692 33743 34613 32486 
32273 35566 34863 32300 
32798 36953 34915 32203 
33146 37676 34731 32126 
33376 37682 34346 32110 
33480 36981 33861 32102 
33488 35708 33278 32104 
33422 34047 32647 32092 
33424 32321 32092 32166 
33432 30698 31559 32237 
33442 29471 31108 32348 
33511 28848 30829 32561 
33519 28784 30671 32768 
33462 29333 30697 33062 
33328 30433 30971 33400 
33062 31741 31425 33654 
32712 33156 32064 33844 
32266 34390 32806 33867 
31746 35237 33568 33728 
31300 35616 34268 33455 
31032 35498 34818 33077 
30941 34899 35116 32612 
31093 33980 35142 32152 
31420 32853 34835 31738 
31960 31740 34245 31441 
32607 30881 33442 31323 
33274 30370 32538 31399 
33920 30287 31657 31669 
34370 30611 30894 32032 
34627 31324 30364 32476 
34643 32314 30164 32950 
34367 33291 30279 33352 
33939 34244 30758 33722 
33352 34903 31492 33917 
32749 35239 32438 33976 
32181 35143 33371 33874 
31715 34634 34189 33620 
31427 33814 34791 33308 
31328 32782 35084 32917 
31383 31698 35036 32514 
31588 30744 34627 32107 
31852 30108 33966 31802 
32133 29834 33145 31594 
32406 29975 32293 31518 
32680 30587 31593 31623 
32874 31491 31053 31800 
33069 32654 30855 32102 
33237 33814 30954 32454 
33421 34858 31346 32829 
33579 35603 31924 33157 
33788 36030 32633 33477 
33954 35940 33295 33676 
34040 35409 33810 33749 
34011 34530 34086 33708 
33810 33368 34071 33557 
33426 32083 33775 33319 
32828 30853 33237 33021 
32092 29852 32589 32712 
31358 29250 32024 32497 
30604 29033 31532 32256 
30066 29333 31338 32138 
29833 30052 31452 32088 
29978 31070 31848 32089 
30535 32347 32447 32142 
31517 33738 33190 32237 
32709 34943 33828 32272 
34069 35954 34333 32364 
35339 36571 34573 32455 
36330 36715 34451 32533 
36897 36403 34034 32614 
36898 35607 33340 32712 
36346 34514 32558 32865 
35223 33151 31760 33031 
33715 31741 31138 33230 
31967 30389 30758 33405 
30274 29317 30723 33551 
28891 28642 30989 33638 
27961 28394 31492 33579 
27722 28701 32223 33460 
28151 29495 32959 33178 
29248 30719 33614 32806 
30874 32196 34122 32422 
32772 33768 34393 32056 
34618 35221 34382 31694 
36252 36467 34155 31494 
37371 37223 33748 31403 
37830 37450 33243 31480 
37587 37099 32739 31709 
36656 36195 32279 32063 
35197 34830 31968 32541 
33369 33132 31720 32986 
31465 31324 31622 33407 
29803 29722 31695 33818 
28569 28432 31846 34064 
27912 27661 32046 34156 
27990 27586 32329 34106 
28688 28170 32578 33831 
29981 29361 32855 33472 
31536 30958 33039 32936 
33281 32871 33236 32397 
34865 34720 33396 31904 
36079 36291 33469 31478 
36780 37403 33479 31242 
36893 37918 33409 31190 
36425 37700 33264 31322 
35478 36850 33072 31644 
34246 35470 32856 32096 
32838 33711 32628 32619 
31513 31864 32438 33160 
30458 30173 32283 33602 
29769 28871 32205 33945 
29460 28057 32127 34051 
29631 27905 32166 34005 
30164 28377 32253 33789 
30956 29394 32367 33439 
31936 30864 32531 33036 
32964 32584 32702 32603 
33909 34268 32876 32213 
34565 35600 32932 31841 
35006 36586 32993 31664 
35156 37010 32980 31636 
35007 36858 32926 31772 
34538 36090 32828 32017 
33910 34904 32747 32377 
33113 33443 32663 32747 
32298 31929 32618 33117 
31537 30504 32660 33409 
30941 29407 32769 33578 
30583 28826 32910 33586 
30514 28831 33081 33461 
30730 29346 33229 33215 
31233 30354 33281 32866 
31975 31703 33262 32520 
32822 33199 33129 32228 
33624 34571 32852 31971 
34376 35698 32533 31871 
34897 36440 32191 31917 
35112 36620 31883 32083 
34999 36252 31691 32363 
34530 35350 31636 32656 
33757 34049 31747 32965 
32821 32522 32022 33226 
31891 31072 32431 33432 
31059 29835 32917 33509 
30456 28977 33382 33460 
30161 28644 33774 33279 
30264 28905 34038 33039 
30757 29736 34107 32762 
31537 30962 33952 32495 
32456 32436 33576 32239 
33412 33978 33060 32088 
34189 35258 32436 31996 
34743 36254 31896 32077 
34953 36746 31460 32248 
34798 36636 31200 32462 
34338 35999 31212 32721 
33649 34913 31476 32940 
32867 33533 31928 33080 
32136 32076 32528 33165 
31603 30745 33210 33203 
31244 29622 33772 33042 
31223 29020 34166 32870 
31484 28961 34345 32688 
31912 29416 34252 32508 
32404 30295 33874 32338 
32908 31521 33344 32288 
33255 32844 32709 32307 
33457 34116 32070 32410 
33449 35147 31563 32578 
33272 35860 31251 32770 
32951 36067 31175 32929 
32584 35803 31327 33050 
32302 35173 31730 33160 
32098 34186 32225 33144 
32116 33014 32811 33085 
32307 31871 33322 32950 
32650 30890 33729 32775 
33084 30212 33965 32593 
33557 29921 34031 32417 
33852 29975 33837 32230 
33983 30439 33527 32154 
33826 31147 33073 32114 
33418 32042 32594 32171 
32839 33025 32176 32362 
32091 33836 31826 32573 
31390 34477 31657 32872 
30778 34773 31607 33114 
30480 34831 31763 33356 
30553 34623 32102 33529 
30937 34107 32448 33515 
31694 33483 32848 33392 
32656 32790 33211 33122 
33729 32164 33518 32775 
34711 31661 33679 32393 
35430 31401 33716 32052 
35758 31319 33574 31765 
35664 31465 33327 31650 
35091 31746 32970 31686 
34180 32165 32615 31939 
33056 32606 32307 32290 
31847 32998 32057 32719 
30728 33287 31895 33146 
29886 33465 31870 33535 
29393 33432 31930 33742 
29443 33326 32142 33839 
29948 33127 32430 33761 
30745 32817 32691 33462 
31864 32525 32958 33057 
33064 32341 33196 32634 
34206 32254 33341 32192 
35111 32290 33392 31843 
35700 32443 33341 31621 
35918 32724 33237 31633 
35631 32958 33005 31774 
35010 33186 32773 32078 
34078 33332 32529 32477 
32990 33368 32355 32944 
31814 33200 32191 33338 
30852 32934 32159 33630 
30154 32576 32206 33781 
29789 32192 32336 33714 
29796 31861 32531 33491 
30200 31637 32771 33111 
30899 31580 32974 32642 
31861 31748 33156 32203 
32913 32072 33283 31855 
33909 32521 33305 31607 
34763 33059 33232 31577 
35309 33565 33042 31711 
35574 34020 32834 32057 
35451 34255 32591 32461 
35008 34309 32398 32955 
34236 34077 32210 33394 
33224 33614 32082 33699 
