32813 32610 32565 32778 
32813 32610 32565 32778 
32557 32317 32292 33072 
32304 32031 32045 33285 
32125 31864 31892 33482 
31955 31719 31780 33525 
31917 31748 31794 33541 
32008 31893 31935 33497 
32180 32132 32171 33367 
32409 32424 32455 33165 
32708 32782 32820 32938 
32939 33076 33118 32600 
33220 33424 33462 32351 
33397 33659 33695 32088 
33485 33770 33807 31861 
33464 33770 33797 31741 
33327 33616 33616 31692 
33136 33379 33351 31793 
32921 33092 33008 32001 
32651 32718 32585 32275 
32475 32422 32250 32676 
32307 32101 31930 33008 
32197 31883 31722 33328 
32172 31770 31663 33604 
32222 31781 31758 33747 
32329 31909 31962 33779 
32383 32025 32172 33594 
32511 32256 32453 33386 
32609 32502 32731 33085 
32681 32724 32961 32765 
32724 32917 33112 32440 
32762 33083 33247 32170 
32807 33228 33318 32004 
32875 33335 33371 31956 
32954 33412 33385 31977 
33021 33427 33347 32067 
33112 33422 33305 32219 
33185 33349 33216 32382 
33207 33212 33083 32517 
33198 33049 32914 32648 
33099 32828 32690 32741 
32959 32580 32469 32822 
32744 32313 32220 32890 
32482 32057 31990 32935 
32231 31856 31827 33018 
32017 31725 31739 33079 
31875 31731 31777 33151 
31858 31834 31915 33201 
31967 32048 32174 33239 
32167 32337 32491 33214 
32456 32697 32845 33128 
32766 33048 33180 32984 
33071 33369 33458 32766 
33355 33649 33675 32546 
33528 33808 33760 32309 
33627 33837 33732 32103 
33582 33718 33596 31935 
33432 33479 33362 31832 
33182 33153 33056 31826 
32884 32759 32723 31913 
32586 32362 32423 32131 
32282 31996 32133 32387 
32078 31732 31924 32721 
31913 31568 31757 33044 
31881 31584 31734 33401 
31910 31706 31772 33657 
32085 31994 31947 33864 
32282 32328 32166 33885 
32567 32738 32499 33782 
32808 33083 32816 33480 
33036 33389 33133 33073 
33246 33612 33445 32621 
33385 33731 33688 32156 
33462 33724 33820 31752 
33453 33596 33827 31456 
33339 33344 33657 31311 
33147 33031 33382 31360 
32944 32719 33039 31629 
32750 32446 32667 32064 
32548 32211 32312 32548 
32360 32044 31998 33044 
32224 31980 31786 33514 
32150 31987 31694 33856 
32156 32093 31775 34031 
32215 32266 31936 34019 
32278 32399 32139 33772 
32415 32600 32433 33448 
32510 32703 32654 32981 
32612 32790 32874 32547 
32705 32833 33035 32148 
32785 32868 33150 31867 
32858 32872 33214 31732 
32938 32907 33257 31781 
33051 32985 33320 31986 
33103 33036 33295 32206 
33197 33147 33309 32534 
33251 33225 33284 32798 
33220 33240 33172 32955 
33145 33205 33026 33033 
33016 33121 32834 33029 
32834 32953 32590 32918 
32634 32744 32362 32818 
32416 32483 32131 32680 
32214 32237 31940 32596 
32055 32005 31813 32570 
31984 31874 31811 32647 
31986 31803 31895 32772 
32102 31863 32092 32934 
32285 32013 32355 33093 
32562 32307 32700 33227 
32839 32631 33017 33279 
33090 32954 33282 33173 
33316 33295 33510 33007 
33461 33583 33653 32760 
33510 33773 33679 32456 
33454 33810 33595 32150 
33287 33688 33429 31904 
33034 33430 33151 31736 
32717 33052 32803 31711 
32415 32633 32465 31885 
32188 32242 32163 32198 
31990 31869 31898 32569 
31946 31650 31788 33018 
31943 31555 31739 33421 
32107 31686 31889 33781 
32312 31921 32104 33924 
32611 32307 32450 33940 
32920 32749 32824 33758 
33146 33127 33124 33365 
33306 33456 33364 32877 
33385 33673 33521 32350 
33385 33765 33576 31867 
33274 33671 33492 31486 
33093 33438 33299 31298 
32875 33115 33050 31341 
32623 32717 32756 31560 
32426 32368 32490 32005 
32288 32074 32279 32530 
32204 31883 32133 33079 
32212 31850 32098 33586 
32281 31939 32140 33936 
32429 32178 32285 34107 
32581 32450 32460 34027 
32759 32755 32651 33775 
32910 33037 32820 33356 
33021 33236 32944 32867 
33051 33316 32987 32330 
33105 33374 33052 31923 
33039 33274 33020 31579 
32947 33107 32968 31449 
32822 32896 32916 31513 
32687 32678 32861 31747 
32580 32482 32799 32100 
32456 32297 32705 32521 
32393 32216 32628 32989 
32323 32139 32499 33346 
32356 32190 32437 33671 
32403 32286 32385 33829 
32519 32451 32391 33816 
32652 32630 32441 33644 
32798 32817 32563 33346 
32935 32983 32712 32953 
33046 33123 32891 32528 
33142 33221 33084 32140 
33208 33280 33238 31865 
33180 33239 33315 31679 
33094 33132 33296 31653 
32947 32993 33168 31764 
32763 32814 32957 31995 
32591 32643 32701 32308 
32438 32508 32449 32687 
32279 32369 32202 33000 
32197 32277 32026 33291 
32242 32304 32023 33542 
32297 32324 32069 33630 
32427 32379 32237 33591 
32556 32427 32434 33424 
32697 32510 32685 33204 
32818 32591 32902 32953 
32886 32640 33038 32675 
32936 32710 33146 32451 
32941 32765 33176 32281 
32907 32811 33129 32177 
32864 32864 33045 32153 
32850 32954 32960 32222 
32861 33071 32908 32347 
32886 33170 32873 32464 
32903 33235 32839 32566 
32916 33261 32840 32624 
32879 33186 32804 32615 
32840 33068 32774 32619 
32776 32891 32719 32596 
32683 32657 32624 32605 
32545 32399 32484 32638 
32437 32187 32351 32734 
32314 31988 32207 32842 
32228 31871 32100 32975 
32247 31900 32114 33160 
32303 32006 32189 33283 
32476 32264 32412 33397 
32659 32543 32661 33383 
32863 32861 32937 33272 
32975 33070 33127 32989 
33147 33354 33376 32757 
33241 33517 33506 32448 
33246 33555 33505 32143 
33214 33521 33436 31928 
33084 33349 33245 31767 
32948 33155 33033 31773 
32781 32898 32779 31877 
32598 32613 32496 32077 
32443 32341 32239 32355 
32331 32129 32038 32701 
32254 31986 31904 33060 
32175 31855 31818 33326 
32224 31913 31894 33608 
32260 32002 32026 33722 
32371 32198 32276 33766 
32512 32458 32582 33659 
32688 32769 32933 33447 
32847 33043 33237 33107 
32994 33307 33506 32700 
33177 33542 33736 32327 
33297 33653 33815 31985 
33368 33644 33750 31689 
33328 33501 33548 31531 
33275 33308 33276 31555 
33100 32987 32876 31678 
32922 32654 32484 31958 
32716 32362 32131 32341 
32507 32105 31831 32749 
32315 31946 31654 33176 
32162 31883 31623 33529 
32094 31940 31749 33773 
32094 32107 32007 33898 
32167 32321 32320 33864 
32257 32531 32638 33657 
32383 32729 32936 33369 
32496 32863 33147 32993 
32760 32992 33339 32325 
32887 33010 33327 32172 
33011 33008 33265 32217 
33114 32961 33162 32401 
33221 32983 33088 32705 
33285 33001 32991 32874 
33323 33006 32913 32719 
33308 33050 32853 32135 
33200 33029 32745 31040 
33078 33022 32670 29714 
32874 32933 32551 28404 
32618 32781 32403 27673 
32375 32617 32280 28005 
32130 32411 32149 29699 
31935 32245 32104 32957 
31744 32038 32054 37370 
31694 31983 32143 42232 
31753 31999 32302 46539 
31907 32106 32529 49191 
32238 32298 32776 49159 
32729 32566 33038 45792 
33387 32856 33258 39022 
34149 33118 33419 29478 
34972 33389 33536 18401 
35565 33524 33509 8030 
35855 33597 33432 678 
35591 33541 33241 94 
34603 33328 32952 56 
32857 32999 32603 9933 
30621 32669 32309 24021 
28098 32297 32051 41271 
25727 31937 31852 59181 
24070 31708 31807 65316 
23682 31645 31902 65480 
24902 31746 32108 65519 
27893 32015 32420 65535 
32425 32456 32761 61893 
38064 33009 33060 44850 
43821 33618 33299 24604 
48838 34217 33471 3957 
52012 34628 33510 173 
52387 34771 33411 54 
49521 34569 33247 21 
43329 33966 33006 51 
34347 32948 32744 15709 
23807 31686 32537 34476 
13017 30257 32362 55625 
4277 28917 32260 65225 
211 27952 32223 65489 
68 27610 32252 65535 
1755 28162 32341 65535 
13950 29665 32476 63649 
27824 32013 32592 43206 
43417 34986 32739 20247 
58702 38152 32850 843 
65301 41028 32899 114 
65471 42972 32932 41 
65502 43582 32924 13 
65521 42504 32916 33 
65524 39536 32829 15718 
58186 35062 32775 34194 
40430 29517 32678 54157 
21127 23753 32657 65193 
3489 18594 32625 65485 
125 14995 32632 65533 
42 13892 32692 65535 
30 15597 32792 64907 
5769 20148 32883 45971 
18081 27091 32972 25513 
33275 35737 33043 5047 
48072 44492 33046 183 
60101 52229 33003 64 
65375 57651 32883 44 
65502 59713 32674 65 
65392 57831 32485 12569 
50970 52010 32294 27106 
35447 42926 32181 42806 
18596 31773 32126 56751 
3058 19869 32179 65189 
134 9514 32314 65479 
55 2176 32525 65510 
42 127 32772 64935 
5614 71 32983 49603 
17572 7703 33184 34562 
31995 18248 33360 19740 
46758 31037 33434 7568 
59883 44609 33414 432 
65336 56370 33265 88 
65476 64688 33068 95 
65495 65439 32834 9367 
65500 65481 32578 19994 
55633 65392 32363 31725 
41243 53008 32181 42037 
26064 39836 32094 49837 
12351 25697 32100 54271 
1936 12551 32169 55002 
115 2886 32324 52401 
73 137 32490 47312 
104 72 32643 40851 
9909 6672 32819 34216 
19842 12725 32884 28602 
30550 24156 32941 24731 
40638 36320 32997 22911 
48983 47611 32994 23008 
54503 56168 33031 24605 
56964 61040 33132 27104 
56320 61603 33248 29723 
52909 57863 33365 31917 
47571 50740 33488 33293 
40993 41361 33512 33705 
34138 31165 33441 33338 
27707 21570 33266 32491 
22506 14261 32872 31531 
18889 10063 32369 30935 
17025 9325 31728 30918 
16910 11935 31064 31610 
18570 17579 30538 33076 
21459 24717 30203 34863 
25341 32481 30259 36734 
29693 39651 30709 38233 
34129 45413 31558 39038 
38137 48897 32776 38908 
41255 49816 34136 37788 
43214 48291 35421 35743 
43899 44836 36510 33179 
43148 39892 37086 30333 
41199 34538 37063 27816 
38295 29466 36335 25948 
34929 25374 35032 25053 
31437 22673 33202 25242 
28547 21732 31206 26487 
26582 22386 29314 28533 
25793 24371 27833 31071 
26273 27298 27020 33786 
27745 30509 26998 36081 
29993 33616 27897 37831 
32401 36116 29474 38738 
34640 37838 31725 38769 
36030 38500 34123 37955 
36340 38161 36282 36516 
35558 37072 37972 34744 
33799 35432 38875 32861 
31457 33597 38886 31199 
29150 31922 37971 30011 
27409 30656 36299 29342 
26692 29952 34069 29235 
27375 29929 31621 29648 
29455 30530 29360 30415 
32643 31622 27699 31342 
36399 32996 26826 32281 
40013 34324 26819 33006 
42869 35376 27713 33501 
44237 35960 29330 33713 
43716 35851 31376 33624 
41266 35117 33579 33391 
36954 33703 35550 33013 
31389 31836 37031 32665 
25817 29931 37793 32472 
20938 28187 37762 32425 
17688 27011 37013 32619 
16639 26588 35637 32927 
18135 27110 33928 33320 
21995 28631 32146 33708 
27630 30957 30575 34015 
34207 33817 29390 34087 
40734 36837 28762 33925 
46014 39454 28737 33515 
49363 41349 29294 32946 
50204 42109 30276 32268 
48404 41542 31557 31588 
44144 39569 32888 31027 
38264 36466 34045 30648 
31646 32622 34925 30560 
25306 28566 35455 30772 
20179 24820 35584 31272 
17172 22079 35299 31970 
16661 20797 34676 32728 
18531 21169 33821 33465 
22411 23229 32878 34119 
27647 26787 31961 34575 
33224 31234 31247 34800 
38345 35958 30756 34748 
42244 40232 30562 34421 
44540 43617 30704 33930 
44823 45439 31102 33284 
43352 45448 31796 32673 
40433 43632 32531 32078 
36704 40294 33296 31601 
32770 35888 33914 31246 
29216 30975 34338 31072 
26683 26469 34517 31090 
25359 22906 34399 31239 
25351 20827 34052 31547 
26439 20424 33475 31905 
28327 21781 32771 32309 
30597 24618 32118 32762 
32773 28484 31537 33167 
34546 32734 31177 33547 
35645 36765 31064 33853 
36023 40083 31237 34009 
35683 42146 31649 34050 
34812 42778 32205 33937 
33708 42004 32842 33729 
32561 39928 33437 33397 
31690 37047 33889 33010 
31244 33763 34109 32589 
31318 30666 34114 32232 
31816 28099 33864 31930 
32655 26425 33458 31755 
33556 25806 32917 31661 
34350 26205 32354 31710 
34877 27476 31905 31867 
34967 29341 31576 32061 
34609 31409 31482 32294 
33787 33324 31581 32494 
32694 34838 31881 32672 
31495 35810 32310 32820 
30368 36143 32792 32904 
29585 35899 33263 32986 
29257 35251 33642 33036 
29466 34408 33875 33111 
30209 33527 33898 33183 
31340 32800 33703 33267 
32706 32334 33336 33318 
34127 32208 32906 33395 
35306 32265 32374 33366 
36150 32492 31913 33284 
36434 32685 31558 33091 
36180 32797 31390 32831 
35444 32743 31440 32500 
34317 32527 31703 32152 
32990 32155 32169 31847 
31722 31709 32674 31599 
30658 31338 33194 31486 
29964 31102 33676 31498 
29724 31135 34058 31717 
29930 31414 34220 32043 
30475 31896 34132 32423 
31261 32528 33825 32879 
32137 33212 33294 33315 
32920 33846 32668 33691 
33540 34314 32066 33969 
33889 34533 31524 34062 
34009 34512 31190 34012 
33894 34239 31069 33777 
33695 33820 31254 33444 
33490 33333 31670 33044 
33354 32853 32260 32609 
33338 32471 32951 32199 
33406 32180 33572 31824 
33538 32024 34065 31562 
33654 31984 34326 31451 
33646 31975 34299 31460 
33422 31954 33997 31602 
33012 31915 33516 31878 
32387 31827 32919 32223 
31622 31698 32297 32605 
30808 31603 31750 33000 
30173 31590 31420 33341 
29817 31757 31334 33604 
29877 32116 31534 33788 
30359 32666 31917 33790 
31301 33418 32445 33704 
32503 34193 32946 33476 
33828 34897 33374 33187 
35085 35420 33623 32855 
36061 35606 33658 32551 
36602 35373 33484 32316 
36567 34673 33119 32133 
35942 33545 32639 32044 
34871 32227 32206 32070 
33463 30838 31880 32132 
31952 29616 31754 32254 
30504 28760 31859 32359 
29441 28477 32183 32473 
28857 28827 32649 32570 
28856 29789 33201 32629 
29392 31226 33701 32642 
30388 32965 34043 32659 
31661 34706 34172 32683 
33027 36208 34054 32724 
34300 37246 33686 32784 
35196 37588 33094 32848 
35670 37210 32408 32944 
35730 36188 31770 33091 
35361 34577 31229 33245 
34623 32680 30880 33322 
33761 30822 30847 33409 
32859 29245 31067 33400 
32012 28150 31500 33257 
31422 27780 32109 33059 
31124 28171 32809 32772 
31080 29212 33467 32433 
31236 30774 34015 32049 
31573 32678 34402 31704 
31939 34431 34547 31488 
32297 35920 34494 31432 
32563 36858 34233 31492 
32714 37172 33812 31754 
32790 36768 33304 32133 
32789 35737 32740 32598 
32794 34296 32193 33118 
32777 32574 31650 33541 
32890 30949 31258 33971 
33040 29640 30962 34162 
33235 28842 30814 34176 
33528 28747 30914 34080 
33748 29268 31176 33757 
33882 30358 31628 33349 
33884 31801 32258 32886 
33726 33366 32967 32376 
33337 34804 33669 31856 
32848 35849 34323 31467 
32322 36424 34864 31277 
31752 36340 35157 31213 
31254 35653 35144 31325 
30943 34445 34815 31599 
30867 32982 34189 32005 
31043 31484 33342 32461 
31458 30189 32388 32939 
32020 29274 31388 33389 
32683 28941 30556 33736 
33347 29259 29995 33961 
33941 30122 29799 34003 
34346 31388 29963 33888 
34561 32941 30549 33645 
34506 34388 31395 33308 
34244 35578 32447 32939 
33781 36324 33490 32557 
33210 36484 34442 32224 
32614 36050 35175 32001 
32055 35080 35510 31886 
31633 33755 35466 31900 
31367 32290 35066 32022 
31279 30867 34340 32189 
31345 29706 33396 32382 
31559 29040 32425 32575 
31855 28931 31547 32715 
32183 29374 30883 32796 
32502 30318 30505 32789 
32822 31625 30468 32757 
33123 33104 30805 32744 
33380 34465 31392 32684 
33609 35602 32167 32711 
33846 36377 33011 32807 
33936 36531 33658 32860 
34016 36216 34167 33015 
33988 35411 34360 33142 
33867 34270 34282 33290 
33570 32880 33878 33335 
33176 31532 33334 33308 
32649 30376 32704 33200 
32001 29495 32097 32976 
31331 29061 31647 32671 
30759 29140 31468 32339 
30323 29610 31506 31994 
30179 30482 31845 31761 
30351 31592 32331 31638 
30817 32799 32835 31644 
31600 33917 33279 31796 
32633 34857 33611 32097 
33775 35591 33770 32545 
34886 35986 33724 33025 
35801 35975 33461 33475 
36369 35636 33098 33846 
36465 35011 32688 34026 
36063 34167 32307 34019 
35176 33145 32047 33796 
33852 32076 31929 33383 
32331 31071 31974 32872 
30779 30214 32144 32321 
29456 29630 32427 31847 
28492 29316 32681 31459 
28115 29401 32905 31321 
28396 29857 33056 31396 
29295 30642 33101 31693 
30736 31711 33076 32156 
32529 32999 32941 32680 
34282 34275 32805 33189 
35816 35383 32660 33615 
36961 36287 32591 33913 
37493 36740 32571 33981 
37325 36705 32623 33835 
36491 36147 32721 33516 
35128 35132 32842 33096 
33410 33740 32974 32610 
31649 32186 33088 32176 
30099 30659 33123 31813 
28957 29349 33065 31606 
28355 28453 32894 31574 
28381 28083 32658 31727 
29020 28344 32397 32038 
30133 29163 32129 32415 
31550 30496 31901 32850 
33105 32166 31786 33270 
34510 33910 31870 33639 
35567 35469 32072 33838 
36238 36721 32416 33881 
36403 37411 32847 33728 
36060 37491 33292 33411 
35333 36951 33714 33001 
34308 35819 33992 32505 
33148 34297 34106 32031 
31971 32522 34023 31624 
30966 30817 33729 31411 
30218 29372 33270 31353 
29801 28394 32725 31498 
29813 28053 32203 31911 
30144 28327 31729 32383 
30756 29174 31395 32910 
31577 30503 31244 33407 
32593 32172 31341 33868 
33527 33852 31599 34097 
34340 35307 31980 34104 
34908 36387 32423 33900 
35266 36975 32906 33565 
35259 36939 33295 33048 
34964 36335 33630 32538 
34381 35252 33846 32057 
33549 33808 33880 31633 
32592 32203 33787 31419 
31646 30708 33590 31395 
30811 29487 33280 31555 
30230 28731 32932 31895 
29931 28521 32547 32309 
30077 28950 32232 32828 
30540 29865 31930 33250 
31356 31186 31771 33636 
32434 32773 31748 33908 
33561 34369 31856 33957 
34579 35707 32053 33820 
35369 36673 32339 33513 
35780 37050 32648 33096 
35761 36847 32961 32598 
35300 36027 33264 32123 
34406 34671 33430 31675 
33297 33072 33546 31475 
32067 31371 33519 31402 
30941 29865 33432 31596 
30099 28734 33224 31912 
29647 28196 32977 32340 
29682 28290 32712 32824 
30177 29046 32453 33279 
31035 30369 32234 33641 
32114 31999 32085 33845 
33242 33753 32031 33884 
34192 35313 31983 33715 
34865 36506 32020 33441 
35169 37114 32123 33090 
35016 37033 32237 32695 
34523 36360 32426 32363 
33769 35143 32648 32109 
32886 33562 32885 31944 
32059 31907 33129 31879 
31475 30444 33417 31944 
31188 29348 33647 32087 
31253 28812 33845 32300 
31613 28876 33901 32511 
32153 29480 33796 32685 
32762 30565 33565 32842 
33273 31890 33176 32937 
33618 33291 32671 32994 
33705 34558 32172 33033 
33512 35461 31690 33027 
33125 35980 31361 33034 
32598 35958 31167 33010 
32039 35425 31177 32967 
31635 34560 31403 32953 
31482 33473 31832 32949 
31601 32315 32347 32907 
32051 31273 32965 32885 
32590 30449 33454 32757 
33259 30006 33875 32636 
33921 30010 34145 32506 
34354 30362 34168 32354 
34545 31103 34033 32245 
34372 32043 33726 32147 
33872 33013 33326 32110 
33147 33943 32907 32151 
32258 34643 32464 32261 
31395 35021 32101 32437 
30697 35039 31809 32634 
30283 34727 31627 32870 
30214 34081 31579 33113 
30584 33214 31657 33317 
31280 32337 31836 33468 
32299 31558 32120 33561 
33354 30959 32424 33524 
34395 30657 32773 33383 
35174 30675 33096 33147 
35609 31002 33374 32827 
35663 31647 33620 32485 
35246 32439 33761 32123 
34462 33241 33773 31818 
33380 33910 33639 31589 
32258 34399 33442 31559 
31198 34617 33167 31693 
30328 34490 32801 31946 
29818 34084 32441 32293 
29724 33465 32133 32736 
29994 32711 31850 33142 
30685 31971 31715 33521 
31614 31371 31704 33755 
32704 31034 31837 33859 
33765 30992 32062 33774 
34649 31202 32334 33521 
35258 31697 32632 33171 
35508 32350 32909 32793 
35369 33022 33117 32429 
34854 33613 33230 32107 
34057 34092 33273 31962 
33074 34247 33227 31909 
32065 34175 33150 32011 
31153 33831 33055 32204 
30452 33271 32960 32421 
30049 32617 32874 32604 
30063 32030 32888 32791 
30437 31528 32904 32872 
31089 31236 32895 32867 
32029 31250 32921 32828 
33022 31530 32894 32755 
33984 32006 32795 32655 
34798 32650 32654 32619 
35285 33313 32426 32624 
35388 33855 32170 32673 
35154 34229 31967 32823 
34558 34300 31797 32958 
33688 34104 31736 33105 
32688 33642 31823 33217 
