32628 32882 32932 33105 
32628 32882 32932 33105 
32631 32875 32971 32759 
32677 32888 33021 32476 
32724 32869 33047 32203 
32807 32878 33086 32026 
32896 32896 33111 31912 
33020 32964 33151 31896 
33105 33016 33155 31940 
33157 33059 33120 32026 
33167 33085 33052 32188 
33088 33023 32885 32349 
32966 32946 32704 32567 
32777 32771 32463 32782 
32581 32572 32240 32996 
32351 32326 32029 33164 
32206 32161 31927 33371 
32067 31998 31877 33455 
32010 31928 31935 33478 
32074 31974 32125 33465 
32209 32134 32393 33357 
32428 32386 32719 33203 
32693 32701 33047 32979 
32950 33009 33322 32681 
33182 33311 33522 32373 
33379 33549 33646 32130 
33473 33686 33642 31925 
33457 33662 33519 31794 
33359 33534 33315 31764 
33190 33311 33068 31872 
32949 32995 32768 32047 
32659 32614 32444 32276 
32430 32271 32188 32607 
32201 31986 31977 32925 
32001 31719 31802 33164 
31903 31626 31733 33390 
31929 31692 31813 33567 
32050 31882 31983 33639 
32240 32163 32240 33609 
32466 32498 32565 33482 
32763 32900 32937 33326 
32996 33235 33252 33027 
33227 33518 33528 32716 
33418 33732 33743 32420 
33538 33817 33831 32147 
33554 33729 33753 31883 
33412 33491 33518 31678 
33210 33169 33191 31603 
32966 32821 32829 31680 
32664 32439 32418 31851 
32423 32169 32106 32154 
32194 31932 31837 32485 
32056 31825 31716 32854 
31982 31813 31719 33204 
32041 31935 31893 33527 
32174 32145 32152 33735 
32335 32375 32431 33801 
32559 32632 32739 33746 
32700 32828 32952 33548 
32821 32958 33095 33263 
32898 33053 33146 32946 
32926 33069 33128 32633 
32937 33076 33093 32365 
32918 33054 33022 32167 
32908 33027 32967 32030 
32922 33010 32931 31968 
32916 32969 32891 31940 
32975 32975 32938 31992 
32997 32966 32952 32056 
33027 32960 32956 32154 
33014 32915 32937 32289 
32968 32833 32878 32452 
32828 32662 32708 32602 
32693 32520 32549 32826 
32480 32301 32319 33025 
32274 32110 32095 33217 
32086 31956 31924 33376 
31982 31895 31861 33505 
31975 31939 31929 33578 
32075 32091 32114 33561 
32263 32345 32405 33448 
32533 32656 32747 33269 
32831 32993 33111 33011 
33085 33281 33399 32659 
33384 33583 33674 32360 
33558 33751 33792 32066 
33617 33802 33753 31814 
33557 33698 33604 31652 
33373 33476 33311 31606 
33132 33181 32980 31699 
32802 32777 32559 31841 
32521 32423 32224 32146 
32185 32007 31865 32447 
31981 31731 31661 32831 
31799 31515 31533 33186 
31779 31488 31595 33530 
31871 31609 31803 33798 
32102 31910 32160 33978 
32367 32254 32563 33973 
32693 32683 33004 33853 
32993 33103 33403 33564 
33228 33473 33705 33163 
33423 33776 33903 32703 
33531 33935 33935 32200 
33517 33909 33799 31743 
33411 33725 33518 31376 
33214 33424 33128 31181 
32967 33051 32686 31175 
32738 32671 32279 31396 
32522 32305 31946 31788 
32317 31971 31700 32272 
32181 31767 31619 32848 
32149 31723 31721 33408 
32147 31779 31927 33837 
32280 32009 32271 34157 
32403 32257 32616 34245 
32516 32509 32898 34109 
32609 32731 33113 33769 
32682 32911 33237 33360 
32729 33032 33260 32875 
32754 33082 33183 32386 
32799 33108 33091 32017 
32802 33074 32947 31741 
32818 33022 32809 31599 
32877 33007 32758 31668 
32963 33010 32753 31844 
33036 33015 32794 32078 
33108 33034 32863 32357 
33139 33022 32913 32612 
33106 32973 32918 32793 
33019 32877 32871 32912 
32860 32715 32745 32974 
32699 32547 32585 33007 
32488 32340 32389 32993 
32256 32104 32158 32926 
32121 31945 32026 32934 
32042 31858 31959 32958 
32041 31868 32025 32998 
32153 31987 32186 33080 
32314 32203 32448 33129 
32576 32560 32806 33198 
32817 32924 33132 33142 
33023 33257 33394 32999 
33182 33563 33559 32783 
33333 33816 33653 32540 
33367 33874 33573 32225 
33321 33783 33385 31934 
33204 33553 33112 31715 
33037 33219 32803 31633 
32850 32804 32491 31693 
32668 32384 32242 31913 
32483 31976 32035 32221 
32309 31655 31913 32594 
32171 31465 31868 33038 
32089 31440 31901 33457 
32066 31575 32025 33792 
32104 31866 32204 33991 
32213 32249 32453 34025 
32387 32693 32738 33891 
32612 33157 33055 33612 
32844 33552 33318 33204 
33081 33858 33552 32692 
33303 34015 33714 32205 
33436 33960 33739 31744 
33466 33737 33622 31393 
33400 33395 33404 31229 
33243 32965 33079 31218 
32999 32517 32705 31440 
32771 32131 32360 31855 
32516 31811 32027 32349 
32300 31645 31788 32881 
32125 31615 31652 33374 
32076 31759 31687 33806 
32142 32059 31887 34114 
32248 32390 32142 34190 
32424 32750 32450 34068 
32762 33315 33066 33301 
32928 33494 33327 32830 
33044 33537 33503 32341 
33110 33464 33589 31909 
33071 33247 33537 31554 
32981 32966 33377 31423 
32851 32658 33147 31468 
32699 32361 32860 31694 
32547 32135 32546 32078 
32456 32013 32269 32529 
32426 32017 32077 32994 
32392 32073 31911 33354 
32488 32294 31936 33659 
32596 32552 32043 33777 
32754 32830 32288 33727 
32907 33101 32595 33512 
33043 33319 32932 33178 
33115 33410 33206 32761 
33141 33410 33429 32356 
33101 33307 33530 32008 
33008 33102 33483 31744 
32846 32850 33309 31644 
32667 32579 33043 31719 
32508 32375 32755 31993 
32358 32191 32440 32334 
32281 32132 32221 32757 
32239 32143 32081 33159 
32266 32234 32035 33507 
32343 32375 32106 33713 
32481 32559 32272 33772 
32626 32733 32476 33668 
32764 32865 32669 33412 
32870 32927 32810 33029 
32941 32945 32908 32645 
32964 32913 32943 32282 
32965 32858 32930 32004 
32925 32792 32903 31852 
32912 32771 32910 31858 
32840 32737 32887 31961 
32838 32756 32935 32176 
32813 32811 32986 32449 
32818 32879 33062 32709 
32807 32937 33090 32904 
32775 32946 33061 33006 
32736 32926 32984 33044 
32683 32857 32844 32991 
32607 32738 32645 32893 
32525 32614 32439 32823 
32451 32466 32228 32744 
32356 32310 32044 32697 
32348 32237 31974 32732 
32362 32199 31974 32784 
32438 32231 32083 32895 
32548 32340 32290 32992 
32731 32526 32584 33083 
32936 32764 32926 33117 
33050 32947 33188 33025 
33153 33129 33399 32853 
33201 33263 33536 32629 
33199 33359 33570 32400 
33141 33378 33520 32182 
32989 33271 33316 31944 
32838 33119 33098 31881 
32651 32913 32806 31947 
32472 32648 32505 32208 
32334 32401 32251 32694 
32250 32196 32053 33299 
32179 32011 31895 33831 
32210 31947 31867 34137 
32238 31929 31897 33905 
32339 32028 32040 33102 
32493 32221 32272 31820 
32709 32522 32601 30199 
32870 32798 32903 28615 
33021 33074 33181 27774 
33172 33332 33450 28074 
33251 33526 33639 29841 
33237 33611 33696 33209 
33125 33569 33624 37530 
32970 33463 33477 42154 
32735 33249 33193 45978 
32485 32935 32830 47960 
32417 32643 32510 47171 
32535 32401 32216 43122 
32815 32135 31955 35871 
33309 31983 31826 26177 
33885 31900 31802 15830 
34432 31968 31950 6691 
34700 32095 32168 876 
34435 32247 32430 87 
33594 32473 32722 4829 
32071 32644 32937 15520 
30050 32776 33081 30618 
27784 32857 33120 48328 
25830 32878 33092 64389 
24700 32904 33021 65412 
24840 32911 32931 65485 
26637 32923 32862 65529 
30078 32995 32834 65535 
34840 33158 32868 56010 
40480 33395 32927 37725 
45884 33702 33035 16787 
50080 33951 33061 656 
52159 34102 33082 103 
51284 34057 33015 41 
46859 33689 32829 14 
39446 33009 32589 6293 
29726 32080 32364 21901 
19027 30884 32139 41670 
8862 29604 31957 62426 
1491 28503 31855 65385 
102 27870 31909 65517 
57 27888 32071 65535 
6983 28754 32294 65535 
18933 30589 32667 57242 
33773 33160 33028 37054 
49534 36150 33286 13526 
64039 39304 33562 391 
65411 41879 33674 81 
65487 43440 33669 30 
65510 43520 33524 10 
65522 41806 33262 5829 
65522 38217 32941 21496 
50581 33258 32563 40733 
32421 27520 32249 60158 
13402 21767 31979 65356 
469 16968 31853 65512 
67 14104 31793 65535 
34 13910 31942 65535 
31 16603 32176 59933 
10428 22202 32475 40518 
24346 29885 32837 19496 
39539 38667 33163 1101 
53575 47311 33404 117 
63740 54495 33533 54 
65455 59024 33542 41 
65512 59836 33464 6557 
57527 56542 33224 16213 
45830 49489 32972 31053 
28857 39224 32637 46418 
12122 27511 32376 58917 
496 15984 32200 65290 
82 6392 32078 65485 
46 551 32092 65504 
40 87 32167 55417 
9558 405 32329 42185 
22622 10768 32511 27758 
37806 22696 32746 14337 
52096 36064 32922 4660 
63517 49049 33034 291 
65425 59972 33151 85 
65487 65345 33170 6001 
65498 65465 33170 15350 
65371 65492 33107 26333 
50171 58261 33015 37260 
35359 48956 32892 46526 
20261 34842 32737 52905 
7764 20789 32631 55621 
381 8697 32488 54700 
85 676 32335 50775 
72 92 32253 44745 
4833 71 32158 37950 
13584 6484 32110 31497 
23991 16510 32176 26416 
34938 28845 32238 23046 
44395 40943 32468 21995 
51545 51263 32703 22659 
55857 58565 33026 24647 
56994 61803 33367 27276 
55230 60626 33718 29843 
51045 55508 34001 31850 
45180 47266 34130 33040 
38158 36889 34083 33435 
31356 26595 33868 33179 
25355 17865 33375 32576 
20733 11810 32748 32086 
17797 9153 32008 31992 
16623 10083 31209 32466 
17268 14211 30537 33536 
19465 20695 30084 35045 
22855 28427 29977 36635 
27176 36344 30331 38013 
31675 42967 31041 38704 
36005 47658 32129 38592 
39712 49947 33437 37582 
42446 49516 34757 35576 
43814 46771 35854 33117 
43764 42290 36547 30455 
42359 36855 36691 28026 
39766 31210 36226 26200 
36454 26421 35184 25308 
32935 23018 33720 25498 
29694 21319 32009 26677 
27263 21517 30370 28758 
25971 23249 28999 31211 
25925 26128 28134 33692 
27072 29594 27955 35874 
29219 33202 28551 37458 
31717 36170 29738 38182 
34141 38259 31425 38105 
35903 39220 33323 37257 
36655 39030 35179 35874 
36248 37863 36690 34253 
34735 36026 37581 32705 
32469 33882 37772 31428 
29921 31789 37208 30586 
27680 30120 35974 30224 
26351 29136 34274 30332 
26307 28940 32330 30725 
27818 29602 30523 31429 
30717 30895 28947 32095 
34479 32541 28026 32608 
38441 34219 27782 32886 
41903 35643 28229 32928 
44225 36590 29360 32774 
44718 36779 30948 32477 
43188 36186 32740 32195 
39660 34822 34419 31968 
34521 32855 35811 31931 
28756 30642 36694 32130 
23182 28519 36986 32567 
18792 26857 36675 33165 
16337 25949 35778 33816 
16529 26098 34534 34431 
19302 27313 33126 34825 
24289 29544 31754 34950 
30722 32520 30660 34782 
37745 35832 29902 34223 
43937 38875 29554 33364 
48528 41273 29695 32384 
50805 42652 30263 31425 
50309 42618 31096 30581 
47113 41084 32020 29982 
41752 38252 32958 29780 
35083 34394 33751 29960 
28014 29993 34341 30542 
21870 25777 34658 31442 
17596 22406 34652 32471 
15778 20423 34431 33521 
16514 20077 33971 34395 
19747 21641 33440 35049 
24650 24784 32865 35348 
30484 29173 32332 35291 
36312 34196 31951 34934 
41298 39123 31698 34263 
44595 43144 31613 33418 
45946 45766 31707 32550 
45247 46568 31952 31765 
42656 45316 32224 31095 
38869 42302 32517 30733 
34531 37946 32811 30692 
30182 32672 32945 30842 
26680 27400 33056 31336 
24611 23142 33058 31964 
24034 20331 33020 32643 
24830 19297 32901 33245 
26777 20218 32764 33701 
29395 22870 32665 33971 
32187 26860 32619 34007 
34582 31476 32605 33797 
36359 36175 32679 33447 
37171 40031 32759 32999 
37079 42691 32864 32531 
36203 43836 32979 32153 
34808 43375 33089 31900 
33213 41419 33152 31825 
31782 38393 33138 31900 
30813 34842 33095 32144 
30413 31272 32973 32481 
30638 28171 32793 32849 
31357 26039 32560 33175 
32421 25032 32294 33418 
33542 25189 32027 33531 
34514 26392 31810 33489 
35051 28249 31666 33323 
35099 30440 31671 33043 
34615 32606 31807 32690 
33683 34480 32126 32319 
32462 35730 32538 31978 
31189 36347 33014 31748 
30085 36304 33487 31631 
29392 35803 33927 31727 
29233 35006 34198 31955 
29650 34139 34287 32305 
30597 33356 34158 32763 
31877 32774 33779 33218 
33300 32455 33229 33606 
34725 32436 32633 33939 
35821 32549 32000 34039 
36483 32712 31440 33930 
36540 32767 31050 33609 
36059 32693 30924 33161 
35097 32431 31069 32610 
33840 32047 31466 32061 
32439 31577 32085 31558 
31149 31149 32758 31260 
30143 30869 33423 31158 
29556 30807 33989 31287 
29466 31046 34345 31651 
29803 31534 34425 32172 
30520 32254 34264 32764 
31450 33058 33799 33340 
32462 33850 33235 33828 
33339 34470 32591 34111 
34038 34866 32003 34204 
34384 34936 31499 34021 
34448 34727 31236 33679 
34279 34259 31222 33252 
33905 33583 31393 32728 
33527 32924 31837 32283 
33214 32314 32363 31941 
32991 31824 32886 31711 
32897 31515 33354 31666 
32945 31453 33738 31789 
33010 31538 33921 31984 
33048 31706 33880 32219 
32988 31927 33661 32489 
32742 32090 33312 32714 
32325 32178 32878 32880 
31778 32183 32453 32950 
31229 32185 32145 32994 
30734 32183 31937 32973 
30480 32298 31919 32954 
30535 32560 32074 32961 
30931 32948 32325 32965 
31690 33489 32641 33002 
32731 34095 32938 33068 
33884 34668 33205 33151 
34965 35026 33309 33161 
35843 35153 33269 33129 
36252 34865 33053 32981 
36173 34210 32737 32787 
35551 33177 32372 32519 
34511 31976 32062 32241 
33132 30714 31837 31962 
31652 29625 31790 31761 
30289 28927 31954 31674 
29280 28738 32260 31725 
28796 29159 32730 31910 
28856 30123 33207 32192 
29461 31527 33637 32550 
30528 33197 33940 32987 
31802 34809 34006 33346 
33168 36165 33870 33682 
34460 37100 33532 33931 
35338 37324 33048 33957 
35831 36892 32501 33856 
35906 35858 32028 33632 
35528 34320 31646 33290 
34852 32553 31440 32865 
33960 30814 31427 32389 
33060 29411 31638 31972 
32188 28475 31976 31578 
31549 28238 32413 31367 
31148 28665 32857 31311 
30942 29642 33214 31366 
30990 31134 33522 31645 
31198 32784 33694 32038 
31502 34365 33748 32514 
31834 35630 33695 33025 
32135 36410 33510 33504 
32339 36511 33245 33836 
32570 36065 33008 34060 
32701 35033 32700 34059 
32880 33697 32431 33932 
33074 32244 32173 33643 
33300 30918 31924 33266 
33553 29921 31711 32827 
33795 29416 31581 32407 
34020 29511 31558 32074 
34157 30170 31658 31858 
34118 31200 31869 31717 
33917 32542 32236 31728 
33588 33900 32748 31870 
33058 35006 33304 32019 
32447 35770 33897 32226 
31776 35981 34362 32429 
31235 35644 34696 32653 
30798 34774 34719 32795 
30593 33535 34482 32926 
30610 32077 33917 32995 
30920 30737 33172 33081 
31469 29677 32282 33158 
32204 29127 31407 33251 
32966 29106 30646 33284 
33704 29673 30140 33312 
34341 30764 30001 33288 
34742 32219 30251 33201 
34909 33751 30915 33080 
34788 35169 31848 32880 
34436 36251 32946 32652 
33898 36839 34103 32419 
33262 36778 35017 32179 
32594 36085 35599 31972 
32002 34895 35773 31852 
31493 33337 35465 31777 
31160 31667 34749 31813 
31002 30128 33703 31943 
31008 28909 32500 32177 
31160 28258 31356 32474 
31415 28221 30416 32809 
31748 28806 29816 33147 
32094 29940 29623 33446 
32522 31506 29959 33701 
32978 33239 30724 33882 
33420 34844 31756 33858 
33882 36193 32954 33736 
34246 37031 34076 33453 
34570 37357 34993 33133 
34711 37027 35530 32685 
34728 36189 35659 32274 
34513 34862 35323 31865 
34028 33275 34554 31521 
33320 31622 33515 31332 
32485 30163 32412 31371 
31563 29035 31410 31553 
30660 28357 30628 31872 
29918 28227 30209 32309 
29496 28684 30231 32829 
29445 29610 30601 33305 
29835 30906 31281 33702 
30638 32408 32174 33979 
31841 33940 33086 34082 
33191 35264 33827 33965 
34608 36302 34379 33696 
35849 36892 34602 33293 
36753 37032 34551 32857 
37119 36612 34211 32358 
36924 35778 33687 31951 
36077 34528 33061 31609 
34711 33051 32428 31426 
33037 31568 31946 31483 
31221 30147 31568 31662 
29532 29001 31417 32047 
28274 28299 31448 32463 
27594 28111 31650 32943 
27651 28480 31976 33397 
28442 29407 32345 33754 
29866 30793 32763 33973 
31721 32467 33143 33976 
33783 34210 33429 33770 
35667 35765 33620 33412 
37147 37006 33711 32937 
38004 37725 33680 32406 
38098 37826 33553 31883 
37381 37217 33312 31461 
35988 35994 32999 31220 
34162 34346 32679 31239 
32141 32439 32396 31506 
30238 30541 32128 31939 
28751 28915 31943 32496 
27844 27779 31834 33080 
27693 27319 31873 33654 
28261 27590 31996 34095 
29415 28541 32186 34293 
31013 30032 32411 34233 
32758 31857 32656 33970 
34357 33751 32855 33501 
35605 35473 32982 32933 
36433 36863 33088 32363 
36669 37611 33151 31888 
36368 37687 33173 31544 
35614 37114 33179 31424 
34505 35918 33151 31465 
33295 34386 33165 31725 
32103 32672 33163 32051 
31106 31036 33161 32430 
30395 29680 33119 32768 
29993 28756 33022 33018 
29964 28397 32865 33182 
30281 28632 32670 33262 
30849 29389 32445 33266 
31577 30542 32189 33168 
32386 31915 31962 33080 
33160 33373 31773 32955 
33811 34655 31659 32870 
34286 35601 31696 32853 
34583 36169 31872 32857 
34690 36267 32165 32888 
34544 35876 32534 32886 
34237 35126 32973 32887 
33715 34032 33352 32769 
33088 32793 33699 32612 
32419 31590 33964 32437 
31783 30572 34089 32252 
31224 29819 34016 32067 
30872 29467 33813 31930 
30779 29597 33479 31907 
30967 30177 33048 31988 
31392 31038 32553 32137 
32084 32212 32123 32436 
32799 33379 31680 32734 
33545 34510 31350 33089 
34170 35337 31173 33405 
34585 35834 31163 33673 
34688 35871 31342 33844 
34493 35421 31738 33853 
34023 34603 32260 33746 
33344 33496 32867 33543 
32540 32222 33435 33146 
31749 31000 34017 32702 
31148 30056 34419 32265 
30777 29450 34576 31824 
30722 29360 34505 31506 
30984 29748 34170 31305 
31533 30565 33643 31291 
32264 31716 32982 31435 
33042 33046 32282 31744 
33813 34403 31672 32196 
34351 35463 31192 32678 
34638 36181 30937 33199 
34579 36364 30912 33646 
34224 36039 31166 34014 
33662 35252 31629 34210 
32938 34068 32217 34202 
32238 32704 32859 34021 
31614 31279 33439 33638 
31229 30084 33894 33158 
31110 29234 34144 32613 
31259 28867 34171 32079 
31638 29054 33989 31645 
32124 29705 33596 31351 
32657 30767 33129 31280 
33117 32095 32626 31403 
33486 33568 32219 31777 
33648 34870 31909 32225 
33610 35882 31774 32723 
33432 36466 31823 33221 
33121 36492 31993 33582 
32821 36044 32282 33793 
32600 35174 32633 33807 
32434 33938 32906 33584 
32442 32544 33129 33236 
32586 31229 33249 32811 
32794 30118 33220 32356 
33045 29402 33108 32008 
33269 29155 32930 31803 
33335 29384 32690 31756 
33253 30099 32507 31934 
32980 31118 32376 32246 
32546 32358 32311 32652 
32095 33630 32401 33132 
31588 34686 32513 33488 
31239 35455 32692 33734 
31084 35806 32877 33789 
31160 35694 33003 33599 
31540 35194 33108 33300 
32167 34340 33117 32838 
32938 33330 33084 32383 
33772 32301 32990 31951 
34527 31387 32859 31634 
35042 30659 32673 31456 
35268 30313 32517 31528 
35143 30335 32400 31791 
34620 30644 32292 32144 
33764 31239 32249 32627 
32756 31997 32245 33131 
31646 32718 32259 33554 
30699 33479 32420 33968 
29948 33957 32531 34057 
29642 34248 32723 34033 
29720 34236 32891 33763 
30206 34001 33050 33336 
31092 33625 33224 32816 
32172 33165 33329 32272 
33367 32770 33422 31822 
34438 32416 33408 31470 
35324 32199 33334 31311 
35851 32139 33156 31345 
35953 32199 32909 31556 
35664 32395 32632 31949 
34986 32639 32342 32406 
34073 32895 32128 32924 
32948 33024 31924 33332 
31829 33072 31866 33682 
30778 32968 31878 33856 
30007 32747 32020 33882 
29573 32445 32249 33763 
29437 32038 32443 33485 
29766 31730 32719 33178 
30384 31541 32931 32838 
31270 31526 33091 32530 
32434 31788 33269 32336 
33568 32183 33343 32174 
34656 32792 33416 32132 
35479 33438 33394 32115 
36034 34099 33353 32135 
36169 34605 33267 32199 
35872 34845 33120 32233 
35189 34791 32941 32245 
34162 34385 32719 32267 
32970 33732 32506 32352 
