33295 33549 33314 32779 
33295 33549 33314 32779 
33482 33632 33531 32655 
33529 33541 33628 32474 
33497 33345 33625 32304 
33361 33072 33494 32139 
33150 32786 33273 32027 
32931 32550 33019 32001 
32689 32395 32726 32055 
32499 32351 32459 32222 
32308 32350 32188 32412 
32166 32386 31977 32675 
32062 32414 31827 32980 
32019 32433 31767 33293 
32055 32433 31827 33579 
32099 32373 31952 33743 
32237 32345 32184 33831 
32439 32353 32507 33761 
32661 32406 32838 33541 
32913 32550 33180 33225 
33165 32747 33474 32787 
33392 33033 33694 32319 
33562 33320 33804 31888 
33632 33573 33789 31537 
33590 33719 33621 31326 
33446 33735 33363 31311 
33199 33590 33029 31493 
32891 33286 32656 31817 
32556 32887 32318 32249 
32218 32411 32015 32726 
31967 31984 31846 33263 
31749 31592 31705 33639 
31708 31448 31768 33935 
31844 31515 31934 34068 
32075 31783 32192 34019 
32391 32193 32492 33807 
32771 32678 32819 33454 
33079 33120 33074 33005 
33319 33449 33241 32503 
33460 33667 33348 32076 
33472 33683 33372 31767 
33320 33476 33276 31568 
33029 33098 33068 31530 
32752 32720 32892 31716 
32445 32324 32682 32004 
32267 32105 32576 32425 
32171 32005 32485 32806 
32199 32086 32471 33156 
32356 32320 32527 33408 
32643 32693 32665 33550 
32918 33062 32787 33510 
33156 33362 32870 33302 
33332 33553 32920 33018 
33370 33550 32901 32677 
33326 33415 32883 32433 
33075 33056 32744 32182 
32763 32613 32608 32093 
32435 32169 32483 32137 
32094 31781 32364 32302 
31898 31585 32308 32563 
31811 31568 32286 32814 
31897 31792 32351 33046 
32156 32192 32494 33240 
32494 32696 32652 33304 
32920 33268 32874 33303 
33261 33707 33040 33137 
33527 33988 33183 32881 
33679 34051 33298 32625 
33675 33890 33359 32373 
33500 33518 33304 32151 
33172 32987 33147 32005 
32784 32402 32926 31985 
32392 31863 32656 32108 
32070 31472 32400 32349 
31851 31305 32178 32659 
31773 31364 32016 32980 
31825 31611 31950 33243 
32051 32081 32010 33443 
32391 32654 32208 33540 
32747 33206 32450 33486 
33099 33672 32751 33290 
33383 34005 33067 33010 
33514 34054 33292 32625 
33559 33953 33496 32325 
33415 33581 33516 32008 
33172 33128 33435 31815 
32884 32640 33246 31780 
32603 32207 33009 31893 
32350 31880 32699 32102 
32198 31754 32443 32427 
32178 31823 32252 32779 
32235 32004 32144 33095 
32372 32307 32123 33386 
32555 32631 32201 33561 
32757 32928 32355 33625 
32895 33099 32513 33533 
32987 33162 32682 33344 
33011 33130 32833 33067 
32965 32977 32935 32726 
32864 32804 33008 32387 
32736 32617 33018 32084 
32613 32485 32982 31888 
32506 32426 32924 31816 
32445 32459 32841 31870 
32426 32551 32732 32041 
32481 32729 32657 32353 
32565 32903 32578 32704 
32671 33062 32523 33083 
32793 33164 32518 33417 
32912 33179 32562 33663 
33001 33113 32641 33740 
33034 32940 32734 33645 
33049 32727 32862 33426 
33033 32505 32980 33067 
32962 32307 33033 32603 
32901 32206 33087 32157 
32810 32190 33050 31759 
32639 32413 32844 31425 
32549 32611 32668 31551 
32504 32853 32546 31895 
32448 33014 32406 32326 
32401 33136 32332 32840 
32358 33156 32280 33336 
32391 33147 32340 33792 
32436 33061 32443 34036 
32511 32914 32543 34099 
32624 32759 32672 33975 
32734 32590 32766 33668 
32853 32452 32843 33282 
32918 32323 32868 32808 
32987 32264 32859 32326 
33068 32308 32896 31982 
33084 32384 32899 31727 
33063 32505 32916 31630 
33023 32664 32950 31656 
32949 32807 32976 31788 
32870 32963 33030 31983 
32730 33044 33041 32196 
32613 33101 33016 32441 
32504 33101 32959 32659 
32440 33073 32852 32882 
32371 32966 32657 33023 
32402 32907 32488 33201 
32451 32802 32296 33323 
32529 32688 32134 33430 
32624 32613 32056 33525 
32689 32501 32035 33542 
32729 32414 32109 33519 
32744 32338 32297 33412 
32756 32306 32563 33233 
32751 32317 32851 32968 
32759 32385 33139 32639 
32819 32520 33396 32301 
32909 32717 33578 31976 
32997 32908 33631 31679 
33076 33073 33546 31514 
33115 33193 33360 31450 
33102 33239 33098 31541 
33020 33212 32800 31778 
32907 33113 32505 32122 
32699 32936 32230 32527 
32475 32735 32021 32996 
32234 32495 31888 33452 
32049 32305 31845 33848 
31980 32206 31926 34129 
31975 32161 32069 34234 
32128 32237 32305 34182 
32363 32375 32583 33939 
32688 32601 32900 33583 
33025 32834 33179 33094 
33345 33048 33427 32531 
33605 33228 33621 31983 
33690 33276 33681 31466 
33654 33239 33645 31121 
33481 33112 33515 30976 
33182 32904 33280 31022 
32836 32695 32991 31296 
32485 32509 32655 31740 
32178 32396 32318 32294 
32005 32401 32082 32942 
31910 32442 31879 33518 
31985 32597 31835 34019 
32166 32760 31905 34333 
32392 32881 32040 34432 
32618 32950 32244 34303 
32820 32919 32470 33995 
32985 32825 32717 33583 
33057 32665 32930 33084 
33029 32431 33049 32574 
32991 32283 33180 32159 
32887 32158 33225 31827 
32766 32127 33234 31610 
32653 32203 33178 31515 
32679 32495 33194 31628 
32707 32821 33149 31779 
32825 33200 33122 31977 
32929 33538 33050 32189 
33105 33855 33004 32465 
33185 33941 32889 32687 
33198 33861 32758 32905 
33102 33584 32575 33086 
32919 33157 32401 33250 
32649 32638 32212 33382 
32383 32086 32073 33493 
32086 31571 31949 33516 
31891 31257 31923 33513 
31826 31165 32005 33444 
31883 31301 32167 33330 
32101 31667 32431 33172 
32426 32192 32743 32945 
32767 32747 33059 32668 
33153 33332 33381 32408 
33456 33801 33603 32117 
33670 34110 33736 31913 
33750 34208 33738 31745 
33682 34093 33611 31695 
33498 33826 33388 31770 
33218 33414 33095 31903 
32894 32959 32767 32140 
32562 32515 32454 32415 
32316 32158 32220 32759 
32091 31882 32024 33043 
31954 31733 31912 33325 
31899 31720 31866 33526 
31966 31840 31931 33704 
32102 32010 32078 33818 
32286 32225 32278 33900 
32448 32381 32474 33923 
32671 32587 32723 33987 
32864 32757 32968 33911 
33006 32864 33148 33473 
33154 32991 33327 32613 
33320 33198 33525 31402 
33404 33349 33593 29990 
33448 33514 33592 28884 
33443 33649 33490 28537 
33380 33734 33312 29211 
33265 33759 33085 30892 
33072 33635 32807 33139 
32758 33326 32491 35416 
32432 32892 32237 37246 
32148 32383 32049 38248 
32001 31948 31981 38293 
32006 31645 31957 37405 
32195 31576 32035 35743 
32508 31736 32164 33547 
32782 31978 32315 31000 
32930 32211 32515 28484 
32737 32287 32681 26368 
32242 32154 32800 25141 
31572 31856 32888 25164 
31041 31543 32981 26596 
30842 31394 33063 29287 
31220 31649 33158 32974 
32166 32453 33245 36832 
33609 33845 33351 40253 
35335 35500 33422 42536 
37089 36938 33449 43157 
38448 37496 33415 41847 
38870 36854 33284 38799 
37971 35155 33094 34498 
35528 32950 32812 29624 
31769 31052 32477 25059 
27301 30155 32184 21686 
23262 30297 31904 20194 
20760 31049 31728 20868 
20648 31657 31671 23617 
23340 31469 31788 28099 
28423 30234 32005 33456 
34746 28463 32303 38692 
41211 27025 32648 42986 
46544 26710 32935 45574 
49727 28128 33210 46115 
49731 31022 33346 44347 
46542 34912 33464 40816 
40486 38787 33426 35937 
32601 41927 33394 30690 
24021 43703 33287 25765 
16580 43769 33196 22118 
11712 42147 33075 20271 
10273 39217 32995 20475 
12615 35345 32889 22515 
18774 30968 32808 26118 
27828 26655 32726 30545 
38076 22906 32637 34975 
48022 19976 32481 38782 
55916 18309 32319 41405 
60069 18301 32182 42601 
59331 20283 32033 42190 
53872 24451 31998 40470 
44574 30549 32036 37763 
33226 37818 32142 34582 
21738 45223 32349 31469 
11790 51441 32622 28765 
5761 54605 32920 27106 
4210 54048 33215 26467 
7376 49543 33444 26796 
14954 41744 33640 28012 
25401 32234 33665 29661 
37070 22781 33638 31547 
47906 14985 33487 33241 
55938 10196 33279 34555 
59579 9029 32971 35265 
58159 11697 32693 35472 
52247 17558 32423 35201 
43322 25624 32170 34609 
32839 35122 31977 33834 
23542 44205 31844 33130 
16982 51527 31828 32669 
13823 56100 31929 32471 
14086 56974 32081 32500 
17239 53744 32340 32716 
22272 46647 32641 32993 
27904 37126 32974 33241 
33311 26633 33253 33292 
37963 17331 33509 33165 
41441 10926 33655 32765 
43559 9039 33735 32250 
44090 11717 33633 31621 
43244 18214 33481 31125 
41080 26938 33232 30813 
37971 36054 32926 30759 
34401 43920 32636 31095 
31091 49014 32361 31701 
28476 50948 32148 32519 
26824 49814 32040 33436 
26115 45997 31987 34226 
26188 40156 32017 34814 
26842 33362 32147 35119 
27874 26409 32325 35072 
29169 20352 32502 34693 
30773 16185 32656 34021 
32564 15026 32793 33217 
34402 17250 32856 32387 
36188 22790 32943 31729 
37691 30995 33025 31256 
38547 39791 33105 31069 
38584 47293 33198 31151 
37739 52012 33294 31418 
36077 52854 33373 31775 
33872 49525 33430 32170 
31493 42485 33386 32514 
29583 33777 33297 32771 
28301 24886 33076 32895 
27811 17700 32792 32953 
28108 13465 32473 32996 
28981 13048 32152 33025 
30258 16078 31859 33074 
31787 21757 31703 33198 
33314 29004 31629 33319 
34787 36925 31766 33533 
35873 43910 32025 33700 
36506 48990 32383 33794 
36691 51268 32808 33751 
36381 50227 33184 33539 
35661 46105 33524 33195 
34465 39933 33751 32745 
32763 33019 33837 32234 
30697 26686 33772 31696 
28679 21941 33584 31273 
27421 19403 33305 31004 
27530 18968 32976 30950 
29148 20248 32614 31099 
31864 22940 32339 31502 
34706 26809 32096 32076 
36541 31373 31913 32702 
36805 36064 31864 33405 
35541 40100 31850 33997 
33627 42947 32001 34507 
31994 44066 32212 34812 
31449 43239 32490 34844 
32110 40869 32783 34619 
33461 37534 33084 34159 
34742 33749 33325 33461 
35353 30087 33511 32698 
34978 26964 33640 31916 
33685 24896 33650 31214 
31798 24168 33513 30699 
29875 24964 33314 30447 
28346 27276 33042 30506 
27720 30463 32747 30868 
28103 33731 32467 31489 
29360 36488 32200 32242 
31227 38245 32044 33058 
33238 38797 31995 33836 
34905 38168 32036 34422 
36182 36562 32146 34747 
37236 34290 32349 34832 
38281 31641 32575 34639 
39259 29040 32818 34215 
39651 27000 32976 33564 
38892 26080 33147 32902 
36437 26603 33236 32230 
32414 28783 33284 31682 
27452 32459 33265 31317 
23004 36708 33116 31100 
20343 40757 32921 31113 
20258 43648 32756 31383 
22562 44402 32555 31779 
26734 42563 32446 32328 
31516 38197 32380 32869 
36211 32014 32365 33355 
40308 25275 32459 33789 
43452 19313 32567 33979 
45522 15521 32755 34034 
46022 14825 32915 33873 
44687 17423 33058 33548 
41417 22944 33146 33110 
36348 30696 33149 32576 
30379 39338 33131 32130 
24603 47322 33018 31754 
19922 53462 32860 31550 
17120 56531 32655 31535 
16722 55843 32532 31783 
18697 51003 32390 32140 
22825 42768 32322 32609 
28496 32404 32334 33101 
34848 21726 32415 33561 
41059 12544 32503 33864 
45901 6972 32657 33977 
48672 5699 32804 33868 
48944 8730 32896 33569 
46665 15723 32940 33118 
42451 25041 32946 32633 
37252 35140 32918 32191 
31856 44677 32865 31876 
27039 52293 32852 31740 
23064 57042 32826 31764 
20448 57834 32858 31974 
19185 54727 32910 32282 
19350 48380 32985 32661 
21012 39850 33008 32959 
24248 30502 32984 33159 
28852 22310 32965 33278 
34116 16608 32860 33227 
39251 13914 32712 33066 
43465 14270 32567 32882 
46047 17155 32422 32688 
46582 21543 32315 32558 
45320 26476 32260 32500 
42582 31136 32233 32506 
38866 35200 32310 32637 
34731 38384 32460 32825 
30397 40803 32630 33001 
26265 42713 32849 33170 
22704 44138 33043 33255 
20345 44897 33222 33240 
19585 44594 33317 33086 
20632 42942 33380 32867 
23229 39678 33327 32558 
27049 35023 33248 32274 
31308 29666 33050 31994 
35457 24788 32839 31869 
39160 21156 32604 31866 
42212 19330 32366 32024 
44523 19464 32194 32337 
45731 21101 32046 32732 
45658 23717 32012 33139 
44018 26702 32054 33501 
40691 29976 32232 33783 
35955 33334 32492 33860 
30318 37015 32802 33781 
24576 40854 33103 33479 
19621 44570 33401 33095 
16588 47248 33611 32619 
15983 48169 33704 32161 
17971 46714 33654 31785 
22191 42844 33443 31530 
28023 37077 33132 31525 
34268 30678 32746 31675 
40155 24901 32394 32039 
44913 20727 32089 32476 
48000 18690 31857 32936 
49034 18903 31792 33377 
47914 20879 31877 33713 
44628 24032 32100 33905 
39360 27815 32402 33894 
32805 31769 32779 33745 
26155 35385 33095 33446 
20481 38384 33327 33058 
16870 40373 33455 32615 
16178 41247 33536 32261 
18514 40774 33460 31935 
23190 39327 33303 31747 
29203 37378 33078 31681 
35501 35470 32785 31740 
41220 33999 32535 31934 
45317 33156 32372 32270 
47201 32691 32223 32627 
46628 32349 32158 33002 
43611 31794 32164 33363 
38544 30820 32255 33677 
32632 29520 32427 33894 
26846 27935 32607 33920 
22375 26435 32835 33828 
19987 25326 32999 33532 
20194 25085 33148 33133 
22735 25940 33273 32666 
27027 27970 33348 32204 
32192 31023 33365 31797 
37319 34836 33289 31470 
41440 38785 33111 31308 
43664 42132 32927 31390 
43714 44454 32716 31659 
41565 45393 32517 32105 
37661 44752 32351 32627 
32935 42537 32237 33187 
28563 38981 32168 33667 
25455 34472 32226 34046 
24129 29449 32315 34219 
24683 24433 32500 34218 
26608 20114 32614 33947 
29337 17098 32778 33584 
32174 15789 32843 33075 
34693 16607 32904 32597 
36636 19688 32915 32138 
37847 24760 32925 31815 
38324 31355 32934 31623 
37953 38602 32972 31643 
36609 45433 33023 31780 
34504 50532 33102 32015 
32034 53115 33194 32323 
29778 52704 33244 32604 
28399 49393 33237 32840 
28309 43706 33127 32990 
29498 37045 32969 33084 
31439 30144 32728 33092 
33465 23805 32453 33061 
35028 18552 32201 33040 
35625 14911 31955 32987 
35366 13413 31871 33023 
34373 14113 31849 33038 
33019 17201 32002 33131 
31540 22545 32236 33200 
30292 29518 32574 33228 
29530 37003 32943 33214 
29414 43999 33247 33061 
30073 49510 33476 32816 
31476 52774 33622 32508 
33324 53042 33700 32242 
35131 50281 33602 31916 
36619 44965 33416 31685 
37538 37787 33163 31607 
37682 30124 32885 31656 
37023 23177 32596 31887 
35566 18044 32376 32248 
33391 15367 32146 32659 
30847 15549 32055 33197 
28432 18169 31985 33640 
26679 22586 31963 33965 
26150 28016 32104 34206 
26914 33346 32253 34215 
28942 38020 32471 34058 
31596 41299 32736 33735 
34115 43017 32963 33244 
36010 43257 33216 32699 
37077 42160 33439 32114 
37347 40161 33603 31634 
37025 37654 33650 31280 
36317 35153 33592 31089 
35384 33070 33447 31119 
34246 31649 33218 31380 
32981 30927 32917 31818 
31692 30655 32620 32391 
30537 30408 32300 32985 
29763 29888 32049 33543 
29590 28910 31898 33996 
29951 27555 31858 34233 
30593 26051 31921 34250 
31320 24839 32096 34091 
31918 24432 32348 33758 
32232 25235 32605 33309 
32444 27565 32855 32842 
32692 31307 33022 32368 
33235 36193 33169 32017 
34049 41482 33246 31798 
35019 46104 33288 31759 
35955 49195 33322 31899 
36461 49906 33299 32089 
36323 47860 33248 32352 
35473 43269 33223 32619 
33964 36691 33194 32849 
31999 28987 33089 32959 
30028 21288 32967 32965 
28512 14721 32790 32911 
27909 10633 32583 32795 
28296 9780 32344 32675 
29573 12581 32111 32567 
31410 19019 31941 32560 
33151 27860 31822 32632 
34505 37755 31853 32815 
35242 47115 31966 33035 
35579 54445 32225 33324 
35666 58125 32568 33550 
35673 57739 32969 33695 
35493 53397 33319 33652 
34994 45740 33616 33458 
33983 36135 33803 33133 
32517 26351 33876 32747 
30794 17609 33729 32252 
29386 11337 33490 31788 
28789 8510 33221 31484 
29136 9611 32828 31279 
30375 14337 32523 31349 
31967 21734 32264 31607 
33359 30429 32045 32009 
34175 39259 31938 32529 
34182 46865 31898 33091 
33752 51837 31973 33641 
33314 53810 32105 34073 
33296 52537 32287 34340 
33947 48189 32535 34430 
34962 41529 32767 34295 
35890 33496 32967 33921 
36237 25490 33131 33400 
35720 19041 33335 32837 
34163 15311 33477 32213 
31928 15211 33566 31673 
29472 18534 33583 31261 
27320 24392 33528 31028 
25923 31486 33375 31004 
25644 38245 33139 31195 
26614 42828 32865 31608 
28745 44822 32571 32164 
31880 44162 32326 32803 
35557 41158 32071 33410 
39212 36767 31881 33925 
42202 32120 31836 34272 
43904 27905 31875 34379 
43926 24862 32043 34331 
41876 23286 32269 34040 
37830 23501 32507 33592 
32428 25564 32774 33115 
26401 29281 32991 32607 
20904 34277 33203 32207 
17025 39747 33313 31865 
16028 44517 33382 31688 
18177 47464 33420 31688 
23146 47608 33407 31794 
30190 44376 33350 31961 
37696 38323 33288 32196 
44531 30377 33171 32413 
49594 22118 33072 32637 
52084 15089 32914 32789 
51477 10960 32717 32888 
47815 10563 32522 32958 
41508 13963 32350 33038 
33371 20716 32174 33116 
24515 30148 32021 33164 
16939 40546 31956 33273 
11975 50487 31954 33338 
10674 58383 32050 33431 
13269 62621 32253 33475 
19229 62044 32493 33419 
27027 56603 32799 33293 
35258 47068 33104 33092 
42564 34801 33350 32755 
48177 21499 33576 32411 
51350 9715 33710 32091 
52045 1083 33717 31793 
50406 104 33635 31611 
46563 68 33450 31572 
40859 5277 33212 31692 
33909 15679 32911 31894 
26445 29226 32592 32222 
19481 44050 32265 32590 
14236 58174 32050 33061 
11909 65287 31851 33461 
13025 65469 31783 33832 
17336 65499 31803 34047 
24026 65512 31958 34135 
31338 61246 32199 34072 
38217 44753 32549 33887 
43625 26863 32919 33541 
47332 9503 33241 33064 
49337 317 33526 32530 
49963 71 33731 32027 
49140 49 33831 31610 
46429 977 33764 31292 
41591 13883 33572 31150 
34918 27785 33326 31247 
27031 42668 33006 31517 
19325 56097 32629 31931 
13365 65065 32334 32499 
10584 65470 32095 33085 
11572 65507 31967 33629 
15848 65308 31935 34042 
22517 48976 32006 34282 
30510 31677 32154 34317 
38403 14256 32357 34158 
45356 724 32545 33811 
50628 94 32722 33363 
53571 50 32849 32857 
53573 44 32930 32381 
50602 10174 33022 32023 
45022 23648 33119 31818 
37540 38988 33200 31718 
29140 54053 33265 31749 
21607 64874 33362 31894 
15876 65451 33404 32089 
12863 65501 33426 32296 
12882 65515 33354 32469 
15931 59752 33221 32655 
21246 43533 33001 32787 
28063 25247 32703 32878 
35312 8158 32411 33003 
41952 255 32090 33102 
47179 62 31841 33200 
49790 44 31712 33339 
49637 7312 31719 33455 
46799 15655 31880 33554 
41776 30071 32167 33609 
35559 44818 32512 33538 
29586 56974 32903 33358 
24848 64463 33330 33128 
21935 65462 33604 32745 
21133 59831 33836 32362 
22253 51418 33923 32009 
24627 38206 33820 31671 
27808 24106 33592 31480 
31240 11209 33241 31431 
34450 2291 32836 31552 
37012 114 32419 31843 
38657 58 32060 32278 
39066 7459 31818 32802 
38203 19379 31701 33335 
36356 33553 31725 33801 
34125 47808 31964 34157 
32108 59570 32329 34336 
30771 65325 32736 34272 
30428 65485 33123 33996 
30921 65305 33476 33539 
31955 52204 33705 32995 
33053 38353 33737 32343 
34003 24310 33659 31811 
34463 12899 33420 31393 
34481 5909 33094 31192 
34055 4203 32715 31213 
33290 7749 32390 31473 
32277 15396 32129 31940 
31179 25145 32020 32467 
30124 35369 32014 33023 
29309 44367 32137 33527 
28969 50946 32380 33960 
29259 53933 32667 34151 
30217 52979 32930 34148 
31702 48369 33130 33916 
33593 40904 33290 33546 
35563 31748 33340 33095 
37180 23059 33302 32598 
38155 16612 33173 32144 
38265 13788 32957 31744 
37556 15325 32736 31543 
36198 20607 32533 31581 
34399 28156 32382 31786 
32409 36020 32284 32126 
30529 42575 32305 32591 
28887 46710 32420 33126 
27616 47737 32537 33536 
26889 46046 32746 33868 
26717 42178 32932 33979 
27291 36955 33101 33849 
28762 31518 33243 33556 
30995 26597 33272 33096 
33751 23006 33242 32547 
36588 21298 33172 32031 
38648 21871 33008 31563 
39490 24424 32820 31351 
