32678 32722 32146 33912 
32678 32722 32146 33912 
32711 32707 32248 33756 
32691 32622 32376 33511 
32654 32519 32549 33214 
32614 32418 32723 32909 
32574 32340 32873 32599 
32651 32402 33059 32364 
32774 32570 33230 32191 
32965 32857 33398 32076 
33147 33156 33489 31987 
33323 33467 33539 31967 
33435 33693 33516 31974 
33430 33768 33390 31993 
33285 33637 33179 32026 
33072 33392 32916 32141 
32773 32989 32591 32277 
32475 32549 32258 32506 
32206 32117 31975 32761 
32013 31779 31762 33055 
31937 31594 31681 33374 
31940 31573 31724 33650 
32076 31745 31937 33870 
32293 32029 32252 33991 
32470 32302 32544 33907 
32644 32600 32856 33714 
32764 32839 33096 33380 
32887 33061 33288 33001 
32954 33193 33363 32544 
33033 33315 33371 32131 
33147 33416 33333 31780 
33224 33444 33215 31511 
33288 33454 33083 31386 
33338 33414 32974 31413 
33319 33315 32883 31562 
33254 33149 32827 31812 
33073 32910 32768 32114 
32842 32623 32726 32494 
32595 32374 32693 32900 
32297 32089 32586 33221 
32028 31903 32457 33527 
31861 31823 32314 33747 
31800 31879 32181 33877 
31859 32010 32096 33889 
32016 32216 32051 33791 
32281 32481 32115 33618 
32585 32745 32265 33357 
32922 32984 32522 33059 
33190 33150 32787 32675 
33411 33251 33070 32290 
33542 33312 33309 31949 
33593 33332 33517 31681 
33515 33290 33575 31498 
33399 33282 33579 31503 
33223 33220 33468 31607 
32952 33087 33227 31781 
32686 32955 32979 32099 
32403 32746 32681 32438 
32171 32523 32421 32841 
31978 32255 32170 33219 
31824 31971 31954 33541 
31778 31754 31834 33749 
31885 31681 31838 33902 
32053 31739 31928 33900 
32312 31952 32078 33771 
32645 32297 32352 33587 
32997 32732 32675 33286 
33325 33182 32994 32935 
33541 33557 33259 32501 
33678 33855 33515 32111 
33703 33966 33670 31785 
33596 33878 33715 31534 
33369 33603 33625 31422 
33070 33208 33408 31420 
32747 32760 33109 31560 
32488 32367 32810 31861 
32243 32026 32466 32218 
32103 31851 32190 32673 
32046 31837 31998 33145 
32009 31902 31856 33516 
32104 32121 31889 33858 
32224 32389 32046 34034 
32360 32633 32231 34034 
32485 32823 32463 33859 
32628 32959 32707 33588 
32745 32977 32862 33199 
32847 32954 32973 32790 
32981 32907 33021 32415 
33110 32853 33020 32130 
33184 32808 32952 31898 
33243 32783 32901 31805 
33253 32782 32871 31815 
33188 32796 32877 31914 
33072 32826 32929 32064 
32900 32838 33011 32226 
32687 32832 33077 32373 
32544 32857 33161 32551 
32415 32875 33173 32696 
32319 32853 33078 32772 
32306 32845 32896 32863 
32345 32809 32654 32969 
32427 32745 32371 33089 
32511 32656 32105 33204 
32585 32518 31874 33311 
32665 32404 31796 33445 
32700 32260 31808 33488 
32703 32155 31950 33452 
32747 32154 32253 33358 
32787 32233 32599 33172 
32834 32418 32977 32899 
32916 32677 33333 32554 
33030 33035 33647 32223 
33099 33313 33772 31890 
33131 33546 33763 31632 
33125 33660 33653 31526 
33016 33586 33382 31540 
32874 33391 33076 31711 
32682 33073 32743 32002 
32483 32700 32422 32386 
32321 32308 32165 32822 
32205 31995 31959 33234 
32155 31809 31834 33621 
32201 31804 31823 33922 
32346 31943 31926 34087 
32515 32195 32088 34093 
32705 32498 32316 33926 
32888 32806 32578 33608 
33029 33073 32876 33184 
33103 33232 33132 32655 
33154 33324 33388 32165 
33141 33308 33586 31705 
33085 33215 33676 31359 
33032 33102 33676 31202 
32943 32960 33547 31215 
32857 32834 33321 31424 
32743 32703 33007 31778 
32681 32668 32703 32296 
32594 32627 32387 32839 
32478 32552 32080 33319 
32393 32506 31888 33747 
32333 32460 31800 34005 
32349 32448 31855 34113 
32387 32442 31984 34014 
32487 32464 32189 33767 
32589 32483 32402 33416 
32727 32551 32644 33049 
32877 32641 32872 32687 
32940 32685 33020 32323 
32985 32742 33157 32080 
32964 32778 33239 31942 
32897 32812 33313 31912 
32788 32816 33339 31928 
32691 32833 33345 32034 
32625 32873 33331 32165 
32616 32946 33277 32277 
32687 33043 33177 32389 
32811 33154 33018 32482 
32941 33223 32782 32547 
33099 33275 32563 32673 
33165 33200 32288 32793 
33134 33017 32044 32947 
33007 32748 31862 33151 
32778 32408 31772 33364 
32504 32078 31820 33566 
32249 31840 31971 33720 
32010 31671 32183 33700 
31917 31721 32497 33608 
31966 31949 32846 33389 
32162 32287 33168 33059 
32465 32721 33445 32661 
32829 33163 33648 32254 
33155 33507 33697 31829 
33442 33737 33650 31514 
33568 33757 33493 31335 
33573 33637 33274 31355 
33399 33359 32959 31480 
33145 33039 32665 31802 
32883 32753 32409 32245 
32573 32445 32158 32704 
32338 32250 31991 33198 
32133 32095 31844 33616 
32087 32089 31852 33979 
32123 32129 31940 34189 
32198 32187 32099 34240 
32319 32261 32321 34091 
32506 32382 32635 33811 
32651 32477 32924 33364 
32801 32599 33205 32859 
32948 32766 33437 32325 
33084 32994 33614 31827 
33181 33202 33660 31413 
33258 33424 33633 31189 
33270 33580 33482 31135 
33246 33649 33267 31288 
33133 33555 32953 31545 
33000 33382 32638 32004 
32841 33092 32354 32530 
32637 32705 32092 33057 
32446 32292 31912 33529 
32268 31919 31828 33889 
32191 31688 31873 34097 
32155 31600 31984 34134 
32192 31669 32190 33996 
32295 31907 32425 33736 
32403 32213 32659 33372 
32536 32566 32890 32967 
32634 32874 33054 32572 
32736 33135 33193 32245 
32792 33295 33263 31979 
32879 33404 33324 31827 
32974 33417 33344 31762 
33071 33392 33324 31788 
33200 33330 33285 31866 
33307 33257 33207 31980 
33369 33158 33074 32119 
33396 33067 32938 32316 
33322 32937 32761 32519 
33144 32755 32564 32751 
32872 32522 32351 32995 
32528 32259 32153 33234 
32162 31999 31998 33452 
31836 31791 31901 33619 
31642 31716 31908 33755 
31604 31780 31983 33758 
31785 32016 32196 33680 
32077 32358 32449 33488 
32510 32789 32757 33194 
32932 33188 33033 32870 
33309 33527 33282 32622 
33631 33762 33496 32479 
33773 33811 33616 32335 
33759 33661 33654 32078 
33541 33357 33570 31499 
33252 32983 33428 30729 
32891 32574 33200 29914 
32544 32237 32906 29459 
32299 32069 32616 29820 
32143 32030 32306 31032 
32095 32128 32042 33060 
32074 32267 31811 35337 
32146 32424 31727 37414 
32166 32477 31705 38666 
32294 32547 31845 38927 
32557 32709 32104 38167 
32921 32936 32416 36482 
33386 33283 32787 34159 
33828 33678 33176 31339 
34061 33954 33529 28568 
33935 33910 33811 26112 
33322 33453 33934 24353 
32326 32652 33917 23750 
31200 31636 33741 24544 
30245 30646 33403 26754 
30285 30043 32547 34352 
31622 30889 32185 38607 
33611 32354 31851 42137 
35900 34091 31675 44342 
37823 35584 31678 44680 
38801 36484 31807 42994 
38291 36627 32040 39504 
36098 36090 32336 34625 
32620 35198 32625 29338 
28639 34233 32890 24506 
25069 33204 33067 20947 
22863 31987 33178 19344 
22825 30402 33220 20060 
24985 28392 33203 22903 
28933 26189 33131 27378 
34107 24456 33082 32826 
39280 24000 33023 38081 
43641 25366 32984 42334 
46272 28729 32982 44957 
46507 33729 32975 45506 
43958 39177 32905 43878 
39053 44201 32893 40520 
32499 47577 32789 35931 
25411 48573 32651 30879 
19448 46810 32524 26432 
15577 42421 32338 23147 
14662 36002 32185 21600 
16972 28744 32057 21962 
22276 21772 32023 24088 
29783 16268 32098 27525 
38470 13037 32220 31695 
46494 12724 32411 35679 
52452 15292 32674 38928 
54974 20429 32952 40959 
53175 27586 33217 41486 
47366 35756 33412 40532 
38687 44126 33592 38397 
28935 51543 33654 35483 
19861 56965 33600 32311 
13549 59086 33457 29547 
10804 57159 33215 27523 
11957 51040 32936 26581 
16850 40876 32601 26727 
24237 28989 32322 27917 
32858 17075 32046 29748 
41372 7440 31826 31864 
48484 1861 31723 33956 
52532 1522 31720 35569 
52832 6299 31843 36550 
49301 15264 32093 36794 
42559 26744 32391 36280 
34114 38855 32746 35214 
25764 49782 33109 33864 
19244 58234 33423 32392 
16182 62817 33710 31219 
16751 62976 33874 30436 
20517 58895 33898 30122 
26396 50783 33768 30291 
32626 39981 33510 30861 
38017 27816 33183 31738 
41554 16118 32783 32645 
42851 6756 32383 33500 
41952 1814 32011 34092 
39544 2044 31760 34390 
36359 7415 31628 34318 
33142 17245 31681 33992 
30492 29242 31812 33442 
28745 41404 32082 32875 
27898 51679 32369 32307 
28083 58126 32718 31973 
29071 59991 32991 31782 
30708 57396 33215 31825 
32530 50911 33330 32029 
34176 42222 33415 32435 
35103 32525 33389 32829 
35122 23234 33310 33157 
34162 15545 33196 33365 
32646 10804 33078 33379 
31067 9550 32940 33203 
30063 11996 32824 32887 
30043 17875 32734 32492 
31087 26295 32659 32141 
32961 35889 32597 31871 
35144 45146 32514 31747 
36960 52119 32449 31866 
37866 55567 32390 32147 
37567 54794 32354 32602 
36064 49927 32342 33122 
33665 41853 32314 33562 
30980 32194 32340 33910 
28524 22511 32414 34058 
27018 15392 32525 33983 
26597 11707 32675 33693 
27194 11934 32819 33234 
28728 15847 32979 32678 
30836 22517 33154 32134 
33158 30639 33284 31668 
35442 38969 33391 31387 
37339 45775 33385 31287 
38734 50050 33288 31413 
39458 51126 33112 31753 
39243 48863 32868 32217 
37839 44013 32602 32759 
35149 37682 32347 33313 
31428 31125 32117 33752 
27360 25440 31996 34067 
24235 21571 31998 34157 
23044 19627 32127 34035 
24341 19514 32326 33713 
27893 21090 32625 33270 
32578 24096 32921 32721 
36932 28181 33187 32184 
39712 32943 33385 31708 
40178 37453 33462 31389 
38721 41070 33433 31292 
36223 43089 33267 31361 
33721 43246 32999 31654 
32032 41708 32700 32083 
31249 39033 32444 32596 
31094 35832 32240 33078 
31144 32598 32081 33494 
31162 29956 32126 33828 
30976 27970 32231 33944 
30645 26804 32383 33885 
30356 26620 32579 33672 
30249 27344 32739 33387 
30507 28805 32865 33058 
31188 30637 32919 32716 
32364 32463 32934 32428 
33738 33830 32922 32220 
34989 34512 32884 32065 
35782 34558 32874 32017 
35914 34101 32923 32063 
35513 33355 32988 32127 
34965 32491 33040 32192 
34717 31786 33120 32304 
34862 31463 33165 32381 
35021 31710 33130 32463 
34521 32602 32989 32526 
32931 34236 32799 32650 
30205 36333 32525 32771 
27167 38479 32270 32951 
24777 40136 32051 33155 
24048 40698 31897 33341 
25483 39611 31872 33521 
28647 36708 31992 33644 
32592 32134 32209 33678 
36463 26571 32547 33643 
39513 20867 32911 33443 
41312 16465 33189 33069 
41971 14525 33427 32642 
41571 15940 33643 32233 
40043 20581 33655 31792 
37478 27920 33559 31450 
33959 36721 33376 31285 
29785 45719 33098 31259 
25781 53129 32828 31463 
22609 57680 32507 31794 
20914 58513 32246 32238 
21057 55159 32022 32783 
23063 47994 31901 33350 
26575 37830 31841 33814 
31042 26251 31891 34169 
35986 14981 32051 34348 
40416 6473 32305 34358 
43752 2093 32594 34139 
45428 2728 32925 33745 
45039 8418 33219 33194 
42775 17960 33464 32598 
39140 29683 33680 32035 
34573 42121 33723 31482 
30314 52356 33657 31109 
26797 59440 33500 30960 
24334 62265 33190 30964 
23056 60511 32869 31239 
22824 54673 32527 31717 
23457 45686 32190 32294 
24917 34801 31949 32912 
27144 24063 31774 33489 
30137 15436 31789 33994 
33621 10019 31921 34292 
37303 8477 32117 34368 
40461 10858 32387 34244 
42496 16301 32641 33894 
43101 23748 32894 33443 
42150 31519 33049 32929 
40052 38522 33161 32451 
37285 43636 33199 32061 
34264 46427 33210 31801 
31494 46769 33204 31737 
28956 45132 33125 31764 
26783 42362 33088 31933 
24982 39155 33013 32105 
23850 36317 32954 32300 
23610 34033 32922 32489 
24410 32195 32845 32577 
26348 30523 32815 32642 
29022 28773 32707 32617 
32157 27025 32582 32590 
35331 25549 32459 32609 
38324 24694 32321 32695 
40770 24822 32206 32867 
42555 25942 32120 33100 
43548 27794 32129 33386 
43469 29937 32195 33656 
42053 31851 32321 33817 
39212 33421 32531 33852 
34986 34724 32723 33708 
29755 36051 32903 33407 
24562 37707 33077 33000 
20152 39624 33163 32505 
17464 41516 33252 32057 
17133 42556 33255 31668 
19239 42179 33198 31419 
23444 40104 33126 31337 
29143 36420 33045 31434 
35262 31896 32947 31688 
41070 27352 32865 32035 
45877 23586 32768 32413 
49158 21222 32690 32800 
50180 20587 32575 33113 
48699 21666 32492 33396 
44581 24133 32372 33543 
38299 27768 32308 33645 
30519 32019 32215 33604 
22946 36239 32211 33562 
16897 39741 32235 33456 
13485 41940 32299 33279 
13576 42440 32455 33125 
16904 41291 32653 32925 
22830 38943 32877 32743 
30424 36065 33104 32527 
38254 33362 33259 32285 
45102 31449 33380 32099 
49988 30305 33404 31922 
51979 29770 33338 31798 
50614 29686 33244 31790 
45969 29760 33047 31806 
38793 29987 32847 31936 
30280 30363 32643 32130 
22402 30836 32483 32423 
16583 31305 32335 32718 
13924 31635 32246 33058 
14888 31639 32172 33369 
19182 31331 32166 33661 
25857 30853 32190 33868 
33631 30565 32283 34005 
41219 30663 32375 33971 
46987 31455 32534 33833 
50036 33006 32726 33575 
49673 35081 32900 33184 
45829 37539 33100 32694 
39553 39786 33298 32213 
32072 41452 33447 31734 
25006 42090 33501 31343 
19738 41420 33504 31133 
17427 39292 33400 31098 
18207 35709 33211 31235 
21643 30983 32939 31566 
26924 25532 32622 32067 
32732 20367 32285 32592 
38155 16374 32037 33177 
42312 14381 31825 33668 
44817 15251 31775 34104 
45198 19157 31843 34351 
43415 25673 32014 34393 
39722 33852 32313 34248 
34532 42550 32636 33898 
29033 49989 32967 33435 
24277 55036 33228 32907 
21389 56922 33439 32372 
21081 55243 33578 31866 
23313 50395 33573 31497 
27361 43086 33472 31282 
32166 34137 33276 31230 
36633 24520 33006 31323 
39884 15809 32746 31613 
41521 8990 32484 32010 
41447 5216 32254 32463 
39769 5294 32073 32946 
36891 9538 31972 33409 
33285 17468 31984 33803 
29465 28314 32082 34052 
26532 39619 32303 34179 
24943 49974 32559 34123 
24993 57723 32812 33837 
26672 61798 33056 33386 
29477 61518 33283 32906 
32761 57103 33457 32373 
35885 49226 33536 31869 
38364 38737 33482 31411 
39801 27620 33346 31166 
39985 17422 33101 31120 
38846 9778 32835 31318 
36506 5896 32550 31726 
33394 6274 32299 32280 
30177 10561 32113 32876 
27486 18012 32006 33468 
26207 26803 32039 33977 
26458 35454 32168 34256 
27893 42966 32333 34299 
29962 48622 32560 34150 
32037 51997 32763 33760 
33638 52768 32909 33274 
34679 51037 32982 32713 
35204 47038 33009 32175 
35399 41501 32994 31755 
35424 35252 32950 31525 
35325 29235 32909 31465 
35112 24267 32902 31628 
34687 20963 32941 31942 
34039 19509 32970 32263 
33338 19579 33035 32641 
32636 20726 33063 32940 
31983 22607 33045 33130 
31488 25043 33021 33262 
30974 27782 32869 33217 
30474 31071 32743 33155 
29926 34547 32535 33018 
29491 38132 32306 32850 
29498 41599 32133 32745 
30169 44541 32043 32706 
31579 46458 32024 32718 
33630 46988 32127 32792 
35888 45801 32309 32859 
37660 42943 32537 32931 
38486 38600 32810 32993 
37989 33084 33018 32950 
36214 26700 33150 32845 
33807 20732 33275 32754 
31200 15693 33235 32570 
29084 12581 33181 32456 
27785 12176 33057 32334 
27498 14913 32898 32255 
28128 20765 32807 32245 
29318 28861 32720 32269 
30895 37998 32722 32359 
32592 46623 32762 32467 
34260 53416 32828 32600 
35760 57203 32846 32676 
36952 57343 32878 32803 
37562 53766 32808 32865 
37434 47109 32708 32944 
36462 38348 32588 33037 
34688 28673 32414 33098 
32479 19466 32252 33137 
30291 11949 32089 33135 
28794 7639 32050 33172 
28184 7008 32082 33139 
28533 10201 32229 33086 
29613 16874 32487 33014 
30960 25731 32770 32858 
32205 35433 33108 32704 
33037 44753 33389 32476 
33499 51941 33614 32256 
33779 56222 33706 32035 
34174 56954 33694 31903 
34840 53888 33520 31806 
35796 47622 33239 31832 
36792 39162 32941 32002 
37322 29464 32575 32242 
37030 20818 32310 32611 
35669 14650 32068 32953 
33415 11898 31940 33288 
30583 12931 31900 33565 
27868 17402 31952 33760 
25663 24124 32016 33772 
24492 31899 32238 33766 
24399 39378 32404 33563 
25521 44808 32607 33335 
27825 47624 32831 33049 
31056 47450 33014 32697 
35115 44486 33176 32361 
39331 39560 33343 32104 
43132 33533 33460 31886 
45789 27456 33508 31742 
46530 22702 33517 31693 
44977 19999 33464 31747 
41013 19809 33325 31845 
34912 22383 33101 32012 
27844 27352 32836 32262 
21042 33963 32548 32557 
15875 40984 32269 32875 
13551 47158 31990 33187 
14798 50772 31794 33467 
19413 50900 31751 33734 
26630 46979 31822 33902 
34984 39491 32001 33949 
42773 29868 32252 33841 
48917 19970 32551 33603 
52625 11608 32878 33303 
53137 6713 33106 32883 
50411 6158 33264 32433 
44691 10172 33363 32055 
36541 18428 33392 31766 
27472 29481 33323 31560 
19027 41891 33225 31530 
12904 53746 33076 31615 
10412 63143 32977 31858 
11932 65411 32873 32118 
17042 65486 32832 32462 
24681 65443 32778 32768 
33027 52536 32738 33033 
40797 37819 32677 33229 
47013 21647 32595 33353 
51129 6466 32511 33433 
52587 223 32381 33416 
51376 74 32253 33354 
47471 54 32123 33259 
41165 7321 32091 33187 
33352 14983 32092 33081 
25146 29113 32218 32980 
17754 44969 32423 32860 
13137 59051 32695 32741 
12132 65305 32986 32580 
14775 65479 33291 32427 
20459 65507 33536 32253 
27537 65519 33665 32083 
34730 54786 33682 31952 
40772 37547 33575 31900 
45126 18356 33375 31916 
47496 1527 33049 31999 
48105 109 32718 32181 
47234 47 32410 32455 
44903 36 32152 32762 
41031 7633 31916 33054 
35813 20786 31850 33416 
29694 36363 31839 33680 
23562 51790 31939 33900 
18695 63870 32085 33949 
16276 65440 32348 33914 
16576 65502 32610 33711 
19386 65515 32923 33431 
24000 55661 33156 32967 
29322 39167 33382 32491 
34710 21419 33571 32007 
39535 5259 33676 31590 
43526 172 33648 31271 
46195 62 33517 31102 
47348 47 33322 31147 
46604 5238 32998 31341 
43928 16437 32690 31785 
39577 30774 32400 32344 
34143 45754 32147 32949 
28556 58896 31947 33505 
23621 65324 31871 34007 
20201 65482 31910 34316 
18762 65508 32056 34424 
19338 65450 32267 34284 
21744 49742 32497 33963 
25547 32203 32682 33459 
30112 14925 32878 32948 
34744 1137 32979 32409 
38893 95 33054 31989 
41961 50 33074 31693 
43494 70 33052 31571 
43476 11561 33085 31668 
41918 24476 33066 31829 
39142 38765 33087 32081 
35777 51486 33112 32331 
32412 60899 33160 32566 
29557 65089 33162 32731 
27600 63644 33150 32829 
26662 56467 33026 32821 
26629 45179 32836 32785 
27250 31485 32590 32756 
28379 17704 32374 32833 
29682 6693 32107 32908 
31220 514 31908 33061 
32818 73 31797 33243 
34276 4783 31763 33390 
35301 14068 31937 33562 
35603 27203 32192 33611 
35142 41517 32552 33548 
34057 54988 32970 33343 
32866 64021 33340 33006 
32093 65450 33625 32569 
32139 65500 33822 32141 
32992 56501 33839 31720 
34291 43476 33720 31436 
35497 28794 33437 31286 
36236 15533 33127 31339 
36124 6051 32753 31569 
35250 2357 32396 31945 
33888 4526 32122 32411 
32309 11536 31928 32915 
30719 21831 31817 33409 
29354 32981 31836 33864 
28140 43227 31918 34123 
27197 51169 32115 34266 
26607 55661 32342 34195 
26754 56084 32658 33990 
27853 52463 32946 33609 
29966 45361 33197 33121 
32985 35591 33396 32556 
36374 25326 33557 32059 
39472 16464 33605 31608 
41592 10955 33525 31257 
42342 10214 33390 31115 
41551 14333 33149 31144 
39499 22242 32862 31350 
36607 31858 32560 31746 
33301 41223 32330 32284 
30000 48014 32129 32868 
26977 51216 31983 33401 
24502 50614 31949 33846 
22873 46592 32035 34162 
22523 40501 32203 34281 
23603 33573 32426 34188 
26121 27085 32668 33910 
29861 22074 32894 33468 
34015 19462 33071 32972 
37856 19478 33199 32496 
40749 21985 33269 32035 
42113 26358 33279 31711 
