32122 31809 31925 33065 
32122 31809 31925 33065 
32010 31822 31870 33077 
31949 31903 31896 33076 
31991 32084 32049 33079 
32126 32330 32282 33075 
32334 32626 32587 33014 
32566 32942 32908 32867 
32810 33196 33193 32652 
33066 33444 33445 32415 
33288 33608 33639 32182 
33399 33635 33675 31920 
33461 33571 33641 31753 
33406 33385 33482 31667 
33251 33101 33210 31723 
33080 32825 32931 31949 
32863 32518 32605 32276 
32690 32323 32360 32747 
32446 32101 32066 33149 
32231 31952 31833 33558 
32100 31916 31740 33927 
32019 31954 31739 34119 
32027 32058 31874 34145 
32118 32234 32093 34007 
32280 32457 32404 33689 
32503 32702 32763 33240 
32766 32948 33109 32685 
33038 33191 33455 32085 
33313 33427 33728 31579 
33495 33571 33854 31185 
33613 33652 33873 31009 
33562 33584 33712 31008 
33376 33412 33424 31245 
33119 33173 33080 31721 
32731 32800 32611 32267 
32409 32499 32235 32938 
32108 32180 31886 33530 
31944 31993 31673 34043 
31899 31884 31602 34327 
32025 31959 31723 34453 
32240 32070 31939 34294 
32489 32240 32206 33932 
32762 32430 32539 33442 
32983 32619 32856 32930 
33063 32704 33079 32385 
33103 32808 33277 31980 
33010 32827 33350 31658 
32908 32879 33374 31558 
32794 32948 33351 31615 
32706 33044 33279 31801 
32686 33171 33188 32034 
32703 33287 33081 32288 
32799 33398 32985 32542 
32880 33419 32861 32725 
32941 33348 32728 32826 
32971 33205 32609 32896 
32922 32940 32463 32911 
32844 32641 32346 32929 
32713 32312 32229 32950 
32560 32018 32137 32986 
32472 31853 32125 33091 
32378 31760 32126 33171 
32389 31821 32219 33285 
32447 32009 32379 33369 
32531 32228 32553 33352 
32645 32526 32787 33287 
32778 32839 33040 33148 
32837 33068 33219 32858 
32895 33286 33403 32540 
32976 33502 33565 32227 
32958 33578 33568 31897 
32925 33571 33476 31640 
32876 33490 33283 31549 
32788 33278 32987 31590 
32682 32990 32611 31781 
32623 32682 32284 32133 
32566 32354 31997 32601 
32507 32036 31778 33079 
32490 31814 31713 33551 
32517 31758 31821 33944 
32616 31855 32085 34144 
32749 32104 32456 34152 
32896 32469 32888 33944 
33035 32880 33301 33551 
33126 33275 33617 33015 
33141 33553 33774 32417 
33136 33745 33821 31906 
33005 33703 33639 31465 
32822 33484 33325 31225 
32589 33124 32916 31194 
32383 32709 32466 31402 
32290 32377 32141 31862 
32232 32069 31860 32376 
32263 31918 31744 32948 
32385 31924 31811 33462 
32555 32075 32019 33858 
32735 32329 32336 34055 
32914 32613 32692 34062 
33001 32844 32978 33853 
32983 32981 33152 33462 
32954 33080 33262 33060 
32880 33077 33246 32661 
32813 33030 33151 32330 
32751 32964 33012 32099 
32688 32853 32828 31948 
32704 32795 32729 31965 
32746 32764 32687 32059 
32787 32757 32711 32235 
32818 32766 32784 32378 
32832 32766 32873 32480 
32821 32773 32963 32552 
32790 32791 32995 32583 
32728 32774 32955 32566 
32678 32769 32851 32573 
32630 32749 32692 32618 
32613 32737 32508 32756 
32593 32673 32291 32927 
32582 32600 32139 33188 
32570 32495 32043 33420 
32611 32429 32097 33672 
32652 32366 32225 33800 
32693 32354 32451 33786 
32751 32406 32736 33609 
32805 32530 33034 33290 
32896 32740 33317 32882 
32931 32949 33486 32358 
32982 33194 33575 31857 
33014 33425 33557 31437 
33022 33553 33432 31209 
32966 33537 33209 31156 
32882 33399 32966 31332 
32729 33099 32665 31674 
32602 32737 32407 32190 
32465 32336 32183 32763 
32342 31940 31991 33311 
32271 31671 31882 33825 
32273 31585 31872 34176 
32326 31692 31948 34351 
32477 31978 32154 34336 
32647 32374 32415 34129 
32840 32842 32745 33752 
32971 33244 33034 33227 
33093 33602 33336 32660 
33206 33863 33605 32137 
33254 33950 33771 31668 
33192 33802 33750 31306 
33096 33524 33624 31130 
32929 33136 33354 31128 
32747 32685 33012 31333 
32591 32256 32657 31733 
32453 31911 32314 32228 
32355 31676 32051 32770 
32300 31597 31864 33273 
32293 31681 31794 33716 
32395 31986 31906 34071 
32565 32392 32115 34233 
32721 32841 32380 34189 
32857 33259 32628 33924 
32972 33599 32888 33544 
33060 33801 33120 33082 
33080 33797 33268 32582 
33036 33614 33332 32096 
32928 33267 33315 31683 
32763 32806 33204 31443 
32603 32327 33059 31390 
32482 31936 32886 31534 
32371 31664 32665 31797 
32367 31620 32518 32219 
32416 31789 32410 32709 
32537 32106 32372 33171 
32652 32510 32370 33549 
32797 32959 32466 33829 
32922 33365 32596 33905 
33011 33647 32758 33799 
33090 33780 32931 33557 
33080 33712 33027 33153 
33039 33493 33088 32677 
33009 33221 33088 32240 
32923 32877 33006 31842 
32858 32563 32903 31602 
32772 32298 32751 31551 
32700 32143 32617 31727 
32577 32043 32461 32013 
32482 32045 32386 32424 
32397 32129 32365 32877 
32335 32262 32406 33297 
32351 32485 32540 33668 
32379 32676 32663 33855 
32493 32871 32819 33880 
32535 32945 32861 33659 
32642 33007 32898 33371 
32757 33027 32895 33041 
32851 32976 32849 32664 
32917 32883 32779 32332 
32980 32777 32733 32074 
33011 32709 32705 31943 
33039 32664 32725 31906 
33062 32704 32777 31957 
33069 32790 32856 32061 
33078 32941 32959 32219 
33062 33103 33034 32375 
33030 33267 33088 32572 
32926 33316 33062 32702 
32812 33279 33009 32861 
32565 33021 32811 32926 
32356 32712 32624 33065 
32176 32321 32440 33209 
32022 31932 32248 33329 
31929 31614 32094 33401 
31975 31480 32048 33460 
32115 31522 32063 33433 
32383 31810 32214 33361 
32681 32223 32425 33182 
33009 32769 32712 32910 
33282 33287 32992 32576 
33497 33778 33262 32217 
33585 34085 33442 31865 
33590 34242 33577 31634 
33467 34157 33577 31534 
33282 33888 33456 31575 
33026 33456 33231 31770 
32794 32963 32978 32077 
32541 32439 32682 32465 
32375 31984 32443 32914 
32192 31551 32203 33274 
32069 31316 32060 33593 
32000 31220 31965 33777 
31984 31325 31963 33896 
32049 31613 32049 33987 
32156 32016 32180 34040 
32274 32466 32327 33914 
32518 33001 32567 33549 
32714 33436 32766 32741 
32945 33808 32984 31594 
33167 34003 33188 30352 
33372 34058 33371 29447 
33554 33972 33533 29331 
33621 33708 33573 30098 
33614 33389 33557 31691 
33494 32994 33456 33767 
33208 32518 33222 35640 
32933 32152 33000 37003 
32631 31860 32688 37446 
32443 31796 32387 37022 
32415 31984 32128 35869 
32463 32297 31894 34077 
32630 32763 31815 32019 
32685 33106 31830 29794 
32492 33143 31910 27775 
31320 32210 32341 25816 
30596 31432 32627 26526 
30122 30754 32881 28438 
30196 30426 33078 31366 
31016 30698 33225 34917 
32592 31666 33309 38436 
34737 33287 33414 41311 
36946 35030 33422 42879 
38745 36493 33388 42718 
39474 37237 33363 40776 
38662 37105 33263 37227 
36162 36232 33108 32513 
32541 35047 32972 27702 
28474 33769 32753 23451 
24933 32570 32506 20583 
22820 31299 32275 19728 
22862 29812 32091 21122 
24994 27914 31911 24487 
28864 25882 31855 29309 
33718 24264 31861 34799 
38624 23784 31967 40004 
42720 25127 32180 44061 
45209 28564 32464 46349 
45357 33496 32760 46418 
42984 39116 33051 44260 
38438 44354 33329 40339 
32335 48067 33567 35155 
26011 49242 33695 29740 
20653 47577 33734 24937 
17288 43140 33638 21448 
16646 36485 33450 19835 
18924 28904 33158 20296 
23808 21504 32776 22631 
30668 15651 32430 26469 
38540 12208 32084 31107 
45729 11847 31808 35673 
50985 14611 31661 39520 
53021 20103 31686 42112 
51038 27718 31848 43106 
45389 36279 32129 42440 
37086 44884 32497 40368 
27910 52441 32914 37308 
19585 57782 33289 33708 
14042 59654 33604 30379 
12017 57381 33831 27712 
13629 50812 33834 26026 
18601 40489 33652 25483 
25889 28360 33362 26166 
34218 16331 33001 27746 
42272 6722 32588 29876 
48938 1340 32208 32261 
52402 1467 31953 34355 
52125 6658 31813 35874 
48094 16023 31866 36718 
40742 28177 32031 36764 
32222 40351 32312 36214 
24076 51101 32631 35170 
18086 58999 32881 33916 
15475 63064 33068 32668 
16715 62645 33198 31787 
21049 57964 33189 31218 
27226 49508 33061 31053 
33912 38257 32913 31305 
39403 25853 32771 31821 
42769 14460 32680 32396 
43684 5845 32664 32905 
42376 1519 32703 33227 
39493 2525 32802 33286 
35958 8719 32906 33064 
32592 18961 33039 32678 
29917 31302 33153 32228 
28150 43709 33128 31773 
27497 53533 33051 31509 
27841 59366 32852 31515 
29004 60478 32599 31770 
30865 57126 32389 32332 
32811 50079 32148 32986 
34410 40725 31940 33639 
35353 30525 31919 34286 
35294 21230 32006 34662 
34252 13957 32209 34744 
32606 9637 32496 34488 
30866 8993 32845 33914 
29768 12264 33160 33112 
29693 18837 33418 32247 
30790 27866 33633 31483 
32723 37715 33681 30857 
35045 47058 33648 30531 
36996 53682 33450 30499 
38086 56638 33200 30820 
37910 55221 32881 31430 
36356 49354 32482 32244 
33946 40633 32147 33075 
31174 30576 31896 33844 
28656 21093 31710 34410 
26890 13942 31670 34727 
26292 10615 31788 34770 
26771 11354 31993 34476 
28228 15799 32327 33969 
30397 23105 32737 33322 
32804 31606 33119 32602 
35219 39983 33497 31951 
37431 46898 33754 31408 
39102 50968 33851 31067 
40132 51792 33846 31012 
40100 49268 33639 31163 
38721 44033 33309 31506 
35969 37521 32950 32032 
32009 30803 32523 32531 
27744 25152 32197 33083 
24066 21014 31880 33511 
22534 19047 31755 33821 
23580 18947 31790 33951 
26894 20490 31928 33888 
31537 23570 32156 33661 
35877 27752 32473 33413 
38653 32543 32752 33077 
39391 37245 32987 32768 
38299 41072 33112 32452 
36432 43326 33209 32283 
34636 43733 33223 32223 
33435 42411 33146 32225 
32908 39811 33058 32283 
32749 36698 32986 32410 
32478 33500 32910 32479 
31899 30619 32863 32512 
31010 28292 32858 32508 
30050 26875 32846 32434 
29275 26442 32842 32351 
28942 27005 32820 32306 
29209 28395 32749 32278 
30234 30237 32679 32417 
31821 32020 32574 32600 
33682 33371 32437 32852 
35357 34109 32317 33148 
36412 34169 32241 33448 
36605 33718 32201 33687 
36147 33026 32272 33876 
35475 32243 32400 33859 
35017 31612 32570 33674 
34923 31415 32756 33342 
34849 31885 32975 32927 
34168 33061 33163 32429 
32424 34937 33308 31924 
29690 37294 33406 31497 
26742 39545 33425 31271 
24586 41086 33339 31226 
24127 41299 33129 31349 
25778 39787 32895 31713 
29030 36353 32597 32219 
33072 31328 32342 32805 
36905 25257 32102 33392 
39733 19509 31947 33868 
41402 15286 31923 34191 
41859 13726 31993 34297 
41239 15556 32189 34153 
39599 20721 32486 33832 
36913 28487 32790 33307 
33387 37613 33132 32774 
29150 46942 33387 32143 
25322 54260 33592 31697 
22388 58556 33627 31358 
21042 59077 33554 31256 
21603 55213 33345 31380 
23928 47590 33038 31692 
27640 37078 32652 32121 
32243 25288 32335 32628 
37017 13973 32062 33114 
41176 5517 31902 33545 
44084 1302 31864 33826 
45235 2164 31949 33894 
44422 7986 32172 33809 
41843 17747 32459 33593 
37968 29655 32759 33256 
33525 42102 33036 32863 
29456 52602 33266 32496 
26243 59870 33382 32161 
24269 62895 33452 31986 
23399 61186 33406 31900 
23495 55291 33287 31958 
24281 46099 33091 32079 
25709 35258 32861 32285 
27804 24220 32594 32483 
30607 15212 32397 32753 
33837 9664 32208 32954 
37163 8024 32045 33081 
40161 10363 32042 33230 
42144 15961 32079 33276 
42703 23389 32235 33313 
41802 31347 32436 33260 
39727 38612 32712 33165 
37045 43847 32999 33050 
34206 46683 33254 32871 
31536 47139 33451 32646 
29142 45638 33603 32455 
27067 42902 33589 32216 
25409 39800 33495 32036 
24312 36890 33280 31915 
24004 34363 32984 31902 
24693 32215 32637 31991 
26388 30143 32304 32188 
28848 27967 32017 32464 
31872 25811 31851 32819 
34887 24076 31782 33131 
37771 23256 31884 33456 
40278 23635 32077 33651 
42265 25313 32373 33757 
43416 27866 32669 33710 
43536 30700 32961 33558 
42296 33228 33164 33274 
39472 35197 33259 32920 
35265 36587 33297 32578 
30135 37745 33280 32307 
24806 38930 33167 32049 
20284 40262 33062 31903 
17512 41454 32973 31865 
17034 41890 32845 31845 
19196 41129 32809 31964 
23471 38828 32791 32102 
29164 35203 32788 32284 
35378 30817 32769 32487 
41340 26416 32707 32684 
46201 22956 32640 32919 
49223 20961 32504 33109 
50052 20609 32356 33261 
48318 21863 32226 33426 
43938 24542 32140 33549 
37465 28223 32157 33627 
29790 32455 32251 33608 
22317 36655 32374 33480 
16479 40201 32593 33276 
13485 42476 32864 33005 
13867 43034 33095 32623 
17689 41967 33347 32307 
23862 39530 33468 31956 
31399 36506 33522 31688 
39134 33573 33459 31538 
45944 31222 33288 31517 
50531 29760 33102 31658 
52179 28989 32854 31928 
50392 28731 32595 32254 
45304 28843 32360 32674 
37788 29207 32164 33087 
29193 29810 32034 33490 
21162 30533 31961 33783 
15306 31314 32013 34005 
12895 31902 32116 34044 
14183 32119 32290 33929 
18856 31947 32511 33684 
26148 31528 32752 33319 
34372 31198 33004 32893 
42228 31240 33210 32404 
48383 31952 33425 31981 
51637 33333 33539 31575 
51239 35267 33554 31344 
47309 37459 33494 31255 
40661 39590 33361 31363 
32502 41208 33140 31635 
24751 41789 32850 32019 
18903 41135 32600 32513 
16008 39032 32332 33023 
16473 35419 32105 33491 
19884 30714 31962 33854 
25272 25371 31895 34051 
31568 20258 31976 34122 
37676 16142 32072 33973 
42486 14186 32253 33715 
45433 14958 32438 33349 
46229 18777 32646 32958 
44655 25429 32839 32561 
40981 33739 33013 32204 
35720 42439 33150 31931 
29890 50107 33291 31779 
24699 55449 33387 31712 
21307 57564 33411 31734 
20540 56229 33435 31854 
22495 51499 33388 32015 
26444 44199 33285 32211 
31336 35225 33122 32436 
36075 25542 32900 32639 
39757 16264 32662 32897 
41691 8942 32401 33112 
41830 4616 32137 33306 
40310 4188 31938 33487 
37361 8055 31792 33604 
33630 15763 31763 33657 
29750 26194 31828 33613 
26500 37724 32003 33493 
24576 48810 32280 33281 
24485 57317 32660 33032 
26047 62163 33019 32715 
28810 62603 33327 32342 
32392 58605 33640 32029 
35712 50965 33776 31776 
38419 40707 33793 31621 
40145 29373 33730 31663 
40538 18467 33495 31752 
39529 10232 33188 31954 
37184 5683 32802 32198 
34012 5537 32462 32542 
30575 9597 32153 32933 
27673 16596 31859 33228 
25994 25206 31678 33492 
25870 34048 31667 33723 
27100 41958 31764 33834 
29099 47892 31982 33835 
31216 51530 32307 33717 
32987 52618 32645 33471 
34296 51227 33041 33170 
35086 47592 33341 32738 
35637 42414 33615 32324 
36030 36471 33784 31949 
36222 30527 33779 31580 
36182 25701 33642 31384 
35785 22354 33397 31333 
34997 20590 33077 31465 
33858 20181 32683 31746 
32666 20862 32355 32184 
31500 22173 32056 32641 
30528 24045 31901 33169 
29764 26386 31833 33621 
29250 29213 31925 33965 
28928 32598 32108 34108 
28847 36363 32331 34060 
29255 40321 32610 33874 
30221 43776 32798 33491 
31868 46314 32945 33077 
34016 47407 33021 32639 
36382 46719 33045 32243 
38206 44219 33037 31984 
39023 40065 33002 31840 
38540 34645 32963 31808 
36822 28415 32936 31877 
34348 22337 32979 32053 
31691 17088 33007 32225 
29461 13572 33033 32392 
28091 12608 33106 32575 
27671 14659 33076 32652 
28138 19733 33003 32720 
29154 27134 32853 32738 
30476 35789 32649 32792 
31875 44265 32431 32893 
33245 51133 32199 33007 
34593 55445 32002 33151 
35728 56187 31932 33330 
36530 53413 31963 33463 
36776 47603 32114 33549 
36251 39379 32357 33529 
34981 30181 32627 33393 
33217 21222 32919 33166 
31370 13776 33131 32829 
29947 8984 33316 32457 
29326 7875 33400 32120 
29541 10528 33357 31845 
30375 16571 33234 31656 
31456 25221 33037 31620 
32435 34886 32880 31769 
32967 44069 32741 31976 
33130 51442 32662 32264 
33122 56041 32631 32596 
33249 56901 32642 32878 
33744 54003 32682 33114 
34668 47722 32704 33243 
35799 38913 32731 33333 
36655 29320 32721 33360 
36756 20454 32629 33292 
35927 13928 32554 33260 
34080 10821 32419 33159 
31527 11957 32321 33102 
28878 16704 32224 33003 
26650 24014 32218 32917 
25245 32443 32332 32868 
24882 40541 32531 32783 
25667 46587 32762 32663 
27559 49759 32993 32460 
30563 49689 33215 32253 
34460 46507 33403 32069 
38661 41000 33513 31942 
42579 34160 33502 31873 
45488 27208 33391 31894 
46558 21248 33169 32013 
45258 17598 32895 32230 
41434 16722 32593 32494 
35394 19031 32348 32844 
28048 24304 32161 33156 
20928 31518 32043 33423 
15438 39679 32061 33653 
12787 47236 32097 33723 
13893 52310 32220 33714 
18518 53738 32387 33628 
25819 50867 32549 33464 
34517 43803 32710 33231 
42798 33945 32827 32951 
49458 23119 32939 32649 
53553 13447 33035 32368 
54423 6701 33110 32084 
51785 4545 33185 31842 
45936 7296 33207 31631 
37719 14674 33278 31569 
28267 25554 33264 31546 
19166 38591 33219 31642 
12514 51248 33129 31865 
9452 61768 32973 32154 
10552 65380 32760 32565 
15590 65485 32540 33048 
23091 65503 32304 33534 
31684 56048 32109 33966 
39880 41327 31943 34232 
46702 24574 31897 34359 
51266 8740 31978 34299 
53074 307 32078 33967 
52242 79 32304 33525 
48586 53 32534 32935 
42281 3259 32758 32297 
34486 14075 32979 31761 
26106 27969 33142 31325 
18627 43120 33275 31133 
13440 57379 33355 31152 
11848 65245 33419 31410 
13960 65470 33432 31816 
19306 65505 33406 32287 
26337 65518 33332 32759 
33567 55440 33177 33127 
39847 38409 33008 33407 
44435 19398 32770 33540 
46986 2551 32528 33548 
47824 128 32294 33435 
47132 50 32065 33248 
44973 35 31863 33026 
41460 6774 31785 32865 
36536 19652 31786 32746 
30744 35122 31921 32725 
24752 50841 32156 32744 
19976 63250 32472 32811 
17277 65424 32801 32835 
17225 65500 33118 32854 
19711 65514 33414 32815 
23861 56910 33611 32680 
28859 42890 33728 32525 
33863 24938 33694 32270 
38427 7716 33554 32035 
42062 244 33327 31858 
44589 68 33012 31757 
45777 48 32659 31814 
45398 1683 32352 32081 
43233 13883 32077 32459 
39485 27707 31903 32929 
34579 42844 31821 33442 
29562 56301 31870 33896 
25118 65084 32058 34205 
21946 65465 32341 34299 
20422 65504 32666 34147 
20760 65484 32984 33754 
22813 50813 33273 33191 
26124 34107 33443 32483 
30303 16624 33549 31841 
34519 2205 33486 31263 
38272 112 33338 30950 
40981 49 33048 30836 
42364 52 32764 31057 
42250 10590 32491 31550 
40744 23439 32271 32214 
38079 37867 32160 32951 
34840 50830 32078 33588 
31702 60629 32199 34158 
29172 65214 32377 34471 
27558 65372 32608 34509 
27042 57614 32840 34276 
27442 46542 33011 33797 
28467 33000 33147 33187 
29773 18986 33163 32495 
31232 7681 33177 31936 
32656 760 33072 31457 
33941 78 32856 31182 
34950 2697 32679 31198 
35437 12522 32492 31474 
35114 25264 32300 31868 
34066 39695 32219 32431 
32585 52853 32230 33044 
31068 62513 32262 33507 
30275 65413 32457 33896 
30488 65495 32695 34040 
31752 57757 32956 33948 
33647 45488 33172 33629 
35715 30922 33377 33200 
37207 17523 33487 32704 
37747 7662 33515 32251 
37216 3048 33369 31824 
35801 4419 33134 31559 
33934 10784 32828 31518 
31913 20517 32519 31668 
29961 31571 32231 32018 
28176 42035 32001 32427 
26743 50361 31904 32904 
25767 55445 31890 33321 
25618 56672 32059 33696 
26494 53739 32268 33854 
28551 47100 32561 33834 
31564 37686 32832 33619 
35163 26858 33023 33260 
38583 17224 33177 32863 
41130 10680 33217 32471 
42365 8755 33171 32143 
42117 12048 33113 31977 
40487 19495 32972 31911 
37922 29274 32863 32013 
34796 39139 32808 32217 
31381 47051 32760 32450 
28216 51417 32826 32740 
25429 51836 32882 32901 
23347 48743 32892 32955 
22418 43036 32912 32943 
22954 36168 32884 32841 
25024 29396 32753 32676 
28467 23893 32618 32557 
32621 20481 32446 32476 
36680 19541 32263 32465 
39882 21050 32111 32563 
41751 24665 32057 32765 
