32136 32343 32462 32389 
32136 32343 32462 32389 
32267 32598 32299 32479 
32470 32865 32176 32593 
32665 33098 32114 32706 
32890 33358 32206 32882 
33043 33488 32364 32997 
33112 33485 32558 33019 
33132 33373 32813 32997 
33036 33118 33005 32873 
32891 32782 33172 32682 
32778 32477 33319 32509 
32686 32213 33383 32327 
32580 31984 33306 32156 
32546 31909 33173 32073 
32567 31964 32981 32114 
32578 32084 32698 32221 
32633 32330 32460 32498 
32640 32567 32219 32821 
32634 32791 32059 33167 
32578 32942 31976 33459 
32529 33040 32024 33677 
32537 33139 32225 33797 
32545 33159 32477 33698 
32619 33158 32774 33435 
32731 33135 33076 33032 
32854 33087 33290 32524 
33036 33084 33486 32037 
33155 33010 33492 31573 
33226 32939 33386 31293 
33236 32839 33194 31241 
33155 32704 32926 31418 
32989 32535 32619 31779 
32799 32393 32388 32337 
32516 32210 32170 32909 
32240 32039 32045 33461 
31941 31956 32135 34218 
31964 32064 32309 34263 
32121 32312 32546 34081 
32394 32637 32799 33688 
32735 33016 33000 33152 
33037 33347 33118 32536 
33394 33704 33272 32050 
33569 33844 33259 31572 
33626 33806 33197 31326 
33522 33598 33077 31302 
33229 33199 32870 31456 
32829 32698 32630 31797 
32450 32215 32460 32306 
32064 31777 32278 32821 
31819 31505 32190 33325 
31728 31432 32158 33720 
31828 31616 32253 33969 
32104 31986 32443 34016 
32463 32453 32667 33838 
32915 33019 32956 33531 
33257 33484 33132 33017 
33579 33901 33330 32517 
33794 34139 33483 32088 
33743 34091 33440 31691 
33532 33821 33285 31464 
33191 33388 33046 31441 
32751 32815 32724 31599 
32357 32263 32431 31947 
32013 31750 32166 32380 
31793 31376 31973 32827 
31744 31226 31918 33261 
31864 31326 31974 33610 
32134 31649 32162 33845 
32486 32149 32449 33888 
32849 32711 32749 33776 
33107 33208 32985 33498 
33241 33592 33133 33130 
33279 33836 33218 32751 
33222 33906 33211 32433 
33028 33751 33096 32139 
32816 33495 32934 31980 
32617 33133 32760 31914 
32509 32787 32672 31962 
32508 32458 32628 32105 
32579 32234 32667 32277 
32725 32103 32752 32449 
32874 32068 32851 32569 
33004 32129 32951 32672 
33093 32261 33011 32748 
33090 32418 32984 32783 
32966 32559 32862 32791 
32795 32723 32711 32872 
32552 32785 32486 32941 
32282 32791 32259 33026 
32080 32774 32101 33151 
31946 32730 32009 33236 
31951 32726 32044 33311 
32106 32777 32207 33355 
32355 32848 32441 33281 
32681 32972 32730 33118 
33078 33153 33063 32916 
33432 33296 33335 32643 
33690 33399 33559 32388 
33780 33353 33628 32100 
33698 33182 33565 31859 
33492 32923 33413 31722 
33137 32565 33147 31693 
32740 32228 32860 31800 
32325 31891 32526 31957 
32026 31730 32268 32281 
31765 31650 32013 32614 
31664 31744 31864 33005 
31701 31937 31789 33344 
31899 32260 31863 33683 
32189 32665 32063 33924 
32531 33066 32332 34028 
32848 33403 32615 33920 
33165 33683 32944 33700 
33385 33794 33210 33315 
33572 33817 33495 32900 
33607 33677 33646 32414 
33547 33438 33684 31941 
33371 33105 33591 31530 
33131 32745 33395 31279 
32876 32423 33149 31222 
32628 32141 32830 31345 
32408 31973 32505 31660 
32251 31904 32203 32112 
32165 31938 31998 32641 
32168 32062 31903 33178 
32220 32218 31902 33645 
32292 32394 32004 33955 
32413 32579 32208 34100 
32513 32721 32434 34041 
32607 32818 32669 33791 
32687 32909 32865 33436 
32741 32958 32990 33019 
32790 32985 33052 32583 
32878 33071 33086 32273 
32928 33098 33038 32034 
32971 33122 32965 31910 
32984 33114 32887 31902 
33035 33106 32873 32017 
33052 33070 32908 32181 
33034 33000 32958 32348 
32982 32862 33023 32457 
32902 32720 33090 32544 
32785 32553 33085 32588 
32686 32390 33040 32595 
32545 32233 32884 32583 
32444 32134 32666 32604 
32416 32139 32445 32726 
32389 32185 32195 32878 
32368 32284 31951 33076 
32472 32502 31877 33375 
32566 32721 31904 33640 
32638 32897 32009 33771 
32725 33052 32266 33819 
32819 33182 32624 33695 
32834 33197 32940 33380 
32825 33127 33239 32911 
32827 33048 33491 32404 
32823 32949 33635 31849 
32832 32856 33658 31385 
32843 32777 33545 31106 
32888 32761 33377 31065 
32903 32725 33098 31209 
32933 32740 32815 31625 
32932 32733 32527 32173 
32920 32729 32311 32817 
32821 32626 32099 33404 
32675 32486 31952 33927 
32549 32368 31934 34310 
32420 32236 31980 34474 
32281 32091 32063 34378 
32211 32054 32255 34108 
32209 32107 32464 33648 
32273 32259 32702 33069 
32483 32596 33003 32525 
32683 32934 33222 31898 
32918 33302 33404 31420 
33174 33684 33567 31144 
33364 33923 33607 31044 
33467 33999 33564 31147 
33443 33862 33418 31456 
33313 33543 33188 31899 
33104 33118 32905 32424 
32845 32618 32599 32973 
32585 32133 32322 33506 
32339 31725 32079 33932 
32189 31520 31918 34159 
32114 31482 31861 34199 
32133 31606 31899 34053 
32233 31915 32054 33778 
32363 32246 32215 33351 
32499 32601 32438 32912 
32634 32912 32638 32463 
32745 33174 32853 32109 
32812 33322 33005 31818 
32841 33362 33129 31676 
32861 33318 33240 31684 
32879 33228 33324 31824 
32891 33089 33364 32004 
32926 32975 33384 32248 
32978 32903 33371 32492 
33033 32875 33314 32706 
33104 32907 33208 32878 
33135 32932 33034 32991 
33121 32953 32774 33047 
33065 32942 32507 33083 
32910 32818 32216 33074 
32678 32580 31942 33058 
32443 32305 31761 33089 
32170 31973 31653 33085 
31924 31662 31649 33063 
31790 31506 31801 33049 
31801 31526 32089 33015 
31948 31762 32445 32948 
32231 32152 32853 32837 
32592 32679 33248 32680 
32990 33272 33589 32475 
33375 33851 33816 32267 
33713 34294 33928 32142 
33865 34508 33856 32039 
33864 34476 33660 32000 
33685 34175 33366 32040 
33369 33640 33014 32150 
32929 32923 32599 32297 
32501 32207 32285 32557 
32066 31482 31993 32840 
31688 30888 31731 33129 
31524 30602 31639 33554 
31563 30661 31695 34022 
31757 30990 31826 34275 
32113 31637 32070 34188 
32546 32447 32383 33607 
32971 33246 32721 32536 
33329 33956 33050 31233 
33599 34455 33357 30145 
33717 34692 33596 29738 
33667 34609 33729 30229 
33514 34284 33780 31568 
33185 33702 33650 33317 
32808 33010 33452 35090 
32441 32298 33166 36309 
32205 31755 32852 36816 
32118 31423 32499 36506 
32240 31429 32169 35486 
32535 31747 31905 33918 
32921 32262 31780 32049 
33257 32822 31796 30051 
33346 33182 31892 28144 
33071 33227 32086 26734 
32424 32933 32374 26198 
31551 32357 32661 26776 
30738 31637 32932 28595 
30263 30977 33083 31357 
30531 30693 33206 34859 
31581 30969 33205 38286 
33326 31923 33178 41083 
35319 33329 33129 42662 
37059 34903 33049 42576 
37906 36246 33016 40712 
37428 37026 33005 37273 
35591 37101 32965 32733 
32774 36533 32948 27839 
29775 35416 32922 23596 
27288 33879 32873 20730 
25895 31904 32748 19736 
26033 29589 32632 21014 
27638 27114 32471 24293 
30388 24813 32276 29001 
33749 23297 32128 34467 
37168 23242 32020 39777 
39866 25118 31985 43911 
41369 29022 32059 46273 
41113 34384 32202 46428 
38920 40404 32432 44352 
35179 45765 32751 40484 
30522 49358 33067 35416 
25907 50227 33317 29956 
22384 47844 33559 24949 
20996 42432 33665 21453 
21964 34821 33633 19848 
25136 26194 33516 20310 
30165 17951 33283 22724 
35994 11925 33003 26549 
41684 9024 32671 31019 
46227 9927 32427 35579 
48490 14564 32220 39429 
47690 22187 32102 41946 
43656 31587 32039 42864 
37038 41635 32041 42193 
28924 51044 32077 40090 
21259 58292 32186 37086 
15803 61977 32276 33727 
13608 61452 32435 30612 
14987 56321 32593 28153 
19851 46575 32776 26636 
26834 34186 32973 26311 
34921 20738 33148 26962 
42760 8671 33337 28409 
49141 594 33487 30267 
52750 80 33588 32175 
52900 57 33601 33791 
49292 8783 33468 34862 
42305 20813 33289 35413 
33398 34292 33021 35368 
24094 47155 32671 34867 
16536 57714 32381 34198 
12196 64342 32058 33400 
12280 65440 31857 32800 
16500 64169 31762 32447 
23728 55288 31844 32404 
32198 44441 31927 32526 
40366 31554 32143 32828 
46218 18708 32360 33103 
49005 7773 32613 33318 
48428 669 32827 33351 
44823 82 32973 33138 
39247 72 33113 32766 
33314 10448 33240 32299 
27994 22680 33313 31805 
24211 36369 33385 31416 
22381 49285 33416 31201 
22584 58819 33395 31195 
24567 63729 33362 31416 
27799 63429 33280 31841 
31704 58404 33143 32390 
35455 49697 32925 32931 
38264 39069 32633 33402 
39709 28000 32358 33802 
39522 18060 32100 34050 
37693 10380 31850 34103 
34785 6324 31702 33974 
31559 6286 31651 33705 
28847 10307 31737 33396 
27323 17983 31934 33028 
27447 27831 32250 32699 
29067 38350 32629 32410 
31678 47718 33012 32180 
34573 54437 33341 31985 
36903 57160 33675 31940 
38058 55519 33859 31948 
37813 49953 33915 32017 
36251 41471 33792 32083 
33934 32044 33606 32207 
31379 23323 33318 32337 
29162 16843 32950 32465 
27639 13574 32512 32558 
27183 14016 32179 32735 
27686 17535 31862 32866 
28992 23270 31608 32999 
31054 30303 31533 33208 
33455 37015 31609 33407 
35873 42471 31811 33574 
37985 45763 32098 33694 
39501 46508 32504 33752 
39899 44644 32913 33642 
38841 41020 33311 33423 
36237 36507 33644 33066 
32354 32113 33824 32591 
28010 28587 33908 32102 
24466 26333 33814 31597 
22845 25266 33582 31217 
23768 25165 33235 30984 
27140 25899 32869 31025 
31794 27235 32455 31258 
36316 29194 32115 31732 
39488 31501 31852 32315 
40752 33925 31756 33031 
40028 35855 31788 33710 
38154 37022 31956 34264 
35874 37334 32195 34564 
33735 36989 32508 34661 
31833 36238 32788 34456 
30240 35457 33009 34069 
28784 34758 33126 33476 
27548 34106 33128 32826 
26738 33394 33052 32161 
26712 32693 32963 31651 
27498 31902 32823 31297 
29211 31136 32762 31161 
31682 30394 32725 31174 
34572 29814 32789 31417 
37366 29342 32903 31748 
39585 29104 33045 32169 
40637 29078 33146 32569 
40142 29455 33208 32958 
38223 30170 33162 33251 
35456 31167 33004 33441 
32636 32356 32753 33540 
30457 33705 32467 33593 
29227 35071 32147 33516 
28705 36492 31904 33420 
28357 37886 31765 33315 
27783 39142 31790 33190 
27030 40011 31940 33028 
26625 40164 32227 32881 
27159 39301 32573 32674 
29094 37363 32993 32521 
32298 34065 33322 32275 
35865 29988 33614 32103 
38936 25440 33735 31934 
40887 21114 33718 31815 
41483 17825 33573 31802 
40766 16460 33288 31833 
39250 17716 32999 32003 
37134 21615 32663 32233 
34645 27821 32357 32551 
31776 35602 32104 32929 
28719 43463 31890 33241 
25826 50335 31828 33578 
23537 54968 31881 33841 
22330 56460 32009 33942 
22598 54401 32245 33979 
24291 48801 32487 33770 
27231 40361 32758 33457 
31272 29815 33065 33050 
35685 19137 33301 32563 
39715 10563 33500 32107 
42939 5195 33585 31704 
44843 4034 33556 31424 
45037 7524 33456 31341 
43379 14968 33252 31387 
40146 25144 32977 31612 
35918 36333 32668 31941 
31272 47167 32395 32406 
27220 55421 32181 32881 
24217 59947 31998 33263 
22497 60424 31965 33605 
21982 56794 32038 33844 
22472 49411 32153 33863 
23830 40065 32349 33797 
25958 29918 32542 33595 
28831 20583 32699 33321 
32469 13393 32821 33002 
36387 9572 32885 32672 
40225 9408 32955 32430 
43295 12580 32992 32242 
44955 18580 32997 32100 
44702 25993 33039 32053 
42693 33475 33096 32090 
39321 40043 33129 32110 
35291 44896 33186 32170 
31142 47596 33193 32216 
27579 48048 33163 32270 
24808 46683 33077 32362 
22975 44025 32914 32433 
22156 40678 32675 32542 
22552 37332 32468 32765 
24073 34018 32209 32952 
26588 30760 31962 33154 
29937 27514 31851 33423 
33478 24413 31842 33642 
36727 21732 31913 33748 
39331 20067 32096 33736 
41108 19938 32376 33613 
42027 21679 32720 33340 
42121 25078 33042 32956 
41438 29558 33301 32494 
40028 34292 33541 32087 
37740 38411 33675 31715 
34647 41233 33679 31482 
30897 42729 33578 31396 
26902 43094 33376 31479 
23210 42661 33119 31693 
20660 41698 32828 32069 
19703 40172 32491 32461 
20661 37986 32206 32913 
23532 34815 31930 33321 
27703 31065 31747 33651 
32561 27073 31702 33886 
37485 23501 31765 33955 
42032 21087 31969 33906 
45411 20382 32226 33672 
47359 21536 32576 33383 
47459 24283 32965 33008 
45312 28181 33315 32561 
41043 32484 33620 32160 
35008 36642 33797 31808 
28123 40154 33851 31566 
21539 42587 33726 31463 
16825 43504 33476 31499 
14856 42787 33113 31687 
16084 40549 32751 32028 
20318 37090 32366 32447 
26645 33098 32031 32871 
33859 29504 31821 33250 
40851 26900 31731 33574 
46605 25639 31828 33783 
50204 25685 32000 33806 
50824 26847 32272 33718 
48207 28713 32529 33489 
42703 30940 32780 33203 
35004 33239 32977 32887 
26720 35177 33065 32575 
19483 36640 33156 32391 
14647 37218 33158 32273 
13225 36778 33121 32199 
15495 35319 33075 32199 
20964 33103 33024 32235 
28611 30621 33001 32288 
37167 28442 33003 32324 
44836 27199 33003 32325 
50327 27201 32976 32297 
52634 28563 32922 32285 
51159 31141 32826 32326 
46176 34454 32680 32399 
38663 37966 32535 32603 
30083 41049 32361 32831 
21975 43093 32148 33085 
16342 43573 32043 33410 
13975 42140 32017 33676 
15141 38707 32059 33800 
19605 33374 32214 33790 
25919 27217 32426 33637 
33048 21101 32720 33368 
39787 16166 33023 32970 
45221 13477 33287 32510 
48424 14002 33524 32098 
48928 17794 33617 31690 
46708 24514 33622 31460 
41882 33288 33499 31405 
35360 42344 33242 31502 
28306 50256 32892 31765 
22185 55742 32527 32149 
18277 57937 32206 32676 
17439 56311 31922 33137 
19669 51196 31761 33551 
24290 43349 31780 33868 
30296 33489 31938 33994 
36175 23298 32208 33919 
40997 14053 32577 33688 
44014 7073 32954 33310 
44842 3629 33274 32863 
43513 4413 33523 32394 
40274 9554 33622 31993 
35787 18373 33589 31697 
30689 29990 33404 31604 
26271 42184 33110 31656 
23489 52594 32780 31888 
22629 60119 32462 32215 
23698 63578 32240 32623 
26277 62278 32047 32969 
29778 56643 32000 33290 
33619 47506 32097 33518 
37165 36060 32240 33580 
39969 23973 32470 33507 
41450 13658 32733 33358 
41360 6542 32958 33090 
39621 3791 33106 32775 
36655 5639 33189 32477 
33019 11467 33199 32223 
29541 19967 33118 32058 
26990 29545 32969 31994 
25799 39103 32784 32054 
26004 46655 32614 32245 
27141 51768 32466 32513 
28788 54111 32358 32818 
30579 53514 32315 33084 
32308 50306 32375 33340 
33916 45025 32489 33459 
35408 38497 32664 33477 
36736 31646 32866 33334 
37649 25769 33033 33057 
37976 21554 33165 32701 
37552 19324 33243 32330 
36340 18992 33219 31978 
34660 20171 33101 31744 
32821 22278 32927 31667 
31106 24845 32701 31762 
29759 27662 32485 32033 
28870 30446 32321 32440 
28356 33274 32198 32883 
28140 36146 32122 33294 
28370 39087 32204 33687 
29122 41748 32337 33928 
30499 43816 32525 33941 
32460 44948 32739 33788 
34793 44784 32919 33437 
37021 43201 33083 33012 
38617 40197 33169 32505 
39178 36111 33243 32077 
38443 31150 33239 31715 
36543 25962 33147 31507 
33966 21085 32999 31469 
31302 17208 32810 31638 
29051 14977 32592 31957 
27745 15189 32425 32403 
27421 18080 32279 32874 
27923 23510 32146 33301 
29036 31041 32126 33669 
30397 39163 32209 33905 
31785 46648 32343 33899 
33144 52308 32576 33775 
34461 55183 32852 33486 
35595 54651 33105 33081 
36489 50827 33327 32595 
36919 44287 33482 32160 
36676 35711 33499 31747 
35756 26613 33417 31498 
34311 18210 33204 31422 
32705 11828 32918 31540 
31364 8507 32595 31832 
30578 9005 32297 32240 
30309 13163 32053 32710 
30430 20366 31932 33170 
30644 29549 31920 33577 
30698 38942 32048 33841 
30566 47209 32272 33956 
30409 53130 32551 33892 
30540 55889 32810 33659 
31253 54957 33020 33317 
32748 50601 33155 32949 
34769 43426 33197 32565 
36983 34385 33181 32253 
38625 25232 33070 31997 
39240 17446 32942 31870 
38549 12422 32819 31824 
36455 11205 32724 31882 
33437 14197 32720 32029 
30085 20463 32733 32171 
26988 28750 32776 32318 
24652 37475 32847 32476 
23475 45106 32893 32654 
23705 49966 32902 32833 
25403 51438 32844 33026 
28516 49406 32731 33204 
32797 44256 32558 33373 
37600 37187 32413 33533 
42206 29267 32257 33605 
45738 21928 32149 33605 
47327 16374 32133 33520 
46224 13712 32212 33307 
42419 14510 32385 33039 
36344 18729 32624 32696 
28927 25795 32861 32295 
21458 34816 33106 31918 
15873 44053 33309 31641 
13326 51901 33487 31524 
14329 56722 33507 31494 
18924 57302 33454 31651 
26348 52914 33321 31948 
34603 44445 33102 32299 
42562 33281 32855 32731 
48951 21304 32536 33121 
52906 10708 32272 33510 
53540 3685 32009 33780 
50679 1591 31866 33941 
44694 4720 31818 33944 
36346 12651 31865 33794 
26838 24541 32056 33565 
18293 37999 32315 33255 
12281 51221 32631 32876 
10066 62105 32975 32503 
12158 65400 33310 32134 
17791 65486 33580 31834 
25599 65504 33765 31628 
34066 56764 33773 31499 
42024 41994 33679 31522 
48048 25942 33441 31652 
51655 10806 33083 31871 
52542 523 32726 32204 
50568 85 32367 32618 
45963 54 32042 33007 
39219 7430 31838 33392 
31295 14627 31790 33716 
23346 28539 31877 33939 
17145 42907 32062 34001 
13750 55701 32307 33917 
13843 64643 32586 33716 
17353 65454 32841 33430 
23180 65498 32972 33055 
30005 59573 33075 32679 
36361 47671 33083 32330 
41377 31476 33051 32019 
44442 15019 32980 31800 
45621 1613 32938 31690 
45295 106 32908 31681 
43798 49 32894 31728 
41242 64 32946 31857 
37751 11975 33025 32066 
33464 25800 33108 32335 
28800 40943 33129 32583 
24444 55107 33070 32854 
21449 64838 32918 33101 
20440 65456 32739 33349 
21519 65497 32491 33536 
24376 65488 32237 33664 
28121 52190 32010 33706 
32013 36880 31866 33661 
35462 20856 31803 33511 
38280 6518 31907 33305 
40225 227 32121 33048 
41297 70 32385 32689 
41553 58 32759 32359 
40768 6700 33112 31992 
39011 17923 33437 31738 
36365 31441 33690 31605 
33160 45273 33800 31582 
29841 57416 33796 31700 
27050 65009 33664 31950 
25056 65459 33398 32254 
24181 65495 33068 32602 
24494 58555 32649 32932 
26005 45374 32249 33276 
28351 30068 31879 33516 
31257 15114 31637 33683 
34313 3219 31528 33739 
37019 126 31563 33682 
38904 57 31738 33521 
39766 3722 32050 33291 
39538 13454 32478 33050 
38226 26457 32945 32753 
36096 39926 33337 32402 
33644 52116 33708 32121 
31343 61056 33952 31889 
29578 65096 34037 31738 
28640 63887 33925 31646 
28568 57282 33663 31697 
29148 46792 33256 31821 
30204 33785 32786 32058 
31382 20874 32325 32387 
32580 10047 31962 32797 
33629 2963 31673 33178 
34500 863 31561 33540 
35000 4102 31617 33802 
34997 12039 31849 33941 
34312 23656 32162 33895 
32954 36898 32495 33672 
31314 49368 32810 33361 
29817 58978 33054 32971 
29015 63905 33231 32613 
29269 62953 33314 32265 
30583 56523 33290 32009 
32663 45850 33243 31893 
34994 33007 33157 31881 
37021 20419 33053 31948 
38281 11012 32991 32112 
38559 6119 32933 32264 
37977 6278 32922 32470 
36595 11072 32909 32627 
34657 19012 32849 32720 
32331 28576 32766 32782 
29779 38203 32662 32844 
27100 46895 32501 32880 
24885 52880 32326 32930 
23530 55707 32171 33032 
23535 54796 32065 33157 
25157 49998 32015 33271 
28350 41884 32067 33370 
32472 32003 32177 33377 
36960 22281 32428 33361 
40875 14670 32696 33218 
43618 10834 32986 32980 
44695 11576 33255 32687 
44067 16314 33483 32365 
41887 23612 33608 32035 
38383 31857 33618 31757 
34144 39110 33544 31605 
29542 44384 33343 31583 
25135 47152 33102 31710 
21527 47369 32792 31957 
19500 45436 32513 32328 
19386 41897 32224 32756 
21361 37481 31978 33169 
25302 32853 31824 33575 
30323 28873 31787 33896 
35483 25978 31852 34045 
39933 24504 32009 34030 
42995 24511 32280 33873 
