32957 33423 33517 32099 
32957 33423 33517 32099 
32937 33267 33506 31716 
32856 32999 33356 31441 
32657 32424 32885 31488 
32519 32126 32577 31719 
32393 31878 32308 32083 
32311 31743 32114 32506 
32259 31733 31980 32916 
32284 31869 31981 33297 
32420 32151 32127 33606 
32646 32567 32375 33806 
32924 33017 32688 33822 
33142 33402 32962 33615 
33361 33738 33238 33339 
33504 33943 33438 32954 
33561 33968 33543 32557 
33479 33816 33522 32180 
33249 33458 33329 31864 
32934 33018 33045 31688 
32578 32556 32725 31730 
32248 32127 32433 31947 
31944 31750 32158 32247 
31770 31545 31998 32653 
31738 31529 31958 33045 
31846 31685 32029 33386 
32124 32018 32238 33634 
32472 32400 32489 33700 
32844 32806 32760 33621 
33138 33128 32956 33379 
33341 33360 33091 33049 
33430 33491 33150 32702 
33398 33473 33153 32395 
33247 33341 33080 32151 
33028 33123 32969 31995 
32778 32871 32844 31952 
32592 32654 32766 32041 
32524 32551 32782 32261 
32517 32523 32807 32474 
32561 32547 32833 32659 
32685 32653 32883 32819 
32801 32760 32888 32892 
32906 32859 32854 32926 
32949 32931 32774 32924 
32930 32933 32674 32909 
32813 32837 32530 32885 
32629 32656 32373 32860 
32430 32443 32264 32867 
32239 32240 32198 32911 
32093 32057 32180 32931 
32064 31992 32257 32969 
32174 32084 32448 33022 
32395 32307 32674 33021 
32717 32639 32928 32964 
33033 33014 33141 32850 
33361 33405 33333 32658 
33643 33761 33507 32496 
33713 33884 33494 32262 
33689 33856 33445 32123 
33433 33565 33251 31980 
33043 33123 32969 31941 
32608 32593 32637 32031 
32202 32085 32343 32277 
31845 31623 32053 32574 
31634 31371 31836 32923 
31615 31346 31754 33263 
31788 31589 31836 33570 
32113 32048 32053 33756 
32544 32625 32417 33812 
32995 33243 32807 33690 
33367 33749 33181 33412 
33644 34104 33506 33008 
33764 34194 33716 32540 
33762 34094 33822 32155 
33552 33707 33721 31808 
33164 33096 33424 31556 
32740 32457 33055 31532 
32369 31886 32670 31715 
32063 31473 32305 32017 
31866 31254 31983 32376 
31842 31331 31791 32788 
31995 31683 31769 33205 
32249 32201 31875 33504 
32563 32778 32106 33706 
32896 33345 32432 33746 
33165 33775 32765 33647 
33352 34028 33103 33447 
33384 33993 33326 33129 
33329 33775 33500 32768 
33171 33399 33535 32443 
32951 32941 33451 32152 
32707 32448 33246 31944 
32490 32033 32973 31880 
32330 31757 32665 31952 
32223 31627 32366 32127 
32189 31679 32139 32398 
32243 31883 32001 32704 
32367 32199 32004 33012 
32530 32539 32134 33262 
32736 32933 32400 33436 
32925 33248 32700 33437 
33094 33509 33048 33351 
33209 33647 33324 33134 
33239 33641 33508 32824 
33210 33511 33547 32489 
33151 33331 33466 32234 
33009 33067 33234 32020 
32851 32784 32913 31925 
32673 32516 32539 31979 
32556 32350 32248 32218 
32412 32181 31982 32466 
32343 32115 31903 32809 
32294 32096 31952 33136 
32282 32110 32124 33385 
32364 32217 32437 33588 
32437 32323 32747 33619 
32578 32499 33072 33526 
32689 32653 33266 33240 
32860 32864 33414 32928 
33010 33064 33424 32570 
33143 33273 33344 32231 
33208 33392 33125 31902 
33231 33457 32892 31745 
33165 33413 32622 31702 
33009 33270 32372 31846 
32808 33028 32183 32085 
32602 32748 32105 32469 
32395 32434 32114 32892 
32233 32166 32222 33314 
32152 31980 32419 33699 
32155 31900 32665 33929 
32278 31966 32944 33972 
32444 32112 33130 33767 
32651 32376 33276 33418 
32924 32741 33377 32937 
33162 33106 33391 32395 
33330 33425 33285 31871 
33429 33637 33123 31447 
33396 33703 32893 31202 
33271 33606 32650 31198 
33096 33421 32451 31478 
32840 33080 32271 31893 
32579 32702 32172 32477 
32345 32333 32142 33124 
32181 32029 32186 33691 
32119 31850 32315 34136 
32140 31801 32477 34362 
32251 31901 32668 34356 
32420 32117 32835 34138 
32557 32358 32931 33675 
32704 32642 32989 33136 
32801 32886 32997 32557 
32872 33090 32981 32034 
32904 33226 32952 31641 
32898 33273 32933 31411 
32880 33240 32909 31373 
32889 33184 32940 31517 
32924 33083 32953 31767 
32966 32983 32977 32094 
33042 32935 32976 32437 
33134 32904 32961 32774 
33179 32883 32866 33048 
33163 32852 32712 33248 
33095 32835 32555 33398 
32944 32765 32398 33478 
32707 32637 32239 33493 
32376 32401 32105 33424 
32057 32157 32060 33325 
31810 31938 32127 33222 
31641 31758 32254 33043 
31654 31714 32489 32881 
31830 31819 32743 32682 
32174 32112 33040 32531 
32614 32506 33281 32347 
33115 33010 33461 32209 
33580 33524 33530 32088 
33965 34000 33511 32047 
34200 34337 33427 32055 
34202 34458 33220 32121 
33980 34320 32970 32213 
33582 33949 32701 32353 
33061 33375 32446 32555 
32440 32647 32207 32761 
31856 31891 32028 32989 
31368 31179 31912 33191 
31083 30685 31888 33368 
31024 30453 31957 33505 
31232 30578 32142 33584 
31689 31058 32407 33596 
32294 31812 32713 33506 
32917 32679 33017 33307 
33542 33579 33297 33021 
34008 34337 33511 32671 
34311 34883 33682 32352 
34351 35096 33713 32014 
34168 34968 33638 31736 
33744 34479 33412 31542 
33264 33815 33144 31546 
32724 33008 32798 31669 
32204 32187 32417 31898 
31858 31543 32135 32282 
31648 31090 31906 32731 
31608 30897 31765 33153 
31724 30950 31766 33521 
31964 31248 31901 33807 
32276 31736 32141 33945 
32559 32266 32423 33886 
32823 32775 32733 33704 
32962 33158 32975 33386 
33005 33405 33143 33010 
32990 33516 33252 32642 
32936 33500 33287 32336 
32915 33450 33300 32165 
32889 33305 33219 32050 
32891 33186 33101 32039 
32968 33110 33003 32103 
33103 33093 32911 32194 
33255 33127 32874 32307 
33339 33128 32813 32367 
33350 33098 32797 32415 
33249 32988 32772 32445 
32993 32756 32700 32447 
32662 32446 32616 32495 
32287 32094 32513 32596 
31910 31740 32369 32756 
31607 31441 32193 32940 
31485 31329 32096 33252 
31562 31423 32039 33651 
31873 31771 32125 34125 
32282 32246 32272 34466 
32774 32817 32502 34518 
33255 33395 32764 34017 
33658 33927 33055 32963 
33941 34298 33369 31535 
34018 34417 33581 30042 
33919 34341 33725 29059 
33642 34044 33717 29000 
33241 33547 33557 29950 
32817 33016 33351 31750 
32334 32378 33020 33903 
31920 31776 32681 35811 
31644 31301 32349 37117 
31616 31088 32069 37541 
31857 31209 31861 37093 
32326 31664 31762 35857 
32945 32383 31778 34051 
33514 33145 31901 31859 
33758 33688 32057 29467 
33579 33850 32303 27457 
32940 33538 32629 26150 
31912 32778 32904 25837 
30834 31760 33169 26808 
30135 30822 33409 29100 
30097 30365 33591 32310 
30849 30650 33699 35881 
32311 31793 33664 39165 
34311 33719 33568 41594 
36421 35756 33361 42502 
38360 37304 33160 41708 
39495 37621 32832 39146 
39340 36589 32522 35190 
37514 34630 32266 30644 
34005 32456 32047 26224 
29361 30888 31911 22736 
24353 30354 31843 20823 
20572 30691 31896 21027 
19024 31228 32019 23257 
20454 31273 32225 27201 
24955 30331 32442 32366 
31609 28664 32645 37551 
38989 27083 32827 41949 
45745 26481 32963 44855 
50588 27481 33100 45819 
52378 30186 33185 44613 
50511 33928 33267 41506 
45159 37929 33308 36974 
37073 41341 33368 31818 
27382 43441 33370 26751 
18203 43837 33332 22795 
11048 42576 33247 20479 
7275 39908 33079 20093 
7750 36248 32876 21713 
12624 32191 32613 24921 
21335 28184 32372 29207 
32499 24511 32129 33817 
44297 21495 31925 37996 
54951 19394 31794 41192 
62047 18661 31776 42916 
64024 19622 31897 43036 
60537 22547 32111 41639 
52015 27624 32370 38950 
40164 34197 32643 35591 
27130 41496 32980 32173 
14938 48205 33242 29069 
5624 52978 33495 26832 
995 54363 33610 25684 
1683 52015 33685 25710 
7478 46059 33613 26715 
17765 37396 33436 28506 
30302 27920 33191 30619 
43147 19227 32901 32739 
54008 12713 32543 34508 
60925 9401 32236 35783 
62268 9748 31970 36393 
58244 13597 31819 36363 
49959 20311 31807 35868 
38854 29229 31895 34973 
27893 38783 32110 33981 
19060 47440 32391 33041 
13546 54153 32737 32318 
11868 57675 33098 31840 
13713 57094 33360 31568 
18209 52413 33593 31608 
24100 44148 33662 31712 
30316 33716 33588 31885 
36146 22830 33422 32071 
40791 13991 33171 32230 
43813 9004 32848 32287 
45182 8660 32518 32340 
44853 12802 32271 32396 
42915 20488 32108 32493 
39708 29596 32002 32580 
35839 38463 32041 32769 
31965 45465 32137 32957 
28655 49787 32280 33173 
26493 50921 32482 33383 
25432 49106 32651 33524 
25400 44834 32805 33595 
26106 38633 32920 33560 
27192 31526 32970 33394 
28653 24456 33030 33193 
30356 18625 33076 32923 
32286 15176 33099 32587 
34328 15198 33130 32269 
36335 18909 33163 32006 
38006 25741 33141 31799 
39100 34517 33090 31687 
39308 43067 32972 31690 
38582 49789 32857 31837 
36880 53032 32685 32033 
34467 52063 32506 32332 
31690 46741 32302 32657 
29295 38698 32167 33037 
27546 29384 32056 33338 
26703 20788 32025 33580 
26814 14562 32108 33761 
27703 11965 32266 33812 
29205 13160 32527 33768 
31055 17607 32761 33542 
33141 24621 33024 33254 
35049 32795 33204 32859 
36632 40921 33358 32476 
37662 47706 33420 32116 
38049 52050 33399 31809 
37794 52882 33284 31614 
36955 50201 33143 31579 
35490 44547 32939 31643 
33347 36994 32713 31844 
30782 29347 32504 32131 
28149 22890 32331 32488 
26108 18519 32190 32884 
25415 16481 32068 33252 
26647 16875 32005 33575 
29474 19297 32057 33811 
33011 23390 32189 33912 
36020 28685 32379 33863 
37616 34681 32656 33692 
37368 40168 32910 33395 
35878 44457 33185 32995 
34072 46724 33403 32528 
32910 46671 33594 32089 
32814 44368 33638 31681 
33523 40380 33528 31385 
34511 35516 33340 31259 
35014 30301 33015 31303 
34715 25951 32714 31598 
33477 22790 32383 32027 
31663 21381 32115 32546 
29610 21993 31938 33107 
27901 24526 31862 33616 
27004 28442 31942 34012 
27165 32909 32128 34231 
28291 36945 32347 34202 
30159 39884 32582 33973 
32259 41148 32807 33599 
34173 40696 32963 33126 
35678 38747 33018 32616 
36954 35761 33065 32176 
38201 32039 33052 31815 
39502 28561 33038 31642 
40455 25710 32974 31570 
40463 24201 32960 31655 
38720 24529 32980 31900 
35013 26884 32995 32138 
29983 30965 33020 32431 
24796 36049 33034 32687 
20853 41102 32988 32901 
19272 45085 32872 33047 
20444 46752 32756 33173 
23725 45482 32566 33224 
28240 41206 32360 33225 
33195 34398 32159 33210 
37843 26602 32033 33222 
41815 19227 31960 33181 
44828 13928 32009 33159 
46505 11821 32183 33106 
46271 13652 32435 33019 
43881 18984 32710 32855 
39471 27059 33021 32674 
33615 36492 33261 32416 
27200 45990 33456 32179 
21568 53725 33530 31935 
17601 58518 33522 31785 
15926 59309 33409 31721 
16836 55659 33225 31803 
20385 47451 32974 31971 
25756 36637 32715 32250 
32266 24831 32481 32633 
38903 14105 32240 32995 
44678 6351 32078 33399 
48477 3219 31979 33738 
49672 4935 31961 33960 
48246 10921 32033 34010 
44629 20050 32179 33926 
39459 30939 32428 33690 
33819 41641 32697 33338 
28511 50753 32966 32858 
24092 57018 33187 32360 
20842 59605 33403 31890 
18995 57947 33499 31506 
18614 52481 33492 31272 
19814 44288 33395 31220 
22663 34586 33199 31335 
27169 25151 32949 31648 
32470 18007 32675 32061 
37935 13847 32474 32596 
42605 12836 32273 33096 
45745 14745 32149 33571 
46818 18682 32120 33947 
45917 23677 32149 34125 
43482 28831 32279 34177 
39942 33580 32429 34022 
35832 37473 32614 33690 
31600 40492 32790 33263 
27466 42802 32944 32783 
23786 44498 33040 32280 
21011 45552 33089 31860 
19672 45544 33050 31545 
20005 44179 32942 31411 
22006 41195 32800 31475 
25315 36533 32622 31693 
29358 31091 32531 32101 
33520 25648 32477 32522 
37396 21298 32484 32946 
40790 18787 32541 33307 
43644 18509 32717 33602 
45584 20115 32891 33687 
46435 22958 33056 33601 
45838 26373 33190 33369 
43422 29903 33265 33041 
39229 33247 33218 32646 
33613 36618 33076 32286 
27361 40052 32899 32073 
21387 43281 32621 31939 
16686 45972 32339 31968 
14504 47135 32101 32141 
15181 46296 31986 32445 
18512 43151 31917 32720 
24154 38104 32032 33065 
30794 32194 32226 33289 
37612 26583 32510 33445 
43571 22270 32819 33442 
48040 19854 33085 33319 
50338 19589 33274 33121 
50250 21006 33360 32835 
47690 23616 33345 32587 
42713 26902 33256 32375 
35945 30405 33059 32222 
28588 33722 32860 32177 
21767 36641 32659 32180 
16880 38940 32590 32322 
14822 40284 32558 32459 
16051 40496 32607 32602 
20107 39717 32684 32695 
26064 38315 32779 32744 
32953 36755 32837 32745 
39387 35474 32840 32715 
44533 34631 32797 32709 
47574 34057 32703 32718 
47961 33445 32536 32754 
45512 32490 32368 32808 
40797 31036 32227 32921 
34665 29120 32160 33064 
28275 26953 32162 33177 
22869 24959 32306 33289 
19698 23612 32539 33308 
19212 23329 32840 33257 
21272 24305 33084 33052 
25532 26733 33338 32800 
31106 30512 33500 32466 
36624 34916 33607 32191 
41129 39403 33548 31914 
43956 43341 33369 31749 
44496 46123 33111 31695 
42580 47161 32806 31805 
38748 46331 32496 32022 
33805 43730 32203 32330 
28899 39637 31987 32709 
25041 34402 31851 33109 
23117 28627 31804 33466 
23441 23349 31881 33732 
25542 19008 32048 33911 
28653 16082 32259 33884 
32146 15106 32579 33769 
35141 16269 32869 33476 
37396 19555 33162 33097 
38741 24688 33418 32649 
39152 31367 33619 32202 
38572 38461 33714 31808 
36993 45017 33677 31473 
34602 50053 33524 31329 
31744 52716 33271 31373 
29147 52433 32965 31591 
27525 49373 32619 31948 
27372 44231 32316 32413 
28670 37941 32066 32934 
30964 31259 31868 33395 
33505 25268 31819 33806 
35494 20303 31858 34033 
36442 16687 31989 34067 
36241 14675 32225 33943 
35033 14567 32493 33652 
33244 16517 32753 33230 
31318 20528 33018 32771 
29589 26429 33208 32270 
28559 33338 33384 31913 
28349 40421 33440 31603 
29138 46634 33411 31472 
30934 51157 33304 31525 
33297 53056 33119 31719 
35669 51970 32871 32043 
37623 48099 32640 32450 
38803 41974 32433 32905 
38883 34331 32224 33295 
37924 26796 32146 33669 
35972 20326 32124 33867 
33295 16032 32226 33925 
30167 14443 32396 33796 
27276 15789 32640 33499 
25251 19447 32856 33088 
24600 24668 33036 32574 
25656 30509 33222 32123 
28162 35931 33289 31724 
31561 40273 33263 31477 
34973 43107 33118 31387 
37701 44341 32915 31527 
39101 43873 32674 31885 
39158 42115 32466 32336 
38196 39470 32311 32855 
36581 36463 32218 33355 
34608 33538 32184 33742 
32673 31338 32267 33992 
30945 29985 32432 34042 
29536 29327 32614 33859 
28663 29179 32846 33549 
28480 29051 33000 33078 
29066 28666 33116 32553 
30377 27988 33243 32111 
31938 26958 33260 31717 
33296 25959 33174 31479 
34178 25388 33040 31453 
34347 25715 32805 31579 
33974 27348 32563 31910 
33366 30402 32328 32350 
32916 34641 32150 32848 
32794 39521 32023 33298 
33169 44313 32045 33695 
33872 48046 32189 33937 
34572 49602 32421 33963 
34959 48584 32709 33781 
34837 44956 33071 33465 
33990 38895 33327 32973 
32615 31472 33524 32471 
31027 23588 33579 31973 
29676 16490 33520 31625 
28871 11178 33280 31412 
28981 9027 32992 31445 
29885 10454 32616 31620 
31371 15681 32315 32029 
32983 24284 32061 32513 
34188 34331 31915 33013 
34908 44477 31881 33452 
35272 53020 32003 33795 
35458 58577 32248 33992 
35529 59827 32502 33922 
35525 56761 32817 33717 
35165 49999 33069 33352 
34269 40625 33261 32906 
32715 29889 33383 32422 
30834 19881 33404 31993 
29070 11911 33274 31633 
28025 7245 33083 31477 
28030 6595 32815 31499 
29085 9994 32546 31732 
30841 16718 32297 32069 
32741 25601 32164 32544 
34187 35329 32098 33031 
34884 44496 32152 33497 
34959 51257 32294 33814 
34820 55227 32585 34010 
34754 55733 32865 33958 
35055 52598 33100 33667 
35717 46552 33319 33298 
36288 38405 33458 32806 
36292 29470 33461 32266 
35413 21319 33355 31783 
33512 15476 33120 31422 
30911 13196 32785 31224 
28182 14800 32464 31289 
25914 19690 32195 31599 
24557 26690 31982 32069 
24518 33980 31911 32633 
25835 40041 31994 33231 
28323 43745 32142 33722 
31865 44735 32415 34088 
35841 43150 32738 34243 
39676 39658 32976 34124 
42852 35221 33140 33793 
44760 30789 33228 33341 
44887 27039 33197 32816 
43004 24686 33072 32310 
39129 23960 32898 31902 
33715 25062 32736 31661 
27367 28020 32597 31609 
21350 32516 32557 31717 
17012 37745 32606 31970 
15276 42742 32693 32232 
16770 46353 32857 32528 
21403 47418 33023 32770 
28162 45161 33101 32893 
35807 39788 33124 32951 
43054 32093 33029 32938 
48821 23474 32884 32923 
51913 15915 32607 32841 
52079 10943 32335 32836 
49155 9518 32069 32867 
43221 12223 31917 32989 
35200 18669 31847 33123 
26479 27864 31940 33261 
18465 38537 32174 33361 
12767 49181 32538 33401 
10515 58147 32921 33267 
12255 63410 33258 33015 
17447 63828 33532 32665 
24950 59327 33740 32284 
33406 50087 33745 31868 
41048 37728 33603 31525 
47092 24134 33367 31381 
50898 11416 33081 31428 
52239 1276 32701 31635 
51066 109 32334 32036 
47715 70 32049 32535 
42397 2184 31826 33069 
35591 12658 31692 33562 
27967 25560 31685 33958 
20621 40243 31827 34192 
14791 54544 32076 34253 
11604 64967 32389 34078 
11839 65443 32774 33725 
15562 65492 33124 33224 
21838 65510 33443 32664 
29398 65498 33757 32173 
36784 49758 33881 31701 
43043 31172 33842 31348 
47308 13344 33685 31225 
49775 569 33395 31266 
50679 88 33017 31484 
50048 50 32578 31865 
47685 46 32209 32332 
43259 9742 31886 32822 
36817 22929 31703 33282 
28763 38373 31652 33670 
20587 52833 31732 33875 
13894 64166 31989 33974 
10035 65443 32285 33876 
9915 65503 32611 33667 
13523 65519 32892 33353 
19836 55630 33076 32956 
27737 38798 33219 32615 
36043 20365 33288 32353 
43856 3101 33285 32162 
50011 136 33207 32050 
53909 55 33093 32002 
55055 39 33009 32062 
53040 5538 32897 32106 
48127 17861 32878 32242 
40872 33075 32870 32351 
32395 48756 32834 32426 
23880 62543 32816 32516 
16883 65408 32753 32591 
12551 65497 32653 32686 
11335 65519 32519 32788 
13244 65517 32362 32901 
17999 49296 32216 33042 
24690 30095 32096 33173 
32244 11426 32090 33351 
39557 380 32158 33468 
45645 71 32288 33500 
49621 41 32502 33467 
50778 53 32760 33330 
49090 12080 33020 33113 
44943 26134 33254 32808 
39055 41720 33469 32469 
32670 55624 33581 32105 
27140 64709 33585 31817 
23179 65468 33499 31623 
21186 65507 33284 31561 
21156 56489 32997 31655 
22690 42385 32582 31851 
25305 26806 32231 32189 
28486 12199 31935 32623 
31784 1178 31740 33081 
34823 95 31667 33486 
37314 54 31781 33846 
38753 5381 32032 34001 
38996 15745 32390 34014 
38090 29956 32805 33819 
36365 45179 33209 33421 
34356 58356 33518 32907 
32736 65262 33736 32402 
31783 65488 33826 31955 
31495 65509 33715 31589 
31706 54932 33430 31399 
32169 40345 33082 31456 
32533 25209 32662 31675 
32753 12301 32292 32090 
32734 4011 31977 32576 
32585 1620 31805 33093 
32315 5120 31758 33518 
31998 13283 31907 33836 
31599 24207 32137 33916 
31169 35933 32455 33834 
30744 46113 32780 33552 
30449 53394 33052 33161 
30454 56750 33262 32711 
30925 55669 33412 32271 
31891 50385 33457 31938 
33131 41826 33374 31670 
34574 31465 33233 31632 
35881 21298 33044 31739 
36779 13400 32799 31966 
37059 9807 32575 32326 
36684 11177 32353 32753 
35702 17092 32150 33115 
34357 26277 32025 33478 
32902 36136 32026 33743 
31442 44679 32105 33857 
30143 50354 32283 33819 
28960 52292 32536 33597 
28082 50334 32811 33262 
27584 45445 33095 32846 
27658 38737 33350 32414 
28455 31460 33509 31961 
30148 24745 33563 31585 
32550 19846 33510 31388 
35112 17530 33325 31344 
37311 18020 33063 31478 
38621 21230 32742 31825 
