31623 31423 32096 33263 
31623 31423 32096 33263 
31881 31780 32230 33577 
32288 32318 32456 33745 
32741 32907 32723 33684 
33142 33442 32983 33467 
33393 33794 33163 33037 
33556 33993 33347 32599 
33521 33926 33418 32116 
33312 33638 33371 31712 
33002 33184 33214 31440 
32668 32684 33003 31375 
32397 32233 32786 31538 
32168 31817 32511 31826 
32101 31612 32316 32267 
32103 31570 32130 32751 
32193 31680 31990 33219 
32317 31903 31893 33595 
32522 32258 31943 33902 
32679 32613 32023 33994 
32814 32964 32198 33915 
32851 33203 32399 33632 
32878 33373 32675 33256 
32845 33413 32946 32791 
32811 33377 33210 32318 
32783 33274 33444 31900 
32765 33125 33581 31554 
32772 32963 33626 31379 
32792 32798 33536 31348 
32823 32646 33348 31489 
32863 32534 33094 31800 
32858 32411 32765 32157 
32815 32295 32415 32559 
32750 32226 32117 32982 
32600 32121 31833 33313 
32546 32149 31752 33623 
32459 32213 31771 33805 
32409 32324 31898 33833 
32357 32446 32087 33708 
32324 32551 32309 33475 
32333 32688 32548 33210 
32371 32778 32755 32884 
32413 32837 32890 32533 
32505 32912 33022 32241 
32601 32927 33075 32007 
32751 32981 33147 31912 
32860 32976 33161 31848 
32979 32984 33189 31872 
33075 32987 33208 31953 
33104 32950 33174 32040 
33126 32915 33146 32169 
33070 32835 33035 32270 
32994 32778 32893 32421 
32863 32679 32692 32558 
32756 32613 32484 32778 
32600 32492 32247 32974 
32454 32372 32033 33188 
32347 32258 31888 33410 
32270 32170 31826 33602 
32215 32092 31851 33685 
32194 32071 31972 33662 
32230 32134 32183 33524 
32303 32265 32465 33267 
32447 32505 32787 32904 
32583 32773 33054 32461 
32781 33101 33330 32048 
32942 33381 33495 31650 
33085 33591 33579 31402 
33202 33696 33575 31318 
33214 33615 33427 31409 
33166 33399 33203 31653 
33002 32998 32867 32013 
32802 32547 32515 32490 
32604 32130 32240 33051 
32332 31684 31919 33460 
32161 31453 31763 33814 
32109 31443 31759 34032 
32106 31619 31868 34037 
32229 31994 32102 33852 
32459 32506 32443 33525 
32732 33055 32803 33088 
32967 33523 33120 32564 
33163 33859 33383 32035 
33285 33973 33525 31605 
33249 33793 33502 31314 
33101 33408 33336 31237 
32862 32890 33082 31355 
32538 32278 32723 31627 
32312 31842 32451 32138 
32120 31511 32189 32633 
32047 31455 32031 33133 
32092 31635 31989 33565 
32269 32041 32065 33859 
32540 32570 32258 33959 
32856 33141 32506 33888 
33087 33567 32710 33579 
33315 33901 32971 33252 
33352 33900 33084 32764 
33316 33711 33180 32340 
33130 33325 33183 31966 
32866 32786 33114 31702 
32528 32192 32960 31581 
32232 31686 32768 31628 
32000 31372 32562 31826 
31912 31300 32399 32126 
31910 31446 32224 32483 
32021 31798 32125 32834 
32272 32311 32120 33198 
32565 32862 32195 33467 
32868 33372 32361 33634 
33136 33767 32587 33656 
33305 33948 32840 33532 
33372 33881 33071 33248 
33342 33644 33265 32880 
33161 33238 33342 32416 
33018 32842 33391 32049 
32817 32439 33296 31721 
32618 32102 33100 31559 
32459 31903 32857 31585 
32335 31827 32546 31747 
32308 31944 32295 32098 
32306 32132 32077 32503 
32345 32394 31957 32962 
32370 32618 31904 33371 
32443 32832 32007 33684 
32482 32929 32185 33843 
32538 32954 32427 33799 
32598 32924 32704 33599 
32656 32821 32952 33234 
32724 32709 33151 32753 
32844 32684 33323 32317 
32983 32705 33389 31903 
33085 32741 33335 31578 
33138 32800 33165 31424 
33115 32845 32916 31474 
33021 32859 32645 31719 
32860 32832 32393 32160 
32608 32701 32160 32620 
32384 32586 32052 33156 
32162 32415 32017 33594 
32027 32274 32102 33889 
32012 32228 32292 33980 
32127 32251 32563 33854 
32342 32368 32850 33525 
32600 32540 33082 33022 
32906 32779 33280 32447 
33185 33057 33386 31952 
33367 33253 33347 31510 
33437 33402 33212 31305 
33363 33407 32975 31290 
33180 33264 32697 31526 
32898 33023 32407 31935 
32612 32727 32204 32459 
32303 32358 32049 33002 
32061 32025 31987 33474 
31943 31819 32053 33839 
31988 31797 32241 34021 
32103 31877 32415 33932 
32370 32166 32695 33715 
32666 32530 32928 33327 
32945 32898 33100 32836 
33115 33168 33195 32307 
33246 33400 33241 31857 
33200 33417 33142 31490 
33104 33333 33036 31382 
32904 33101 32844 31454 
32656 32775 32622 31703 
32424 32447 32425 32137 
32238 32184 32272 32632 
32105 31989 32153 33102 
32106 31985 32157 33522 
32185 32075 32197 33792 
32425 32392 32423 33929 
32706 32722 32653 33812 
32980 33075 32881 33529 
33171 33283 33034 33055 
33347 33478 33209 32607 
33398 33476 33292 32097 
33326 33328 33281 31703 
33143 33040 33161 31431 
32605 32361 32748 31506 
32329 32058 32504 31821 
32133 31900 32292 32257 
32034 31895 32162 32779 
32014 31972 32070 33240 
32103 32186 32085 33647 
32288 32476 32208 33915 
32510 32754 32387 33961 
32721 33005 32573 33825 
32869 33153 32738 33474 
32955 33226 32864 33077 
32995 33189 32942 32628 
32962 33099 32970 32253 
32872 32927 32932 31943 
32771 32751 32867 31778 
32706 32600 32824 31778 
32677 32493 32796 31886 
32694 32450 32806 32093 
32752 32449 32851 32335 
32810 32489 32908 32562 
32875 32543 32955 32741 
32926 32616 33010 32865 
32887 32636 32946 32875 
32834 32683 32860 32868 
32721 32702 32709 32811 
32558 32715 32492 32766 
32414 32736 32279 32741 
32261 32750 32066 32748 
32156 32739 31901 32801 
32126 32739 31873 32895 
32172 32723 31945 33028 
32319 32706 32160 33166 
32515 32664 32464 33223 
32750 32611 32835 33202 
32952 32531 33154 33059 
33168 32520 33468 32861 
33322 32543 33679 32580 
33402 32625 33738 32285 
33376 32709 33634 31967 
33255 32833 33410 31738 
33063 32925 33079 31609 
32842 33018 32714 31649 
32559 33039 32338 31826 
32342 33006 32045 32128 
32081 32802 31771 32468 
31917 32569 31651 32906 
31828 32311 31663 33344 
31821 32065 31799 33804 
31959 31938 32060 34239 
32156 31917 32356 34509 
32435 32063 32699 34473 
32759 32347 33028 33943 
33080 32732 33307 32813 
33366 33137 33512 31369 
33548 33492 33585 29956 
33662 33782 33594 29108 
33629 33868 33467 29153 
33465 33737 33265 30198 
33149 33370 32965 31961 
32769 32855 32659 34033 
32329 32225 32372 35871 
31964 31646 32140 37021 
31765 31285 31981 37327 
31791 31243 31915 36773 
32086 31618 31963 35500 
32527 32260 32061 33670 
33028 33047 32233 31527 
33325 33701 32387 29262 
33290 34032 32552 27269 
32819 33829 32677 25980 
32038 33159 32778 25784 
31173 32165 32833 26851 
30527 31068 32886 29171 
30356 30223 32924 32557 
30924 30140 33042 36245 
32060 30851 33085 39544 
33702 32421 33165 41931 
35638 34344 33218 42828 
37416 35869 33206 41834 
38644 36541 33166 39123 
38731 36110 33049 35029 
37272 34756 32830 30126 
34305 33232 32594 25511 
30201 32149 32319 21916 
25825 31886 32107 20085 
22162 32185 31881 20355 
20501 32504 31773 22938 
21575 32183 31778 27233 
25245 30920 31889 32552 
30911 28993 32105 37933 
37638 27102 32416 42612 
43852 26219 32741 45588 
48450 26893 33080 46501 
50355 29154 33329 45122 
49007 32636 33506 41651 
44477 36404 33605 36808 
37398 39690 33590 31332 
28888 41876 33479 26141 
20144 42524 33235 21914 
13429 41659 32970 19679 
9633 39563 32670 19541 
9584 36615 32384 21467 
13629 33101 32107 25160 
21328 29462 31850 29854 
31424 26146 31737 34728 
42264 23245 31699 39001 
52030 21143 31801 42166 
59009 20135 32010 43715 
61400 20699 32315 43481 
58667 23080 32643 41569 
51436 27423 33011 38471 
40904 33274 33309 34665 
28813 39999 33545 30760 
17600 46167 33720 27546 
8851 50542 33725 25338 
4060 52038 33571 24403 
4147 50051 33354 24901 
9016 44810 32972 26453 
17919 37340 32583 28785 
29174 28950 32222 31463 
41153 20998 31927 34059 
51173 15117 31761 36068 
57626 12011 31729 37295 
59298 12041 31829 37662 
56201 15206 32049 37235 
48882 21030 32288 36108 
39546 28622 32600 34703 
29833 36878 32831 33193 
21603 44740 32968 31862 
16070 51095 33064 30956 
14025 54606 33090 30588 
15085 54582 33033 30641 
18618 50839 32986 31073 
23713 43656 32901 31697 
29454 34164 32880 32387 
34722 24761 32860 32829 
39134 16965 32860 33050 
42345 12375 32865 33010 
44146 11862 32868 32719 
44281 15484 32876 32357 
42795 21882 32811 31951 
40001 29585 32679 31671 
36413 37102 32545 31678 
32587 43125 32393 31912 
29334 46698 32277 32385 
26954 47702 32184 33026 
25617 46263 32124 33667 
25300 42742 32143 34230 
25791 37763 32222 34551 
26858 31931 32350 34572 
28412 26096 32548 34306 
30283 21121 32725 33707 
32418 18265 32911 32940 
34574 18351 33074 32101 
36587 21578 33241 31366 
38151 27408 33332 30811 
39017 34899 33358 30539 
38948 42069 33277 30567 
37918 47402 33108 30912 
36016 49661 32869 31547 
33538 48237 32574 32310 
30967 43343 32314 33156 
28795 36124 32069 33869 
27439 28193 31938 34389 
27023 21161 31917 34623 
27539 16418 32016 34561 
28746 14920 32218 34198 
30423 16681 32511 33600 
32268 21152 32808 32886 
34064 27641 33080 32119 
35565 34875 33299 31490 
36591 41757 33394 31077 
37012 47174 33358 30901 
36886 50190 33208 31036 
36293 50043 32989 31424 
35282 46785 32681 31991 
33967 41157 32434 32652 
32238 34162 32233 33290 
30225 27452 32075 33751 
28313 22169 32081 34069 
26993 18950 32141 34088 
26916 17996 32316 33892 
28401 19106 32526 33477 
31047 21924 32762 33012 
34081 25957 32945 32474 
36431 30862 33115 32042 
37340 36161 33218 31725 
36589 40718 33190 31588 
34817 44002 33114 31654 
32935 45355 32915 31835 
31832 44538 32689 32149 
31913 41691 32417 32520 
32878 37699 32210 32890 
34032 33173 32033 33168 
34769 28854 31993 33382 
34672 25225 32081 33480 
33598 22989 32269 33430 
31970 22589 32593 33319 
30081 23887 32880 33060 
28452 26705 33163 32737 
27571 30633 33422 32440 
27694 34708 33555 32165 
28730 38024 33511 31932 
30509 40138 33355 31824 
32505 40695 33082 31828 
34402 39721 32721 31947 
35938 37547 32389 32194 
37188 34492 32060 32471 
38402 31081 31853 32798 
39471 27838 31753 33080 
40110 25291 31792 33320 
39596 24200 31998 33496 
37391 24777 32298 33556 
33454 27147 32608 33482 
28255 31250 32951 33308 
23372 36145 33227 33039 
20160 40801 33388 32729 
19490 44324 33479 32440 
21392 45742 33456 32149 
25343 44407 33281 31907 
30220 40426 33053 31776 
35171 34319 32773 31755 
39633 27244 32470 31871 
43172 20586 32183 32062 
45511 15703 31970 32350 
46296 13888 31922 32743 
45221 15350 31953 33095 
42125 20011 32098 33382 
37263 27283 32372 33596 
31376 35784 32675 33661 
25415 44236 32955 33529 
20436 51290 33195 33262 
17232 55791 33361 32906 
16472 56541 33415 32507 
18191 53296 33370 32148 
22054 46262 33170 31814 
27675 36465 32929 31665 
34100 25651 32615 31670 
40200 16066 32348 31881 
45158 9237 32158 32208 
48105 6291 32024 32582 
48642 7748 32026 32990 
46768 13011 32122 33339 
43013 21093 32296 33556 
38112 30683 32537 33647 
32924 40270 32773 33567 
28071 48696 32970 33324 
24225 54450 33123 32964 
21485 56856 33199 32556 
19976 55595 33236 32211 
19695 50649 33126 31887 
20838 43081 32957 31709 
23427 34429 32751 31702 
27293 26137 32532 31869 
32061 19570 32344 32163 
37014 15509 32162 32528 
41295 14482 32097 32940 
44207 16012 32077 33283 
45456 19485 32192 33556 
44994 24074 32380 33684 
43138 28897 32647 33649 
40326 33272 32902 33445 
36874 36970 33154 33093 
33053 40011 33371 32690 
28918 42463 33479 32227 
25139 44177 33451 31822 
22103 45189 33347 31572 
20249 45111 33088 31458 
19992 43639 32770 31522 
21464 40545 32445 31794 
24331 36081 32161 32186 
28026 30780 31914 32612 
32179 25683 31841 33100 
36349 21567 31837 33492 
40214 19338 31975 33768 
43397 19155 32176 33875 
45691 20690 32433 33791 
46667 23298 32687 33551 
45994 26466 32916 33237 
43339 29565 33020 32814 
38921 32759 33116 32452 
33155 36047 33143 32171 
26628 39588 33117 31951 
20798 42999 33071 31860 
16714 45660 33004 31860 
15062 46936 32948 31938 
16194 46217 32926 32071 
19895 43304 32889 32230 
25676 38289 32800 32328 
32210 32592 32752 32480 
38600 27102 32669 32597 
43988 22806 32552 32703 
47738 20335 32413 32820 
49402 19805 32266 32950 
48751 20986 32166 33123 
45787 23332 32082 33268 
40776 26401 32095 33408 
34256 29824 32200 33526 
27424 33171 32352 33532 
21388 36198 32552 33436 
17321 38571 32806 33269 
15981 39981 33010 32927 
17785 40299 33206 32555 
22031 39627 33345 32177 
27824 38313 33394 31792 
34090 36822 33333 31478 
39944 35526 33202 31330 
44277 34596 32982 31312 
46584 33915 32732 31500 
46504 33250 32458 31856 
43887 32252 32155 32264 
39389 30907 31995 32839 
33706 29122 31869 33369 
28005 27149 31853 33822 
23405 25384 32032 34207 
20810 24151 32255 34305 
20664 23927 32601 34223 
22728 24857 32940 33889 
26603 27093 33227 33335 
31317 30456 33457 32726 
36096 34483 33573 32076 
39979 38634 33554 31504 
42318 42310 33366 31087 
42684 44965 33085 30895 
40996 46072 32740 30970 
37676 45495 32382 31284 
33539 43295 32110 31830 
29386 39550 31894 32457 
26259 34589 31796 33108 
24949 29395 31868 33700 
25359 24317 32042 34098 
27201 20031 32317 34294 
29867 17044 32642 34234 
32573 15912 32937 33939 
34879 16932 33202 33482 
36482 20022 33343 32901 
37399 25009 33426 32340 
37572 31471 33360 31814 
37020 38353 33218 31445 
35632 44599 32931 31237 
33672 49356 32663 31301 
31328 51705 32383 31564 
29224 51079 32130 31971 
28043 47840 31993 32478 
28085 42595 31949 32995 
29357 36397 32044 33483 
31526 30014 32227 33834 
33801 24480 32500 33965 
35525 20152 32776 33866 
36351 17284 33041 33553 
36152 16119 33256 33127 
35059 16804 33378 32557 
33494 19379 33395 32020 
31804 23695 33332 31597 
30283 29298 33153 31356 
29201 35654 32888 31312 
28882 41645 32616 31518 
29428 46497 32366 31940 
30722 49452 32161 32452 
32544 50040 32018 32995 
34500 47978 31951 33488 
36171 43759 32046 33869 
37248 37936 32203 34018 
37535 31407 32376 33919 
37002 25161 32610 33623 
35594 20386 32778 33209 
33496 17712 32906 32734 
30975 17407 32969 32260 
28464 19403 32966 31895 
26604 23239 32925 31677 
25936 27946 32854 31657 
26696 32746 32818 31804 
28777 36934 32825 32054 
31680 40074 32829 32356 
34576 41814 32890 32664 
36782 42198 32939 32894 
37992 41398 32981 33015 
38162 39669 32960 33036 
37528 37469 32923 32984 
36337 35146 32797 32852 
34831 33096 32612 32691 
33223 31613 32407 32584 
31623 30746 32199 32520 
30162 30331 32002 32527 
29007 30072 31885 32604 
28462 29693 31873 32748 
28620 28994 31986 32908 
29437 27986 32198 33049 
30786 26849 32537 33191 
32225 25866 32903 33219 
33318 25509 33225 33122 
34003 26193 33466 32919 
34311 28165 33647 32685 
34394 31489 33707 32408 
34409 35733 33575 32087 
34558 40377 33347 31860 
34817 44534 33026 31690 
35088 47446 32677 31704 
35152 48240 32347 31850 
34749 46577 32060 32110 
33747 42530 31834 32449 
32234 36626 31706 32856 
30367 29443 31684 33227 
28701 22379 31812 33593 
27605 16295 32024 33828 
27457 12247 32315 33930 
28360 11052 32633 33824 
30171 13281 32949 33577 
32431 18750 33226 33191 
34625 26821 33472 32756 
36292 36368 33645 32299 
37149 45615 33708 31877 
37232 52848 33612 31522 
36831 56961 33415 31325 
36175 57295 33153 31328 
35264 53656 32783 31462 
34131 46837 32414 31753 
32656 37987 32112 32172 
30810 28373 31839 32621 
28957 19340 31723 33112 
27512 12564 31670 33487 
27071 8970 31824 33797 
27757 9033 32076 33956 
29424 12692 32369 33904 
31642 19195 32661 33693 
33776 27467 32941 33418 
35231 36123 33114 33020 
35812 44062 33210 32623 
35674 50005 33251 32309 
35129 53259 33155 32025 
34687 53467 33046 31892 
34615 50546 32899 31844 
34940 44881 32772 31899 
35347 37504 32725 32054 
35355 29437 32704 32215 
34667 22144 32721 32370 
33119 16931 32768 32500 
30938 14957 32779 32573 
28652 16501 32804 32631 
26660 20863 32727 32615 
25493 27064 32637 32652 
25406 33712 32523 32715 
26467 39097 32355 32814 
28640 42434 32201 32949 
31708 43328 32092 33150 
35312 42021 32065 33345 
39009 39049 32131 33520 
42036 35282 32256 33597 
43917 31514 32490 33585 
44166 28356 32759 33405 
42464 26214 33044 33101 
38881 25471 33276 32687 
33792 26279 33470 32240 
27891 28595 33523 31780 
22098 32300 33470 31405 
17849 36699 33315 31203 
16044 40925 33042 31147 
17297 44009 32752 31309 
21596 44903 32471 31654 
28074 42897 32245 32154 
35367 38160 32062 32662 
42368 31489 32002 33201 
47806 24137 31996 33688 
50937 17538 32043 34040 
51158 13356 32139 34227 
48436 12350 32264 34233 
42999 14806 32407 34062 
35266 20803 32573 33747 
26754 29272 32703 33272 
19125 38935 32845 32763 
13750 48488 33027 32255 
11710 56314 33195 31792 
13440 60988 33339 31392 
18459 61235 33469 31201 
25576 56779 33479 31107 
33420 48186 33447 31224 
40753 36429 33287 31458 
46340 23792 33067 31866 
49782 11966 32760 32300 
50942 2863 32447 32820 
49784 140 32106 33293 
46414 72 31810 33706 
41376 6798 31647 33992 
35007 13469 31614 34100 
27965 26287 31713 34000 
21135 40954 31937 33762 
15897 54890 32240 33419 
13156 64970 32584 33012 
13522 65443 32898 32575 
17060 65490 33176 32197 
22828 65506 33323 31902 
29705 65413 33432 31776 
36312 48733 33423 31780 
41871 31099 33340 31903 
45760 13934 33180 32057 
48151 760 33027 32278 
49219 96 32882 32480 
48891 53 32735 32589 
46986 50 32680 32693 
43051 9750 32591 32662 
37163 22514 32580 32663 
29567 37275 32495 32588 
21847 51227 32441 32572 
15403 62277 32391 32637 
11584 65403 32332 32785 
11227 65494 32258 32982 
14314 65507 32210 33230 
20076 53313 32211 33477 
27418 37699 32257 33646 
35441 20368 32371 33725 
42766 4848 32512 33616 
48678 171 32687 33337 
52549 61 32900 32945 
53771 44 33068 32408 
52072 6311 33296 31942 
47419 18348 33401 31453 
40357 33406 33417 31122 
32271 48562 33364 31015 
24292 61556 33237 31153 
17623 65381 32959 31470 
13318 65490 32656 32032 
12104 65512 32347 32686 
13966 65503 32083 33356 
18463 50099 31892 33956 
25107 31566 31770 34343 
32474 13906 31895 34569 
39541 676 32080 34457 
45399 88 32359 34071 
49243 48 32712 33470 
50214 58 33026 32753 
48461 11499 33301 32026 
44367 24877 33477 31390 
38486 40023 33492 30897 
32466 53029 33393 30725 
27164 62109 33195 30842 
23364 65289 32910 31217 
21465 62442 32627 31852 
21451 54032 32360 32547 
22931 41810 32196 33271 
25388 27949 32069 33857 
28530 14756 32119 34291 
31674 4926 32201 34407 
34625 296 32357 34283 
36907 67 32525 33914 
38252 6416 32690 33400 
38387 17332 32756 32771 
37485 30918 32790 32200 
35948 45040 32814 31770 
34242 57090 32785 31501 
32897 64756 32777 31496 
32164 65468 32766 31636 
32097 63628 32808 31939 
32439 52154 32872 32264 
32879 39016 32958 32587 
33206 25292 33054 32867 
33213 13694 33093 33025 
32968 6142 33123 33119 
32438 4382 33032 33054 
31799 7980 32876 32932 
31123 15624 32654 32770 
30511 25598 32430 32660 
29970 36207 32180 32577 
29639 45230 31995 32587 
29646 51587 31891 32674 
30090 54331 31893 32819 
31031 53068 32016 32977 
32381 48096 32226 33120 
33988 40250 32515 33191 
35597 31003 32870 33195 
36901 21895 33144 33021 
37618 15318 33376 32761 
37645 12612 33521 32470 
36965 14341 33549 32144 
35705 20192 33449 31872 
34090 28328 33206 31645 
32424 36976 32932 31624 
30811 44179 32623 31710 
29466 48676 32417 32010 
28391 49632 32257 32380 
27587 47311 32141 32761 
27211 42511 32115 33172 
27380 36155 32127 33521 
28295 29573 32200 33776 
29968 23964 32258 33864 
32317 20179 32373 33854 
34802 18692 32437 33633 
36981 19839 32509 33334 
38307 23294 32602 32960 
