32032 31296 32048 33169 
32032 31296 32048 33169 
31967 31419 31981 33545 
32050 31783 32063 33801 
32199 32257 32228 33851 
32367 32739 32444 33711 
32554 33172 32676 33446 
32682 33438 32859 33057 
32778 33522 33011 32651 
32804 33414 33059 32268 
32841 33206 33080 32022 
32814 32860 32994 31834 
32861 32595 32900 31849 
32934 32444 32839 31999 
33010 32409 32782 32207 
33139 32557 32803 32496 
33231 32786 32831 32721 
33275 33053 32880 32881 
33237 33273 32923 32961 
33133 33411 32956 32973 
32968 33399 32970 32944 
32700 33173 32878 32839 
32422 32816 32732 32766 
32132 32335 32529 32697 
31928 31888 32343 32745 
31767 31480 32142 32783 
31744 31281 32025 32891 
31867 31317 32016 33017 
32112 31613 32106 33107 
32467 32145 32315 33138 
32884 32800 32600 33091 
33250 33476 32893 32928 
33555 34056 33150 32676 
33780 34476 33405 32416 
33813 34592 33546 32157 
33699 34400 33584 31981 
33442 33907 33486 31878 
33111 33238 33309 31923 
32712 32474 33057 32058 
32346 31752 32786 32312 
32064 31227 32534 32635 
31871 30939 32280 32965 
31762 30898 32063 33239 
31800 31148 31924 33477 
31946 31628 31862 33613 
32208 32262 31915 33684 
32503 32904 32056 33618 
32776 33439 32238 33425 
33039 33893 32514 33170 
33251 34124 32817 32865 
33350 34115 33086 32500 
33417 33966 33376 32208 
33371 33638 33582 31906 
33307 33251 33719 31706 
33136 32810 33694 31559 
33011 32447 33599 31588 
32888 32186 33406 31747 
32733 31997 33094 31957 
32583 31914 32735 32278 
32487 31959 32391 32706 
32371 32041 32077 33142 
32235 32127 31813 33519 
32162 32264 31694 33858 
32116 32425 31737 34060 
32122 32577 31891 34065 
32197 32747 32139 33939 
32309 32905 32430 33635 
32463 33015 32665 33184 
32655 33136 32895 32690 
32881 33208 33060 32200 
33106 33271 33188 31785 
33300 33277 33261 31515 
33403 33209 33263 31415 
33456 33094 33255 31504 
33399 32933 33222 31747 
33285 32765 33224 32117 
33091 32546 33173 32491 
32857 32351 33108 32866 
32599 32187 32991 33145 
32341 32076 32820 33316 
32168 32080 32621 33379 
32109 32217 32431 33360 
32113 32406 32225 33243 
32163 32632 32016 33061 
32303 32886 31894 32895 
32446 33064 31823 32744 
32631 33228 31923 32712 
32761 33249 32099 32703 
32843 33144 32351 32715 
32896 32971 32687 32757 
32921 32738 33021 32789 
32903 32494 33297 32748 
32946 32369 33552 32719 
32968 32317 33679 32615 
33007 32369 33681 32482 
33036 32513 33538 32321 
33098 32765 33352 32233 
33102 32989 33091 32136 
33067 33212 32806 32134 
32970 33351 32534 32209 
32814 33348 32307 32372 
32595 33189 32119 32579 
32337 32889 31985 32836 
32068 32470 31911 33070 
31897 32101 31943 33384 
31789 31762 32020 33579 
31842 31604 32187 33723 
32023 31638 32388 33734 
32327 31890 32647 33621 
32758 32342 32962 33393 
33169 32847 33187 32999 
33563 33402 33422 32568 
33871 33896 33597 32131 
33986 34183 33673 31726 
33864 34189 33598 31411 
33567 33938 33443 31279 
33131 33456 33179 31321 
32618 32851 32843 31566 
32164 32256 32547 32015 
31839 31748 32270 32566 
31653 31406 32035 33109 
31660 31297 31890 33608 
31862 31466 31859 34000 
32216 31865 31959 34207 
33004 32929 32367 33980 
33292 33407 32607 33535 
33477 33780 32877 33065 
33441 33871 33058 32469 
33338 33832 33270 32023 
33059 33514 33348 31589 
32711 33066 33340 31359 
32412 32590 33292 31365 
32164 32129 33145 31564 
32021 31727 32911 31897 
32021 31560 32663 32339 
32198 31640 32461 32866 
32439 31878 32269 33320 
32806 32327 32218 33742 
33100 32810 32219 33932 
33334 33270 32313 33923 
33471 33638 32504 33730 
33451 33849 32715 33381 
33336 33856 32979 32950 
33077 33636 33143 32430 
32812 33316 33285 31998 
32543 32913 33334 31673 
32288 32439 33228 31487 
32155 32087 33062 31549 
32131 31838 32830 31779 
32165 31715 32540 32093 
32301 31811 32266 32545 
32497 32044 32101 33020 
32650 32307 31974 33386 
32823 32654 31998 33676 
32968 33009 32168 33843 
32990 33220 32392 33741 
33003 33375 32695 33591 
32947 33392 32993 33291 
32814 33230 33186 32889 
32685 33002 33304 32514 
32629 32767 33357 32221 
32600 32558 33286 32044 
32617 32411 33135 31987 
32656 32311 32908 32000 
32737 32333 32699 32145 
32848 32473 32568 32378 
32922 32626 32461 32575 
32981 32801 32474 32763 
32949 32921 32489 32829 
32914 33010 32603 32859 
32808 33045 32699 32805 
32712 33027 32806 32733 
32592 32947 32857 32648 
32465 32779 32817 32555 
32412 32650 32751 32583 
32400 32543 32654 32694 
32432 32450 32533 32849 
32474 32378 32386 33011 
32558 32366 32317 33187 
32698 32458 32355 33360 
32843 32566 32466 33449 
32967 32687 32648 33425 
33068 32815 32878 33296 
33078 32883 33059 33010 
33059 32933 33214 32675 
33017 32964 33328 32335 
32943 32986 33352 31993 
32830 32958 33259 31706 
32712 32918 33070 31534 
32636 32901 32859 31552 
32559 32851 32597 31682 
32500 32803 32366 31973 
32432 32691 32166 32314 
32403 32600 32081 32768 
32354 32449 32028 33186 
32327 32314 32089 33621 
32371 32236 32223 33951 
32419 32174 32403 34097 
32567 32226 32635 34103 
32738 32340 32881 33932 
32923 32522 33102 33572 
33121 32778 33288 33161 
33256 33001 33392 32636 
33322 33201 33419 32092 
33333 33392 33395 31667 
33226 33474 33265 31335 
33052 33466 33094 31184 
32845 33371 32874 31239 
32644 33201 32669 31484 
32402 32915 32416 31853 
32250 32615 32233 32307 
32166 32319 32116 32797 
32148 32056 32041 33254 
32215 31900 32061 33644 
32355 31877 32161 33922 
32543 31985 32318 34041 
32747 32208 32527 33982 
32933 32512 32755 33789 
33056 32815 32981 33449 
33074 33026 33118 33031 
33025 33168 33216 32626 
32892 33156 33221 32220 
32720 33067 33166 31932 
32550 32867 33037 31753 
32419 32660 32870 31733 
32352 32475 32688 31846 
32410 32408 32565 32123 
32563 32480 32486 32564 
32784 32657 32493 33090 
33016 32906 32560 33538 
33224 33174 32665 33682 
33372 33395 32808 33348 
33373 33489 32907 32444 
33284 33448 32975 31287 
33080 33249 32974 30261 
32785 32920 32887 29798 
32467 32516 32760 30303 
32215 32161 32639 31808 
31976 31804 32470 33818 
31806 31551 32341 35891 
31758 31447 32272 37482 
31848 31540 32272 38234 
32162 31894 32378 37974 
32643 32483 32562 36794 
33239 33221 32747 34858 
33824 33976 32941 32406 
34261 34600 33126 29614 
34350 34844 33250 27074 
33994 34605 33301 25076 
33213 33876 33282 24087 
32169 32738 33184 24450 
31132 31431 33009 26255 
30408 30247 32766 29363 
30190 29525 32506 33393 
30582 29628 32250 37740 
31574 30698 32077 41527 
33050 32474 32019 44108 
34782 34404 32049 44908 
36484 35818 32177 43650 
37703 36181 32386 40459 
37999 35433 32703 35842 
36870 33911 32974 30445 
34239 32394 33243 25149 
30566 31698 33470 21089 
26520 32016 33533 18816 
23295 33071 33508 18854 
21841 34118 33332 21212 
22936 34343 33083 25484 
26498 33374 32777 30939 
31850 31397 32469 36658 
38125 29045 32207 41770 
43843 27298 32034 45300 
47936 26764 31965 46751 
49496 27663 32032 45989 
47883 29781 32183 42959 
43160 32505 32407 38369 
36140 35213 32643 33072 
27958 37557 32909 27927 
19936 39227 33129 23706 
13374 40173 33263 21025 
9795 40372 33333 20385 
9869 39816 33300 21683 
13861 38471 33191 24606 
21531 36219 33013 28700 
31465 33094 32761 33048 
42309 29278 32529 37080 
52152 25165 32350 40187 
59266 21321 32213 41898 
61888 18777 32164 42090 
59544 18310 32215 40825 
52474 20516 32368 38408 
42247 25305 32585 35380 
30393 32018 32832 32223 
18796 39428 33063 29435 
9218 46269 33236 27420 
3597 50800 33324 26451 
2742 52255 33333 26541 
6831 50311 33237 27547 
15402 45191 33030 29228 
26610 38041 32771 31201 
38638 30037 32537 33134 
49370 22468 32322 34714 
57020 16394 32173 35753 
60017 13005 32152 36169 
58124 12648 32196 35964 
52134 15417 32336 35305 
43314 21123 32553 34388 
33738 28780 32751 33377 
24987 37284 32956 32498 
18374 45204 33097 31811 
14659 51303 33220 31463 
14029 54063 33219 31401 
16041 53044 33178 31605 
20072 48187 33034 31918 
25342 40462 32878 32311 
30928 31576 32668 32606 
36272 23246 32478 32824 
40736 17138 32313 32907 
43893 14355 32220 32914 
45372 15178 32198 32866 
45013 19096 32254 32768 
43008 25029 32412 32711 
39684 31734 32635 32708 
35771 37724 32821 32706 
31954 42292 33012 32737 
28724 44952 33192 32779 
26343 45525 33312 32826 
25004 44003 33355 32823 
24618 40612 33315 32772 
25131 35768 33212 32694 
26479 30050 33023 32564 
28490 24772 32789 32468 
30970 20928 32517 32397 
33718 19622 32310 32451 
36281 21338 32127 32543 
38242 26085 32003 32680 
39273 32489 32032 32898 
39293 39214 32145 33108 
38273 44684 32345 33286 
36376 47556 32608 33389 
33952 46967 32824 33328 
31505 43163 33002 33144 
29446 36983 33095 32890 
28120 29675 33129 32619 
27682 23100 33093 32354 
28050 18444 32991 32136 
29016 16537 32876 32023 
30419 17590 32738 31986 
32022 21421 32674 32114 
33609 27232 32686 32325 
34972 34061 32747 32557 
35972 40803 32861 32801 
36429 46397 32931 32941 
36461 49622 33038 33056 
36087 49837 33047 33066 
35429 46968 33025 33016 
34350 41419 32849 32865 
32850 34469 32616 32714 
31098 27732 32394 32628 
29282 22244 32170 32578 
27896 18740 31965 32576 
27553 17534 31893 32659 
28536 18533 31944 32818 
30558 21448 32132 32987 
32914 25868 32422 33150 
34827 31376 32808 33275 
35550 37047 33172 33241 
35083 42050 33487 33128 
33989 45509 33682 32889 
33087 46811 33770 32586 
33046 45661 33704 32257 
33929 42349 33488 31945 
35308 37599 33163 31701 
36538 32247 32787 31613 
36950 27095 32402 31695 
36172 23077 32066 31937 
34256 20740 31821 32296 
31577 20492 31696 32763 
28551 22502 31702 33263 
26043 26446 31864 33738 
24670 31302 32102 34064 
24705 36307 32433 34223 
26128 40382 32784 34147 
28729 42920 33110 33819 
31907 43416 33391 33343 
34997 42015 33608 32797 
37724 39017 33697 32202 
39942 34926 33636 31635 
41681 30411 33508 31245 
42864 26123 33293 31067 
43010 22927 33007 31104 
41579 21369 32660 31327 
38283 21996 32390 31774 
33149 24895 32175 32353 
27017 29718 32014 32940 
21478 35509 31948 33517 
17800 41263 31975 33964 
16915 45787 32112 34235 
18936 47979 32304 34288 
23321 47154 32546 34142 
28915 43300 32810 33831 
34713 36942 32981 33324 
39975 29261 33092 32766 
44342 21672 33150 32234 
47158 15907 33102 31770 
48211 13015 33017 31494 
47098 13526 32868 31400 
43697 17548 32718 31519 
38512 24333 32664 31858 
32223 32815 32653 32265 
25829 41689 32692 32687 
20316 49651 32759 33058 
16820 55039 32874 33337 
15807 56964 33009 33499 
17338 54821 33087 33484 
21280 48647 33086 33324 
26884 39692 33032 33084 
33277 29322 32865 32763 
39502 19531 32651 32482 
44694 11939 32462 32326 
47755 8028 32242 32240 
48437 8135 32077 32243 
46812 12064 32037 32410 
43215 19067 32111 32649 
38482 27727 32252 32887 
33443 36750 32442 33079 
28810 44924 32710 33250 
24998 51186 32974 33284 
22342 54404 33211 33195 
20853 54253 33393 33006 
20551 50792 33450 32707 
21615 44753 33485 32444 
23929 37411 33401 32178 
27317 29970 33177 31935 
31587 23781 32964 31887 
35983 19542 32639 31934 
39911 17676 32368 32154 
42631 17986 32118 32473 
43897 19926 31955 32836 
43758 22871 31877 33223 
42466 26319 31954 33570 
40321 29654 32107 33748 
37568 32899 32382 33805 
34329 36010 32718 33659 
30688 39091 33056 33367 
27094 41945 33332 32930 
23946 44362 33531 32457 
21756 45840 33642 32025 
20962 45714 33590 31659 
21730 43693 33416 31478 
23814 39804 33123 31475 
26901 34615 32773 31640 
30798 28917 32436 32022 
34799 24105 32164 32479 
38722 20757 31987 32948 
42258 19189 31881 33347 
45130 19409 31959 33688 
46688 20944 32116 33852 
46571 23372 32370 33848 
44450 26377 32631 33684 
40243 29934 32869 33413 
34506 33905 33002 33028 
28076 38239 33061 32662 
22017 42611 33107 32392 
17324 46164 33040 32148 
15012 48169 32975 32040 
15507 47938 32919 32042 
18781 45167 32875 32131 
24270 40287 32852 32227 
30780 34438 32883 32356 
37437 28665 32921 32455 
43240 24018 32952 32512 
47527 21111 32961 32531 
49644 20197 32922 32536 
49382 20922 32801 32521 
46754 22855 32649 32536 
41916 25627 32488 32680 
35555 28635 32286 32847 
28658 31757 32145 33096 
22419 34646 32058 33373 
17919 37057 32056 33623 
16172 38671 32163 33792 
17353 39391 32375 33849 
21049 39258 32637 33707 
26531 38551 32915 33406 
32563 37689 33193 32978 
38247 36950 33391 32435 
42790 36432 33527 31906 
45519 35923 33527 31410 
45973 35215 33435 31109 
44149 34001 33248 31009 
40397 32071 32957 31097 
35425 29592 32718 31482 
30183 26768 32450 32005 
25905 24220 32284 32633 
23225 22417 32183 33270 
22457 21771 32082 33807 
23713 22762 32144 34267 
26421 25291 32165 34441 
30040 29264 32282 34464 
33804 34076 32401 34256 
37066 39120 32546 33871 
39163 43522 32691 33364 
39799 46661 32850 32800 
38880 48000 32979 32229 
36705 47315 33128 31735 
33913 44674 33254 31367 
31207 40367 33325 31172 
29286 34926 33366 31132 
28527 29023 33343 31259 
28995 23355 33271 31570 
30263 18827 33075 31925 
31871 15986 32872 32375 
33297 15213 32637 32837 
34238 16736 32395 33287 
34559 20360 32182 33666 
34471 25757 32047 33937 
34131 32265 32014 34067 
33595 39167 32054 34055 
32868 45161 32130 33865 
32005 49429 32298 33588 
31127 51207 32484 33257 
30513 50174 32657 32887 
30484 46554 32824 32531 
31285 41282 32983 32266 
32688 35191 33045 32013 
34350 29341 33107 31872 
35705 24336 33145 31799 
36262 20722 33180 31816 
35791 18679 33201 31901 
34440 18155 33212 32005 
32562 19140 33180 32139 
30666 21750 33157 32309 
29174 25626 33070 32471 
28355 30503 32921 32652 
28351 35807 32752 32844 
29161 40785 32494 33027 
30833 44817 32291 33270 
32949 47045 32097 33447 
35159 47239 31953 33593 
37063 45308 31899 33682 
38276 41450 31929 33672 
38538 36221 32050 33575 
37840 30804 32299 33403 
36238 25847 32580 33132 
33964 22192 32871 32804 
31227 20341 33136 32408 
28524 20625 33388 32051 
26362 22764 33571 31736 
25191 26207 33637 31499 
25405 30215 33605 31416 
27136 34151 33462 31485 
29978 37169 33193 31648 
33329 39053 32880 31952 
36474 39732 32565 32389 
38671 39287 32261 32887 
39493 37949 31991 33350 
39106 36177 31848 33762 
37770 34328 31805 34034 
35883 32812 31920 34143 
33870 31958 32159 34082 
31956 31813 32475 33846 
30287 32253 32810 33416 
28949 32960 33083 32887 
28213 33526 33297 32361 
28144 33586 33444 31908 
28785 32860 33471 31562 
30002 31283 33357 31366 
31564 29054 33171 31376 
32973 26736 32909 31538 
34070 24936 32679 31881 
34634 24192 32461 32300 
34777 25003 32323 32772 
34617 27509 32234 33174 
34470 31589 32249 33518 
34462 36658 32322 33735 
34617 41796 32467 33832 
34789 46067 32622 33722 
34814 48424 32782 33531 
34469 48357 32919 33234 
33584 45667 32989 32867 
32191 40552 33000 32468 
30540 33929 32979 32143 
28979 26648 32924 31927 
27848 19692 32766 31763 
27595 14198 32640 31803 
28394 11370 32525 31992 
30066 11794 32435 32264 
32270 15697 32411 32634 
34500 22734 32457 33025 
36159 31616 32528 33357 
37155 41018 32686 33621 
37440 49259 32863 33713 
37148 54971 33007 33588 
36596 57085 33179 33359 
35744 55315 33269 32963 
34566 50014 33258 32465 
32943 41994 33184 31989 
30952 32641 33034 31605 
28933 23582 32826 31417 
27315 16032 32574 31428 
26645 11144 32362 31706 
27211 9739 32168 32161 
28925 11960 32083 32729 
31294 17188 32082 33302 
33742 24548 32181 33827 
35663 32919 32360 34181 
36648 40771 32592 34309 
36740 47197 32809 34176 
36222 51324 32970 33766 
35496 52532 33048 33197 
35000 50653 33112 32591 
34712 46017 33092 32011 
34438 39333 32990 31538 
33949 31746 32883 31294 
33002 24502 32778 31290 
31587 19246 32709 31527 
29907 16838 32698 31925 
28288 17616 32719 32378 
27123 21296 32807 32848 
26726 26708 32877 33197 
27246 32583 32957 33451 
28645 37548 32994 33537 
30835 40738 32946 33435 
33640 41665 32854 33247 
36581 40571 32689 32997 
39277 38043 32479 32742 
41346 34872 32294 32592 
42310 31646 32125 32493 
41852 29104 32034 32520 
39822 27485 32022 32614 
36380 27027 32151 32771 
31743 27835 32343 32894 
26749 29914 32635 32974 
22179 33058 32950 32963 
18991 36800 33220 32852 
18080 40451 33482 32695 
19875 42934 33642 32497 
24096 43368 33659 32247 
30060 41317 33545 32069 
36700 36908 33341 32006 
42962 30692 33058 32044 
47575 24169 32735 32180 
50006 18638 32471 32442 
49769 15214 32204 32715 
46843 14738 32050 33039 
41382 17421 31951 33294 
34289 22827 31947 33478 
26544 30318 32013 33563 
19490 38801 32156 33567 
14383 47217 32306 33461 
12519 53879 32477 33257 
14128 57675 32662 33024 
18820 57688 32851 32780 
25734 53492 33034 32500 
33220 45792 33222 32295 
40209 35660 33374 32120 
45762 24635 33512 32006 
49351 14229 33549 31922 
50683 6404 33545 31939 
49824 2140 33432 31953 
46964 2131 33249 32041 
42246 6663 32984 32205 
36228 15220 32685 32414 
29446 26810 32381 32679 
22753 39892 32094 32946 
17113 52911 31866 33228 
13864 63337 31770 33508 
13523 65405 31763 33702 
16223 65480 31879 33809 
21435 65500 32066 33790 
27892 63062 32289 33614 
34406 47567 32559 33380 
40014 31091 32793 33035 
44347 14302 32983 32645 
47225 994 33167 32300 
48834 107 33316 31999 
49153 61 33421 31775 
47886 52 33511 31705 
44602 8417 33503 31694 
39282 20646 33476 31815 
32245 34990 33403 31997 
24418 49449 33265 32219 
17411 61306 33022 32445 
12849 65372 32763 32711 
11514 65488 32496 32969 
13439 65505 32150 33122 
18392 57741 31911 33337 
25099 43076 31718 33449 
32667 26081 31619 33494 
40102 9844 31707 33536 
46624 335 31903 33487 
51227 74 32181 33384 
53416 50 32510 33209 
52712 3488 32874 32956 
49096 14354 33199 32682 
42867 28661 33510 32427 
35133 43534 33686 32150 
27021 56974 33765 31928 
19882 65161 33740 31779 
14721 65469 33571 31708 
12527 65503 33324 31756 
13417 65473 33030 31912 
17100 50774 32686 32167 
22948 34322 32352 32497 
30128 17045 32037 32838 
37282 2714 31810 33208 
43540 123 31709 33538 
47918 53 31747 33776 
49779 47 31924 33919 
48840 10073 32192 33905 
45419 22918 32511 33723 
40252 37369 32866 33447 
34294 50930 33173 33012 
28918 60705 33426 32541 
24868 65069 33655 32147 
22542 63579 33705 31732 
21970 56312 33606 31403 
22947 45193 33389 31281 
25061 32164 33126 31360 
27820 19482 32795 31608 
30905 9132 32473 32019 
33806 3232 32188 32513 
36175 2408 31994 33031 
37612 6741 31878 33476 
37985 15569 31900 33855 
37295 27554 32030 34046 
35911 40213 32200 34049 
34375 51386 32443 33900 
33097 58925 32650 33533 
32465 61345 32855 33140 
32452 58119 33006 32715 
32857 50140 33132 32347 
33316 39194 33199 32034 
33618 27199 33252 31881 
33521 17515 33242 31822 
33101 11519 33212 31881 
32410 10123 33154 31999 
31566 13347 33072 32176 
30729 19972 32971 32332 
30017 28491 32869 32520 
29505 37125 32733 32651 
29353 44536 32601 32774 
29630 49187 32403 32830 
30464 50501 32269 32920 
31733 48403 32149 33030 
33410 43315 32115 33183 
35155 35854 32087 33278 
36705 27554 32156 33389 
37710 20180 32290 33449 
38004 15233 32485 33436 
37453 13914 32707 33343 
36142 16758 32949 33171 
34310 23037 33133 32860 
32330 31416 33298 32540 
30548 40003 33451 32258 
29114 46949 33500 31957 
28205 50752 33428 31698 
27878 50942 33315 31607 
28027 47832 33142 31637 
28571 42197 32897 31783 
29538 35159 32623 32058 
30896 28170 32357 32414 
32654 22283 32131 32828 
34570 18300 31921 33219 
36376 16818 31775 33564 
37629 18215 31809 33844 
37974 21972 31941 33968 
