33080 32657 33802 32031 
33080 32657 33802 32031 
33109 32502 33642 31829 
33078 32352 33369 31717 
32986 32253 33015 31775 
32838 32179 32652 31969 
32640 32152 32308 32303 
32420 32139 31997 32716 
32181 32132 31749 33146 
32019 32207 31639 33556 
31947 32346 31668 33889 
31985 32539 31806 34041 
32137 32803 32062 34029 
32401 33095 32405 33848 
32745 33396 32811 33522 
33033 33554 33151 33016 
33361 33679 33508 32495 
33614 33695 33771 32019 
33737 33558 33890 31574 
33696 33263 33823 31273 
33519 32907 33634 31175 
33204 32475 33300 31260 
32854 32121 32935 31567 
32458 31809 32526 32016 
32148 31692 32191 32573 
31911 31718 31932 33100 
31776 31861 31748 33557 
31875 32194 31795 33965 
32082 32578 31949 34164 
32366 32969 32179 34149 
32646 33267 32432 33922 
32879 33443 32688 33540 
33057 33486 32904 33118 
33094 33326 33013 32625 
33055 33094 33046 32212 
32933 32787 33012 31898 
32804 32519 32953 31750 
32703 32328 32891 31768 
32627 32212 32825 31878 
32624 32233 32825 32116 
32708 32383 32899 32386 
32852 32614 33014 32664 
33005 32851 33132 32855 
33097 33035 33200 32926 
33185 33204 33245 32941 
33172 33242 33186 32872 
33022 33154 32986 32735 
32861 33037 32749 32654 
32632 32847 32448 32614 
32339 32566 32115 32603 
32110 32349 31848 32708 
31958 32174 31688 32884 
31898 32075 31656 33078 
31997 32127 31816 33283 
32230 32299 32120 33439 
32513 32534 32499 33497 
32828 32780 32918 33394 
33123 32998 33300 33168 
33362 33180 33626 32867 
33493 33252 33837 32503 
33505 33202 33883 32117 
33402 33074 33775 31790 
33198 32884 33534 31543 
32966 32693 33208 31460 
32707 32528 32812 31541 
32492 32439 32414 31802 
32351 32450 32095 32177 
32226 32471 31808 32602 
32199 32581 31664 33077 
32221 32671 31650 33534 
32286 32769 31783 33909 
32410 32844 32030 34139 
32536 32857 32355 34190 
32652 32815 32737 34067 
32750 32723 33084 33745 
32841 32626 33396 33289 
32915 32549 33641 32756 
33006 32522 33781 32212 
33059 32528 33755 31701 
33132 32616 33617 31330 
33174 32753 33368 31142 
33188 32925 33024 31149 
33152 33092 32646 31375 
33075 33260 32307 31818 
32938 33311 32030 32308 
32762 33280 31879 32880 
32510 33103 31807 33400 
32278 32864 31905 33819 
32091 32562 32100 34082 
32001 32280 32389 34161 
31978 32022 32666 34017 
32045 31843 32885 33698 
32189 31764 33025 33254 
32431 31884 33103 32830 
32729 32125 33114 32431 
33003 32425 33049 32092 
33256 32808 32952 31915 
33415 33163 32860 31850 
33511 33506 32834 31949 
33472 33722 32829 32101 
33371 33817 32907 32306 
33176 33748 32980 32481 
32914 33533 33028 32599 
32662 33234 33087 32685 
32409 32843 33044 32684 
32240 32457 32949 32658 
32141 32125 32782 32637 
32130 31866 32557 32619 
32220 31764 32335 32703 
32374 31804 32150 32851 
32513 31920 31977 33025 
32650 32125 31907 33229 
32783 32398 31974 33445 
32872 32685 32142 33595 
32925 32951 32434 33668 
32891 33117 32730 33554 
32893 33284 33091 33358 
32864 33363 33388 32992 
32862 33373 33595 32548 
32914 33377 33722 32136 
32952 33283 33664 31695 
33000 33184 33505 31425 
33025 33042 33231 31273 
33057 32905 32946 31358 
32926 32579 32344 32025 
32768 32413 32155 32512 
32547 32218 32038 33017 
32285 32010 31987 33474 
32065 31872 32034 33865 
31914 31811 32147 34103 
31882 31865 32298 34197 
31952 32022 32450 34083 
32152 32302 32591 33832 
32472 32691 32731 33448 
32839 33103 32859 33009 
33189 33481 32951 32514 
33557 33844 33105 32094 
33804 34019 33233 31729 
33843 33980 33321 31448 
33758 33801 33442 31351 
33511 33423 33458 31390 
33162 32979 33419 31561 
32743 32485 33284 31828 
32347 32069 33103 32187 
32005 31726 32805 32589 
31781 31576 32476 32992 
31711 31591 32153 33356 
31854 31837 31914 33727 
32085 32165 31767 33940 
32422 32585 31773 34051 
32768 32982 31893 34006 
33037 33282 32085 33774 
33240 33481 32377 33479 
33307 33505 32685 33098 
33216 33351 32919 32669 
33041 33087 33141 32269 
32798 32726 33250 31916 
32565 32396 33278 31679 
32426 32187 33280 31616 
32356 32080 33196 31662 
32439 32176 33131 31845 
32611 32399 33087 32082 
32856 32731 33074 32376 
33070 33059 33035 32644 
33214 33335 33015 32884 
33252 33470 32955 33044 
33188 33475 32880 33166 
32982 33286 32722 33192 
32737 33015 32542 33199 
32482 32675 32333 33174 
32261 32331 32102 33131 
32111 32040 31898 33053 
32096 31908 31797 33014 
32185 31914 31789 32957 
32357 32055 31905 32897 
32616 32357 32193 32885 
32860 32682 32549 32830 
33092 33018 32978 32763 
33179 33230 33338 32595 
33225 33381 33684 32482 
33146 33386 33887 32337 
33008 33250 33932 32196 
32789 32989 33778 32066 
32613 32745 33554 32043 
32492 32504 33232 32071 
32392 32292 32819 32120 
32427 32234 32439 32255 
32540 32290 32115 32477 
32706 32483 31865 32739 
32859 32692 31706 33011 
32971 32916 31688 33288 
33038 33107 31792 33566 
33007 33200 31992 33760 
32853 33140 32222 33824 
32690 33024 32550 33796 
32490 32797 32879 33625 
32307 32504 33159 33299 
32203 32258 33399 32891 
32218 32103 33575 32436 
32348 32060 33665 31977 
32547 32135 33626 31571 
32800 32330 33489 31312 
33053 32591 33257 31228 
33258 32905 32975 31329 
33370 33201 32682 31610 
33384 33442 32388 32040 
33321 33608 32197 32597 
33113 33586 32039 33124 
32841 33418 31957 33602 
32557 33153 31998 34001 
32308 32822 32125 34201 
32150 32478 32306 34204 
32098 32207 32528 34030 
32154 32019 32743 33655 
32309 31969 32952 33199 
32511 32028 33079 32647 
32783 32243 33236 32184 
32974 32438 33251 31733 
33121 32678 33239 31459 
33169 32848 33168 31379 
33094 32911 33008 31457 
32909 32880 32825 31723 
32686 32785 32631 32111 
32485 32699 32484 32608 
32317 32597 32345 33049 
32244 32553 32280 33463 
32307 32645 32304 33793 
32480 32817 32413 33988 
32712 33039 32549 34057 
33023 33354 32778 34071 
33288 33577 32971 33827 
33476 33716 33145 33248 
33510 33650 33235 32230 
33444 33469 33298 30947 
33221 33087 33222 29695 
32866 32581 33024 28904 
32499 32061 32794 29082 
32161 31594 32521 30313 
31904 31302 32269 32362 
31764 31194 32113 34783 
31689 31224 31998 36937 
31812 31485 32041 38352 
32097 31980 32221 38734 
32548 32630 32467 38050 
33100 33390 32723 36376 
33668 34165 32961 34068 
34095 34754 33099 31348 
34251 35020 33189 28633 
33992 34833 33200 26214 
33267 34103 33134 24638 
32204 32953 33015 24255 
31043 31598 32890 25305 
30155 30343 32772 27814 
29913 29599 32750 31384 
30467 29570 32742 35488 
31840 30425 32743 39480 
33810 31978 32781 42505 
35958 33796 32794 43992 
37754 35325 32771 43613 
38587 36156 32674 41224 
37968 36150 32582 37312 
35788 35497 32491 32446 
32323 34550 32351 27402 
28371 33726 32243 23134 
24914 33125 32206 20409 
22893 32560 32245 19733 
23065 31612 32416 21399 
25464 30066 32612 24971 
29660 28047 32842 29842 
34879 26166 33098 35204 
40138 25156 33295 40214 
44312 25860 33449 43898 
46534 28413 33465 45682 
46233 32542 33393 45334 
43168 37532 33245 42897 
37780 42112 33015 38837 
31018 45332 32756 33869 
24125 46433 32533 28822 
18485 45069 32320 24552 
15170 41341 32146 21712 
14838 35882 32024 20729 
17738 29503 31990 21771 
23374 23454 32039 24503 
31041 18668 32127 28414 
39526 15855 32287 32790 
47496 15502 32530 37037 
53090 17643 32799 40293 
55151 21963 33038 42127 
52929 28165 33281 42365 
46792 35346 33489 41063 
37892 42783 33574 38499 
28029 49538 33624 35227 
18946 54501 33501 31694 
12745 56500 33335 28704 
10216 54760 33084 26584 
11567 49056 32740 25579 
16533 40040 32437 25849 
24133 29025 32167 27173 
33042 17973 31938 29247 
42045 8916 31828 31742 
49185 3972 31813 34044 
53321 3851 31943 35920 
53450 8643 32182 37103 
49365 17407 32444 37377 
42212 28288 32768 36882 
33449 39644 33057 35742 
24785 50034 33297 34193 
18505 57576 33444 32578 
15681 61537 33476 31208 
16576 61326 33377 30267 
20621 57010 33192 29885 
26582 49016 32925 30035 
32880 38359 32651 30679 
38301 26258 32421 31676 
41640 14996 32265 32737 
42716 6403 32238 33687 
41695 2076 32289 34347 
39252 2933 32437 34596 
36167 8907 32638 34430 
33176 18951 32881 33918 
30678 31360 33067 33113 
29092 43441 33191 32311 
28426 53224 33232 31586 
28631 59102 33160 31097 
29691 60330 33010 30951 
31243 56947 32779 31162 
32956 50008 32552 31700 
34299 40581 32322 32432 
34920 30569 32205 33237 
34557 21157 32112 33885 
33378 13711 32134 34323 
31829 9297 32294 34531 
30380 8499 32456 34359 
29607 11590 32645 33914 
29845 18346 32827 33288 
31046 27461 32937 32589 
32999 37664 33032 31984 
35063 47035 33024 31486 
36885 54119 33041 31303 
37717 57014 33031 31389 
37402 55410 33028 31696 
35943 49523 32979 32074 
33745 40521 32988 32542 
31396 30446 33031 32990 
29309 21084 33003 33242 
27952 14170 32940 33347 
27536 11146 32867 33289 
28010 12164 32739 33097 
29209 16725 32578 32853 
30933 23911 32371 32569 
32871 32087 32206 32399 
34746 39968 32076 32345 
36429 46257 32018 32418 
37749 49948 32034 32625 
38506 50343 32160 32930 
38421 47599 32372 33257 
37228 42446 32630 33505 
34809 36127 32925 33654 
31405 29914 33199 33630 
27735 24863 33429 33404 
24774 21484 33541 32982 
23820 20172 33542 32492 
25298 20621 33474 31994 
28826 22530 33292 31541 
33475 25808 33034 31235 
37369 29848 32753 31161 
39571 34293 32504 31318 
39626 38410 32282 31674 
38021 41506 32187 32254 
35664 42925 32123 32802 
33573 42518 32146 33369 
32267 40494 32235 33903 
31775 37505 32372 34241 
31622 34142 32463 34316 
31489 31055 32593 34242 
31046 28518 32649 33938 
30398 26932 32717 33538 
29682 26367 32744 33049 
29155 26838 32771 32535 
29085 28350 32835 32092 
29634 30399 32931 31754 
30867 32547 33059 31556 
32690 34365 33204 31507 
34648 35376 33307 31551 
36352 35593 33395 31717 
37302 35055 33395 31944 
37351 34031 33321 32194 
36691 32802 33147 32461 
35830 31620 32881 32715 
35218 30721 32570 32987 
34959 30392 32259 33243 
34620 30751 31983 33455 
33559 31938 31805 33627 
31353 33900 31729 33703 
28244 36246 31772 33695 
25125 38609 31992 33649 
22973 40234 32203 33426 
22967 40622 32537 33221 
25176 39258 32852 32942 
29093 35897 33082 32576 
33656 31119 33297 32317 
37846 25534 33434 32083 
40992 20238 33443 31890 
42975 16514 33446 31827 
43592 15501 33353 31807 
42967 17760 33269 31901 
40975 23153 33087 31985 
37790 30816 32958 32130 
33540 39485 32800 32309 
28762 47701 32645 32480 
24169 54150 32513 32695 
20807 57364 32364 32892 
19194 56795 32220 33073 
19691 52361 32153 33312 
22243 44273 32117 33532 
26390 33894 32127 33689 
31517 22690 32208 33808 
36915 12533 32328 33805 
41757 5347 32499 33695 
45183 2419 32637 33432 
46685 4459 32803 33055 
45962 11268 32971 32596 
43204 21383 33133 32126 
39008 33159 33254 31664 
34091 44801 33303 31308 
29600 54180 33386 31171 
25943 60076 33311 31147 
23584 61748 33245 31391 
22409 58877 33031 31778 
22356 52274 32817 32330 
23176 42923 32569 32940 
24845 32144 32297 33548 
27305 22124 32107 34068 
30477 14290 31972 34382 
34131 9832 31949 34467 
37934 9261 32022 34274 
41039 12399 32220 33894 
42950 18243 32490 33313 
43333 25531 32805 32681 
42189 32964 33091 32024 
39930 39279 33320 31485 
37070 43711 33485 31156 
33995 45881 33499 31052 
31161 45871 33413 31215 
28592 44279 33227 31577 
26363 41846 32956 32066 
24598 39249 32675 32633 
23581 36992 32415 33184 
23496 35012 32201 33607 
24574 33093 32083 33907 
26651 30946 32060 33963 
29459 28483 32133 33839 
32695 25928 32341 33614 
35759 23819 32541 33232 
38598 22733 32801 32856 
40925 22939 32968 32421 
42773 24641 33166 32130 
43675 27208 33238 31930 
43465 30092 33225 31849 
41849 32809 33114 31932 
38591 34987 32869 32058 
34101 36813 32635 32325 
28804 38520 32422 32627 
23415 40264 32234 32883 
19094 41913 32137 33090 
16849 43062 32193 33248 
17094 43085 32374 33292 
19965 41489 32665 33287 
24761 38221 32972 33177 
30750 33684 33208 32957 
37029 28745 33392 32729 
42751 24364 33487 32536 
47183 21289 33439 32384 
49738 19906 33224 32228 
49987 20290 32901 32139 
47706 22268 32591 32186 
42903 25430 32278 32287 
35991 29481 32038 32455 
28255 33756 31907 32639 
20981 37785 31903 32818 
15639 40993 32048 33000 
13282 42891 32312 33162 
14562 43076 32662 33284 
18961 41667 33010 33297 
25546 39104 33261 33197 
33162 36079 33414 33021 
40639 33282 33474 32841 
46761 31069 33359 32623 
50677 29580 33161 32438 
51417 28725 32849 32284 
48814 28327 32515 32210 
43266 28271 32250 32278 
35614 28525 32077 32409 
27336 29088 32043 32597 
20124 29910 32146 32788 
15303 30830 32377 32961 
13997 31686 32681 33063 
16206 32277 32997 33085 
21421 32505 33278 32983 
28642 32496 33444 32772 
36483 32515 33491 32541 
43631 32835 33461 32360 
48686 33472 33201 32135 
50754 34601 32890 32059 
49397 36071 32573 32125 
44794 37664 32282 32336 
37883 39085 32050 32639 
30092 39986 31927 32988 
22909 40001 31929 33329 
18088 38932 32069 33606 
16347 36686 32303 33759 
17896 33239 32627 33740 
21988 28958 32891 33495 
27691 24391 33167 33144 
33816 20208 33352 32695 
39438 17186 33417 32208 
43542 16231 33351 31792 
45742 17824 33186 31521 
45705 22027 32909 31434 
43514 28498 32649 31591 
39350 36196 32379 31924 
33919 43899 32206 32354 
28138 50441 32153 32873 
23457 54429 32231 33369 
20833 55376 32404 33724 
20873 53198 32660 33907 
23505 48181 32961 33883 
27814 41062 33181 33610 
32693 32593 33315 33221 
37209 23583 33364 32785 
40328 15419 33262 32305 
41732 9083 33037 31926 
41368 5706 32734 31681 
39463 6172 32466 31678 
36374 10722 32204 31826 
32667 18835 32032 32101 
28979 29570 31993 32492 
26214 40788 32080 32900 
24881 50875 32269 33277 
25271 58309 32551 33548 
27179 61973 32849 33671 
30062 61174 33120 33601 
33217 56251 33293 33375 
36266 47720 33434 33089 
38452 37088 33412 32684 
39646 25935 33322 32328 
39618 15994 33156 32043 
38218 8732 32888 31848 
35704 5582 32575 31783 
32608 6723 32323 31914 
29561 11650 32096 32163 
27284 19183 31953 32502 
26381 27993 31961 32916 
26899 36534 32062 33302 
28608 43944 32309 33629 
30686 49247 32616 33792 
32598 52125 32939 33742 
33974 52473 33240 33519 
34790 50384 33457 33109 
35174 46254 33566 32636 
35360 40738 33582 32163 
35381 34535 33415 31720 
35268 28843 33102 31414 
35050 24357 32784 31362 
34558 21471 32458 31538 
33817 20204 32183 31907 
32981 20285 31986 32426 
32149 21285 31906 32968 
31444 22935 31960 33527 
30947 24960 32127 33951 
30576 27324 32391 34182 
30242 30252 32711 34186 
29932 33467 32991 33945 
29766 37014 33183 33469 
30035 40696 33326 32943 
30923 44102 33360 32326 
32520 46530 33352 31847 
34507 47501 33218 31456 
36498 46627 32969 31237 
37973 43954 32760 31293 
38331 39512 32472 31515 
37479 33794 32280 31963 
35395 27096 32112 32480 
32773 20750 32060 33037 
30244 15484 32151 33584 
28260 12044 32293 33966 
27418 11637 32555 34177 
27618 14419 32779 34090 
28730 20390 33031 33831 
30353 28852 33242 33388 
32033 38214 33358 32826 
33640 47071 33421 32278 
35018 53994 33393 31798 
36075 57774 33201 31396 
36775 57693 33005 31264 
36964 53793 32744 31338 
36506 46694 32486 31625 
35348 37511 32276 32089 
33553 27491 32125 32631 
31464 18128 32022 33126 
29629 10801 32063 33623 
28609 6969 32206 33944 
28540 7010 32363 34046 
29461 10982 32607 33973 
30988 18389 32817 33678 
32498 27655 32954 33256 
33603 37554 33073 32830 
34007 46489 33095 32383 
33845 53330 33093 32063 
33388 56830 33000 31853 
33102 56600 32895 31785 
33368 52698 32830 31911 
34201 45517 32781 32113 
35297 36441 32770 32355 
36195 26910 32784 32591 
36418 18585 32854 32783 
35642 12932 32877 32870 
33926 11033 32866 32869 
31615 13157 32842 32810 
29114 18859 32751 32712 
27038 26670 32633 32662 
25728 35058 32517 32661 
25354 42388 32370 32698 
26098 47385 32268 32824 
27971 49312 32230 32997 
30827 47974 32216 33163 
34655 43822 32337 33352 
38684 37870 32520 33453 
42361 31174 32714 33434 
44957 24958 32923 33293 
45714 20198 33076 33003 
44157 17915 33193 32646 
40290 18401 33277 32289 
34456 21651 33251 31928 
27569 27327 33191 31663 
20870 34574 33073 31546 
15856 42106 32927 31561 
13733 48591 32753 31713 
15217 52340 32610 32040 
20063 52349 32497 32442 
27284 48233 32393 32875 
35751 40326 32296 33332 
43589 30315 32249 33716 
49693 20003 32223 33976 
53225 11308 32238 34083 
53512 6295 32305 34020 
50471 5801 32422 33795 
44439 9958 32591 33440 
35958 18434 32791 32975 
26657 29696 33003 32465 
18068 42137 33189 31947 
11940 53847 33363 31515 
9532 62888 33457 31244 
11283 65408 33464 31156 
16648 65486 33356 31244 
24523 59809 33175 31562 
33035 49591 32901 31998 
40987 34987 32599 32521 
47534 19192 32373 33137 
51661 5352 32134 33637 
53259 193 32023 34077 
52144 71 32004 34304 
48228 55 32056 34309 
42052 6229 32222 34119 
34155 17787 32382 33705 
25740 32151 32591 33175 
18248 47205 32843 32648 
13117 60558 33052 32082 
11460 65349 33218 31636 
13600 65484 33318 31330 
18852 65508 33331 31220 
25965 65515 33260 31305 
33503 53155 33130 31627 
39939 35462 32916 32073 
44634 16972 32707 32601 
47404 1240 32488 33148 
48364 105 32285 33597 
47828 50 32212 33974 
45707 37 32179 34087 
41965 8316 32272 34039 
36784 21519 32450 33765 
30625 36918 32693 33373 
24259 52141 32925 32843 
19169 63817 33098 32296 
16412 65437 33272 31865 
16426 65501 33289 31510 
19171 65515 33249 31412 
23682 56026 33039 31432 
29110 39805 32857 31755 
34514 22012 32616 32154 
39344 5304 32387 32643 
43125 181 32232 33129 
45540 63 32098 33472 
46471 47 32130 33780 
45544 5538 32193 33794 
42874 16061 32385 33718 
38671 30430 32632 33476 
33477 45705 32876 33108 
28355 59010 33090 32703 
24069 65314 33277 32356 
21166 65483 33386 32065 
20123 65508 33388 31889 
20898 65504 33272 31855 
23301 50667 33066 31955 
26949 33018 32779 32162 
31127 15433 32477 32450 
35318 1176 32253 32807 
38927 93 32055 33099 
41388 50 31988 33347 
42391 56 32033 33464 
41973 11009 32236 33481 
40195 23967 32495 33372 
37497 38107 32858 33164 
34292 50985 33140 32811 
31249 60771 33404 32454 
28987 65102 33599 32174 
27698 63573 33643 31950 
27369 56784 33492 31810 
27848 45326 33213 31811 
28838 31691 32886 31997 
29983 18116 32492 32242 
31212 7049 32172 32623 
32505 578 31944 33028 
33634 75 31816 33351 
34584 5287 31872 33604 
35048 13815 32049 33744 
34811 26801 32291 33695 
33955 41075 32609 33542 
32670 54297 32879 33241 
31520 63567 33094 32884 
30962 65441 33207 32529 
31326 65500 33267 32246 
32490 56676 33214 32026 
34084 43839 33144 31946 
35535 29280 33020 31959 
36452 16017 32904 32071 
36592 6616 32864 32278 
35917 2721 32786 32436 
34726 4656 32775 32611 
33262 11670 32798 32758 
31761 21683 32779 32817 
30326 32762 32734 32824 
28999 43057 32671 32835 
27818 51172 32557 32828 
26979 55661 32426 32848 
26769 56148 32304 32904 
27463 52449 32209 32993 
29221 45102 32167 33075 
31859 35380 32214 33188 
34894 24916 32320 33250 
37893 15721 32490 33239 
40121 10187 32736 33183 
41165 9468 32961 33027 
40934 13720 33174 32785 
39556 22047 33358 32502 
37391 32063 33494 32234 
34665 41520 33488 31951 
31707 48544 33368 31744 
28787 51948 33221 31679 
26112 51450 32987 31738 
24040 47598 32711 31888 
23029 41424 32517 32210 
23412 34375 32316 32561 
25383 27728 32201 32969 
28640 22468 32093 33309 
32716 19431 32092 33652 
36574 18993 32087 33836 
39601 21067 32155 33912 
