32250 32188 31846 33488 
32250 32188 31846 33488 
32326 32477 31872 33809 
32404 32708 31964 33941 
32489 32864 32132 33958 
32538 32900 32321 33813 
32601 32862 32563 33589 
32630 32725 32794 33248 
32682 32588 33027 32888 
32780 32526 33246 32537 
32924 32611 33450 32218 
33061 32773 33580 31921 
33195 33026 33620 31697 
33288 33335 33565 31578 
33384 33658 33485 31587 
33343 33836 33267 31666 
33225 33810 33011 31839 
33032 33608 32720 32102 
32758 33201 32402 32437 
32474 32634 32114 32810 
32211 32020 31897 33194 
32051 31499 31808 33553 
31954 31113 31794 33818 
31993 30981 31920 33968 
32097 31082 32091 33941 
32297 31475 32346 33817 
32534 32055 32613 33573 
32736 32684 32832 33236 
32897 33311 32994 32814 
33039 33876 33127 32449 
33118 34251 33220 32122 
33115 34375 33229 31857 
33092 34287 33259 31734 
32990 33926 33200 31677 
32914 33451 33200 31791 
32859 32932 33184 31953 
32798 32388 33135 32127 
32840 32003 33124 32350 
32864 31747 33039 32540 
32937 31706 32923 32712 
32936 31801 32709 32809 
32926 32037 32494 32918 
32852 32333 32265 33050 
32714 32620 32062 33201 
32518 32810 31889 33335 
32322 32931 31809 33483 
32151 32976 31850 33600 
32042 32942 31995 33644 
32055 32895 32280 33640 
32138 32805 32597 33490 
32317 32741 32933 33229 
32541 32686 33215 32866 
32798 32670 33420 32443 
33085 32726 33563 32054 
33283 32781 33534 31667 
33398 32837 33405 31424 
33409 32879 33211 31322 
33360 32934 33018 31413 
33218 32973 32823 31678 
33033 32969 32685 32050 
32808 32921 32572 32475 
32616 32856 32526 32902 
32436 32746 32496 33286 
32337 32681 32516 33597 
32330 32630 32541 33766 
32371 32589 32547 33797 
32459 32558 32520 33687 
32581 32555 32495 33517 
32732 32470 32407 33029 
32771 32440 32414 32817 
32740 32401 32441 32610 
32686 32398 32512 32465 
32622 32457 32647 32388 
32575 32590 32807 32343 
32544 32732 32965 32280 
32585 32941 33132 32233 
32667 33126 33238 32170 
32803 33315 33324 32132 
33020 33484 33378 32138 
33178 33518 33310 32135 
33331 33477 33219 32216 
33372 33308 33017 32332 
33360 33101 32825 32571 
33241 32823 32622 32838 
33009 32497 32417 33141 
32725 32186 32254 33430 
32415 31917 32131 33648 
32123 31731 32061 33770 
31870 31622 32012 33741 
31759 31709 32063 33647 
31754 31862 32152 33383 
31882 32133 32287 33055 
32162 32513 32511 32738 
32457 32868 32728 32382 
32794 33223 32969 32055 
33140 33553 33236 31855 
33434 33783 33475 31740 
33608 33865 33640 31696 
33729 33857 33756 31800 
33708 33708 33737 31936 
33561 33473 33575 32126 
33360 33195 33326 32370 
33089 32880 32982 32606 
32783 32532 32568 32824 
32506 32235 32196 33075 
32239 31981 31870 33277 
32052 31778 31645 33425 
31941 31698 31607 33564 
31907 31687 31689 33617 
31938 31756 31892 33581 
32055 31915 32208 33525 
32154 32065 32502 33341 
32325 32311 32819 33133 
32487 32566 33065 32851 
32670 32860 33226 32573 
32887 33201 33341 32310 
33106 33522 33368 32071 
33314 33807 33324 31882 
33542 34038 33298 31812 
33635 34088 33192 31771 
33683 34026 33144 31837 
33588 33768 33041 31954 
33390 33394 32962 32135 
33092 32903 32888 32379 
32729 32336 32758 32610 
32398 31850 32658 32916 
32076 31421 32497 33159 
31842 31160 32309 33376 
31737 31112 32145 33541 
31797 31303 32027 33684 
31947 31657 31966 33712 
32160 32111 31960 33611 
32474 32658 32099 33461 
32766 33186 32316 33228 
32992 33619 32559 32901 
33180 33946 32884 32591 
33288 34096 33179 32252 
33312 34062 33426 31961 
33301 33914 33636 31782 
33247 33633 33712 31696 
33124 33256 33630 31671 
33045 32896 33478 31810 
32955 32525 33224 31999 
32841 32167 32897 32270 
32711 31895 32552 32584 
32571 31702 32245 32918 
32354 31548 31937 33204 
32193 31532 31778 33494 
32038 31594 31738 33727 
31972 31794 31863 33885 
32008 32094 32109 33902 
32116 32454 32396 33764 
32351 32925 32753 33537 
32663 33408 33089 33135 
32984 33822 33317 32656 
33388 34210 33572 32228 
33630 34354 33610 31752 
33800 34366 33596 31436 
33776 34118 33437 31244 
33610 33696 33204 31259 
33288 33112 32906 31437 
32897 32481 32601 31813 
32489 31857 32353 32328 
32126 31337 32165 32888 
31820 30958 32011 33399 
31699 30865 31986 33878 
31737 31003 32052 34160 
31957 31409 32219 34277 
32287 31991 32453 34190 
32665 32670 32711 33905 
33043 33342 32964 33465 
33298 33878 33132 32889 
33436 34205 33238 32316 
33437 34327 33281 31867 
33271 34168 33212 31530 
32944 33750 33004 31333 
32604 33240 32789 31402 
32328 32713 32584 31666 
32155 32235 32423 32063 
32151 31895 32359 32510 
32271 31737 32373 32938 
32505 31765 32471 33259 
32856 31996 32683 33514 
33177 32306 32906 33577 
33418 32646 33091 33473 
33538 32969 33229 33266 
33436 33145 33217 32928 
33206 33211 33122 32626 
32870 33158 32949 32386 
32485 33015 32713 32262 
32107 32782 32454 32240 
31815 32543 32228 32317 
31726 32405 32113 32539 
31788 32328 32067 32757 
32026 32365 32150 32974 
32412 32534 32325 33145 
32863 32772 32579 33240 
33280 33033 32822 33198 
33595 33246 33047 33039 
33762 33373 33244 32812 
33738 33372 33338 32528 
33568 33246 33389 32285 
33250 32990 33333 32081 
32812 32629 33161 31943 
32393 32274 32950 31980 
32044 31958 32703 32108 
31829 31782 32473 32384 
31745 31730 32275 32730 
31825 31862 32137 33090 
32058 32144 32109 33439 
32369 32538 32162 33684 
32728 32959 32296 33787 
33064 33374 32494 33692 
33366 33702 32758 33489 
33537 33868 32998 33128 
33555 33814 33175 32674 
33486 33637 33324 32238 
33261 33277 33342 31830 
32989 32885 33294 31559 
32705 32473 33145 31479 
32449 32120 32935 31570 
32283 31913 32721 31885 
32231 31873 32540 32313 
32235 31926 32351 32770 
32321 32100 32254 33233 
32418 32312 32208 33603 
32571 32581 32268 33901 
32707 32828 32392 34077 
32780 32983 32525 34114 
32817 33087 32671 34017 
32830 33113 32818 33651 
32781 33056 32922 32879 
32773 33002 33021 31774 
32781 32937 33092 30462 
32773 32864 33082 29314 
32812 32829 33041 28877 
32876 32821 32950 29435 
32866 32770 32757 30954 
32879 32767 32613 33248 
32803 32673 32464 35727 
32634 32485 32334 37688 
32468 32282 32275 38756 
32426 32197 32305 38740 
32501 32243 32392 37617 
32775 32524 32566 35608 
33183 33030 32819 33089 
33516 33494 33016 30174 
33643 33808 33210 27362 
33397 33756 33369 25032 
32709 33278 33424 23711 
31725 32459 33382 23727 
30741 31461 33213 25252 
30071 30553 32939 28204 
30079 30134 32629 32325 
30925 30464 32329 36808 
32575 31563 32079 40958 
34690 33209 31933 44045 
36850 34865 31872 45359 
38473 36077 31983 44590 
38867 36486 32210 41771 
37599 36103 32460 37258 
34776 35287 32762 31815 
30794 34365 33008 26240 
26615 33534 33134 21609 
23480 32845 33221 18893 
22151 31866 33206 18448 
23165 30316 33143 20393 
26389 28153 33059 24366 
31284 25735 32928 29792 
36814 23991 32844 35555 
41958 23778 32799 40808 
45757 25656 32789 44631 
47367 29730 32816 46456 
46105 35268 32824 45919 
42144 41082 32837 43256 
36026 45955 32790 38916 
28855 48889 32729 33767 
21879 49030 32587 28592 
16389 46112 32444 24207 
13820 40706 32282 21566 
14498 33644 32182 20879 
18380 26003 32081 22117 
25254 19077 32139 25104 
33831 14175 32268 29107 
42808 11950 32519 33454 
50550 12683 32764 37328 
55514 16426 33035 40216 
56211 22699 33292 41630 
52307 30608 33480 41476 
44601 39247 33558 39886 
34614 47741 33545 37293 
24085 54881 33411 34078 
15476 59177 33207 31004 
10162 59692 32952 28508 
8900 55736 32669 26921 
11946 47172 32383 26498 
18529 35495 32141 27199 
27315 22805 31946 28770 
36933 11357 31835 30831 
45788 3316 31864 33052 
52365 266 31951 34930 
55186 2697 32161 36268 
53626 10092 32443 36787 
48000 20914 32757 36509 
39532 33283 33046 35555 
29708 45695 33320 34123 
21290 55661 33559 32585 
15991 61958 33688 31241 
14561 63947 33725 30320 
16897 61412 33587 29834 
22270 54677 33372 29981 
29018 44495 33072 30611 
35442 32491 32717 31579 
40365 20222 32388 32716 
42995 9688 32104 33750 
43173 2688 31870 34531 
41403 943 31792 34924 
38433 4618 31841 34924 
35077 13037 31985 34535 
31924 24872 32177 33803 
29606 37445 32428 32969 
28204 48700 32664 32169 
27832 56695 32895 31541 
28380 60217 33031 31148 
29770 58904 33157 31136 
31587 53478 33202 31385 
33432 45095 33221 31853 
34795 35158 33229 32425 
35200 25476 33189 32941 
34600 17306 33151 33344 
33203 11700 33101 33533 
31510 9423 33046 33519 
30196 10892 32935 33288 
29744 15926 32822 32924 
30388 23789 32692 32544 
32015 33474 32520 32205 
34202 43410 32348 32017 
36250 51243 32221 32059 
37591 55819 32092 32262 
37843 56181 32033 32628 
36799 52001 32039 33045 
34789 44260 32139 33474 
32238 34403 32300 33768 
29769 24327 32546 33878 
27880 15887 32830 33777 
26909 10921 33063 33409 
26996 10103 33261 32924 
27967 13273 33390 32334 
29712 19882 33498 31823 
31847 28566 33465 31370 
34024 37365 33376 31176 
36055 45091 33192 31178 
37861 50550 33003 31438 
39210 52788 32773 31895 
39809 51475 32575 32487 
39263 47014 32346 33077 
37289 40500 32133 33602 
33791 32989 31980 34052 
29558 26360 31887 34278 
25500 21325 31892 34309 
22882 18316 31990 34143 
22692 17383 32172 33774 
25159 18450 32421 33292 
29526 21327 32782 32789 
34306 25669 33110 32248 
37995 30948 33419 31744 
39749 36571 33691 31407 
39406 41401 33801 31209 
37632 44731 33769 31156 
35569 45852 33618 31333 
34008 44747 33355 31670 
33154 41844 33000 32106 
32791 37860 32577 32550 
32534 33582 32228 33096 
31947 29666 31896 33522 
31067 26619 31703 33855 
30013 24745 31659 34051 
29019 24297 31744 34092 
28427 25329 31964 33939 
28441 27486 32232 33647 
29232 30303 32566 33287 
30784 33114 32940 32888 
32806 35252 33178 32385 
34935 36440 33456 32046 
36544 36464 33600 31756 
37247 35534 33601 31584 
37021 33924 33463 31568 
36285 32154 33240 31686 
35571 30532 32935 31910 
35236 29471 32617 32211 
35136 29337 32342 32568 
34649 30301 32135 32921 
33175 32339 32045 33254 
30609 35249 32070 33505 
27402 38516 32200 33631 
24541 41455 32420 33658 
23282 43150 32678 33544 
24228 42981 32939 33361 
27139 40443 33108 33031 
31377 35547 33231 32691 
35660 29066 33264 32357 
39159 22033 33185 32066 
41498 15903 33036 31885 
42564 12128 32842 31839 
42325 11961 32587 31852 
41023 15799 32429 32062 
38566 23020 32291 32324 
35077 32574 32239 32631 
30693 43196 32290 32971 
26193 52669 32370 33211 
22641 59074 32551 33411 
20563 61608 32775 33528 
20300 59509 32914 33432 
21999 52810 33038 33251 
25378 42626 33103 33030 
29962 30257 33082 32775 
34956 17646 32961 32485 
39795 6872 32785 32281 
43637 556 32609 32173 
45733 80 32471 32197 
45792 5238 32403 32315 
43814 12539 32401 32483 
40132 24930 32474 32663 
35676 38082 32658 32858 
31162 50014 32864 32965 
27303 59003 33033 32943 
24568 63774 33188 32879 
23107 63427 33243 32729 
22754 58530 33220 32548 
23220 49865 33076 32348 
24493 38691 32853 32230 
26492 27057 32582 32241 
29182 17166 32338 32341 
32565 10428 32160 32570 
36188 7702 32040 32828 
39613 9195 32048 33140 
42064 14135 32121 33371 
43153 21417 32329 33582 
42667 29508 32578 33613 
40845 37146 32873 33527 
38057 42938 33095 33228 
35140 46037 33300 32881 
32349 46644 33438 32488 
29809 45171 33492 32098 
27459 42311 33379 31714 
25490 39129 33199 31546 
24044 36318 32925 31511 
23373 34193 32608 31676 
23705 32599 32282 31987 
25242 31231 32073 32471 
27622 29664 31874 32922 
30645 27916 31822 33385 
33940 26277 31965 33806 
37176 25084 32203 34021 
40098 24820 32509 33996 
42481 25691 32892 33808 
44129 27416 33261 33436 
44720 29564 33539 32948 
43915 31656 33700 32400 
41345 33388 33716 31888 
37195 34673 33554 31505 
31786 35903 33266 31331 
25869 37372 32883 31340 
20466 39180 32457 31547 
16651 41126 32153 32023 
15295 42335 31890 32526 
16713 42254 31753 33042 
20661 40469 31817 33517 
26545 36954 31981 33834 
33175 32439 32239 33966 
39798 27768 32565 33927 
45492 23783 32855 33685 
49607 21125 33058 33328 
51451 20242 33196 32921 
50558 21093 33247 32538 
46885 23453 33211 32209 
40669 26943 33083 31973 
32631 31304 32959 31889 
24445 35765 32862 31939 
17535 39686 32789 32059 
13290 42472 32778 32265 
12535 43544 32797 32451 
15395 42799 32856 32618 
21073 40517 32870 32683 
28560 37403 32862 32733 
36678 34132 32805 32710 
44036 31417 32672 32673 
49458 29585 32528 32698 
52052 28513 32345 32761 
51222 28035 32192 32875 
46765 27984 32101 33076 
39765 28281 32076 33251 
31319 28961 32185 33437 
23120 29941 32370 33542 
16793 31120 32666 33559 
13725 32237 32969 33425 
14379 32935 33210 33122 
18434 33153 33376 32706 
25147 33034 33526 32314 
33275 32668 33509 31886 
41084 32459 33422 31594 
47301 32614 33202 31394 
50798 33326 32940 31370 
50817 34617 32650 31528 
47287 36229 32413 31884 
40870 37865 32213 32318 
32915 39187 32066 32801 
24922 39835 31981 33302 
18774 39452 32015 33769 
15743 37871 32102 34121 
16072 35049 32220 34237 
19514 31231 32416 34206 
25191 26686 32646 33983 
31748 22270 32902 33614 
37969 18630 33110 33091 
43018 16659 33295 32527 
46307 17110 33483 31994 
47177 20306 33521 31476 
45637 25966 33512 31183 
41841 33328 33397 31056 
36343 41231 33190 31123 
30009 48456 32953 31433 
24302 53381 32635 31848 
20448 55426 32363 32387 
19262 54241 32114 32940 
20952 49889 31874 33431 
24951 43271 31783 33874 
30126 35029 31827 34146 
35179 26076 31928 34209 
39344 17389 32166 34120 
41802 10293 32465 33850 
42387 6052 32792 33450 
41210 5364 33072 32941 
38633 8805 33350 32437 
35043 16358 33606 32016 
31139 26538 33688 31634 
27698 37940 33667 31440 
25433 48740 33500 31396 
24835 57342 33228 31530 
25912 62085 32873 31829 
28230 62387 32478 32201 
31209 58325 32119 32652 
34391 50182 31857 33134 
36943 39534 31729 33511 
38614 28032 31762 33772 
39229 17425 31973 33890 
38633 9367 32285 33784 
36808 5131 32662 33519 
34152 5531 33062 33138 
31274 10041 33352 32637 
28872 17615 33585 32195 
27522 26648 33646 31819 
27528 35860 33559 31602 
28701 43541 33327 31581 
30430 49180 33015 31756 
32059 52304 32636 32068 
33295 52875 32328 32548 
33948 50789 32066 33050 
34148 46658 31933 33487 
34176 41055 31959 33810 
34232 34827 32104 33929 
34385 28859 32333 33855 
34560 24155 32621 33564 
34606 21245 32900 33159 
34375 20035 33081 32633 
33972 20302 33237 32137 
33379 21576 33291 31695 
32727 23376 33267 31429 
32006 25367 33122 31313 
31329 27619 32978 31483 
30585 30135 32782 31799 
29842 33139 32609 32303 
29219 36448 32435 32852 
29028 39889 32285 33391 
29587 43168 32224 33865 
30984 45744 32204 34163 
33129 47056 32277 34270 
35592 46758 32423 34160 
37749 44652 32609 33824 
38951 40719 32808 33280 
38800 35456 33017 32696 
37267 29223 33179 32051 
34785 22784 33321 31528 
31902 16873 33366 31133 
29400 12716 33297 30944 
27715 11098 33156 31000 
27114 12695 32970 31305 
27532 17749 32709 31799 
28683 25465 32458 32393 
30240 34799 32246 33031 
31938 44154 32094 33631 
33687 52240 32055 34122 
35298 57421 32111 34393 
36598 58785 32254 34438 
37361 56225 32421 34238 
37406 50113 32618 33865 
36541 41161 32793 33351 
34822 30996 32904 32781 
32621 20962 32999 32267 
30432 12547 33023 31840 
28829 7003 33033 31568 
28289 5467 33006 31458 
28796 8066 32938 31484 
30178 14449 32933 31682 
31832 23582 32946 31935 
33309 34170 32975 32240 
34146 44133 32972 32489 
34350 52336 32980 32763 
34075 57498 32914 32945 
33723 58841 32804 33093 
33709 56110 32689 33226 
34160 49651 32531 33313 
34920 40593 32363 33368 
35635 30144 32205 33397 
35807 20343 32100 33393 
35120 13096 32060 33320 
33578 9558 32094 33208 
31438 10249 32227 33050 
29122 15026 32448 32840 
27162 22562 32703 32594 
25980 31422 33010 32376 
25647 39839 33251 32095 
26365 46512 33461 31900 
28095 50091 33582 31770 
30814 50318 33611 31760 
34317 47336 33475 31826 
38238 41711 33211 32009 
41960 34611 32872 32313 
44676 27492 32491 32664 
45809 21544 32182 33094 
44680 17699 31899 33446 
41124 16682 31767 33746 
35512 18799 31787 33923 
28609 23831 31956 33896 
21671 30979 32258 33736 
15992 39293 32629 33404 
13244 46871 33025 32987 
14035 52236 33353 32500 
18425 54020 33614 32035 
25707 51333 33724 31645 
34237 44486 33641 31397 
42586 34686 33428 31352 
49430 23695 33121 31529 
53687 13701 32753 31873 
54706 6579 32391 32357 
52252 4043 32108 32867 
46528 6348 31907 33339 
38290 13394 31863 33745 
28475 24329 31952 33971 
19173 37139 32152 33990 
12019 50143 32396 33793 
8466 61166 32644 33448 
9231 65358 32845 33029 
14173 65483 33024 32606 
21874 65504 33108 32224 
30803 58110 33139 31966 
39558 44449 33132 31841 
46839 27848 33092 31876 
52033 10995 33044 32053 
54324 442 32990 32288 
53800 85 32944 32528 
50439 55 32916 32751 
44534 62 32882 32915 
36450 11514 32802 32962 
27596 25062 32707 32929 
19293 40419 32591 32861 
13125 55053 32485 32767 
10367 65078 32396 32686 
11662 65464 32290 32627 
16460 65506 32239 32617 
23564 65522 32235 32696 
31410 56995 32310 32820 
38722 41161 32462 33003 
44207 21507 32619 33142 
47608 3597 32827 33264 
49044 143 32995 33270 
48845 49 33138 33181 
47025 31 33246 32976 
43619 5458 33271 32673 
38651 17915 33272 32390 
32439 33579 33169 32074 
25706 49875 33006 31851 
19813 63294 32755 31719 
16128 65426 32537 31807 
15282 65504 32346 32027 
17214 65522 32160 32341 
21336 64485 32068 32745 
26924 44762 32073 33176 
32553 25999 32167 33528 
37788 7957 32376 33781 
42239 246 32631 33842 
45594 65 32910 33709 
47414 43 33146 33410 
47440 112 33347 33014 
45451 13027 33418 32539 
41630 27182 33429 32136 
36303 42858 33305 31779 
30482 57033 33108 31565 
25202 65201 32855 31570 
21135 65473 32589 31715 
18886 65509 32369 32070 
18696 65517 32207 32484 
20513 51526 32114 32938 
23932 33934 32097 33328 
28392 15919 32182 33645 
33380 1005 32382 33851 
38008 91 32549 33780 
41582 46 32757 33571 
43693 47 32935 33240 
44105 10565 33072 32837 
42816 23895 33134 32417 
40081 38489 33141 32083 
36452 51558 33027 31840 
32637 61291 32865 31771 
29299 65338 32708 31891 
26901 65441 32578 32181 
25741 57069 32463 32492 
25772 45629 32459 32859 
26676 31650 32480 33165 
28230 17500 32623 33390 
30079 6167 32832 33462 
31994 296 32990 33340 
33854 70 33131 33080 
35412 349 33204 32736 
36405 12758 33208 32396 
36407 25912 33085 32102 
35457 40300 32885 31942 
33805 53649 32617 31915 
32041 63586 32347 32091 
30715 65446 32080 32376 
30549 65502 31983 32786 
31449 57971 31969 33181 
33123 46999 32069 33496 
34999 31768 32296 33706 
36412 17362 32602 33740 
36866 6945 32902 33567 
36385 2077 33200 33259 
35124 3213 33404 32817 
33441 9754 33545 32361 
31692 19699 33573 31983 
30012 30932 33474 31672 
28515 41576 33268 31551 
27249 50050 32963 31592 
26431 54940 32631 31832 
26325 55908 32354 32239 
27105 52739 32049 32658 
29091 45905 31875 33154 
31965 36549 31776 33546 
35359 26290 31858 33844 
38639 17100 32055 33941 
41076 11102 32360 33860 
42203 9818 32749 33591 
41749 13690 33111 33185 
39978 21629 33410 32695 
37343 31689 33639 32221 
34140 41716 33705 31792 
30921 49065 33623 31495 
27932 52686 33447 31453 
25347 52127 33145 31568 
23449 47957 32793 31835 
22653 41223 32468 32276 
23209 33578 32176 32755 
25256 26376 31966 33185 
28616 20844 31868 33543 
32811 17771 31910 33784 
36802 17589 32033 33820 
39969 20137 32257 33715 
41739 24755 32513 33477 
