32481 32864 32323 32687 
32481 32864 32323 32687 
32331 32703 32380 32651 
32267 32580 32525 32681 
32275 32485 32692 32703 
32369 32442 32889 32702 
32548 32479 33072 32642 
32831 32650 33272 32616 
33109 32843 33387 32508 
33347 33015 33421 32358 
33492 33155 33355 32215 
33529 33241 33213 32138 
33410 33175 32975 32058 
33181 33027 32709 32094 
32875 32830 32475 32224 
32519 32551 32235 32401 
32248 32371 32134 32685 
32030 32221 32093 32964 
31904 32151 32109 33203 
31929 32223 32213 33441 
32058 32357 32365 33612 
32269 32541 32506 33694 
32504 32735 32651 33676 
32715 32900 32746 33572 
32895 32976 32800 33344 
33007 32987 32847 33053 
33106 32981 32927 32759 
33112 32883 32956 32402 
33111 32775 33032 32066 
33075 32679 33140 31787 
33033 32626 33238 31579 
32959 32586 33282 31451 
32924 32640 33306 31466 
32864 32725 33258 31589 
32803 32855 33081 31830 
32752 32994 32854 32164 
32670 33075 32543 32558 
32639 33178 32294 33069 
32531 33125 31997 33541 
32443 32984 31791 33944 
32378 32774 31735 34218 
32329 32506 31809 34304 
32333 32272 32021 34230 
32345 32058 32313 33934 
32420 31947 32665 33513 
32489 31922 32987 32970 
32566 31983 33227 32408 
32696 32197 33432 31923 
32786 32433 33507 31538 
32871 32720 33471 31345 
32957 32998 33363 31331 
33000 33233 33159 31465 
33059 33422 32967 31754 
33119 33543 32792 32108 
33146 33562 32649 32467 
33149 33509 32562 32808 
33081 33340 32493 33050 
33027 33159 32496 33233 
32897 32932 32499 33318 
32758 32713 32501 33336 
32626 32512 32524 33317 
32485 32360 32502 33296 
32320 32188 32444 33192 
32176 32039 32367 33112 
32088 31960 32357 33077 
32037 31890 32358 33022 
32046 31872 32424 32961 
32135 31912 32557 32881 
32310 32036 32746 32758 
32533 32241 32949 32596 
32803 32531 33136 32385 
33094 32907 33306 32195 
33363 33312 33384 31997 
33582 33699 33393 31855 
33694 34010 33290 31788 
33730 34210 33157 31863 
33633 34242 32962 32021 
33427 34081 32740 32273 
33146 33749 32550 32602 
32776 33241 32359 32914 
32367 32610 32210 33205 
32010 31970 32154 33496 
31713 31359 32121 33644 
31530 30908 32145 33708 
31471 30647 32180 33660 
31577 30668 32260 33538 
31834 30993 32409 33374 
32168 31540 32540 33143 
32565 32266 32711 32888 
32991 33041 32903 32649 
33381 33816 33116 32403 
33699 34399 33315 32161 
33881 34749 33490 31956 
33915 34830 33598 31774 
33838 34667 33659 31680 
33608 34222 33555 31639 
33335 33661 33387 31731 
32985 32984 33074 31843 
32630 32332 32691 32090 
32384 31843 32353 32493 
32134 31445 31979 32862 
31951 31226 31693 33268 
31850 31198 31556 33647 
31866 31363 31605 33972 
31927 31633 31803 34112 
32031 31972 32085 34103 
32168 32303 32441 33927 
32315 32614 32788 33583 
32466 32855 33079 33187 
32622 33043 33276 32719 
32804 33210 33405 32276 
33043 33370 33461 31899 
33280 33502 33406 31628 
33511 33628 33315 31502 
33717 33729 33206 31518 
33820 33754 33078 31626 
33809 33713 32969 31828 
33654 33552 32870 32079 
33379 33285 32799 32369 
32982 32901 32714 32656 
32504 32418 32626 32932 
32026 31911 32506 33192 
31610 31465 32350 33390 
31372 31187 32206 33538 
31290 31077 32053 33620 
31420 31187 31945 33615 
31744 31538 31928 33574 
32155 32022 31984 33431 
32678 32614 32187 33279 
33118 33167 32432 33030 
33504 33675 32754 32741 
33757 34041 33101 32458 
33862 34219 33432 32194 
33776 34192 33679 31951 
33595 33992 33828 31787 
33267 33579 33787 31671 
32935 33131 33640 31701 
32629 32669 33379 31824 
32421 32304 33089 32073 
32278 31984 32698 32357 
32193 31777 32289 32668 
32248 31773 32006 33037 
32295 31827 31762 33327 
32331 31942 31619 33538 
32378 32124 31636 33732 
32369 32267 31753 33762 
32365 32425 32008 33728 
32354 32551 32313 33583 
32412 32713 32700 33364 
32481 32838 33034 33037 
32655 33017 33372 32697 
32901 33232 33632 32313 
33167 33460 33788 31984 
33463 33654 33805 31706 
33733 33832 33753 31617 
33796 33804 33491 31570 
33750 33669 33191 31664 
33532 33381 32816 31872 
33158 32982 32432 32116 
32718 32505 32092 32445 
32250 32029 31865 32815 
31812 31583 31724 33158 
31481 31295 31724 33442 
31363 31194 31872 33668 
31398 31275 32083 33784 
31657 31562 32367 33742 
32023 31999 32622 33636 
32474 32496 32864 33413 
32904 32992 33006 33132 
33291 33447 33080 32823 
33633 33846 33147 32583 
33806 34039 33145 32354 
33777 34028 33098 32137 
33634 33858 33078 31994 
33365 33533 33040 31878 
33057 33171 33039 31834 
32733 32772 33032 31823 
32454 32396 33022 31854 
32269 32134 33013 31964 
32158 31953 32914 32094 
32172 31916 32802 32303 
32268 31981 32639 32588 
32390 32116 32434 32903 
32502 32273 32215 33235 
32608 32455 32022 33581 
32662 32611 31892 33869 
32671 32713 31858 34028 
32630 32773 31931 34050 
32609 32824 32149 33970 
32531 32799 32399 33656 
32566 32846 32774 33312 
32607 32867 33112 32812 
32705 32893 33403 32243 
32899 33000 33650 31731 
33084 33099 33733 31296 
33308 33240 33746 31076 
33421 33279 33579 30983 
33479 33309 33352 31149 
33360 33184 33016 31449 
32790 32658 32266 32466 
32434 32335 31988 33109 
32031 31965 31739 33653 
31722 31689 31630 34120 
31599 31575 31689 34450 
31642 31608 31874 34568 
31862 31808 32150 34435 
32198 32147 32496 34126 
32597 32566 32846 33603 
33028 33055 33189 32982 
33387 33500 33446 32246 
33688 33895 33651 31614 
33847 34117 33747 31126 
33786 34121 33690 30816 
33602 33917 33516 30724 
33322 33559 33275 30929 
32932 33049 32936 31328 
32527 32493 32574 31912 
32248 32028 32307 32628 
32033 31659 32057 33323 
31925 31459 31888 33908 
31949 31473 31831 34307 
32102 31700 31937 34512 
32278 32025 32059 34428 
32531 32443 32325 34176 
32673 32798 32543 33716 
32767 33071 32742 33165 
32773 33204 32887 32651 
32771 33257 33002 32324 
32717 33175 33047 32161 
32719 33064 33094 32118 
32717 32901 33088 31920 
32801 32778 33111 31519 
32943 32741 33153 30899 
33071 32720 33147 30207 
33212 32790 33155 29852 
33317 32929 33125 30209 
33342 33042 33023 31329 
33280 33143 32872 33118 
33082 33129 32672 35108 
32801 33000 32470 36863 
32451 32739 32264 37881 
32139 32408 32106 37998 
31936 32108 31983 37205 
31915 31936 31950 35686 
32089 31964 32009 33700 
32398 32170 32165 31405 
32743 32493 32407 29036 
32919 32741 32650 26961 
32857 32854 32918 25521 
32524 32773 33148 25058 
32072 32549 33365 25877 
31692 32267 33534 28065 
31580 32002 33573 31188 
31943 32046 33544 34918 
32727 32437 33373 38564 
33920 33254 33131 41535 
35179 34144 32786 43096 
36304 34834 32457 42980 
36857 35021 32156 41094 
36424 34549 31909 37565 
34848 33609 31764 33067 
32320 32638 31761 28329 
29363 32054 31928 24202 
26526 31947 32194 21337 
24747 32177 32540 20427 
24558 32306 32916 21574 
26154 31883 33257 24580 
29436 30757 33518 29081 
33887 29169 33644 34299 
38320 27865 33607 39023 
42193 27562 33500 42775 
44543 28631 33238 44797 
44822 31152 32895 44829 
42682 34672 32538 42808 
38491 38315 32252 39238 
32817 41273 32022 34664 
26708 42895 31919 29897 
21243 42717 31952 25666 
17657 40672 32067 22780 
16565 37143 32285 21628 
18223 32697 32562 22282 
22572 27967 32838 24633 
28930 23853 33060 28082 
36351 20896 33221 32039 
43586 19492 33299 35843 
49488 19894 33317 38966 
52493 22028 33221 40809 
51951 25753 33066 41235 
47759 30758 32835 40277 
40438 36874 32601 38141 
31946 42834 32405 35438 
23630 47934 32270 32605 
17032 51246 32247 30125 
13108 51713 32246 28281 
12643 48895 32333 27407 
15521 43028 32514 27528 
21193 34874 32704 28424 
28974 25698 32921 29871 
37239 17589 33086 31499 
44744 11914 33225 33062 
50040 9647 33253 34241 
52102 11237 33223 34903 
50406 16269 33100 35028 
45471 23788 32946 34734 
38270 32497 32728 34079 
30226 41482 32513 33300 
23567 48884 32335 32656 
19352 54032 32259 32235 
18104 56155 32216 32045 
19789 54806 32248 32145 
23593 50142 32352 32483 
28368 42559 32472 32888 
33027 33118 32579 33265 
36793 23049 32684 33535 
39080 14544 32785 33634 
39820 8961 32806 33459 
39376 7523 32850 33117 
38058 10603 32864 32650 
36331 17535 32908 32140 
34508 26890 32971 31681 
32764 37087 33022 31373 
31363 45824 33079 31248 
30503 51898 33155 31363 
30207 54447 33175 31637 
30498 53357 33148 32063 
31137 49129 33028 32516 
31915 42735 32883 33027 
32397 35081 32626 33421 
32486 27294 32368 33743 
32146 20439 32129 33905 
31592 15486 31926 33931 
31119 13243 31836 33809 
31026 14275 31836 33591 
31489 18481 31972 33310 
32512 25319 32232 32996 
33814 33545 32552 32673 
35166 41699 32967 32436 
36127 48173 33293 32180 
36471 51772 33600 32029 
35950 51570 33737 31915 
34718 47780 33733 31847 
33113 41253 33625 31876 
31406 33130 33376 31927 
30032 25339 33024 31994 
29217 19304 32670 32132 
29059 16045 32348 32344 
29471 15910 32061 32574 
30297 18735 31872 32854 
31366 23748 31740 33122 
32572 29992 31752 33412 
33863 36611 31949 33724 
34997 42149 32177 33920 
35964 45861 32467 33970 
36664 47170 32799 33896 
36821 45793 33117 33614 
36251 42331 33377 33244 
34722 37585 33541 32738 
32410 32562 33620 32204 
29635 27968 33580 31673 
27392 24651 33400 31257 
26425 22680 33138 31012 
27184 22043 32818 30990 
29637 22768 32537 31241 
32781 24742 32280 31699 
35537 27828 32081 32284 
37130 31671 32009 32937 
37123 35729 31968 33556 
35933 39145 32046 34048 
34402 41392 32223 34377 
33183 42046 32406 34423 
32680 41128 32607 34206 
32832 39064 32820 33806 
33157 36309 33007 33236 
33190 33328 33137 32590 
32749 30485 33243 31994 
31834 28238 33304 31546 
30667 26772 33280 31291 
29561 26320 33171 31262 
28849 26906 33003 31491 
28804 28354 32774 31870 
29545 30313 32545 32367 
31026 32380 32354 32904 
32942 34138 32175 33365 
34780 35289 32108 33701 
36125 35781 32118 33837 
36818 35613 32263 33781 
36909 34857 32507 33528 
36696 33645 32741 33132 
36490 32315 32995 32687 
36284 31182 33227 32249 
35695 30640 33370 31887 
34266 30903 33419 31672 
31785 32093 33339 31627 
28525 34069 33162 31783 
25380 36294 32883 32053 
23409 38299 32607 32445 
23355 39474 32357 32910 
25458 39217 32140 33347 
29065 37180 32025 33666 
33214 33634 32048 33847 
37014 28988 32163 33812 
39936 24125 32350 33593 
41766 20086 32595 33267 
42345 17972 32782 32840 
41781 18455 32933 32409 
40086 21669 33031 32053 
37207 27300 33056 31841 
33440 34323 33012 31763 
29275 41667 32951 31869 
25377 48152 32863 32089 
22522 52676 32841 32419 
21161 54278 32825 32719 
21612 52532 32855 32967 
23768 47242 32876 33086 
27297 39294 32958 33131 
31675 29725 33004 33045 
36252 20146 32992 32885 
40361 12122 32885 32670 
43317 7491 32770 32534 
44623 6907 32568 32435 
44048 10617 32329 32423 
41659 18133 32121 32539 
38129 27545 32000 32771 
34084 37601 31967 33030 
30230 46711 32045 33266 
27038 53650 32243 33434 
24925 57211 32522 33476 
23818 57108 32873 33385 
23532 53312 33152 33090 
24010 46370 33366 32673 
25306 37810 33554 32282 
27361 28776 33583 31865 
30194 20854 33526 31545 
33631 15129 33323 31419 
37221 12633 33095 31510 
40346 13273 32822 31763 
42420 16664 32532 32163 
43081 22086 32292 32687 
42133 28475 32095 33228 
39985 34359 31951 33687 
37118 39148 31920 34046 
33945 42361 31971 34172 
30780 43883 32107 34110 
27939 43952 32324 33891 
25546 43007 32578 33484 
23822 41497 32844 32974 
23020 39676 33088 32416 
23451 37622 33301 31902 
25090 35221 33436 31496 
27737 32367 33504 31259 
31021 29124 33467 31206 
34390 25937 33314 31325 
37389 23550 33156 31656 
39809 22349 32900 32087 
41590 22671 32670 32603 
42600 24445 32458 33134 
42687 27036 32250 33582 
41800 29951 32136 33917 
39759 32560 32077 34055 
36530 34764 32116 34054 
32328 36499 32185 33834 
27796 38069 32316 33495 
23531 39627 32465 33097 
20264 41070 32571 32661 
18722 42041 32712 32275 
19308 41964 32828 32001 
21898 40398 32880 31805 
26117 37434 32969 31774 
31371 33324 33047 31864 
36830 28916 33115 32052 
41605 25189 33196 32276 
45305 22735 33238 32535 
47465 21878 33258 32734 
47685 22565 33203 32838 
45827 24605 33138 32924 
41873 27474 32985 32910 
36242 30833 32792 32890 
29480 34386 32546 32813 
23168 37490 32332 32825 
18466 39722 32117 32827 
16203 40767 31959 32869 
16818 40498 31895 32995 
20161 38957 31898 33106 
25418 36658 32030 33216 
31704 34152 32252 33276 
37975 31943 32489 33189 
43442 30515 32826 33088 
46990 29850 33094 32850 
48202 29864 33343 32561 
46765 30287 33524 32253 
42823 30827 33565 31949 
36822 31427 33537 31733 
30277 31866 33405 31629 
24315 32111 33241 31702 
20022 32060 32999 31879 
18218 31772 32759 32182 
19206 31268 32528 32590 
22618 30660 32287 33012 
27785 30173 32065 33388 
33668 30106 31910 33698 
39452 30681 31826 33897 
43678 31937 31873 33964 
45731 33747 32007 33862 
45168 35905 32217 33623 
42095 38073 32505 33293 
37292 39842 32839 32895 
31717 40890 33170 32464 
26639 40937 33512 32087 
23055 39703 33715 31714 
21619 37178 33816 31486 
22460 33548 33754 31365 
25103 29180 33570 31394 
28893 24604 33249 31547 
33133 20553 32891 31863 
36946 17928 32507 32279 
39869 17332 32158 32760 
41552 19169 31864 33216 
41782 23544 31713 33647 
40410 29737 31704 33971 
37630 36805 31850 34153 
33773 43565 32056 34134 
29541 49003 32336 33939 
26013 51952 32627 33625 
23931 52091 32854 33180 
23779 49499 33030 32693 
25584 44560 33166 32243 
28714 38071 33223 31870 
32360 30743 33233 31624 
35676 23393 33184 31516 
38158 16983 33150 31563 
39447 12342 33118 31741 
39417 10450 33063 31938 
38240 11776 33041 32213 
36141 16342 32983 32487 
33408 23748 32904 32751 
30683 32567 32772 32953 
28480 41513 32601 33125 
27248 49189 32402 33244 
27227 54422 32206 33325 
28350 56275 32057 33403 
30168 54497 31958 33423 
32333 49543 31942 33424 
34458 42137 32028 33396 
36229 33237 32215 33313 
37275 24526 32441 33157 
37528 17337 32771 32986 
36733 12705 33052 32693 
35093 11393 33323 32394 
32901 13501 33550 32106 
30677 18281 33614 31786 
29025 24748 33585 31553 
28380 31710 33453 31464 
28850 38219 33236 31525 
30164 43248 32983 31738 
31682 46358 32684 32028 
33087 47608 32468 32489 
33981 46894 32224 32902 
34426 44551 32048 33360 
34544 40889 31950 33773 
34476 36592 31927 34047 
34305 32274 31959 34144 
34086 28600 32090 34119 
33705 25912 32269 33893 
33163 24457 32501 33543 
32544 24085 32748 33132 
31968 24421 32990 32637 
31620 25236 33250 32145 
31518 26233 33418 31683 
31670 27386 33559 31376 
31891 28767 33587 31169 
32031 30579 33527 31133 
31998 32800 33368 31263 
31899 35464 33144 31557 
31897 38410 32864 31980 
32204 41247 32555 32502 
32903 43457 32280 33067 
33871 44481 32018 33582 
34930 44082 31877 34032 
35690 42073 31822 34291 
35793 38529 31879 34364 
35121 33922 32057 34267 
33723 28664 32268 33940 
32013 23453 32539 33515 
30370 18964 32786 32995 
29164 15848 32967 32419 
28829 15106 33117 31957 
29278 17001 33199 31587 
30297 21527 33199 31379 
31624 28317 33201 31368 
32834 36038 33128 31453 
33829 43644 33073 31679 
34581 49886 33019 31989 
35141 53685 32969 32308 
35554 54246 32934 32630 
35760 51514 32890 32907 
35633 45923 32803 33120 
35011 38331 32693 33281 
33870 29855 32569 33402 
32366 21712 32408 33469 
30806 15016 32231 33468 
29700 11120 32079 33431 
29306 10478 31999 33395 
29608 13103 31945 33253 
30539 18960 32055 33131 
31589 26874 32221 32917 
32416 35217 32468 32671 
32846 43010 32800 32444 
32935 49132 33123 32162 
32943 52812 33397 31904 
33209 53397 33608 31734 
33938 50819 33705 31672 
35076 45510 33675 31730 
36314 38053 33520 31882 
37136 30006 33273 32138 
37114 22534 32957 32446 
36039 17015 32597 32799 
33957 14465 32243 33146 
31280 15360 31931 33426 
28562 19335 31751 33663 
26295 25414 31691 33803 
24861 32438 31735 33784 
24609 38729 31903 33637 
25660 43351 32190 33450 
27908 45589 32512 33176 
31285 45256 32897 32839 
35274 42628 33191 32473 
39379 38430 33477 32142 
42940 33462 33682 31866 
45185 28456 33704 31611 
45467 24409 33625 31523 
43474 22158 33470 31590 
39246 21872 33198 31734 
33349 23764 32851 31958 
26595 27832 32528 32327 
20542 33316 32282 32758 
16315 39280 32062 33151 
14945 44502 31929 33484 
16962 47806 31933 33761 
21946 48051 32021 33905 
28875 44932 32166 33875 
36548 38837 32352 33725 
43774 30482 32523 33426 
49103 21829 32681 33067 
51618 14913 32784 32701 
51128 10822 32862 32349 
47686 10379 32934 32098 
41301 13999 32987 31918 
33407 21026 33058 31872 
25058 30574 33116 31906 
17903 41194 33225 32008 
13255 51452 33275 32138 
12315 59229 33312 32292 
15053 63155 33323 32478 
20719 62206 33240 32612 
28160 56168 33029 32697 
35857 45839 32804 32825 
42431 33008 32508 32933 
47272 19482 32193 33039 
49955 7471 31956 33197 
50284 323 31785 33333 
48251 82 31709 33407 
44057 59 31770 33427 
38147 7071 31971 33410 
31078 18781 32285 33303 
24130 32908 32657 33097 
18424 47441 32976 32790 
15120 60344 33308 32465 
14909 65346 33589 32171 
17776 65476 33727 31908 
22921 65501 33748 31734 
29215 65508 33640 31670 
35365 54771 33407 31742 
40536 37820 33061 31889 
43855 20206 32700 32178 
45554 4483 32352 32536 
45865 159 32052 32916 
44924 57 31806 33275 
42895 46 31724 33595 
39602 6885 31748 33771 
35190 19028 31984 33910 
29862 33774 32278 33813 
24719 48041 32658 33635 
20574 59653 33004 33294 
18392 65311 33320 32892 
18574 65483 33535 32414 
21022 65404 33624 31993 
24984 52807 33561 31633 
29708 38579 33396 31467 
34415 22823 33106 31420 
38819 8053 32797 31590 
42313 291 32483 31882 
44732 73 32222 32302 
45782 52 32055 32756 
45187 5737 32016 33235 
42737 17309 32039 33584 
38850 31566 32201 33849 
33978 46315 32435 33928 
28868 59219 32695 33841 
24258 65323 32946 33604 
20964 65477 33115 33221 
19443 65502 33236 32798 
19899 65502 33286 32369 
22235 51388 33260 31996 
26042 34185 33044 31643 
30660 17521 32860 31582 
35413 3555 32608 31628 
39659 135 32383 31887 
42856 58 32244 32288 
44193 61 32104 32685 
43793 10397 32153 33182 
41681 22649 32256 33547 
38356 36129 32489 33818 
34352 48746 32768 33864 
30569 58065 33061 33736 
27544 62685 33282 33408 
25730 61920 33477 33000 
25132 55825 33508 32448 
25767 45690 33451 31982 
27182 33596 33267 31595 
29095 21537 32956 31373 
31267 11618 32637 31377 
33475 5407 32321 31625 
35350 4130 32055 32032 
36643 7799 31879 32517 
37100 15845 31858 33106 
36529 27030 31895 33561 
35221 39265 32130 33981 
33466 50395 32416 34141 
31817 58352 32745 34100 
30738 61483 33017 33830 
30562 59039 33241 33406 
31195 51619 33363 32914 
32376 40685 33349 32409 
33687 28600 33269 32000 
34694 17550 33082 31683 
35152 10149 32858 31569 
35057 7376 32647 31604 
34533 9468 32543 31836 
33641 15510 32504 32125 
32516 24225 32520 32437 
31323 33639 32624 32766 
30088 42318 32718 32949 
28983 49036 32845 33106 
28184 52929 32910 33131 
28012 53368 32924 33103 
28631 50305 32854 33006 
30128 44217 32734 32928 
32349 35789 32571 32883 
34850 26785 32387 32868 
37187 18921 32233 32890 
38846 13906 32140 32928 
39560 12862 32156 33017 
39201 15984 32253 33037 
37895 22369 32442 33003 
35955 30163 32693 32912 
33655 37655 32958 32752 
31199 43385 33195 32514 
28796 46509 33391 32272 
26770 46748 33478 32057 
25325 44582 33475 31901 
24789 40762 33371 31848 
25412 36023 33156 31872 
27286 31462 32904 32031 
30194 27708 32650 32298 
33542 25250 32419 32624 
36648 24352 32174 32932 
39033 25117 32019 33270 
40096 27171 31941 33546 
