33097 33375 32648 32671 
33097 33375 32648 32671 
32985 33412 32498 32662 
32791 33291 32343 32715 
32569 33046 32239 32852 
32295 32694 32126 33003 
32104 32368 32111 33229 
32002 32129 32159 33432 
32023 32008 32257 33580 
32195 32074 32437 33627 
32445 32261 32606 33517 
32774 32584 32827 33285 
33344 33214 33167 32412 
33541 33479 33351 31953 
33579 33556 33447 31556 
33460 33456 33463 31318 
33215 33185 33385 31245 
32868 32796 33209 31408 
32473 32345 32949 31764 
32175 32005 32686 32308 
31959 31781 32395 32925 
31863 31726 32139 33545 
31898 31879 31953 34056 
32113 32205 31911 34377 
32431 32673 32005 34462 
32800 33159 32216 34287 
33134 33586 32489 33842 
33412 33867 32782 33197 
33592 33953 33095 32522 
33605 33800 33328 31863 
33479 33430 33457 31298 
33182 32919 33437 30952 
32847 32358 33305 30876 
32511 31890 33104 31114 
32205 31535 32845 31561 
32010 31436 32586 32226 
31918 31576 32357 32916 
31945 31884 32204 33556 
32125 32365 32178 34099 
32341 32857 32212 34348 
32600 33293 32329 34349 
32899 33673 32553 34143 
33131 33864 32747 33694 
33325 33857 32934 33120 
33419 33669 33069 32510 
33464 33415 33163 31999 
33379 33024 33156 31569 
33227 32604 33082 31352 
33002 32224 32955 31352 
32721 31901 32756 31549 
32451 31709 32570 31937 
32172 31649 32380 32401 
31957 31718 32241 32890 
31818 31895 32165 33317 
31856 32222 32239 33720 
31948 32542 32349 33872 
32227 32948 32604 33890 
32509 33257 32814 33645 
32855 33534 33067 33287 
33206 33742 33282 32864 
33505 33827 33434 32421 
33735 33794 33520 32049 
33774 33561 33418 31722 
33669 33277 33212 31601 
33420 32897 32940 31644 
33095 32495 32622 31866 
32767 32164 32376 32236 
32369 31830 32098 32617 
32089 31672 31972 33038 
31857 31607 31895 33340 
31815 31746 31981 33589 
31857 31938 32138 33655 
32023 32255 32383 33613 
32243 32585 32628 33421 
32473 32909 32864 33175 
32650 33118 32987 32820 
32831 33297 33089 32523 
32997 33415 33154 32346 
33072 33420 33135 32233 
33130 33346 33092 32198 
33149 33226 33042 32252 
33141 33074 32998 32332 
33149 32950 32994 32451 
33122 32815 32982 32519 
33116 32734 33001 32598 
33046 32623 32973 32578 
32970 32544 32920 32550 
32834 32468 32804 32515 
32713 32429 32674 32530 
32555 32375 32488 32586 
32376 32296 32255 32672 
32231 32266 32070 32837 
32137 32261 31950 33051 
32117 32327 31938 33266 
32130 32406 31995 33410 
32257 32577 32199 33498 
32437 32774 32494 33477 
32641 32996 32838 33343 
32829 33170 33149 33069 
33019 33305 33450 32758 
33191 33412 33668 32448 
33304 33419 33765 32156 
33357 33349 33720 31929 
33305 33173 33522 31785 
33225 32957 33245 31755 
33107 32724 32921 31858 
32919 32438 32540 32023 
32772 32252 32277 32345 
32528 32013 31957 32601 
32325 31888 31777 32899 
32136 31840 31697 33182 
32016 31909 31761 33408 
32005 32102 31950 33589 
32061 32378 32211 33688 
32220 32715 32533 33690 
32453 33082 32897 33617 
32686 33358 33193 33366 
32958 33597 33466 33082 
33199 33706 33656 32716 
33374 33693 33715 32327 
33470 33567 33678 31954 
33450 33314 33500 31628 
33329 32978 33227 31433 
33133 32632 32898 31393 
32923 32330 32581 31551 
32716 32105 32310 31890 
32475 31941 32044 32305 
32334 31899 31911 32814 
32250 31976 31876 33308 
32231 32135 31937 33727 
32308 32381 32133 34038 
32407 32623 32355 34126 
32528 32867 32618 34035 
32587 32982 32818 33709 
32621 33046 32958 33284 
32646 33060 33079 32815 
32636 32993 33111 32360 
32589 32870 33061 31961 
32582 32754 32998 31716 
32627 32674 32926 31648 
32729 32672 32900 31763 
32873 32712 32894 31965 
33033 32793 32918 32224 
33162 32879 32933 32482 
33285 32982 32967 32722 
33366 33071 32987 32910 
33341 33096 32959 33001 
33197 33021 32844 32990 
33007 32908 32717 32959 
32753 32749 32548 32925 
32479 32541 32374 32875 
32191 32321 32176 32852 
31970 32130 32031 32849 
31860 32026 31989 32898 
31849 31998 32024 32963 
31971 32064 32178 33036 
32197 32227 32421 33078 
32479 32453 32731 33073 
32796 32717 33081 33010 
33065 32970 33348 32864 
33268 33176 33532 32665 
33437 33378 33652 32473 
33476 33505 33604 32248 
33407 33535 33419 32045 
33330 33550 33219 31960 
33158 33455 32913 31921 
32955 33282 32592 31965 
32767 33067 32328 32138 
32566 32792 32116 32391 
32364 32441 31961 32675 
32198 32092 31904 33001 
32044 31738 31920 33288 
32000 31527 32067 33562 
32035 31450 32280 33755 
32128 31486 32508 33791 
32320 31708 32801 33705 
32559 32073 33048 33465 
32845 32558 33271 33160 
33104 33081 33429 32752 
33334 33605 33507 32324 
33471 34043 33497 31935 
33513 34307 33408 31636 
33440 34363 33228 31502 
33286 34182 32999 31521 
33011 33762 32701 31685 
32717 33215 32419 31978 
32457 32605 32206 32361 
32250 32035 32075 32797 
32104 31549 32004 33188 
32080 31272 32035 33511 
32142 31215 32142 33711 
32298 31388 32313 33782 
32514 31751 32542 33694 
32761 32254 32807 33548 
32931 32724 33013 33271 
33019 33110 33133 32912 
33078 33455 33260 32606 
33069 33649 33321 32324 
32962 33639 33280 32106 
32826 33502 33166 31987 
32676 33252 33001 31956 
32504 32911 32727 31996 
32451 32654 32526 32185 
32459 32471 32360 32443 
32487 32326 32216 32648 
32596 32351 32182 32893 
32719 32444 32219 33061 
32876 32650 32374 33192 
33021 32863 32608 33241 
33100 33014 32860 33173 
33110 33082 33060 33024 
33073 33052 33248 32839 
32970 32906 33329 32646 
32824 32674 33313 32468 
32647 32384 33167 32324 
32483 32134 32953 32261 
32365 31965 32692 32274 
32319 31942 32459 32385 
32310 32054 32248 32543 
32380 32314 32147 32752 
32497 32675 32151 32978 
32629 33061 32242 33175 
32743 33419 32395 33294 
32904 33739 32647 33397 
32980 33878 32847 33327 
33026 33830 33020 33167 
33052 33633 33138 32949 
33032 33301 33192 32717 
33031 32934 33234 32625 
32946 32469 33148 32560 
32866 32051 33038 32508 
32768 31704 32877 32298 
32603 31434 32643 31755 
32483 31393 32469 31062 
32347 31467 32296 30364 
32279 31734 32211 30131 
32242 32130 32168 30606 
32324 32661 32269 31988 
32447 33197 32433 33943 
32559 33625 32604 35926 
32700 33933 32851 37511 
32830 34043 33068 38239 
32987 33999 33241 37896 
33217 33886 33355 36621 
33512 33771 33403 34654 
33762 33617 33297 32213 
33960 33460 33165 29675 
33883 33155 32928 27337 
33473 32654 32665 25549 
32731 31961 32443 24659 
31668 31075 32243 24895 
30549 30172 32086 26467 
29737 29472 32053 29219 
29495 29204 32113 32889 
29969 29614 32211 36852 
31227 30946 32394 40622 
33066 33045 32615 43312 
35148 35382 32776 44432 
37173 37297 32899 43684 
38711 38155 32982 41010 
39151 37570 33032 36776 
38076 35797 33027 31688 
35431 33588 33062 26576 
31467 31771 33070 22263 
26811 30970 33104 19457 
22894 31233 33092 18858 
20774 32002 33109 20516 
21243 32396 33096 24158 
24518 31809 33026 29253 
29931 30214 32883 34815 
36483 28180 32705 39989 
42955 26665 32515 44017 
48045 26407 32278 46211 
50533 27883 32107 46264 
49638 30685 31964 44139 
45438 34276 31930 40351 
38462 37818 31991 35490 
29714 40649 32175 30276 
20911 42209 32473 25698 
13758 42293 32771 22441 
9471 41126 33082 20952 
8905 38905 33334 21326 
12563 35930 33561 23514 
19910 32530 33641 26906 
29881 28957 33634 30947 
40948 25439 33483 34912 
51494 22292 33251 38283 
59440 19996 32980 40495 
62575 19201 32685 41236 
60551 20339 32417 40610 
53623 23642 32140 38817 
42791 29193 31944 36246 
29964 36371 31834 33368 
17986 43462 31833 30865 
8417 49329 31936 29018 
2854 52536 32098 28009 
2322 52235 32386 27958 
7023 48185 32719 28734 
15961 41277 33020 30028 
27591 32743 33280 31474 
40068 24268 33527 32923 
51270 17087 33671 33992 
58757 12664 33690 34522 
61391 11485 33625 34550 
58801 13591 33454 34130 
51794 18615 33183 33425 
41750 25999 32853 32630 
31243 34400 32525 32017 
22079 42798 32237 31690 
15727 49883 32013 31756 
12892 54491 31882 32139 
13582 55485 31863 32772 
16958 52472 31928 33455 
22045 45873 32077 34083 
27894 36507 32300 34494 
33527 26294 32547 34573 
38252 17488 32761 34301 
41738 11692 32895 33664 
43853 10122 33012 32905 
44411 12984 33084 32052 
43388 19682 33122 31263 
41047 28080 33147 30775 
37810 36597 33178 30562 
34238 43666 33178 30660 
31000 48354 33205 31050 
28364 50106 33178 31662 
26794 48923 33145 32371 
26161 45354 33086 33059 
26186 39847 32901 33590 
26790 32957 32703 33979 
27830 25942 32462 34120 
29202 19997 32210 34074 
30949 16139 32014 33879 
32899 15327 31857 33590 
34947 18188 31796 33247 
36761 24357 31858 32950 
38057 32462 32063 32736 
38618 40902 32374 32596 
38295 47832 32724 32510 
37027 51710 33072 32419 
35018 51437 33354 32350 
32771 47262 33606 32307 
30645 40087 33724 32226 
29035 31483 33716 32106 
28155 23120 33574 31976 
28117 16956 33354 31889 
28732 14107 33068 31855 
29844 14732 32769 31945 
31222 18477 32451 32104 
32797 24700 32207 32425 
34183 32019 32002 32804 
35276 39365 31887 33251 
35941 45561 31831 33680 
36154 49570 31880 34057 
35998 50438 32045 34312 
35504 48027 32303 34386 
34645 42900 32597 34229 
33322 36228 32890 33853 
31538 29307 33186 33297 
29607 23701 33426 32629 
28071 20139 33626 31955 
27525 18776 33663 31313 
28490 19465 33585 30830 
30847 21881 33422 30587 
33739 25511 33131 30591 
36152 30096 32824 30900 
37175 35034 32522 31463 
36531 39764 32274 32249 
34694 43231 32082 33033 
32642 44889 31967 33772 
31373 44471 31972 34383 
31357 42077 32068 34775 
32486 38140 32228 34844 
33962 33724 32439 34674 
35078 29399 32650 34237 
35319 25776 32865 33621 
34476 23277 33006 32868 
32766 22473 33122 32157 
30670 23459 33188 31543 
28704 26114 33185 31115 
27370 29869 33123 30916 
27048 34101 33002 30943 
27890 37817 32848 31213 
29594 40302 32681 31662 
31839 41261 32582 32294 
34020 40612 32510 32936 
35837 38461 32430 33477 
37344 35416 32451 33937 
38696 31833 32517 34164 
39972 28324 32642 34182 
40874 25411 32767 33972 
40696 23739 32867 33509 
38782 23832 32950 32965 
34960 25882 33008 32397 
29672 29684 33010 31887 
24045 34766 32941 31489 
19845 39927 32833 31333 
18148 44190 32699 31405 
19381 46505 32576 31728 
23125 46025 32443 32200 
28261 42573 32365 32727 
33774 36671 32368 33285 
38924 29282 32398 33729 
43285 21765 32502 34008 
46301 15992 32634 34048 
47681 13050 32767 33881 
47064 13558 32857 33504 
44160 17641 32878 32997 
39053 24855 32868 32485 
32734 33650 32875 32062 
26082 42717 32808 31726 
20306 50695 32799 31629 
16314 56269 32800 31704 
14885 58016 32777 31878 
16274 55575 32854 32177 
20162 49042 32938 32501 
26110 39241 33022 32810 
33023 28122 33072 33032 
39931 17605 33062 33165 
45749 9623 32997 33220 
49505 5474 32803 33133 
50530 5994 32591 33035 
48843 10735 32376 32948 
44806 18633 32124 32817 
39208 28603 31969 32768 
33243 38650 31911 32789 
27725 47567 31988 32833 
23291 54126 32177 32890 
20176 57360 32471 32932 
18593 56667 32833 32945 
18466 52300 33157 32861 
19849 45081 33435 32716 
22809 36208 33642 32548 
27031 27607 33667 32306 
32223 20604 33603 32138 
37574 16175 33388 31975 
42315 14735 33136 31929 
45641 16062 32782 31952 
46909 19365 32466 32139 
46221 23718 32192 32425 
43931 28220 31991 32778 
40448 32348 31863 33132 
36353 35740 31851 33482 
32097 38470 31946 33765 
27915 40674 32137 33916 
24127 42526 32384 33876 
21093 44009 32658 33663 
19504 44695 32939 33347 
19609 44181 33187 32933 
21397 42078 33366 32444 
24715 38279 33504 31980 
28880 33246 33532 31600 
33229 27976 33467 31355 
37381 23441 33339 31309 
41020 20430 33130 31428 
44033 19374 32897 31753 
46052 20165 32657 32156 
46839 22230 32424 32636 
46127 24996 32235 33128 
43536 28077 32080 33545 
39232 31279 32027 33881 
33533 34762 32086 34033 
27113 38411 32127 33962 
21015 42269 32298 33781 
16418 45487 32423 33436 
14152 47415 32578 33052 
14711 47246 32715 32666 
18247 44544 32861 32332 
23898 39607 32936 32039 
30655 33545 32990 31898 
37575 27513 33067 31902 
43706 22689 33136 32005 
48340 19824 33205 32171 
50798 19265 33258 32367 
50877 20649 33297 32549 
48485 23408 33314 32681 
43606 26939 33237 32720 
36984 30623 33110 32714 
29504 34096 32924 32663 
22439 37059 32655 32595 
17125 39234 32411 32608 
14512 40298 32127 32638 
15171 40129 31902 32755 
18755 38944 31775 32938 
24417 37117 31741 33153 
31170 35219 31842 33375 
37771 33864 32086 33586 
43251 33127 32384 33652 
46802 33001 32711 33606 
47924 33125 33027 33426 
46308 33045 33238 33079 
42369 32471 33390 32684 
36823 31277 33479 32298 
30697 29528 33457 31924 
25085 27444 33324 31597 
21352 25639 33209 31480 
20086 24540 33039 31473 
21321 24570 32920 31657 
24634 25911 32787 31916 
29398 28677 32722 32289 
34472 32479 32681 32699 
38901 36729 32628 33062 
41906 40774 32512 33322 
43003 44139 32442 33562 
41883 46030 32361 33675 
38829 46192 32242 33661 
34625 44556 32154 33558 
30175 41225 32138 33434 
26634 36585 32131 33214 
24737 31209 32226 33010 
24722 25694 32357 32768 
26461 20742 32624 32603 
29182 17115 32901 32449 
32159 15240 33121 32284 
34861 15597 33386 32189 
36888 18279 33567 32111 
38028 23050 33646 32068 
38337 29512 33632 32064 
37795 36745 33461 32047 
36448 43780 33239 32130 
34283 49559 32922 32234 
31754 52840 32599 32377 
29347 53164 32328 32580 
27711 50497 32103 32806 
27359 45395 31976 33033 
28433 38825 31949 33272 
30536 31842 31993 33456 
33115 25276 32123 33613 
35302 19908 32270 33686 
36485 16196 32416 33678 
36541 14298 32568 33592 
35567 14383 32693 33399 
33909 16643 32799 33126 
32002 20885 32890 32789 
30292 26865 33024 32434 
29074 33851 33173 32084 
28672 41148 33330 31766 
29243 47290 33458 31505 
30693 51402 33537 31385 
32759 52950 33545 31394 
34952 51603 33447 31532 
36901 47410 33243 31800 
38139 40979 32927 32157 
38468 33529 32600 32619 
37776 26065 32226 33085 
36161 19865 31890 33536 
33755 15848 31686 33947 
30906 14645 31606 34177 
28084 16215 31663 34245 
25912 20082 31862 34168 
24884 25336 32105 33867 
25432 31205 32413 33466 
27502 36472 32742 33032 
30593 40476 33016 32565 
33938 42929 33260 32140 
36715 43661 33393 31751 
38403 42933 33480 31535 
38898 41028 33473 31435 
38428 38467 33455 31492 
37241 35695 33386 31659 
35703 33293 33277 31888 
34031 31619 33176 32159 
32382 30765 33035 32443 
30836 30587 32870 32725 
29563 30679 32635 32939 
28804 30700 32410 33152 
28693 30242 32161 33325 
29325 29211 31986 33509 
30416 27639 31816 33615 
31630 25988 31756 33695 
32691 24704 31827 33728 
33302 24326 31962 33639 
33560 25498 32258 33521 
33542 28322 32583 33245 
33591 32626 32929 32913 
33864 37861 33245 32498 
34397 43240 33525 32074 
35071 47700 33687 31672 
35651 50124 33748 31419 
35766 49889 33638 31256 
35262 46886 33484 31280 
34030 41242 33228 31498 
32190 33737 32912 31829 
30199 25619 32597 32235 
28513 18009 32343 32736 
27550 12070 32108 33220 
27673 8905 31943 33677 
28832 9445 31848 34018 
30737 13788 31813 34171 
32905 21480 31925 34209 
34769 31748 32091 34059 
35977 42328 32371 33792 
36451 51340 32625 33355 
36525 57550 32947 32898 
36304 59750 33217 32382 
35965 57631 33502 31949 
35345 51643 33702 31593 
34223 42768 33745 31329 
32579 32514 33690 31241 
30645 22413 33543 31332 
28768 13739 33238 31541 
27668 8472 32857 31861 
27675 7101 32478 32249 
28802 9699 32142 32722 
30770 15879 31884 33182 
32940 24494 31785 33616 
34539 33794 31767 33921 
35313 42520 31897 34068 
35312 49604 32121 34068 
34809 53852 32363 33883 
34396 54747 32672 33646 
34298 52200 32896 33307 
34627 46617 33062 32901 
35130 38598 33175 32503 
35326 29985 33210 32162 
34872 22038 33193 31894 
33599 16322 33174 31746 
31613 13953 33111 31699 
29403 15426 33052 31731 
27449 20200 33018 31854 
26214 27045 32995 32025 
25972 34532 32968 32233 
26810 40620 32875 32416 
28806 44414 32816 32660 
31631 45320 32685 32864 
35056 43478 32496 33051 
38487 39694 32321 33240 
41410 34925 32164 33396 
43297 30127 32040 33498 
43692 26144 32010 33582 
42195 23629 32064 33605 
38853 22926 32195 33526 
33964 24118 32386 33375 
28243 27209 32661 33160 
22460 31922 32936 32849 
18075 37383 33200 32509 
16091 42738 33442 32188 
17133 46708 33598 31892 
21211 48195 33679 31696 
27537 46407 33610 31598 
35007 41336 33433 31608 
42338 33536 33102 31704 
48163 24674 32751 31989 
51515 16735 32388 32354 
51953 11189 32053 32766 
49340 9185 31796 33194 
43807 11244 31643 33570 
36228 17146 31714 33880 
27641 26080 31913 34004 
19516 36748 32260 33995 
13252 48044 32677 33803 
10646 57335 33099 33459 
11914 63205 33411 32971 
16753 64245 33625 32453 
24254 60222 33719 31968 
32522 51468 33627 31581 
40310 39293 33400 31380 
46517 25538 33059 31343 
50572 12249 32699 31541 
52096 1911 32389 31912 
51161 121 32124 32355 
48063 71 31974 32809 
42947 121 31967 33275 
36485 11288 32075 33624 
29207 23953 32291 33868 
22004 38603 32559 33911 
15950 53390 32797 33747 
12418 64779 32985 33460 
12135 65433 33125 33087 
15215 65489 33201 32678 
21147 65510 33206 32311 
28371 65513 33107 31973 
35536 51404 32959 31775 
41597 33502 32749 31709 
46028 15127 32567 31841 
48657 829 32429 32103 
49743 99 32302 32406 
49493 54 32279 32776 
47677 44 32313 33126 
44007 8459 32446 33439 
38305 21220 32623 33601 
30995 36178 32826 33624 
22870 51104 33040 33486 
15657 63352 33239 33223 
11240 65423 33336 32872 
10362 65498 33373 32502 
13075 65515 33300 32134 
18890 57380 33130 31891 
26568 41329 32858 31691 
34670 22960 32553 31704 
42377 5700 32331 31907 
48756 188 32147 32246 
53108 59 32011 32604 
54727 43 32011 33029 
53331 6516 32088 33406 
48840 15504 32231 33637 
41654 30786 32491 33820 
33048 46616 32749 33762 
24531 60190 32986 33566 
17357 65347 33213 33250 
12555 65487 33332 32800 
10910 65515 33403 32371 
12587 65518 33350 31978 
17143 50723 33206 31720 
23807 32572 32977 31626 
31678 13844 32744 31733 
39365 590 32490 31982 
45837 84 32315 32364 
50164 46 32215 32805 
51636 44 32200 33221 
49881 11597 32299 33546 
45588 25391 32503 33724 
39484 40505 32698 33658 
32860 54128 32933 33440 
26793 63806 33085 33022 
22522 65450 33221 32609 
20339 65502 33240 32176 
20240 56630 33159 31838 
21933 43275 33000 31679 
24730 28208 32752 31690 
28234 13980 32519 31938 
31884 3025 32357 32358 
35189 131 32188 32763 
37825 58 32140 33212 
39369 6635 32199 33604 
39556 14859 32330 33836 
38500 28970 32587 33907 
36584 43683 32829 33752 
34378 56604 33052 33415 
32568 64920 33276 33018 
31423 65473 33370 32473 
31211 65503 33429 32040 
31614 55392 33338 31658 
32280 41754 33120 31428 
32899 26499 32847 31426 
33191 13531 32526 31633 
33125 5157 32219 32005 
32747 2472 31972 32476 
32142 5479 31844 32996 
31425 13274 31870 33513 
30718 23738 32025 33885 
30139 34932 32346 34130 
29691 44932 32697 34092 
29616 52383 33105 33869 
30021 55903 33429 33410 
30956 55132 33652 32864 
32424 50370 33739 32277 
34199 42421 33692 31771 
35972 32390 33447 31346 
37423 22587 33129 31197 
38252 14861 32720 31257 
38274 11019 32353 31595 
37418 11935 32056 32109 
35882 17296 31852 32677 
33941 25726 31763 33226 
31888 35091 31847 33727 
30005 43424 32058 34071 
28435 49092 32337 34166 
27354 51089 32682 34058 
26754 49527 32996 33726 
26673 45056 33227 33218 
27265 38667 33392 32669 
28643 31862 33505 32179 
30714 25606 33446 31726 
33380 20956 33299 31492 
36145 18545 33053 31429 
38465 18823 32767 31588 
39708 21610 32476 31948 
