32731 32386 33163 31963 
32731 32386 33163 31963 
32771 32403 33067 31815 
32835 32501 32919 31782 
32893 32692 32757 31870 
32941 32904 32611 32065 
32934 33102 32487 32338 
32891 33261 32413 32678 
32790 33288 32389 32991 
32653 33219 32422 33260 
32524 33028 32493 33437 
32455 32816 32651 33533 
32423 32551 32783 33475 
32483 32344 32921 33318 
32614 32210 33033 33045 
32778 32186 33083 32719 
32975 32279 33091 32407 
33135 32449 33034 32139 
33218 32667 32899 31934 
33199 32878 32720 31851 
33079 33046 32538 31901 
32899 33188 32392 32099 
32615 33174 32247 32348 
32368 33110 32219 32693 
32149 32941 32258 33001 
32003 32712 32360 33287 
31993 32479 32541 33494 
32097 32271 32745 33588 
32251 32089 32897 33511 
32472 32009 32986 33323 
32722 32046 33022 33083 
32966 32215 33001 32818 
33127 32446 32913 32543 
33289 32794 32854 32369 
33310 33068 32746 32194 
33274 33330 32696 32128 
33172 33495 32695 32105 
33021 33549 32730 32147 
32874 33501 32803 32213 
32709 33303 32838 32259 
32610 33091 32903 32373 
32513 32796 32904 32446 
32479 32525 32874 32554 
32483 32311 32813 32695 
32465 32111 32660 32812 
32467 32020 32516 32987 
32464 32001 32379 33167 
32466 32063 32268 33351 
32459 32172 32217 33484 
32438 32295 32204 33539 
32497 32497 32338 33556 
32519 32628 32468 33387 
32622 32824 32694 33170 
32717 32961 32882 32819 
32830 33088 33053 32408 
32997 33264 33231 32046 
33160 33394 33319 31711 
33270 33476 33342 31503 
33349 33499 33289 31460 
33333 33428 33157 31534 
33239 33266 32971 31778 
33040 32983 32741 32102 
32782 32660 32517 32577 
32479 32280 32312 33041 
32169 31899 32123 33480 
31865 31559 31978 33806 
31680 31412 31942 34021 
31627 31391 31989 34049 
31734 31585 32139 33939 
32001 31950 32370 33682 
32374 32425 32647 33309 
32821 32954 32932 32847 
33197 33382 33132 32286 
33599 33842 33374 31842 
33871 34121 33516 31459 
33945 34210 33551 31221 
33842 34101 33488 31150 
33588 33811 33339 31282 
33231 33393 33124 31597 
32756 32848 32797 32001 
32351 32350 32519 32546 
32030 31934 32279 33135 
31797 31569 32056 33624 
31684 31369 31924 34001 
31770 31398 31932 34226 
31947 31558 32023 34250 
32200 31839 32197 34072 
32446 32151 32390 33694 
32699 32507 32597 33236 
32851 32785 32737 32695 
32954 33050 32864 32199 
32990 33248 32927 31793 
32994 33404 32970 31532 
33018 33520 33010 31497 
33007 33546 33011 31565 
33046 33571 33057 31809 
33095 33513 33103 32096 
33110 33367 33140 32369 
33117 33191 33177 32657 
33111 32966 33184 32902 
32989 32667 33091 33059 
32867 32383 33003 33169 
32641 32072 32775 33166 
32387 31827 32533 33156 
32136 31641 32267 33111 
31934 31575 32016 33046 
31799 31611 31815 32992 
31778 31754 31711 32943 
31904 32033 31755 32929 
32143 32387 31908 32896 
32496 32829 32175 32875 
32879 33263 32521 32792 
33258 33670 32902 32699 
33587 33985 33302 32582 
33777 34097 33617 32425 
33783 34011 33794 32254 
33644 33758 33855 32109 
33373 33376 33749 32018 
32995 32894 33510 31995 
32596 32385 33165 32041 
32276 32002 32811 32215 
32021 31689 32444 32424 
31915 31576 32153 32705 
31900 31575 31914 32948 
31992 31703 31782 33183 
32186 31980 31791 33400 
32405 32264 31877 33519 
32626 32586 32045 33571 
32797 32864 32258 33529 
32882 33059 32462 33371 
32935 33225 32704 33186 
32926 33300 32904 32955 
32896 33320 33088 32686 
32898 33317 33257 32439 
32902 33254 33375 32201 
32917 33174 33425 31977 
32984 33120 33454 31824 
33058 33040 33402 31718 
33129 32960 33301 31725 
33143 32842 33140 31814 
33085 32674 32937 31971 
32934 32457 32675 32209 
32714 32227 32423 32538 
32433 31994 32179 32881 
32157 31785 31980 33228 
31954 31712 31869 33553 
31856 31794 31862 33816 
31922 32007 31975 33946 
32072 32331 32150 33922 
32316 32711 32360 33740 
32619 33118 32585 33438 
32917 33462 32797 33055 
33156 33679 32966 32641 
33341 33780 33119 32270 
33407 33694 33220 31935 
33345 33438 33266 31716 
33187 33088 33258 31628 
33003 32699 33264 31691 
32804 32342 33236 31867 
32643 32076 33179 32079 
32510 31915 33082 32320 
32428 31921 32931 32531 
32435 32069 32768 32713 
32495 32332 32601 32872 
32576 32649 32414 32982 
32673 32971 32250 33093 
32697 33170 32093 33132 
32696 33282 31994 33194 
32671 33257 31981 33278 
32606 33087 32021 33344 
32545 32845 32179 33407 
32469 32530 32359 33403 
32489 32297 32637 33362 
32513 32116 32887 33207 
32565 32050 33104 32910 
32701 32154 33303 32583 
32872 32411 33464 32233 
33011 32694 33483 31829 
33198 33333 33325 31354 
33201 33544 33169 31350 
33104 33596 32958 31520 
32966 33496 32734 31849 
32765 33214 32499 32277 
32553 32845 32281 32805 
32327 32397 32066 33311 
32171 31981 31931 33791 
32038 31630 31821 34102 
32070 31557 31865 34293 
32149 31634 31968 34266 
32329 31921 32176 34046 
32597 32368 32507 33678 
32849 32876 32859 33200 
33035 33311 33179 32599 
33248 33738 33529 32070 
33291 33899 33732 31524 
33306 33867 33830 31163 
33228 33629 33781 30979 
33050 33231 33567 30974 
32875 32764 33244 31203 
32698 32294 32843 31608 
32579 31955 32458 32183 
32504 31772 32105 32795 
32473 31773 31846 33393 
32453 31930 31691 33889 
32472 32232 31706 34221 
32500 32614 31859 34328 
32538 32985 32118 34257 
32499 33214 32360 33927 
32469 33345 32644 33517 
32416 33280 32872 33022 
32356 33032 33017 32517 
32375 32742 33133 32133 
32408 32386 33163 31868 
32525 32096 33158 31723 
32670 31929 33107 31699 
32897 31965 33076 31793 
33155 32224 33067 31967 
33398 32634 33064 32167 
33556 33114 33049 32333 
33614 33558 33014 32466 
33520 33877 32925 32572 
33328 34009 32838 32684 
32984 33833 32656 32753 
32616 33490 32484 32860 
32199 32942 32276 32969 
31881 32346 32126 33146 
31685 31791 32031 33371 
31656 31394 32029 33686 
31751 31177 32064 33998 
31985 31238 32224 34184 
32327 31534 32447 34026 
32705 32012 32712 33362 
33057 32568 32965 32177 
33333 33136 33181 30763 
33510 33645 33341 29574 
33562 34023 33431 29083 
33520 34204 33435 29589 
33330 34111 33326 31003 
33058 33797 33159 33005 
32664 33223 32886 35006 
32262 32530 32585 36618 
32043 31960 32387 37507 
31961 31528 32180 37496 
32118 31414 32057 36644 
32519 31707 32040 35104 
33019 32269 32151 33108 
33482 32920 32336 30804 
33636 33393 32556 28452 
33406 33594 32813 26510 
32722 33361 33022 25361 
31782 32736 33157 25383 
30897 31916 33261 26807 
30363 31101 33240 29410 
30391 30676 33130 32877 
31111 30948 32955 36641 
32512 32077 32761 40077 
34292 33729 32590 42413 
36175 35326 32400 43147 
37789 36252 32299 42090 
38648 36139 32303 39330 
38171 34946 32353 35231 
36121 33218 32453 30479 
32586 31734 32608 25859 
28249 31127 32734 22318 
24133 31542 32845 20526 
21278 32437 32865 20781 
20827 32987 32836 23131 
23099 32593 32748 27175 
27861 31125 32692 32247 
34240 28967 32636 37477 
40822 27124 32602 41859 
46471 26492 32628 44726 
50007 27568 32716 45569 
50387 30241 32853 44243 
47426 33817 32974 40982 
41236 37549 33058 36265 
33114 40557 33134 31123 
24297 42266 33151 26312 
16340 42423 33040 22598 
10669 41146 32875 20610 
8589 38746 32639 20680 
10546 35603 32412 22727 
16627 32000 32202 26367 
25762 28408 32050 30790 
36646 25026 31991 35351 
47510 22158 32028 39267 
56644 20178 32207 42017 
61772 19552 32453 43074 
61821 20693 32756 42445 
56633 23996 33033 40259 
47411 29231 33277 37070 
35615 35878 33424 33406 
23311 42859 33474 29903 
12433 48950 33426 27079 
5110 52523 33282 25427 
2365 52717 33046 25044 
4692 49164 32750 25879 
11719 42613 32519 27745 
22170 34151 32280 30152 
34273 25318 32089 32689 
46324 17418 31983 35018 
55251 12319 31967 36650 
59882 10468 32061 37465 
59330 11976 32170 37404 
54056 16787 32427 36664 
45435 23949 32672 35361 
35447 32514 32953 33856 
25704 41703 33212 32310 
18645 49489 33421 31140 
14804 54883 33557 30427 
14297 56857 33572 30166 
16686 54726 33469 30380 
20983 48701 33261 30910 
26224 39698 32963 31641 
31583 29077 32612 32410 
36460 19232 32320 33077 
40173 12238 32047 33485 
42660 9311 31894 33684 
43706 10916 31853 33637 
43226 16458 31933 33427 
41342 24460 32096 33121 
38323 33549 32387 32854 
34897 41323 32675 32632 
31620 46914 32936 32499 
28977 49733 33151 32481 
27210 49672 33298 32535 
26472 47068 33391 32669 
26449 42331 33361 32743 
26957 36108 33233 32776 
27889 29219 33047 32746 
29158 22737 32838 32711 
30721 17823 32586 32615 
32595 15612 32393 32565 
34479 16884 32229 32531 
36173 21538 32108 32503 
37520 28777 32129 32598 
38232 37282 32247 32735 
38077 44796 32379 32830 
37094 49838 32602 32937 
35320 51224 32829 32988 
33192 48601 33052 32952 
31096 42679 33217 32850 
29428 34750 33309 32676 
28460 26396 33338 32461 
28277 19649 33250 32247 
28700 15594 33046 32063 
29693 14908 32824 32020 
30974 17447 32583 32124 
32393 22515 32360 32345 
33743 29189 32166 32629 
34983 36635 32110 33024 
35811 43195 32109 33354 
36251 47998 32216 33598 
36267 50062 32404 33717 
35897 48852 32613 33662 
35127 44703 32820 33446 
33828 38495 32952 33091 
32010 31615 33009 32658 
29880 25438 33021 32261 
27901 20989 32956 31919 
26765 18721 32852 31712 
27150 18703 32757 31705 
29181 20610 32734 31890 
32284 24106 32734 32157 
35305 28653 32789 32494 
37239 33775 32838 32794 
37531 38841 32895 33028 
36325 43038 32957 33186 
34480 45460 32988 33225 
32914 45649 32926 33122 
32309 43603 32824 32958 
32721 39842 32670 32749 
33672 35103 32493 32578 
34471 30164 32304 32454 
34532 25696 32156 32431 
33698 22530 32090 32513 
32077 21057 32112 32674 
30038 21611 32224 32874 
28166 24093 32396 33040 
26991 28175 32688 33233 
26795 32952 32949 33267 
27722 37562 33121 33126 
29634 41072 33312 32945 
32090 42890 33418 32684 
34505 42832 33430 32414 
36519 40858 33308 32092 
37961 37606 33161 31891 
38990 33455 32911 31742 
39883 29112 32661 31753 
40543 25236 32462 31926 
40379 22610 32273 32190 
38807 21791 32146 32549 
35259 23215 32066 32995 
30235 26722 32022 33386 
24725 31840 32073 33739 
20125 37577 32175 33976 
17776 42938 32342 34035 
18434 46451 32556 33908 
21786 47358 32835 33642 
26919 45085 33082 33178 
32690 40026 33338 32662 
38207 32996 33534 32120 
42834 25299 33576 31550 
46364 18580 33581 31198 
48229 14420 33437 31016 
48178 13557 33205 31069 
45900 16192 32879 31327 
41338 22103 32547 31846 
35172 30048 32250 32476 
28235 38788 31982 33098 
21533 47257 31826 33736 
16686 53417 31798 34187 
14221 56365 31888 34419 
14571 55378 32083 34399 
17753 50169 32343 34126 
23122 41725 32618 33654 
29987 31377 32884 33051 
37414 20875 33160 32427 
44007 12579 33360 31874 
48800 7741 33454 31434 
51067 7141 33474 31229 
50421 10732 33346 31189 
47213 17630 33155 31405 
42103 26522 32923 31816 
35975 36225 32638 32323 
30006 44942 32377 32848 
24858 51663 32169 33323 
20920 55473 32043 33692 
18553 55642 32042 33881 
17750 52286 32151 33863 
18594 46092 32382 33690 
21040 38129 32624 33377 
24989 29899 32885 32965 
30067 22821 33103 32565 
35743 17937 33314 32251 
40850 15834 33337 31977 
44692 16396 33301 31857 
46667 19034 33140 31854 
46600 22875 32910 31974 
44811 27093 32666 32173 
41799 31077 32430 32436 
37973 34539 32251 32690 
33865 37307 32129 32878 
29741 39697 32128 33046 
25811 41877 32243 33182 
22576 43625 32392 33176 
20437 44760 32583 33120 
19801 44808 32816 33047 
20807 43268 33008 32919 
23284 39932 33104 32781 
26801 35091 33153 32669 
30889 29404 33113 32607 
34884 24123 32954 32545 
38591 20196 32768 32530 
41826 18270 32566 32580 
44480 18499 32421 32676 
46075 20441 32311 32720 
46375 23504 32297 32764 
44964 27209 32380 32771 
41719 31041 32564 32736 
36781 34986 32779 32640 
30786 39018 33015 32537 
24396 42986 33187 32380 
19020 46267 33268 32250 
15546 48259 33261 32177 
14708 48244 33181 32214 
16651 45719 32971 32295 
21060 40911 32712 32505 
27161 34603 32436 32750 
34099 27928 32207 33032 
40498 22403 32046 33312 
45717 18890 31994 33499 
49143 17784 32030 33555 
50388 19012 32211 33538 
49123 21910 32442 33378 
45415 25734 32723 33096 
39471 29900 32975 32723 
32343 33834 33207 32348 
25152 37202 33357 32004 
19208 39719 33451 31765 
15670 41072 33445 31672 
15181 41100 33289 31690 
17806 40004 33084 31900 
22906 38016 32812 32193 
29290 35834 32491 32547 
35917 34011 32204 32950 
41745 32831 31943 33291 
45826 32446 31846 33579 
47572 32525 31873 33749 
46712 32628 32008 33758 
43378 32359 32247 33608 
38157 31491 32561 33330 
32095 30065 32929 32971 
26235 28153 33220 32520 
22024 26355 33501 32131 
20114 25057 33672 31824 
20733 24667 33664 31586 
23623 25534 33543 31550 
28039 27749 33287 31669 
33104 31090 32956 31919 
37913 35216 32558 32229 
41434 39373 32226 32635 
43125 42963 31970 33035 
42562 45355 31802 33373 
40009 46143 31821 33660 
36000 45166 31949 33790 
31477 42452 32140 33752 
27484 38327 32400 33592 
24973 33252 32673 33347 
24321 27788 32875 33015 
25509 22544 33016 32646 
28007 18403 33088 32327 
31015 15842 33093 32096 
33910 15279 33041 31945 
36233 17056 33009 31924 
37627 20966 32936 31953 
38226 26771 32949 32109 
37998 33911 32996 32309 
36925 41059 33031 32482 
35110 47362 33074 32652 
32709 51764 33077 32780 
30217 53258 32991 32802 
28371 51706 32864 32821 
27615 47456 32615 32775 
28330 41324 32396 32815 
30154 34489 32140 32830 
32520 27804 31909 32863 
34743 22055 31800 32974 
36139 17558 31791 33087 
36417 14851 31934 33216 
35629 14046 32190 33300 
34086 15317 32530 33309 
32229 18736 32908 33241 
30409 24029 33256 33032 
29065 30681 33569 32795 
28462 37995 33767 32481 
28802 44633 33807 32161 
30144 49823 33747 31909 
32160 52667 33504 31709 
34547 52670 33175 31630 
36716 49789 32829 31722 
38248 44395 32459 31896 
38888 37343 32174 32210 
38437 29489 31937 32551 
36967 22474 31817 32953 
34577 17215 31735 33285 
31565 14546 31819 33609 
28460 14776 31940 33803 
25892 17685 32170 33894 
24441 22472 32416 33841 
24555 28365 32687 33647 
26376 34146 32994 33398 
29451 38992 33213 33017 
33234 42527 33457 32618 
36597 44290 33637 32261 
38914 44381 33737 31931 
39869 42935 33678 31606 
39577 40420 33525 31442 
38323 37378 33272 31390 
36501 34366 32958 31497 
34368 31810 32612 31760 
32286 30194 32263 32109 
30413 29463 31996 32543 
28887 29360 31804 32996 
27914 29477 31699 33396 
27788 29505 31789 33760 
28474 29119 31971 34002 
29767 28247 32211 34047 
31332 27080 32524 33975 
32727 25948 32777 33716 
33664 25370 32983 33358 
34060 25884 33119 32949 
34059 27798 33192 32558 
33945 31198 33192 32202 
33975 35774 33133 31913 
34296 40930 33056 31744 
34874 45527 32992 31707 
35466 48654 32942 31772 
35831 49599 32974 31931 
35574 47814 32970 32091 
34636 43475 33006 32292 
33026 37058 32978 32474 
30967 29249 32888 32629 
29088 21509 32790 32780 
27749 14860 32628 32918 
27380 10495 32444 33054 
28086 9317 32234 33171 
29680 11832 32039 33265 
31777 17948 31940 33378 
33763 26919 31895 33432 
35280 37071 32005 33473 
36117 46742 32157 33412 
36454 54302 32433 33307 
36477 58448 32768 33121 
36240 58418 33040 32814 
35772 54401 33337 32509 
34864 46893 33552 32179 
33404 37401 33653 31892 
31502 27252 33630 31661 
29548 18133 33478 31548 
28111 11355 33256 31578 
27698 8191 32964 31727 
28441 8957 32675 31973 
30184 13500 32444 32335 
32300 20783 32285 32739 
34127 29562 32183 33125 
35138 38359 32089 33438 
35305 45921 32094 33703 
34816 51255 32130 33848 
34152 53609 32193 33850 
33696 52522 32239 33705 
33838 48373 32350 33541 
34353 41744 32466 33267 
34803 33674 32576 32914 
34864 25475 32736 32582 
34209 19012 32925 32259 
32805 15437 33113 31968 
30875 15479 33286 31733 
28958 19030 33437 31598 
27456 25099 33529 31586 
26736 32221 33542 31660 
27018 38850 33498 31884 
28257 43301 33320 32129 
30410 45035 33075 32436 
33295 43878 32736 32785 
36489 40499 32385 33115 
39525 35858 32076 33437 
41866 30916 31811 33660 
42997 26488 31642 33769 
42447 23641 31626 33771 
40116 22515 31758 33657 
36057 23285 31969 33431 
30751 25903 32214 33103 
25041 30169 32522 32787 
20016 35482 32826 32455 
16788 41141 33077 32161 
16446 45750 33270 31976 
19157 48247 33391 31886 
24757 47714 33503 31937 
31882 43797 33501 32018 
39415 37074 33471 32175 
46040 28668 33360 32294 
50772 20174 33238 32447 
52681 13604 33081 32549 
51548 10138 32887 32615 
47191 10524 32643 32654 
40040 15036 32446 32703 
31466 22678 32225 32758 
22590 32468 32027 32844 
15098 42936 31894 32985 
10333 52818 31783 33111 
9732 59766 31840 33326 
13029 62638 31948 33470 
19518 60759 32184 33585 
27880 53979 32423 33545 
36373 43525 32730 33441 
43877 30939 33037 33204 
49462 18220 33301 32844 
52613 7330 33516 32446 
53239 478 33656 32049 
51348 91 33670 31663 
47052 65 33579 31418 
40947 7652 33436 31328 
33439 18890 33172 31365 
25455 32756 32891 31591 
18179 47204 32581 31951 
12914 60226 32292 32403 
10686 65334 32016 32892 
12064 65474 31776 33355 
16714 65498 31667 33797 
23582 65510 31675 34084 
31325 56718 31810 34230 
38554 40463 32032 34189 
44175 22788 32373 34002 
48042 6590 32723 33622 
50292 207 33112 33166 
50961 65 33428 32621 
50029 49 33703 32104 
47091 6160 33845 31618 
41883 15728 33849 31272 
34697 29736 33675 31032 
26418 44410 33391 30999 
18466 57383 33035 31147 
12318 65223 32633 31500 
9772 65473 32290 32027 
10947 65507 32006 32610 
15502 63324 31824 33210 
22552 47066 31759 33768 
30681 30048 31842 34229 
38735 12805 31999 34462 
46127 488 32280 34525 
51350 83 32490 34299 
54110 48 32688 33899 
53966 48 32853 33372 
50636 11252 32947 32788 
44658 25028 32981 32196 
36828 40500 32987 31715 
28388 55131 33011 31385 
20546 65082 33018 31209 
14860 65461 33056 31206 
12064 65502 33116 31378 
12470 65518 33191 31673 
15971 57024 33240 32044 
21752 41848 33245 32424 
28894 23220 33161 32776 
36379 6077 32994 33082 
43141 182 32738 33326 
47979 56 32450 33508 
50228 42 32131 33578 
49617 5281 31855 33595 
46363 17085 31669 33571 
41064 31603 31599 33458 
34816 46198 31686 33335 
28766 58297 31954 33189 
24196 64979 32292 32962 
21615 65476 32709 32749 
21129 60086 33160 32516 
22443 49230 33517 32245 
24945 35449 33743 31991 
28176 20848 33839 31798 
31513 8602 33785 31693 
34559 719 33574 31655 
37002 82 33303 31778 
38503 58 32971 31934 
38753 10027 32605 32158 
37861 22703 32313 32477 
36070 37650 32077 32822 
33951 51649 31901 33150 
32119 62378 31830 33453 
31042 65416 31884 33744 
30840 65499 32000 33936 
31377 58247 32172 33998 
32294 48385 32391 33916 
33200 33901 32636 33712 
33785 19684 32843 33347 
33969 9120 33053 32937 
33742 3744 33212 32449 
33233 4209 33359 31976 
32506 9805 33439 31535 
31667 18981 33469 31246 
30838 29994 33426 31106 
30098 40319 33300 31143 
29638 48594 33151 31404 
29548 53551 32901 31789 
30021 54516 32648 32342 
31034 51379 32384 32941 
32477 44671 32130 33494 
34126 35652 31963 33986 
35718 25707 31862 34279 
36941 17358 31871 34347 
37527 12305 31978 34221 
37372 11775 32170 33872 
36547 15958 32405 33402 
35234 23716 32663 32876 
33649 33133 32889 32351 
31920 42199 33039 31863 
30365 48718 33174 31586 
29039 51740 33265 31509 
27957 50906 33279 31556 
27272 46839 33270 31772 
27150 40600 33248 32082 
27706 33379 33181 32405 
29085 26454 33089 32681 
31291 20988 32974 32887 
33970 17728 32818 32976 
36668 17279 32686 33032 
38569 19662 32553 33026 
39311 24170 32392 32941 
