32637 32666 32748 33477 
32637 32666 32748 33477 
32808 33066 32955 32916 
32894 33340 33102 32356 
32946 33497 33223 31928 
32897 33458 33246 31575 
32846 33312 33240 31432 
32835 33122 33260 31477 
32841 32925 33218 31643 
32928 32790 33211 31939 
33071 32740 33177 32264 
33248 32790 33137 32608 
33363 32866 33016 32866 
33421 32958 32835 33075 
33386 33036 32674 33240 
33216 33041 32465 33313 
32908 32902 32241 33292 
32527 32668 32042 33240 
32145 32391 31934 33171 
31805 32092 31894 33069 
31569 31837 31936 32943 
31500 31698 32079 32842 
31615 31742 32322 32766 
31925 31975 32639 32725 
32350 32330 32977 32688 
32786 32726 33264 32619 
33258 33187 33501 32565 
33650 33599 33649 32511 
33898 33892 33669 32430 
33992 34048 33607 32388 
33891 33973 33415 32313 
33612 33700 33144 32264 
33162 33239 32763 32224 
32731 32742 32441 32291 
32294 32247 32160 32446 
31939 31802 31933 32646 
31732 31519 31830 32918 
31704 31458 31846 33206 
31835 31577 31960 33431 
32130 31926 32236 33621 
32458 32346 32544 33665 
32831 32819 32920 33593 
33080 33207 33195 33309 
33283 33529 33457 32961 
33330 33663 33561 32531 
33340 33699 33618 32147 
33164 33496 33454 31755 
32992 33232 33243 31514 
32766 32879 32928 31433 
32577 32546 32595 31558 
32501 32328 32347 31915 
32460 32180 32133 32332 
32476 32137 32002 32838 
32565 32244 32002 33364 
32670 32408 32102 33782 
32786 32630 32290 34042 
32887 32852 32560 34134 
32906 32971 32787 33964 
32837 32994 32985 33574 
32747 32954 33115 33099 
32672 32886 33236 32601 
32567 32756 33246 32068 
32548 32677 33227 31674 
32529 32612 33109 31411 
32587 32621 32991 31369 
32657 32652 32801 31507 
32725 32707 32635 31831 
32818 32756 32505 32285 
32829 32727 32366 32786 
32815 32679 32288 33306 
32761 32591 32280 33734 
32692 32497 32317 34025 
32634 32429 32407 34085 
32600 32431 32530 33958 
32639 32535 32723 33667 
32706 32710 32918 33207 
32794 32917 33064 32663 
32925 33167 33201 32136 
33063 33402 33273 31678 
33149 33547 33273 31370 
33192 33599 33204 31304 
33140 33500 33062 31415 
33035 33274 32886 31740 
32838 32905 32661 32171 
32637 32511 32481 32726 
32404 32073 32329 33273 
32191 31683 32217 33695 
32043 31462 32174 33962 
32018 31426 32240 34047 
32076 31571 32328 33889 
32231 31899 32478 33604 
32470 32357 32634 33220 
32690 32825 32745 32736 
32914 33262 32823 32310 
33086 33620 32869 32003 
33189 33823 32906 31822 
33247 33864 32959 31857 
33193 33692 32963 31944 
33115 33461 33006 32188 
33023 33180 33068 32456 
32940 32896 33122 32716 
32862 32634 33161 32911 
32856 32456 33182 33029 
32799 32321 33108 33032 
32764 32250 32984 32945 
32675 32192 32758 32797 
32614 32220 32541 32682 
32504 32240 32300 32586 
32372 32246 32074 32535 
32261 32257 31938 32579 
32177 32299 31905 32697 
32149 32362 31992 32864 
32174 32444 32146 33005 
32354 32661 32460 33217 
32601 32920 32797 33344 
32873 33188 33106 33349 
33444 33720 33559 33058 
33639 33865 33640 32792 
33693 33826 33596 32464 
33595 33633 33450 32155 
33322 33258 33190 31894 
32947 32776 32896 31753 
32515 32217 32560 31738 
32104 31711 32268 31895 
31811 31356 32025 32185 
31640 31164 31864 32528 
31664 31230 31830 32951 
31865 31526 31908 33336 
32216 32039 32125 33661 
32647 32654 32431 33842 
33102 33317 32793 33861 
33441 33833 33079 33648 
33662 34168 33337 33308 
33750 34309 33537 32920 
33659 34194 33612 32500 
33405 33836 33553 32081 
33052 33309 33378 31782 
32660 32726 33122 31611 
32285 32139 32808 31626 
32039 31725 32521 31840 
31933 31518 32265 32149 
31965 31544 32106 32539 
32125 31761 32036 32946 
32377 32118 32067 33305 
32664 32545 32200 33566 
32958 32986 32413 33731 
33142 33298 32636 33719 
33247 33467 32861 33566 
33241 33442 33034 33278 
33136 33266 33137 32917 
32984 32997 33198 32537 
32843 32725 33195 32207 
32710 32485 33126 31956 
32575 32306 32962 31786 
32534 32282 32795 31808 
32517 32378 32608 31942 
32527 32569 32443 32223 
32555 32781 32326 32562 
32561 32977 32272 32926 
32574 33088 32308 33265 
32593 33122 32434 33540 
32609 33066 32636 33697 
32621 32893 32859 33651 
32655 32661 33062 33455 
32710 32440 33230 33150 
32786 32268 33323 32719 
32929 32254 33349 32343 
33032 32297 33232 31945 
33124 32461 33027 31651 
33199 32737 32799 31590 
33177 33005 32525 31662 
33112 33268 32296 31929 
32951 33413 32113 32306 
32787 33448 32049 32785 
32571 33324 32079 33249 
32363 33067 32205 33640 
32216 32724 32405 33877 
32161 32381 32687 33957 
32129 32009 32886 33786 
32161 31730 33045 33469 
32278 31654 33149 33106 
32409 31707 33139 32676 
32592 31987 33099 32316 
32761 32334 32977 32046 
32912 32768 32855 31906 
33034 33195 32723 31872 
33166 33609 32687 31988 
33236 33865 32675 32148 
33289 33968 32750 32344 
33296 33893 32844 32514 
33271 33666 32950 32655 
33184 33319 33000 32724 
33055 32909 32995 32748 
32913 32504 32923 32768 
32731 32140 32767 32796 
32542 31881 32585 32866 
32349 31723 32372 32984 
32135 31650 32161 33098 
32000 31735 32060 33294 
31909 31891 32045 33456 
31900 32098 32139 33550 
31976 32367 32341 33561 
32178 32695 32633 33460 
32412 32977 32924 33180 
32713 33242 33173 32793 
33082 33514 33421 32362 
33443 33738 33571 31958 
33716 33832 33588 31593 
33874 33803 33473 31348 
33900 33682 33291 31305 
33755 33467 33030 31415 
33485 33156 32715 31717 
33111 32775 32427 32160 
32692 32360 32207 32673 
32257 31958 32054 33223 
31838 31574 31946 33713 
31534 31328 31958 34109 
31389 31219 32036 34330 
31417 31305 32188 34366 
31644 31617 32408 34233 
31993 32060 32639 33892 
32447 32638 32883 33388 
32899 33195 33080 32798 
33341 33751 33284 32183 
33737 34216 33451 31633 
33950 34432 33522 31195 
34000 34430 33535 30967 
33885 34197 33449 31044 
33629 33801 33295 31436 
33300 33292 33076 32037 
32890 32706 32789 32549 
32500 32148 32511 32811 
32154 31680 32264 32690 
31902 31375 32062 32278 
31814 31282 31967 31897 
31801 31338 31926 31838 
31938 31580 31987 32405 
32159 31957 32139 33589 
32374 32330 32312 35055 
32558 32662 32516 36379 
32695 32907 32742 37161 
32745 33037 32882 37082 
32852 33192 33018 36245 
33067 33439 33152 34745 
33381 33772 33255 32860 
33716 34114 33313 30770 
34015 34391 33396 28719 
34013 34389 33405 26884 
33609 33968 33357 25562 
32813 33132 33240 25085 
31788 32022 33082 25768 
30869 30886 32924 27694 
30244 29902 32658 30620 
30288 29468 32387 34339 
31104 29821 32139 38127 
32603 30953 31932 41380 
34468 32598 31795 43489 
36351 34338 31778 43986 
37528 35596 31886 42583 
37577 36225 32127 39472 
36075 36105 32392 34916 
33358 35623 32731 29924 
29972 35024 33060 25192 
26731 34391 33311 21518 
24639 33701 33575 19700 
24220 32514 33659 19921 
25828 30698 33689 22296 
29123 28286 33573 26346 
33537 25822 33364 31419 
38159 24118 33066 36693 
42196 24066 32730 41368 
44654 26124 32401 44514 
44994 30140 32123 45725 
42811 35474 31896 44795 
38432 40904 31804 41999 
32551 45348 31879 37858 
26180 47732 32033 33004 
20506 47448 32307 28204 
16938 44441 32662 24433 
16026 39135 32980 22101 
18100 32259 33244 21511 
22912 25280 33451 22729 
29836 19219 33511 25387 
37805 15126 33475 29011 
45518 13638 33335 32965 
51434 14940 33097 36554 
54264 19136 32826 39361 
52908 25326 32547 40826 
47624 32963 32357 40974 
39250 41063 32227 39861 
29517 48669 32176 37780 
20424 54604 32249 35184 
13642 57664 32330 32425 
10427 56982 32518 30084 
11161 52144 32706 28429 
15537 43448 32843 27594 
22708 32238 32942 27647 
31548 20496 33019 28478 
40576 10401 33032 29814 
48257 3998 33011 31409 
53200 2413 32916 32936 
54332 5900 32774 34145 
51343 13714 32656 34919 
44712 24344 32522 35183 
35912 36025 32455 35029 
26748 46900 32405 34496 
19260 55567 32452 33800 
15086 60918 32603 33118 
14813 62174 32772 32529 
18238 59252 32993 32172 
24163 52494 33147 31994 
31117 42755 33300 32062 
37495 31239 33353 32256 
42051 19582 33299 32506 
44091 9377 33112 32710 
43516 3273 32867 32860 
40983 2033 32553 32874 
37317 6169 32294 32826 
33541 14780 32096 32695 
30272 26247 31970 32498 
28038 38409 31984 32373 
26979 49123 32107 32282 
27130 56608 32329 32310 
28366 59785 32604 32405 
30409 58337 32896 32585 
32719 52953 33117 32782 
34850 44891 33309 32994 
36237 35294 33421 33165 
36461 25845 33416 33241 
35489 17726 33318 33203 
33541 11837 33157 33092 
31351 9449 32936 32905 
29520 10651 32644 32655 
28745 15552 32453 32526 
29149 23283 32270 32392 
30682 32754 32143 32358 
32894 42247 32090 32435 
35220 50131 32139 32596 
37021 54897 32262 32806 
37806 55593 32475 33040 
37274 51745 32707 33189 
35707 44513 32957 33258 
33434 35247 33128 33147 
31093 25775 33274 32933 
29125 17834 33345 32620 
27957 13150 33336 32259 
27674 12257 33249 31932 
28198 15032 33027 31654 
29456 20789 32822 31615 
31218 28265 32611 31762 
33305 36441 32440 32113 
35298 43328 32278 32553 
37129 48149 32222 33086 
38543 50066 32237 33611 
39157 48832 32274 34003 
38698 44962 32418 34247 
36801 39331 32570 34237 
33576 33138 32717 33985 
29557 27514 32836 33520 
25860 23278 32939 32953 
23663 20794 33052 32352 
23817 20018 33113 31798 
26406 20833 33134 31359 
30579 23097 33082 31104 
34951 26635 32983 31085 
38202 31062 32852 31326 
39454 35713 32696 31747 
38775 39784 32543 32317 
36899 42524 32423 32927 
34805 43456 32325 33524 
33267 42573 32285 33978 
32506 40297 32375 34280 
32220 37164 32481 34308 
32036 33848 32654 34103 
31657 30798 32854 33711 
30985 28340 33011 33144 
30191 26733 33133 32502 
29549 26238 33235 31932 
29212 26799 33222 31426 
29467 28298 33153 31172 
30374 30298 33017 31166 
31865 32362 32807 31369 
33709 33989 32629 31833 
35428 34856 32435 32361 
36597 34981 32308 32965 
36825 34451 32246 33525 
36261 33491 32258 33942 
35338 32408 32344 34179 
34553 31354 32482 34146 
34248 30701 32580 33892 
34192 30702 32697 33496 
33767 31510 32750 32993 
32458 33187 32807 32513 
30126 35520 32821 32074 
27305 38092 32834 31780 
24919 40338 32858 31644 
24228 41459 32906 31715 
25567 40927 32944 31893 
28746 38469 33032 32177 
32850 34147 33117 32474 
36794 28488 33162 32736 
39890 22513 33193 32940 
41739 17441 33128 33035 
42345 14576 32998 33061 
41785 14847 32793 33013 
40119 18630 32549 32937 
37462 25346 32320 32897 
33843 33922 32083 32854 
29557 43081 31919 32857 
25395 51018 31861 32890 
22044 56458 31905 32961 
20222 58425 32093 33065 
20360 56250 32370 33118 
22381 50049 32687 33099 
26142 40483 33042 33016 
30900 29191 33324 32823 
36113 17931 33579 32592 
40888 8630 33691 32319 
44554 3108 33658 32052 
46477 2394 33508 31839 
46326 6738 33313 31777 
44070 15319 33032 31815 
40152 26574 32711 31978 
35364 38538 32442 32262 
30425 49534 32189 32627 
26345 57504 32004 33006 
23458 61507 31892 33379 
21934 60962 31901 33707 
21654 56152 31996 33918 
22359 47842 32154 33944 
23956 37524 32383 33849 
26354 26869 32655 33597 
29518 17688 32924 33243 
33262 11373 33143 32775 
37247 8875 33375 32324 
40841 10282 33516 31905 
43380 14973 33554 31562 
44380 21891 33513 31381 
43670 29601 33370 31359 
41483 36861 33161 31508 
38365 42510 32888 31802 
34961 45870 32631 32210 
31601 46812 32388 32685 
28679 45660 32193 33171 
26209 43100 32041 33546 
24332 40048 32002 33860 
23186 37159 32069 34007 
22932 34721 32170 33985 
23734 32676 32306 33791 
25711 30811 32528 33503 
28484 28878 32766 33144 
31681 26788 32937 32697 
35014 24905 33119 32267 
38003 23754 33258 31936 
40465 23666 33301 31662 
42405 24906 33320 31568 
43497 27123 33213 31583 
43653 29857 33064 31770 
42616 32456 32870 32069 
40224 34583 32665 32483 
36442 36164 32474 32961 
31538 37362 32279 33345 
26252 38622 32199 33685 
21482 40020 32215 33909 
18116 41331 32311 33905 
16876 42066 32467 33699 
18230 41572 32669 33350 
21861 39558 32904 32917 
27219 35945 33093 32406 
33339 31513 33240 31949 
39362 27008 33307 31599 
44540 23295 33240 31429 
48260 21018 33104 31456 
49990 20456 32890 31695 
49283 21528 32635 32089 
46025 24030 32436 32609 
40363 27513 32247 33127 
33076 31631 32146 33584 
25368 35864 32159 33936 
18745 39565 32285 34069 
14463 42195 32458 33998 
13517 43121 32629 33680 
15990 42396 32807 33262 
21374 40157 32935 32771 
28477 37151 33031 32307 
36085 34051 33034 31928 
43078 31436 32982 31678 
48491 29600 32904 31634 
51175 28615 32834 31776 
50672 28292 32814 32057 
46665 28372 32772 32334 
40167 28839 32829 32698 
32163 29596 32879 32956 
24065 30537 32904 33106 
17882 31546 32970 33203 
14645 32414 32971 33173 
14912 32894 32917 33080 
18496 32867 32772 32916 
24666 32472 32599 32774 
32260 31991 32435 32704 
39774 31681 32247 32674 
45942 31857 32100 32698 
49610 32652 32044 32770 
50019 34070 32107 32893 
47007 35852 32239 32961 
41215 37756 32461 33006 
33464 39455 32752 32947 
26009 40434 33067 32857 
20144 40332 33321 32673 
17005 38956 33530 32470 
17196 36294 33630 32270 
20321 32435 33591 32134 
25481 27772 33453 32061 
31584 22953 33201 32054 
37455 18817 32889 32150 
42197 16268 32571 32345 
45274 16137 32328 32668 
46073 18776 32076 32959 
44656 24077 31901 33221 
41176 31365 31854 33471 
36042 39482 31881 33613 
30222 47048 32015 33662 
24852 52724 32243 33608 
21097 55570 32492 33397 
19926 55218 32830 33149 
21433 51701 33108 32784 
25318 45371 33344 32384 
30404 37306 33564 32064 
35470 28259 33661 31770 
39630 19208 33674 31609 
41991 11621 33548 31557 
42541 6568 33370 31698 
41276 5033 33063 31908 
38587 7616 32755 32246 
34932 14177 32431 32650 
30973 23872 32168 33102 
27464 35136 31948 33490 
25156 46239 31828 33777 
24542 55404 31856 33944 
25588 61217 31920 33885 
28023 62652 32146 33745 
31063 59612 32363 33408 
34267 52392 32606 32995 
36885 42404 32849 32586 
38626 30954 33006 32183 
39301 19654 33128 31914 
38722 10757 33179 31790 
37016 5622 33220 31848 
34362 4876 33180 31986 
31517 8606 33173 32258 
29080 15703 33166 32558 
27629 24868 33159 32820 
27563 34177 33113 32949 
28737 42402 33073 33022 
30585 48755 32999 32973 
32350 52465 32882 32844 
33580 53411 32708 32669 
34256 51763 32553 32563 
34310 47722 32301 32438 
34135 42052 32103 32458 
33922 35602 31920 32572 
33840 29380 31810 32782 
33896 24342 31802 33080 
33940 21042 31915 33369 
33838 19615 32137 33603 
33595 19865 32462 33726 
33254 21225 32820 33649 
32833 23266 33199 33374 
32422 25568 33549 32974 
31976 28013 33826 32493 
31419 30606 33962 31952 
30781 33416 33934 31507 
30147 36496 33746 31224 
29749 39708 33408 31108 
29986 42759 33047 31302 
30982 45147 32652 31685 
32755 46436 32266 32224 
34886 46196 31958 32830 
36890 44251 31746 33436 
38128 40571 31656 33973 
38101 35535 31671 34314 
36803 29585 31796 34477 
34463 23233 32005 34391 
31781 17574 32255 34103 
29360 13393 32540 33633 
27733 11585 32852 33074 
27189 12886 33127 32455 
27749 17522 33422 31933 
29071 25064 33636 31454 
30776 34225 33764 31163 
32583 43575 33795 31056 
34280 51813 33732 31135 
35703 57147 33548 31381 
36825 58905 33300 31786 
37431 56691 32959 32242 
37405 50880 32583 32754 
36591 42350 32214 33263 
34924 31893 31878 33713 
32832 21821 31696 34065 
30649 13209 31594 34227 
28965 7405 31673 34236 
28236 5481 31858 34039 
28482 7622 32092 33679 
29612 13716 32432 33275 
31072 22416 32729 32751 
32419 32513 33021 32274 
33226 42392 33226 31846 
33476 50622 33358 31559 
33396 56109 33452 31497 
33315 58012 33456 31574 
33577 55942 33394 31796 
34410 50366 33325 32147 
35612 42166 33235 32527 
36754 32415 33104 32868 
37292 23137 32979 33129 
36850 15796 32800 33244 
35270 11644 32662 33281 
32873 11656 32518 33193 
30080 15416 32353 33018 
27358 22098 32186 32793 
25362 30066 32070 32622 
24387 37880 32026 32535 
24572 44100 32034 32530 
26051 47733 32133 32622 
28771 48298 32292 32764 
32544 45935 32497 32958 
36907 41236 32728 33137 
41270 35161 32955 33262 
44802 28829 33165 33296 
46729 23415 33357 33248 
46327 19805 33431 33029 
43381 18656 33459 32750 
38012 20246 33384 32355 
31068 24504 33265 32008 
23472 30933 33057 31674 
17130 38300 32824 31512 
13364 45307 32600 31556 
13120 50488 32385 31753 
16611 52497 32228 32143 
23129 50494 32100 32624 
31509 44565 32067 33165 
40163 35654 32109 33702 
47550 25299 32207 34103 
52615 15627 32380 34303 
54622 8502 32618 34295 
53142 5330 32839 34000 
48249 6737 33045 33508 
40548 12705 33201 32903 
31138 22427 33299 32229 
21630 34460 33369 31653 
13868 47006 33298 31216 
9465 58173 33170 31007 
9332 65147 33016 31093 
13386 65463 32761 31350 
20541 65497 32579 31886 
29308 58901 32444 32510 
38156 45612 32303 33077 
45514 29861 32251 33606 
50732 14065 32251 33954 
53402 1028 32337 34109 
53195 105 32462 34065 
50233 59 32601 33813 
44713 50 32754 33435 
37197 9483 32856 32980 
28700 22398 32976 32560 
20479 37749 33052 32166 
14400 52618 33070 31892 
11519 64433 33046 31767 
12490 65444 32931 31759 
16955 65498 32818 31918 
23700 65517 32678 32159 
31169 64183 32564 32493 
38008 45420 32464 32805 
43202 26649 32398 33082 
46504 8540 32441 33339 
47917 260 32503 33454 
47784 61 32629 33456 
46262 38 32782 33318 
43349 564 32941 33106 
38966 14361 33076 32806 
33392 29343 33176 32487 
27310 45232 33218 32238 
21727 59111 33134 32002 
17917 65321 33048 31948 
16593 65491 32879 32008 
17966 65513 32660 32182 
21463 65411 32473 32475 
26377 48099 32319 32833 
31504 30183 32176 33142 
36383 12355 32126 33405 
40667 453 32197 33590 
43847 82 32288 33602 
45832 49 32460 33494 
46291 44 32686 33261 
45005 10171 32907 32934 
41960 23489 33127 32590 
37371 39008 33303 32234 
32177 53508 33412 31941 
27140 64557 33408 31781 
22930 65448 33319 31747 
20315 65500 33122 31848 
19537 65516 32853 32064 
20709 56456 32574 32403 
23536 40210 32326 32833 
27496 22152 32106 33203 
32222 5239 31976 33542 
36645 167 31984 33767 
40287 54 32089 33840 
42720 44 32340 33752 
43477 7369 32603 33511 
42688 19468 32968 33208 
40359 33752 33221 32703 
37152 47409 33455 32259 
33604 58344 33578 31839 
30287 64605 33536 31509 
27888 65443 33410 31388 
26539 59244 33147 31434 
26264 48804 32818 31651 
26884 35547 32523 32060 
28101 21575 32267 32541 
29678 9299 32121 33088 
31349 1284 31986 33513 
33107 89 32022 33900 
34662 61 32134 34089 
35715 9736 32308 34136 
35966 21979 32501 33967 
35329 36126 32675 33645 
33971 50168 32846 33235 
32375 61116 32952 32762 
31195 65377 33071 32341 
30877 65493 33158 31977 
31574 63509 33183 31687 
33091 50180 33226 31557 
34872 35647 33216 31539 
36296 21388 33186 31628 
36966 10081 33139 31836 
36711 3679 33052 32078 
35677 3131 32902 32383 
34121 7914 32720 32694 
32307 16822 32522 33017 
30502 27504 32316 33293 
28829 38155 32160 33559 
27325 47074 32058 33752 
26166 53267 32022 33833 
25782 55571 32145 33863 
26293 53872 32251 33713 
27983 48479 32421 33473 
30809 40241 32701 33219 
34331 30379 32923 32833 
37906 20842 33131 32426 
40885 13608 33290 32004 
42584 10699 33422 31691 
42719 12602 33407 31425 
41346 18971 33324 31284 
38868 27948 33194 31348 
35614 37273 32984 31552 
31956 45096 32714 31922 
28456 49659 32493 32435 
25286 50468 32264 32969 
22820 47833 32121 33548 
21557 42706 32073 34039 
21799 36303 32114 34360 
23820 29810 32277 34479 
27362 24581 32531 34401 
31878 21222 32768 34032 
36528 20180 32969 33436 
40348 21578 33170 32785 
42729 24895 33306 32089 
