33109 32979 33564 31840 
33109 32979 33564 31840 
32786 32710 33183 31680 
32584 32546 32895 31850 
32380 32344 32596 32137 
32189 32165 32314 32524 
32079 32050 32090 32965 
32012 31954 31911 33354 
32071 32002 31864 33699 
32238 32162 31908 33908 
32502 32449 32065 33964 
32787 32776 32285 33835 
33084 33129 32561 33556 
33299 33414 32838 33154 
33438 33610 33121 32705 
33466 33678 33374 32251 
33397 33596 33563 31860 
33194 33349 33635 31538 
32939 33043 33591 31396 
32679 32709 33445 31426 
32484 32439 33234 31644 
32342 32211 32939 31983 
32302 32103 32618 32435 
32360 32128 32346 32919 
32440 32214 32101 33358 
32561 32342 31951 33705 
32673 32516 31917 33924 
32745 32668 31977 33954 
32758 32768 32100 33794 
32731 32808 32271 33510 
32690 32828 32503 33171 
32613 32807 32689 32777 
32572 32787 32864 32433 
32541 32750 32992 32153 
32560 32733 33087 31991 
32640 32733 33171 31982 
32704 32715 33196 32027 
32826 32750 33253 32200 
32908 32744 33239 32344 
33013 32805 33262 32518 
33086 32861 33234 32645 
33112 32922 33148 32695 
33118 33005 33020 32699 
33097 33093 32855 32678 
33026 33145 32642 32650 
32935 33154 32418 32662 
32786 33067 32188 32702 
32578 32869 31960 32767 
32374 32599 31816 32917 
32193 32316 31787 33118 
32053 32028 31861 33298 
31981 31793 32047 33446 
32007 31686 32322 33502 
32126 31762 32665 33436 
32389 32019 33057 33291 
32680 32368 33377 32988 
32998 32796 33635 32592 
33357 33304 33821 32235 
33606 33713 33842 31874 
33720 33961 33710 31617 
33683 34029 33484 31520 
33516 33907 33179 31577 
33226 33611 32847 31795 
32851 33204 32493 32105 
32449 32715 32164 32488 
32143 32277 31960 32959 
31880 31854 31777 33333 
31777 31602 31718 33669 
31785 31502 31752 33868 
31963 31602 31927 33963 
32181 31782 32103 33853 
32482 32094 32405 33670 
32772 32448 32721 33385 
33023 32776 33038 33009 
33190 33074 33317 32556 
33360 33386 33597 32168 
33422 33598 33751 31836 
33414 33724 33797 31591 
33345 33751 33715 31485 
33203 33661 33491 31520 
32999 33460 33172 31677 
32813 33197 32838 31981 
32591 32850 32476 32309 
32396 32490 32172 32699 
32227 32121 31942 33089 
32081 31792 31775 33405 
32069 31633 31786 33647 
32115 31618 31860 33778 
32240 31772 32040 33786 
32455 32050 32299 33683 
32708 32434 32580 33522 
32903 32794 32829 33242 
33088 33138 33079 32933 
33169 33379 33249 32591 
33196 33540 33391 32284 
33134 33531 33437 31980 
32995 33367 33374 31744 
32820 33156 33239 31626 
32650 32885 33036 31645 
32517 32621 32793 31774 
32458 32434 32562 32039 
32494 32360 32394 32408 
32565 32345 32276 32806 
32655 32408 32229 33211 
32753 32515 32268 33544 
32876 32659 32436 33813 
32911 32739 32623 33850 
32883 32777 32814 33708 
32804 32751 32965 33426 
32730 32745 33094 33051 
32655 32729 33149 32634 
32590 32708 33120 32203 
32570 32716 33007 31877 
32584 32750 32832 31696 
32605 32763 32604 31678 
32710 32826 32457 31877 
32769 32839 32311 32174 
32830 32843 32274 32555 
32874 32822 32323 32961 
32854 32741 32427 33266 
32830 32686 32601 33495 
32814 32653 32816 33615 
32729 32590 32951 33528 
32635 32542 33016 33336 
32599 32574 33060 33111 
32558 32593 33007 32833 
32517 32598 32887 32561 
32534 32657 32789 32368 
32571 32696 32699 32248 
32619 32726 32634 32210 
32694 32777 32643 32254 
32775 32824 32690 32320 
32868 32872 32762 32405 
32964 32934 32836 32458 
33048 32993 32911 32506 
33075 33031 32895 32499 
33095 33077 32900 32552 
33038 33030 32814 32572 
32933 32935 32703 32656 
32764 32747 32573 32761 
32581 32536 32451 32935 
32387 32295 32358 33119 
32266 32145 32356 33329 
32177 32039 32369 33445 
32206 32099 32484 33537 
32319 32289 32640 33514 
32489 32537 32805 33359 
32705 32852 32979 33095 
32872 33102 33060 32714 
33072 33352 33166 32342 
33202 33474 33188 31969 
33227 33437 33128 31642 
33208 33319 33046 31511 
33124 33123 32928 31516 
32944 32828 32745 31630 
32821 32601 32633 31963 
32691 32396 32506 32378 
32558 32225 32371 32840 
32432 32111 32258 33298 
32392 32135 32235 33757 
32326 32157 32209 34019 
32305 32249 32272 34153 
32310 32361 32404 34090 
32377 32512 32595 33851 
32458 32678 32811 33466 
32571 32848 33029 32962 
32706 33044 33211 32420 
32910 33288 33393 31913 
33106 33478 33471 31488 
33257 33599 33443 31225 
33355 33584 33316 31107 
33381 33466 33104 31228 
33282 33171 32824 31493 
33134 32854 32569 31975 
32900 32443 32306 32511 
32626 32061 32118 33080 
32332 31718 31967 33616 
32155 31614 31977 34061 
32074 31704 32102 34317 
32072 31924 32281 34355 
32190 32264 32527 34157 
32382 32684 32779 33817 
32577 33049 32977 33284 
32741 33308 33082 32697 
32875 33441 33120 32133 
32937 33402 33064 31678 
32946 33250 32975 31427 
32871 32985 32830 31340 
32786 32714 32706 31454 
32791 32560 32693 31820 
32776 32457 32700 32207 
32804 32481 32788 32636 
32877 32605 32895 32989 
32968 32772 33023 33271 
33036 32967 33110 33397 
33079 33111 33148 33396 
33064 33136 33098 33270 
32958 33019 32921 33046 
32775 32823 32676 32798 
32583 32547 32413 32620 
32423 32303 32175 32523 
32262 32089 31974 32506 
32138 31940 31845 32532 
32129 31970 31873 32694 
32223 32135 32052 32889 
32372 32385 32322 33053 
32564 32701 32678 33162 
32792 33036 33070 33167 
32950 33277 33362 33011 
33082 33436 33579 32771 
33210 33569 33721 32535 
33267 33571 33692 32256 
33262 33483 33549 32032 
33206 33323 33296 31884 
33099 33082 32992 31857 
32931 32765 32638 31934 
32794 32466 32385 32193 
32594 32140 32136 32537 
32400 31833 31963 32906 
32208 31599 31845 33263 
32072 31516 31847 33583 
32033 31626 31945 33812 
32082 31903 32129 33905 
32242 32332 32385 33842 
32460 32846 32675 33616 
32735 33378 32971 33269 
32958 33810 33184 32833 
33220 34159 33455 32496 
33389 34234 33591 32254 
33428 34066 33620 32112 
33381 33691 33560 31969 
33223 33128 33401 31650 
32966 32452 33141 31090 
32718 31839 32893 30453 
32487 31358 32601 29978 
32359 31184 32360 30074 
32294 31256 32118 30952 
32387 31690 32011 32654 
32523 32286 31990 34793 
32634 32846 32011 36784 
32688 33341 32140 38237 
32712 33683 32338 38688 
32709 33832 32541 38086 
32777 33861 32784 36567 
32894 33784 32982 34315 
33080 33647 33133 31639 
33262 33469 33228 29044 
33276 33116 33227 26683 
33052 32610 33172 25013 
32454 31863 33025 24310 
31636 31011 32847 24912 
30843 30235 32676 26867 
30367 29718 32579 30022 
30393 29687 32515 33879 
31140 30458 32518 37942 
32577 32053 32603 41390 
34450 34227 32727 43632 
36437 36377 32820 44150 
38199 37904 32927 42654 
39057 38131 33016 39467 
38533 36930 33014 34918 
36390 34767 32917 29798 
32787 32448 32802 24950 
28389 30782 32623 21311 
24186 30241 32470 19558 
21204 30472 32306 19927 
20536 31016 32242 22559 
22561 31077 32225 26853 
27088 30338 32277 32110 
33326 29066 32459 37508 
40288 27851 32665 42244 
46256 27662 32916 45254 
49973 28883 33112 46135 
50663 31457 33283 44843 
47982 34837 33371 41643 
41986 38213 33365 36937 
33969 40711 33282 31759 
25172 41925 33173 26929 
17101 41556 32901 23074 
11303 39869 32647 20936 
9000 37221 32362 20792 
10662 34049 32124 22533 
16239 30775 31986 25837 
24913 27711 31911 29970 
35931 24991 32002 34481 
46570 23019 32185 38283 
55412 21845 32450 40962 
60667 21755 32790 42198 
61041 23045 33134 41829 
56327 25970 33405 40042 
47489 30493 33599 37231 
36074 36247 33665 33952 
23963 42448 33568 30692 
13619 47688 33336 28080 
6572 50879 33062 26503 
3894 50935 32713 26072 
6095 47353 32340 26795 
12716 40898 32066 28430 
22622 32711 31880 30573 
34164 24317 31837 32820 
45434 17140 31893 34773 
54091 12744 32064 36118 
58676 11634 32355 36734 
58377 13835 32688 36576 
53257 19004 32978 35715 
44759 26147 33185 34418 
34938 34320 33371 33004 
25676 42456 33473 31719 
18675 49529 33452 30766 
15145 54175 33356 30346 
15075 55622 33168 30443 
17822 53313 32914 30971 
22416 47221 32611 31833 
27733 38236 32360 32844 
32654 28091 32146 33734 
36723 18544 32022 34376 
39661 11604 31998 34625 
41431 8700 32096 34484 
41938 10505 32266 33960 
41384 16447 32533 33226 
39811 25032 32806 32366 
37423 34639 33070 31537 
34711 42961 33295 30962 
32104 48831 33428 30679 
30019 51576 33456 30733 
28678 51087 33365 31127 
28171 47871 33199 31839 
28207 42517 32942 32618 
28567 35828 32659 33414 
29053 28462 32390 34116 
29644 21731 32209 34555 
30338 16547 32072 34659 
31244 14005 32023 34488 
32517 14915 32125 34106 
34056 19643 32290 33508 
35564 27104 32496 32839 
36865 36060 32725 32217 
37658 44617 32953 31690 
37657 51056 33134 31339 
36768 53671 33256 31204 
35134 51974 33304 31280 
33094 46320 33264 31547 
31006 37929 33118 31918 
29318 28400 32929 32376 
28260 20004 32663 32806 
27980 14312 32451 33226 
28312 12167 32233 33514 
29263 13800 32138 33713 
30702 18767 32138 33774 
32337 25924 32244 33702 
33998 34035 32435 33523 
35480 41887 32705 33264 
36605 48321 32992 32959 
37192 51865 33221 32599 
37335 52004 33410 32285 
36903 48642 33482 32025 
35808 42416 33421 31829 
33996 34904 33204 31724 
31567 27555 32901 31770 
28977 21788 32592 31943 
26841 18275 32282 32202 
26062 17263 32037 32522 
27045 18413 31910 32857 
29531 21222 31886 33153 
32793 25491 32046 33431 
35508 30618 32308 33596 
36748 35882 32606 33665 
36342 40656 32929 33629 
34793 44091 33130 33440 
33171 45662 33253 33199 
32420 45055 33296 32926 
32839 42548 33234 32656 
34104 38725 33089 32390 
35535 34224 32933 32190 
36263 29843 32747 31997 
35894 26119 32648 31922 
34364 23515 32591 31917 
31962 22434 32607 31982 
29284 23162 32655 32065 
27071 25607 32757 32242 
25800 29222 32833 32421 
25815 33324 32867 32632 
27219 37103 32857 32871 
29591 39657 32773 33086 
32399 40767 32661 33317 
35069 40295 32546 33525 
37152 38353 32372 33605 
38671 35455 32235 33584 
39856 32042 32193 33513 
40815 28634 32254 33354 
41233 25738 32385 33090 
40435 24188 32584 32785 
37889 24377 32826 32473 
33457 26483 33032 32130 
27730 30473 33230 31883 
22290 35491 33361 31725 
18518 40603 33379 31653 
17610 44647 33366 31737 
19769 46495 33250 31897 
24234 45401 33066 32143 
29872 41289 32817 32429 
35606 34792 32533 32756 
40821 26999 32287 33131 
44757 19790 32095 33463 
47218 14582 31950 33723 
47919 12536 31899 33884 
46552 14207 31974 33904 
42964 19445 32155 33803 
37538 27280 32419 33572 
30932 36480 32728 33240 
24290 45514 33050 32791 
18728 53178 33346 32303 
15410 57751 33554 31851 
14778 58379 33651 31455 
16945 54694 33631 31225 
21570 47032 33475 31170 
28004 36340 33211 31313 
35108 24831 32890 31647 
41881 14451 32543 32119 
47221 7151 32270 32675 
50243 4177 32066 33295 
50340 5916 31927 33778 
47732 11828 31920 34114 
43005 20705 32035 34283 
37009 31330 32212 34230 
31048 41682 32412 33981 
25931 50494 32652 33612 
22160 56485 32831 33152 
19796 58771 32923 32621 
18957 56904 32997 32190 
19546 51304 33024 31854 
21420 42960 33021 31642 
24582 33502 33015 31595 
28908 24417 33034 31659 
33817 17672 33064 31866 
38654 13992 33105 32066 
42658 13627 33147 32302 
45182 16106 33136 32513 
45813 20515 33073 32688 
44725 25612 32942 32817 
42401 30496 32766 32945 
39316 34569 32541 33061 
35771 37698 32321 33193 
32095 39881 32088 33281 
28442 41507 31947 33390 
25001 42709 31873 33433 
22117 43553 31927 33445 
20367 43722 32088 33385 
20115 42797 32335 33236 
21490 40530 32690 33069 
24188 36772 32998 32778 
27967 31881 33282 32448 
32116 27122 33528 32177 
36290 23123 33604 31877 
40270 20716 33604 31706 
43816 20109 33476 31625 
46473 21128 33280 31677 
47842 23190 33024 31838 
47466 25734 32743 32089 
44939 28462 32464 32422 
40159 31433 32209 32802 
33899 34707 32046 33200 
26869 38352 31938 33548 
20236 42216 31945 33852 
15146 45657 32032 34001 
12774 47647 32204 34010 
13539 47480 32434 33887 
17260 44749 32685 33587 
23448 39744 32935 33172 
30829 33570 33139 32667 
38373 27517 33344 32173 
44986 22697 33452 31720 
49976 19828 33471 31363 
52522 19237 33418 31180 
52318 20466 33261 31176 
49227 22984 33034 31335 
43369 26345 32795 31724 
35613 29862 32535 32209 
27217 33344 32346 32793 
19617 36386 32163 33303 
14373 38715 32129 33835 
12464 40026 32154 34178 
14290 40166 32247 34334 
19223 39321 32379 34281 
26344 37854 32514 34006 
34148 36376 32649 33593 
41188 35257 32731 33079 
46559 34599 32754 32519 
49457 34313 32792 32058 
49318 33972 32791 31672 
46181 33282 32805 31494 
40673 32043 32864 31498 
33800 30224 32967 31661 
26800 28001 33083 31932 
21345 25819 33196 32233 
18380 24092 33283 32513 
18423 23333 33368 32798 
21177 23713 33294 32934 
26169 25564 33153 33022 
32060 28714 32912 33023 
37829 32864 32618 32993 
42418 37398 32297 32967 
44972 41829 32008 32979 
44899 45219 31784 32995 
42305 47160 31691 33065 
37771 47338 31755 33154 
32167 45634 31958 33253 
27035 42209 32273 33316 
23384 37358 32648 33292 
22020 31593 33031 33192 
23060 25450 33374 32961 
26046 19792 33590 32632 
29968 15530 33710 32288 
33952 13205 33682 31935 
37233 13286 33517 31635 
39440 16098 33236 31453 
40384 21389 32938 31421 
40133 28692 32636 31584 
38752 37004 32373 31884 
36282 45241 32158 32290 
33121 51761 32050 32796 
29686 55510 31983 33281 
26779 55860 32046 33748 
25121 52698 32158 34109 
25321 46861 32333 34315 
27306 39347 32544 34341 
30515 31289 32710 34115 
34155 23721 32911 33743 
37107 17684 33078 33215 
38828 13554 33206 32621 
38988 11649 33315 32013 
37712 12326 33382 31521 
35398 15460 33344 31131 
32629 20827 33259 30939 
29899 27872 33088 30941 
27752 35735 32883 31175 
26661 43371 32653 31601 
26903 49663 32441 32181 
28474 53677 32233 32779 
30981 54646 32093 33370 
33980 52501 32076 33917 
36742 47457 32142 34286 
38826 40052 32270 34443 
39784 31773 32459 34411 
39449 23748 32627 34150 
37817 17340 32759 33723 
35033 13522 32854 33204 
31593 12913 32904 32670 
28154 15368 32949 32215 
25425 20207 32952 31809 
24062 26663 32928 31499 
24662 33221 32961 31419 
26986 38911 32973 31436 
30574 43186 33031 31605 
34269 45418 33083 31867 
37274 45664 33115 32136 
39034 44137 33088 32436 
39460 41246 33006 32729 
38731 37687 32849 32974 
37218 34087 32637 33162 
35349 31141 32426 33346 
33360 29199 32239 33461 
31513 28485 32095 33544 
29902 28666 32010 33540 
28759 29354 32039 33518 
28249 29999 32145 33422 
28545 30168 32342 33289 
29534 29641 32575 33091 
30992 28499 32830 32842 
32457 27104 33067 32579 
33578 26015 33276 32308 
34132 25782 33404 32030 
34185 26955 33466 31799 
33955 29750 33439 31683 
33764 33924 33315 31665 
33787 38908 33083 31719 
34116 43959 32806 31914 
34621 47791 32542 32230 
35031 49556 32296 32622 
35046 48661 32103 33024 
34465 44941 31987 33424 
33251 38920 31982 33754 
31595 31372 32105 33970 
29846 23224 32346 34012 
28479 15961 32641 33883 
27995 10918 32958 33612 
28483 8987 33191 33176 
29974 10837 33381 32693 
32087 16602 33476 32209 
34076 25185 33401 31744 
35571 35408 33267 31447 
36290 45480 33012 31328 
36320 53852 32722 31393 
35997 58778 32486 31717 
35504 59524 32279 32127 
34998 56015 32146 32599 
34287 48549 32096 33083 
33244 38963 32151 33504 
31761 28395 32290 33791 
30076 18552 32489 33891 
28598 10837 32699 33807 
27946 6810 32903 33584 
28340 6844 33051 33221 
29760 11026 33172 32795 
31724 18456 33223 32383 
33668 27852 33199 32037 
34969 37590 33121 31822 
35352 46532 32943 31757 
35053 52777 32779 31882 
34445 55850 32573 32129 
34039 55290 32393 32483 
34147 51174 32241 32867 
34713 44231 32132 33192 
35442 35561 32190 33487 
35720 26474 32309 33589 
35193 18577 32517 33557 
33694 13662 32752 33353 
31462 12532 32988 33009 
28934 15377 33155 32560 
26779 21659 33381 32223 
25403 29508 33429 31876 
25138 37347 33382 31681 
26084 43439 33215 31626 
28266 46717 33005 31804 
31400 46628 32723 32086 
35228 43721 32456 32500 
39198 38869 32223 32953 
42713 33096 32023 33370 
45063 27848 31989 33734 
45636 23849 32041 33930 
44043 21703 32204 33952 
40069 21604 32386 33739 
34294 23686 32602 33412 
27449 27708 32812 32996 
20645 33105 32935 32507 
15285 39283 33043 32096 
12893 44826 33081 31796 
14108 48629 33108 31684 
18827 49530 33074 31708 
26458 46860 33036 31879 
35674 40579 33038 32169 
44343 32130 33040 32475 
51303 22890 33035 32758 
55434 14766 33000 32951 
56015 9324 32910 33050 
52861 7923 32829 33099 
46297 10718 32677 33061 
37136 17431 32484 32972 
26485 27291 32287 32867 
16704 38658 32147 32803 
9456 49865 32039 32793 
6212 59220 32029 32830 
7750 64801 32124 32914 
13518 65456 32293 33018 
22208 60481 32549 33116 
32108 50859 32842 33152 
41660 37542 33082 33064 
49247 23136 33330 32929 
54138 9760 33487 32720 
55939 513 33526 32467 
54643 95 33433 32176 
50663 65 33265 31915 
44380 2397 32999 31731 
36457 13128 32728 31671 
27626 26843 32506 31799 
19366 41997 32316 32001 
12905 56509 32210 32338 
9452 65199 32156 32747 
9714 65461 32161 33182 
13705 65498 32199 33574 
20516 65515 32320 33947 
28879 65315 32466 34144 
36846 46921 32625 34171 
43334 28472 32789 34012 
47802 10479 32909 33654 
50381 320 33058 33173 
51132 73 33129 32587 
50434 46 33217 32012 
48076 56 33239 31479 
43662 11923 33195 31087 
37305 25758 33087 30919 
29467 41070 32947 30979 
21300 55383 32780 31262 
14334 65082 32631 31776 
10199 65470 32464 32393 
9993 65509 32382 33074 
13376 65520 32313 33669 
19590 53987 32324 34187 
27535 35971 32351 34449 
35791 17260 32417 34497 
43358 1174 32499 34308 
49450 108 32612 33929 
53495 48 32701 33364 
54632 38 32800 32762 
52739 7318 32858 32157 
47978 20188 32993 31701 
40792 35545 33037 31346 
32235 51266 33082 31191 
23927 63882 33088 31232 
17023 65431 33057 31468 
12579 65500 32961 31849 
11234 65520 32805 32317 
13116 64926 32639 32825 
17789 45922 32476 33318 
24381 26979 32318 33704 
32208 8489 32267 33985 
39884 246 32259 34050 
46180 59 32329 33917 
50281 41 32501 33624 
51476 1981 32688 33204 
49596 14889 32937 32746 
45106 29409 33152 32257 
38883 44471 33318 31861 
32092 57515 33389 31587 
26152 65117 33343 31488 
22174 65480 33225 31621 
20377 65419 33009 31889 
20732 53073 32713 32259 
22821 38982 32455 32736 
25947 23657 32214 33162 
29514 9879 32056 33510 
33121 557 32000 33720 
36255 80 32045 33744 
38296 54 32196 33581 
39073 7293 32379 33266 
38523 19160 32619 32902 
36734 33910 32842 32543 
34346 48385 33022 32238 
32061 60365 33143 32084 
30503 65364 33191 32056 
30098 65497 33211 32193 
30827 65456 33174 32431 
32324 52342 33134 32727 
33954 37727 33056 32951 
35282 22467 32958 33086 
35930 10190 32878 33095 
35813 2940 32809 32983 
34991 1773 32711 32721 
33653 6519 32651 32454 
31992 15557 32551 32167 
30277 26843 32469 31987 
28646 38291 32347 31907 
27391 48115 32257 32038 
26822 54510 32199 32336 
27144 56775 32206 32781 
28404 54647 32275 33275 
30515 48344 32356 33697 
33185 39207 32526 34012 
36016 28713 32764 34153 
38457 18889 32966 34004 
40134 11825 33151 33630 
40725 9428 33341 33122 
40084 12087 33409 32458 
38396 19612 33454 31845 
35977 29481 33377 31318 
33181 39667 33231 31006 
30354 47870 33022 30941 
27788 52569 32779 31123 
25851 53056 32581 31613 
24631 49692 32376 32229 
24305 43481 32214 32895 
24997 35626 32084 33538 
26809 27949 32022 34079 
29668 21592 32039 34401 
33140 17463 32063 34457 
36737 16224 32178 34292 
39520 17991 32314 33894 
41089 22373 32552 33406 
