31658 31913 32161 33450 
31658 31913 32161 33450 
31720 31842 31939 33481 
31906 31899 31837 33500 
32192 32062 31889 33466 
32504 32271 32034 33383 
32828 32518 32306 33249 
33092 32741 32632 33020 
33313 32936 32994 32756 
33454 33068 33325 32447 
33555 33220 33621 32187 
33517 33283 33741 31900 
33458 33366 33778 31738 
33318 33369 33635 31604 
33183 33403 33405 31643 
32985 33378 33084 31806 
32772 33292 32739 32051 
32575 33162 32408 32402 
32343 32915 32116 32775 
32094 32540 31876 33148 
31909 32170 31773 33517 
31778 31784 31771 33797 
31747 31496 31884 33945 
31805 31347 32080 33954 
32002 31395 32379 33835 
32314 31659 32706 33604 
32680 32087 33010 33266 
33088 32603 33259 32816 
33479 33185 33465 32393 
33792 33766 33590 32011 
33950 34205 33603 31701 
33981 34470 33533 31516 
33831 34465 33351 31441 
33562 34260 33144 31521 
33147 33787 32866 31690 
32708 33181 32596 32014 
32308 32556 32401 32425 
31959 31921 32229 32830 
31683 31354 32078 33224 
31581 31028 32012 33594 
31694 30986 32086 33898 
31934 31190 32199 34032 
32220 31573 32322 33979 
32582 32155 32553 33814 
32937 32762 32781 33530 
33169 33261 32924 33101 
33303 33636 33020 32639 
33329 33849 33079 32214 
33262 33871 33082 31886 
33086 33684 33002 31663 
32876 33393 32895 31601 
32707 33076 32803 31704 
32584 32771 32739 31939 
32572 32583 32764 32272 
32653 32476 32841 32628 
32710 32414 32876 32880 
32817 32454 32942 33076 
32939 32574 33022 33229 
32995 32678 33035 33235 
32982 32748 32982 33168 
32887 32741 32844 33031 
32742 32686 32681 32901 
32559 32547 32475 32791 
32387 32396 32291 32707 
32251 32269 32159 32689 
32195 32178 32103 32712 
32186 32144 32093 32742 
32333 32300 32238 32851 
32544 32531 32443 32920 
32796 32851 32687 32976 
33033 33194 32936 32955 
33227 33508 33155 32866 
33348 33730 33349 32751 
33400 33827 33482 32588 
33318 33729 33504 32402 
33128 33452 33420 32209 
32912 33103 33266 32089 
32648 32655 33025 32031 
32458 32263 32789 32112 
32272 31865 32482 32237 
32190 31607 32223 32486 
32177 31532 32031 32801 
32257 31627 31922 33144 
32372 31841 31899 33449 
32550 32180 32011 33696 
32733 32570 32213 33823 
32917 32998 32506 33785 
33005 33331 32781 33524 
33076 33597 33094 33192 
33074 33740 33357 32756 
33052 33751 33557 32296 
32982 33645 33651 31891 
32840 33367 33563 31545 
32736 33084 33398 31412 
32633 32769 33134 31441 
32603 32508 32837 31686 
32616 32328 32554 32076 
32686 32246 32338 32572 
32725 32171 32132 33016 
32734 32148 32001 33436 
32740 32199 31998 33784 
32715 32232 32069 33921 
32664 32312 32223 33910 
32602 32401 32417 33722 
32563 32517 32649 33435 
32582 32687 32900 33083 
32602 32828 33077 32651 
32681 33002 33236 32269 
32772 33157 33319 31963 
32883 33296 33327 31793 
32937 33353 33230 31745 
32938 33318 33067 31867 
32887 33206 32845 32089 
32775 33017 32616 32405 
32659 32819 32438 32759 
32548 32601 32329 33098 
32477 32425 32316 33388 
32462 32289 32397 33533 
32502 32226 32532 33517 
32600 32235 32695 33338 
32791 32360 32897 33088 
32953 32496 33019 32717 
33121 32693 33108 32359 
33268 32910 33133 32102 
33272 33027 33024 31898 
33199 33091 32868 31884 
33034 33071 32679 32057 
32806 32976 32503 32364 
32512 32797 32341 32739 
32262 32620 32275 33147 
32079 32454 32277 33479 
31998 32373 32367 33706 
32050 32376 32512 33733 
32232 32515 32727 33608 
32503 32731 32945 33325 
32808 32964 33114 32898 
33096 33215 33247 32442 
33375 33419 33352 32042 
33525 33485 33337 31742 
33524 33390 33220 31576 
33374 33124 33008 31613 
33108 32736 32742 31831 
32812 32320 32502 32218 
32448 31869 32224 32641 
32120 31523 32003 33097 
31906 31401 31901 33520 
31831 31485 31915 33810 
31939 31816 32080 33933 
32216 32367 32397 33900 
32577 33015 32750 33675 
32935 33626 33089 33275 
33268 34131 33391 32787 
33568 34454 33654 32299 
33681 34465 33755 31866 
33616 34159 33668 31532 
33400 33622 33460 31409 
33032 32898 33117 31471 
32645 32164 32739 31734 
32279 31554 32371 32140 
32033 31167 32086 32633 
31875 31022 31865 33099 
31880 31163 31790 33522 
32043 31580 31867 33814 
32320 32178 32074 33935 
32646 32804 32353 33867 
32975 33387 32678 33649 
33221 33817 32948 33301 
33397 34028 33200 32899 
33424 33981 33353 32474 
33389 33768 33443 32147 
33190 33369 33408 31890 
32944 32902 33295 31762 
32678 32446 33114 31796 
32420 32055 32863 31937 
32213 31831 32593 32170 
32137 31811 32376 32485 
32148 31959 32205 32816 
32255 32241 32125 33104 
32440 32586 32139 33325 
32689 32960 32288 33519 
32870 33198 32457 33516 
33046 33338 32701 33439 
33122 33149 33114 32956 
33054 32901 33248 32624 
32958 32661 33333 32335 
32867 32481 33325 32128 
32714 32332 33180 31940 
32652 32352 33013 31906 
32621 32472 32791 31994 
32642 32692 32565 32192 
32718 32962 32386 32496 
32778 33196 32246 32808 
32852 33345 32197 33114 
32882 33355 32231 33354 
32853 33218 32322 33509 
32748 32910 32450 33511 
32599 32499 32586 33411 
32430 32090 32727 33237 
32234 31706 32811 32971 
32085 31500 32843 32688 
32082 31547 32903 32480 
32155 31793 32917 32302 
32364 32224 32937 32224 
32630 32765 32932 32194 
33010 33401 33002 32277 
33336 33921 33041 32360 
33619 34268 33091 32482 
33765 34362 33112 32564 
33776 34206 33127 32630 
33618 33805 33067 32648 
33329 33234 32957 32638 
32929 32556 32756 32606 
32546 31976 32571 32651 
32177 31486 32333 32721 
31892 31188 32104 32818 
31684 31118 31910 32927 
31704 31356 31878 33138 
31850 31780 31941 33298 
32101 32317 32136 33427 
32397 32875 32420 33453 
32697 33361 32756 33372 
32970 33724 33103 33193 
33157 33873 33399 32890 
33287 33810 33614 32547 
33378 33636 33745 32246 
33317 33289 33668 31908 
33270 32964 33516 31748 
33178 32662 33258 31759 
33133 32486 32959 32041 
33050 32386 32637 32427 
32976 32415 32364 32824 
32827 32444 32110 32906 
32620 32462 31927 32615 
32403 32475 31891 32046 
32166 32401 31916 31409 
31916 32291 31987 31124 
31804 32234 32172 31557 
31813 32252 32398 32717 
31972 32334 32667 34325 
32233 32475 32941 35959 
32508 32608 33170 37113 
32833 32772 33370 37451 
33226 33034 33549 36913 
33655 33367 33651 35557 
34026 33740 33603 33551 
34342 34125 33495 31316 
34483 34383 33318 29040 
34285 34336 33036 26945 
33671 33902 32682 25400 
32649 33062 32364 24817 
31404 31965 32092 25453 
30211 30776 31912 27379 
29330 29703 31816 30401 
29189 29151 31889 34298 
29858 29323 31983 38173 
31374 30473 32195 41593 
33451 32308 32415 43836 
35804 34478 32675 44428 
37755 36199 32861 43078 
38823 36983 33013 39920 
38496 36589 33083 35363 
36605 35278 33178 30009 
33456 33675 33233 25062 
29557 32400 33235 21192 
25825 31854 33250 19112 
23177 31936 33253 19212 
22483 32153 33204 21499 
24052 31958 33139 25599 
27738 31077 33029 30788 
33017 29695 32888 36423 
38689 28369 32699 41265 
43783 27851 32502 44743 
47201 28566 32293 46259 
48083 30548 32110 45642 
46001 33348 31962 43028 
41161 36308 31895 38872 
34156 38754 31911 33826 
26325 40091 32058 28811 
19273 40126 32308 24742 
14118 38939 32575 22084 
11904 36893 32916 21245 
13179 34208 33184 22211 
17977 31462 33418 24753 
25675 28965 33615 28373 
35062 26825 33652 32330 
44851 25217 33575 36081 
52896 24326 33410 38932 
57809 24293 33192 40609 
58374 25240 32916 40859 
54302 27484 32621 39794 
46459 30970 32382 37779 
36242 35423 32188 35180 
25407 40173 32015 32494 
15560 44468 31959 30121 
8990 46910 31962 28593 
6364 46888 32062 27984 
8016 44120 32222 28263 
13673 38963 32428 29266 
22391 32345 32650 30731 
32811 25641 32914 32320 
43301 19966 33126 33665 
51640 16543 33294 34546 
56455 15819 33454 34885 
56837 17740 33525 34669 
52670 21971 33449 33948 
45290 27776 33346 33045 
36235 34373 33160 32153 
27518 40975 32938 31476 
20598 46813 32667 31167 
16860 50750 32468 31339 
16283 52074 32264 31846 
18463 50365 32157 32647 
22512 45409 32094 33519 
27187 37910 32079 34261 
31807 29116 32191 34774 
35623 20538 32292 34858 
38562 13870 32471 34576 
40304 10986 32666 33880 
40938 12467 32842 32973 
40566 17692 32978 31979 
39353 25507 33112 31116 
37369 34385 33186 30491 
35003 42166 33211 30228 
32652 47781 33179 30376 
30653 50478 33059 30869 
29273 50135 32913 31686 
28615 47109 32745 32635 
28568 42115 32638 33588 
28814 35785 32505 34345 
29232 28832 32445 34822 
29758 22490 32467 34992 
30375 17602 32509 34781 
31230 15213 32614 34267 
32455 16015 32739 33521 
33895 20114 32827 32705 
35428 26909 32901 31923 
36785 35166 32929 31307 
37595 43317 32893 30933 
37649 49401 32837 30871 
36733 52123 32694 31046 
35087 50989 32614 31536 
32904 46017 32510 32130 
30771 38444 32457 32757 
29084 29838 32465 33348 
28108 21915 32502 33790 
27967 16175 32592 34032 
28563 13772 32692 34069 
29691 14871 32779 33901 
31199 19012 32842 33574 
32768 25285 32860 33165 
34287 32818 32851 32760 
35503 40096 32850 32405 
36369 46146 32860 32185 
36760 49894 32841 32033 
36719 50519 32833 32017 
36271 48018 32869 32105 
35284 42899 32889 32209 
33686 36202 32906 32331 
31605 29570 32932 32431 
29359 24043 32917 32490 
27545 20404 32859 32517 
26905 18861 32767 32539 
27835 19322 32641 32581 
30099 21383 32502 32649 
33024 24849 32367 32785 
35504 29349 32244 32947 
36530 34139 32167 33139 
36040 38665 32205 33370 
34502 42210 32315 33564 
32802 44167 32500 33649 
31910 44192 32708 33621 
32146 42452 32943 33469 
33296 39407 33155 33173 
34758 35572 33322 32779 
35725 31688 33413 32334 
35777 28193 33436 31936 
34743 25481 33340 31586 
32856 23968 33153 31380 
30652 23960 32912 31364 
28666 25467 32676 31537 
27357 28155 32438 31845 
27083 31531 32260 32263 
27878 34776 32155 32771 
29401 37205 32055 33186 
31392 38589 32070 33590 
33356 38739 32138 33905 
35077 37774 32279 34081 
36570 35946 32441 34083 
38006 33455 32608 33899 
39386 30868 32797 33622 
40449 28596 32965 33237 
40480 27088 33110 32800 
38846 26828 33261 32350 
35381 28093 33383 31953 
30448 30707 33425 31601 
25256 34326 33400 31363 
21141 38400 33359 31331 
19531 41644 33216 31420 
20640 43203 32996 31642 
24038 42560 32753 32020 
28815 39427 32479 32484 
34059 34083 32212 32969 
38646 27892 31967 33406 
42452 22004 31841 33801 
45074 17642 31806 34038 
46224 15847 31899 34108 
45549 17155 32112 34043 
42756 21312 32332 33733 
38155 27792 32631 33384 
32104 35628 32900 32910 
25801 43518 33112 32439 
20509 50026 33282 32054 
17054 54115 33366 31795 
16084 54912 33378 31662 
17819 51893 33315 31713 
21940 45419 33237 31890 
27770 36435 33119 32117 
34443 26509 33007 32385 
41024 17283 32910 32645 
46191 10769 32799 32811 
49195 7966 32723 32905 
49556 9194 32644 32957 
47188 14160 32537 32900 
42799 21788 32481 32886 
37220 30737 32375 32841 
31450 39832 32300 32868 
26283 47807 32212 32929 
22519 53277 32177 33052 
20215 55583 32175 33177 
19379 54376 32254 33286 
19960 49748 32385 33306 
21929 42550 32589 33250 
25076 34296 32809 33081 
29205 26330 32986 32787 
33919 20080 33153 32473 
38642 16324 33282 32183 
42303 15589 33336 31968 
44456 17290 33292 31838 
44867 20752 33207 31892 
43621 25101 33054 32027 
41308 29465 32939 32337 
38350 33303 32791 32621 
35221 36477 32671 32917 
32054 39091 32611 33161 
29027 41173 32534 33231 
26287 42923 32540 33223 
23996 44161 32526 33082 
22487 44569 32530 32882 
22044 43663 32487 32628 
22861 41182 32457 32448 
24791 37107 32395 32343 
27559 31972 32356 32374 
30932 26579 32349 32547 
34500 22169 32379 32806 
38038 19441 32442 33084 
41390 18765 32551 33327 
44327 20115 32751 33536 
46189 22764 32949 33550 
46575 26126 33173 33402 
45022 29621 33357 33102 
41323 33179 33492 32699 
35909 36651 33545 32263 
29510 40108 33509 31884 
23065 43326 33332 31555 
17762 45971 33069 31419 
14775 47151 32749 31477 
14616 46325 32419 31705 
17322 43260 32136 32090 
22511 38196 31934 32559 
29071 32255 31857 33062 
36087 26448 31846 33492 
42514 21943 31932 33839 
47692 19445 32147 34046 
50611 19139 32349 34048 
51030 20725 32625 33925 
48622 23566 32825 33628 
43493 27166 33039 33270 
36456 30898 33185 32876 
28650 34416 33299 32461 
21448 37389 33381 32107 
16217 39570 33429 31851 
14186 40576 33405 31635 
15606 40435 33343 31557 
19994 39309 33254 31555 
26396 37644 33099 31663 
33723 35945 32919 31865 
40470 34652 32694 32099 
45661 33939 32476 32423 
48534 33631 32253 32776 
48517 33408 32011 33137 
45679 32952 31871 33515 
40436 31951 31821 33806 
33849 30420 31916 34055 
26965 28376 32057 34092 
21448 26259 32276 33984 
18277 24491 32552 33719 
17994 23462 32825 33335 
20494 23533 33040 32844 
25476 25086 33233 32362 
31514 28011 33345 31932 
37596 32046 33394 31638 
42572 36692 33374 31500 
45591 41393 33302 31542 
45975 45237 33198 31725 
43703 47684 33070 32023 
39321 48312 32967 32375 
33586 46884 32818 32669 
28071 43572 32714 32929 
23854 38606 32592 33085 
21797 32567 32476 33150 
22143 26180 32382 33139 
24510 20158 32262 33035 
28180 15371 32207 32978 
32351 12427 32155 32902 
35981 12195 32165 32887 
38577 14747 32219 32923 
39997 19967 32353 33006 
40162 27207 32509 33090 
39144 35885 32749 33193 
37048 44258 32969 33222 
34084 51234 33149 33148 
30855 55702 33320 32991 
27883 56795 33425 32731 
26188 54242 33462 32409 
26154 48701 33388 32056 
27854 41239 33286 31764 
30759 32754 33065 31543 
34035 24603 32771 31451 
36670 17861 32496 31574 
38100 12984 32219 31868 
38072 10492 32003 32311 
36675 10665 31883 32875 
34373 13528 31831 33442 
31728 18905 31936 33971 
29255 26236 32142 34303 
27450 34713 32453 34436 
26769 42902 32804 34323 
27354 49815 33143 33929 
29149 54443 33431 33327 
31805 56048 33617 32638 
34741 54277 33682 31912 
37415 49441 33645 31349 
39321 41939 33405 30921 
40097 33253 33095 30787 
39621 24632 32728 30939 
37964 17550 32380 31384 
35222 13029 32109 32057 
31823 11819 31879 32769 
28353 13869 31812 33484 
25492 18535 31847 34049 
23914 25034 32024 34396 
24087 31878 32305 34483 
26022 38091 32654 34302 
29164 42829 32964 33855 
32875 45689 33240 33234 
36055 46416 33413 32572 
38289 45296 33560 32033 
39287 42596 33527 31558 
39172 38908 33384 31299 
38212 35026 33143 31249 
36719 31595 32888 31452 
34888 29080 32544 31792 
32926 27781 32279 32282 
31070 27612 32082 32816 
29402 28083 31878 33219 
28354 28823 31859 33608 
28080 29361 31948 33849 
28639 29419 32166 33928 
29779 28941 32452 33824 
31200 28160 32812 33581 
32498 27442 33144 33201 
33342 27345 33406 32742 
33797 28346 33633 32320 
33939 30577 33711 31913 
34033 34001 33657 31598 
34266 38263 33434 31415 
34777 42537 33178 31465 
35318 45922 32812 31644 
35758 47701 32452 31976 
35781 47218 32118 32437 
35166 44280 31879 32929 
33884 39140 31742 33398 
32062 32375 31754 33765 
30107 24876 31973 34059 
28428 17921 32218 34086 
27448 12624 32516 33929 
27491 10106 32815 33626 
28583 11149 33028 33142 
30496 16218 33181 32647 
32572 24168 33241 32209 
34357 33855 33187 31803 
35664 43723 33104 31583 
36424 52276 32978 31515 
36787 57706 32906 31665 
36832 59191 32831 31903 
36668 56624 32833 32243 
36042 50183 32820 32575 
34914 41222 32894 32926 
33097 30834 32897 33136 
30922 20744 32878 33255 
28850 12390 32813 33279 
27556 7442 32708 33211 
27324 6426 32534 33074 
28236 9539 32349 32923 
29956 16297 32184 32807 
31833 25261 32043 32700 
33427 35054 32022 32689 
34364 44088 32070 32709 
34744 51249 32264 32812 
34793 55276 32518 32902 
34917 55803 32816 32985 
35296 52700 33064 32926 
36017 46369 33327 32866 
36628 38188 33520 32724 
36678 29272 33580 32488 
35902 21201 33561 32245 
34127 15389 33407 32007 
31707 13239 33213 31883 
28982 14834 32915 31810 
26591 19755 32606 31899 
25015 26867 32351 32168 
24524 34276 32064 32475 
25263 40474 31889 32877 
27257 44398 31819 33326 
30370 45437 31858 33724 
34115 43725 31991 33996 
38132 39968 32222 34106 
41820 35116 32514 33999 
44626 30022 32862 33721 
45636 25886 33157 33256 
44529 23382 33414 32713 
41234 22831 33623 32175 
35992 24322 33683 31666 
29401 27838 33602 31280 
22833 32819 33444 31099 
17468 38489 33165 31108 
14592 43814 32869 31368 
14959 47585 32551 31802 
18693 48576 32305 32366 
25041 46171 32102 32949 
32900 40528 31992 33505 
40974 32321 31982 33941 
47860 23259 32103 34239 
52232 15301 32253 34268 
53625 9954 32421 34105 
51691 8270 32587 33756 
46445 10811 32746 33306 
38740 17172 32823 32814 
29613 26538 32850 32340 
20589 37523 32879 31984 
13422 48623 32871 31737 
9546 58183 32904 31656 
9887 64083 32960 31726 
14201 65436 33049 31902 
21469 60918 33193 32145 
30362 51855 33244 32329 
39128 39166 33324 32556 
46350 25153 33297 32717 
51303 11884 33188 32838 
53548 1437 32980 32934 
53012 112 32689 32995 
49897 68 32360 33037 
44527 129 32069 33093 
37425 11413 31808 33119 
29057 24621 31689 33139 
21212 39266 31683 33127 
14898 53612 31829 33097 
11339 64773 32146 33081 
11258 65438 32531 33018 
14724 65490 32944 32910 
20908 65507 33308 32740 
28517 65494 33651 32598 
36137 49609 33852 32441 
42419 31672 33840 32238 
46769 14108 33717 32127 
49243 705 33453 32058 
50012 96 33045 32007 
49272 54 32602 32051 
46959 47 32182 32166 
42894 9188 31857 32360 
36992 22026 31645 32600 
29619 37114 31656 32926 
22079 51436 31793 33215 
15771 62863 32091 33469 
12000 65416 32493 33666 
11700 65494 32916 33728 
14768 65512 33308 33648 
20505 55983 33627 33451 
27882 39742 33760 33116 
35433 22223 33714 32696 
42468 5982 33538 32322 
48097 197 33230 31975 
51819 62 32795 31678 
52919 46 32404 31579 
51292 5587 32096 31666 
46892 16187 31869 31861 
40251 31038 31867 32211 
32494 46346 31951 32578 
24821 59841 32197 33017 
18382 65332 32448 33331 
14227 65485 32775 33612 
13022 65510 33039 33740 
14764 65516 33222 33700 
19075 52240 33336 33533 
25460 33867 33331 33217 
32455 15878 33225 32854 
39254 1160 33094 32508 
44911 100 32902 32180 
48531 50 32677 31937 
49460 46 32470 31827 
47647 9887 32294 31842 
43524 22867 32204 32025 
37777 37722 32177 32303 
31688 51457 32226 32637 
26580 61341 32353 32987 
23180 65324 32561 33301 
21843 65328 32785 33512 
22408 56239 32987 33556 
24436 44442 33165 33462 
27321 30590 33294 33244 
30575 16806 33350 32910 
33549 6031 33318 32546 
36046 345 33224 32209 
37652 68 33014 31900 
38243 6238 32809 31763 
37653 14359 32602 31803 
36056 27915 32395 32008 
33903 42443 32245 32324 
31732 55685 32114 32678 
30326 64531 32115 33100 
29989 65462 32182 33454 
30701 65502 32326 33671 
32221 56251 32539 33757 
33954 42448 32728 33623 
35296 27989 32887 33350 
36007 15163 33019 33018 
35883 6372 33042 32629 
35064 3090 33051 32323 
33715 5486 33011 32124 
32037 12477 32873 31971 
30359 22479 32800 31992 
28808 33634 32738 32132 
27715 43752 32742 32333 
27267 51439 32806 32575 
27599 55496 32861 32729 
28840 55331 32955 32853 
30847 50973 33009 32882 
33349 43198 33024 32854 
35946 33272 32971 32773 
38197 22923 32830 32634 
39699 14846 32681 32580 
40132 10606 32469 32549 
39436 11188 32242 32581 
37732 16551 32041 32684 
35414 25090 31940 32875 
32771 34777 31923 33070 
30158 43597 32057 33274 
27975 49573 32305 33406 
26346 51942 32636 33460 
25386 50620 33007 33377 
25205 46134 33340 33153 
25909 39712 33620 32847 
27510 32511 33777 32492 
29981 25770 33781 32106 
33092 20529 33632 31776 
36297 17733 33347 31554 
38879 17838 33015 31525 
40385 20620 32626 31635 
