32338 32311 31988 32274 
32338 32311 31988 32274 
32187 32103 31909 32672 
32113 31994 31946 33091 
32105 31969 32065 33442 
32200 32073 32285 33703 
32397 32280 32577 33840 
32617 32514 32852 33762 
32845 32781 33094 33537 
33068 33015 33289 33181 
33206 33180 33364 32721 
33282 33274 33357 32296 
33246 33269 33236 31924 
33110 33146 33028 31679 
32915 32975 32778 31636 
32689 32787 32541 31791 
32487 32590 32358 32102 
32323 32454 32256 32502 
32266 32393 32271 32937 
32266 32380 32355 33286 
32362 32444 32540 33529 
32548 32579 32787 33617 
32759 32737 33015 33540 
32936 32873 33178 33277 
33060 32952 33244 32911 
33156 33002 33226 32511 
33149 32982 33093 32160 
33037 32905 32852 31909 
32891 32765 32582 31808 
32732 32649 32327 31912 
32555 32522 32121 32144 
32405 32404 31989 32445 
32314 32367 31995 32816 
32274 32352 32094 33132 
32351 32452 32338 33415 
32492 32621 32661 33573 
32641 32769 32973 33546 
32803 32912 33243 33386 
32936 33029 33438 33109 
33080 33140 33587 32784 
33087 33111 33524 32416 
33073 33058 33392 32143 
32990 32948 33141 31958 
32823 32746 32797 31855 
32679 32584 32479 31953 
32494 32401 32154 32141 
32345 32262 31921 32428 
32261 32185 31799 32747 
32238 32183 31815 33063 
32298 32273 31983 33338 
32456 32447 32268 33523 
32662 32675 32640 33566 
32882 32921 33022 33468 
33031 33084 33294 33153 
33215 33295 33552 32864 
33293 33389 33652 32495 
33279 33365 33596 32146 
33174 33240 33412 31878 
32994 33035 33127 31746 
32772 32778 32784 31765 
32544 32507 32450 31937 
32350 32283 32188 32269 
32231 32143 32032 32660 
32177 32086 31971 33048 
32194 32097 32015 33367 
32305 32227 32173 33600 
32453 32404 32382 33692 
32669 32647 32643 33651 
32861 32891 32885 33476 
32966 33026 33014 33124 
33078 33182 33148 32773 
33143 33257 33219 32399 
33128 33244 33213 32093 
33050 33155 33127 31864 
32910 32992 33000 31767 
32722 32762 32801 31792 
32562 32547 32633 31980 
32405 32344 32457 32253 
32297 32180 32316 32584 
32239 32086 32240 32925 
32281 32102 32238 33237 
32385 32214 32315 33445 
32577 32427 32491 33553 
32766 32679 32707 33536 
32944 32920 32920 33384 
33080 33120 33087 33095 
33184 33293 33234 32793 
33201 33378 33306 32466 
33150 33372 33276 32176 
33007 33246 33134 31948 
32853 33065 32940 31860 
32674 32838 32704 31873 
32518 32608 32462 32055 
32401 32407 32287 32303 
32354 32266 32192 32609 
32304 32138 32107 32880 
32336 32113 32145 33150 
32413 32169 32279 33335 
32571 32336 32502 33465 
32698 32493 32695 33424 
32864 32719 32932 33333 
32966 32896 33093 33121 
33014 33018 33181 32858 
32998 33078 33172 32585 
32959 33097 33118 32379 
32833 33021 32964 32215 
32670 32875 32757 32137 
32539 32724 32572 32189 
32457 32595 32440 32326 
32417 32485 32368 32521 
32444 32438 32384 32722 
32531 32485 32483 32909 
32664 32585 32656 33025 
32835 32754 32861 33072 
32977 32899 33043 32995 
33086 33045 33179 32848 
33146 33149 33242 32658 
33125 33166 33192 32449 
33026 33096 33035 32298 
32891 32936 32807 32217 
32660 32660 32487 32199 
32503 32435 32252 32375 
32344 32216 32056 32584 
32244 32083 31971 32851 
32197 32013 31989 33109 
32245 32095 32143 33328 
32355 32262 32395 33456 
32545 32541 32727 33487 
32738 32830 33026 33383 
32887 33077 33258 33111 
33041 33301 33435 32805 
33189 33490 33541 32523 
33251 33535 33517 32231 
33217 33449 33367 31983 
33121 33256 33130 31852 
32947 32941 32809 31806 
32760 32629 32496 31918 
32536 32290 32192 32143 
32361 32026 31967 32458 
32203 31828 31832 32777 
32125 31768 31831 33080 
32104 31842 31938 33322 
32207 32074 32214 33520 
32389 32417 32571 33585 
32639 32821 32971 33547 
32856 33171 33302 33345 
33060 33464 33553 33067 
33236 33663 33679 32741 
33341 33724 33669 32428 
33341 33615 33488 32145 
33252 33373 33200 31957 
33077 33024 32823 31875 
32898 32675 32479 31956 
32687 32335 32186 32143 
32503 32070 31995 32386 
32340 31898 31921 32663 
32256 31856 31977 32920 
32192 31907 32099 33098 
32234 32108 32333 33249 
32491 32717 32864 33265 
32610 32950 33018 33104 
32754 33167 33143 32919 
32913 33344 33216 32748 
33018 33408 33215 32555 
33096 33372 33158 32418 
33094 33221 33031 32332 
33042 32994 32854 32306 
32896 32703 32647 32332 
32784 32487 32515 32501 
32614 32267 32375 32656 
32484 32137 32312 32842 
32389 32105 32307 32985 
32377 32173 32390 33099 
32447 32367 32548 33174 
32571 32597 32747 33142 
32720 32842 32943 33022 
32849 33037 33083 32780 
32987 33207 33187 32517 
33067 33291 33218 32266 
33109 33298 33166 32075 
33070 33200 33037 31957 
32924 32995 32824 31938 
32739 32754 32584 32063 
32616 32572 32427 32374 
32465 32381 32282 32718 
32351 32249 32193 33084 
32254 32141 32129 33383 
32300 32190 32211 33657 
32387 32291 32347 33766 
32567 32503 32571 33750 
32762 32711 32793 33557 
32948 32934 33021 33219 
33047 33068 33149 32758 
33166 33207 33312 32361 
33186 33255 33367 31974 
33128 33211 33344 31694 
32974 33060 33199 31527 
32786 32866 32992 31560 
32565 32595 32704 31724 
32393 32389 32423 32085 
32264 32214 32184 32499 
32176 32085 31976 32916 
32197 32087 31900 33326 
32282 32187 31954 33667 
32435 32381 32132 33867 
32665 32657 32428 33909 
32879 32937 32760 33756 
33042 33147 33075 33429 
33200 33332 33362 33027 
33278 33429 33560 32579 
33328 33450 33677 32173 
33247 33333 33622 31798 
33096 33108 33415 31538 
32915 32847 33123 31500 
32717 32576 32802 31635 
32528 32335 32450 31930 
32386 32157 32167 32329 
32268 32065 31931 32751 
32195 32047 31811 33147 
32201 32150 31823 33493 
32288 32346 31977 33736 
32405 32556 32215 33792 
32585 32807 32544 33697 
32729 32992 32833 33455 
32871 33134 33111 33125 
32965 33179 33316 32748 
33035 33184 33435 32431 
33041 33074 33427 32163 
32956 32878 33256 31987 
32845 32661 33037 31950 
32767 32505 32815 32070 
32650 32370 32569 32238 
32610 32348 32414 32470 
32623 32404 32358 32721 
32655 32534 32382 32891 
32729 32713 32483 33001 
32789 32900 32630 33016 
32849 33064 32790 32937 
32935 33217 32968 32868 
32934 33227 33035 32781 
32925 33183 33060 32845 
32826 33003 32946 33023 
32674 32751 32773 33265 
32562 32520 32604 33531 
32437 32290 32431 33548 
32360 32123 32308 33164 
32277 32011 32222 32251 
32306 32040 32266 30935 
32389 32174 32389 29417 
32506 32384 32555 28087 
32711 32684 32792 27560 
32881 32972 33000 28215 
33016 33233 33174 30290 
33108 33440 33281 33879 
33117 33546 33321 38352 
33028 33551 33283 42995 
32885 33423 33146 46781 
32710 33171 32932 48560 
32617 32858 32672 47419 
32682 32518 32409 42952 
32936 32212 32202 35414 
33335 31903 31994 25177 
33864 31738 31921 14518 
34301 31720 31961 5525 
34480 31850 32119 383 
34226 32080 32386 76 
33410 32445 32764 5134 
31968 32795 33120 16431 
30006 33084 33392 31964 
27926 33364 33639 49508 
26070 33558 33754 64747 
25058 33629 33737 65424 
25295 33570 33562 65492 
27081 33419 33258 65530 
30563 33235 32871 65535 
35257 33049 32438 54448 
40697 32960 32085 36304 
45910 32943 31779 15406 
50068 33031 31663 529 
51854 33068 31636 93 
50726 33072 31793 38 
46331 32919 32060 15 
38684 32503 32395 7714 
28665 31814 32741 24144 
17894 30885 33032 44105 
7985 29906 33245 63764 
915 29029 33365 65409 
91 28564 33423 65512 
54 28694 33373 65535 
7884 29645 33287 65535 
20198 31449 33175 54735 
35589 34005 33015 33869 
51523 36907 32880 10367 
64723 39828 32779 308 
65426 42228 32707 72 
65490 43523 32657 27 
65515 43295 32616 10 
65527 41301 32566 6975 
65522 37516 32463 22768 
49808 32350 32367 42266 
30916 26350 32317 61971 
11140 20349 32227 65399 
351 15760 32198 65514 
60 13251 32243 65535 
31 13482 32347 65535 
35 16826 32512 56944 
12062 23064 32684 37866 
26379 31326 32914 16802 
41752 40533 33123 688 
55620 49333 33298 100 
64941 56533 33427 50 
65477 60621 33510 41 
65518 60809 33478 5800 
57063 56814 33397 18227 
44573 48743 33212 33632 
27398 37867 32943 48585 
10324 25509 32653 60581 
353 13579 32356 65368 
72 3769 32079 65495 
43 165 31809 65485 
42 74 31663 53630 
10313 323 31628 39937 
23986 11723 31817 25260 
38846 23912 32087 12499 
52954 37582 32455 3553 
63997 50867 32892 191 
65435 61867 33286 91 
65489 65382 33701 7667 
65498 65472 33951 17280 
63770 65496 34063 28412 
48204 61972 34017 39083 
32627 48352 33713 48035 
17996 33891 33304 53418 
5941 19451 32816 55176 
237 7225 32321 53457 
78 313 31897 48854 
71 82 31571 42507 
6310 66 31414 35831 
15562 7245 31499 29914 
26200 17538 31723 25552 
36914 29769 32025 23134 
46106 41696 32423 22863 
52806 51774 32767 24186 
56533 58652 33080 26527 
57056 61374 33278 29205 
54687 59731 33425 31564 
50019 54134 33447 33116 
43758 45638 33377 33678 
36766 35491 33292 33359 
29990 25428 33169 32407 
24286 17201 33084 31295 
20002 11760 32984 30447 
17425 9711 32896 30205 
16695 11343 32827 30836 
17733 15972 32747 32245 
20173 22676 32632 34185 
23694 30350 32485 36279 
27974 37878 32330 38209 
32350 43953 32165 39412 
36492 47933 32029 39705 
39994 49454 31984 38959 
42481 48375 31951 37106 
43741 45249 32076 34599 
43645 40601 32281 31723 
42243 35217 32597 28909 
39685 29970 32899 26603 
36464 25759 33182 25225 
33042 23003 33463 24936 
29796 21912 33613 25715 
27332 22532 33667 27442 
25999 24535 33592 29780 
25905 27410 33425 32312 
26932 30675 33143 34689 
28920 33821 32837 36628 
31336 36297 32537 37816 
33673 37894 32262 38234 
35466 38500 32080 37903 
36268 38066 31916 36902 
35949 36852 31867 35553 
34572 35127 31885 34094 
32468 33279 32030 32756 
30028 31535 32206 31654 
27990 30321 32499 31012 
26802 29706 32776 30697 
26876 29781 33058 30688 
28415 30524 33295 30883 
31239 31787 33516 31212 
34899 33251 33576 31448 
38726 34688 33495 31582 
42122 35859 33361 31668 
44196 36433 33087 31644 
44505 36344 32748 31644 
42817 35518 32413 31719 
39120 34020 32136 31956 
34010 32059 31952 32327 
28278 29992 31972 32929 
22654 27986 32078 33597 
18343 26565 32377 34335 
16213 26001 32775 34954 
16575 26400 33173 35340 
19519 27835 33522 35437 
24714 30234 33722 35165 
31246 33222 33734 34560 
38113 36428 33491 33666 
44248 39366 33048 32621 
48761 41598 32395 31505 
50810 42675 31734 30610 
50077 42310 31108 29929 
46730 40539 30728 29658 
41314 37528 30674 29844 
34636 33600 30967 30367 
27805 29316 31644 31167 
21778 25237 32641 32190 
17709 22135 33741 33162 
16013 20392 34768 33961 
16953 20417 35602 34519 
20393 22327 36046 34784 
25561 25888 35927 34646 
31369 30407 35276 34277 
36991 35343 34147 33724 
41583 39997 32714 33117 
44641 43809 31142 32581 
45547 45927 29769 32183 
44408 46101 28784 31962 
41640 44367 28375 31953 
37753 40977 28618 32106 
33299 36203 29519 32334 
29375 31152 30943 32598 
26404 26394 32675 32804 
24736 22612 34402 32902 
24524 20305 35912 32834 
25673 19909 36950 32711 
27784 21343 37379 32489 
30386 24347 37105 32252 
32974 28350 36200 32050 
35188 32890 34790 31986 
36549 37069 33094 31996 
37000 40460 31378 32166 
36629 42591 29944 32485 
35392 43109 28799 32794 
33868 42143 28325 33147 
32292 39922 28452 33478 
31009 36860 29163 33735 
30269 33398 30365 33857 
30197 30198 31832 33816 
30747 27675 33353 33650 
31788 26092 34713 33349 
33079 25636 35781 32990 
34323 26237 36382 32570 
35295 27721 36501 32176 
35732 29653 36079 31792 
35540 31837 35186 31497 
34797 33734 34063 31394 
33566 35152 32804 31416 
32119 35929 31588 31575 
30640 36078 30574 31887 
29524 35672 29928 32276 
28889 34908 29678 32682 
28884 34025 29862 33108 
29505 33189 30402 33461 
30667 32588 31232 33742 
32182 32334 32271 33926 
33834 32343 33290 33940 
35205 32490 34073 33767 
36204 32728 34600 33505 
36647 32913 34792 33184 
36429 32921 34615 32805 
35697 32759 34194 32499 
34494 32372 33544 32228 
33078 31858 32832 32035 
31618 31310 32134 31927 
30499 30973 31687 31962 
29739 30800 31435 31987 
29481 30943 31488 32074 
29813 31468 31851 32227 
30499 32178 32343 32320 
31474 33040 32928 32437 
32516 33870 33444 32494 
33470 34550 33856 32604 
34168 34955 34022 32713 
34487 35029 33899 32827 
34420 34715 33479 32944 
34088 34140 32900 33124 
33605 33420 32255 33317 
33089 32685 31624 33485 
32632 31996 31100 33595 
32369 31502 30819 33586 
32385 31340 30874 33528 
32567 31371 31188 33300 
32891 31638 31776 33020 
33208 31973 32532 32621 
33446 32305 33365 32239 
33442 32519 34146 31841 
33197 32612 34759 31548 
32705 32564 35138 31397 
32035 32405 35187 31385 
31314 32216 34903 31540 
30706 32084 34291 31825 
30347 32119 33425 32227 
30341 32346 32434 32698 
30776 32812 31445 33196 
31569 33386 30561 33624 
32682 34066 29930 33966 
33901 34686 29697 34176 
35034 35087 29859 34184 
35892 35168 30390 34022 
36292 34808 31239 33650 
36176 34060 32341 33201 
35543 32983 33499 32666 
34433 31711 34576 32112 
33064 30493 35437 31652 
31599 29461 35951 31304 
30286 28855 36027 31134 
29299 28797 35647 31152 
28844 29364 34888 31378 
28971 30510 33846 31805 
29666 32054 32660 32339 
30786 33820 31449 32909 
32087 35428 30420 33411 
33414 36746 29716 33834 
34639 37515 29453 34105 
35465 37544 29585 34124 
35856 36822 30117 33958 
35768 35445 30949 33637 
35229 33553 31981 33202 
34393 31528 33027 32751 
33427 29691 34027 32389 
32421 28233 34771 32050 
31597 27487 35239 31893 
31054 27567 35413 31870 
30816 28424 35261 31957 
30906 30014 34846 32148 
31227 31969 34201 32340 
31674 34000 33452 32516 
32148 35780 32651 32626 
32617 37145 31930 32705 
32909 37734 31313 32688 
33059 37517 30849 32625 
33113 36596 30628 32593 
33046 35012 30587 32565 
32989 33173 30782 32646 
32940 31306 31168 32778 
32955 29712 31702 32970 
33073 28603 32347 33215 
33262 28240 33000 33431 
33452 28618 33588 33569 
33621 29674 34109 33623 
33679 31191 34456 33515 
33594 32948 34613 33275 
33327 34549 34540 32915 
32929 35828 34295 32508 
32441 36589 33879 32082 
31912 36667 33325 31702 
31429 36075 32703 31449 
31108 34935 32115 31361 
30944 33412 31548 31433 
31000 31746 31113 31690 
31312 30277 30889 32121 
31793 29180 30853 32601 
32347 28638 31011 33097 
32995 28784 31426 33598 
33604 29591 31999 33964 
34132 30929 32689 34173 
34457 32544 33349 34130 
34618 34267 34024 33932 
34532 35714 34469 33525 
34283 36775 34718 33051 
33888 37225 34695 32539 
33376 36977 34377 32010 
32809 36082 33818 31585 
32247 34627 33104 31358 
31750 32900 32369 31331 
31324 31066 31665 31482 
31046 29454 31145 31804 
30923 28357 30903 32235 
30938 27852 30935 32699 
31115 28049 31237 33142 
31474 28959 31793 33538 
31962 30424 32456 33778 
32496 32154 33094 33827 
33116 33992 33655 33735 
33695 35606 33953 33470 
34268 36823 34028 33168 
34663 37409 33801 32820 
34898 37379 33399 32498 
34921 36691 32853 32260 
34682 35429 32321 32144 
34201 33877 31915 32128 
33517 32221 31736 32226 
32690 30664 31799 32343 
31834 29473 32150 32545 
31003 28730 32618 32655 
30359 28535 33173 32718 
29928 28849 33679 32694 
29820 29668 34043 32631 
30057 30809 34130 32526 
30680 32171 33978 32471 
31545 33480 33534 32422 
32631 34670 32870 32456 
33795 35566 32166 32611 
34857 36132 31518 32852 
35700 36255 31002 33114 
36218 35995 30757 33386 
36277 35385 30830 33587 
35868 34517 31204 33656 
35001 33438 31801 33550 
33823 32324 32625 33349 
32393 31209 33427 32948 
31018 30302 34100 32483 
29894 29681 34618 32063 
29113 29381 34860 31698 
28825 29475 34826 31512 
29104 29952 34492 31502 
29856 30698 33920 31674 
30989 31697 33195 31991 
32367 32848 32396 32388 
33818 34032 31672 32877 
35021 35008 31051 33286 
35943 35789 30685 33659 
36359 36191 30547 33865 
36277 36164 30718 33923 
35668 35681 31115 33791 
34674 34840 31734 33499 
33425 33718 32482 33144 
32097 32425 33243 32706 
30939 31187 33959 32307 
30053 30111 34476 31940 
29566 29369 34773 31686 
29550 29056 34794 31572 
29988 29239 34539 31603 
30790 29907 34091 31798 
31843 30927 33474 32099 
32964 32220 32785 32460 
34035 33607 32072 32858 
34874 34875 31516 33255 
35368 35828 31105 33543 
35471 36368 30908 33716 
35220 36401 30956 33755 
34622 35933 31212 33647 
33795 35026 31639 33408 
32866 33806 32185 33100 
31963 32433 32802 32744 
31191 31074 33373 32384 
30672 29979 33823 32077 
30413 29242 34108 31889 
30403 28952 34136 31776 
30691 29175 33967 31816 
31206 29902 33664 32020 
31885 30971 33231 32306 
32629 32292 32770 32640 
33391 33697 32339 33010 
34044 34917 32003 33282 
34571 35915 31849 33504 
34874 36452 31858 33564 
34960 36499 32032 33484 
34775 36068 32328 33292 
34320 35152 32640 32962 
33658 33923 32937 32593 
32829 32473 33160 32234 
31979 31073 33278 31977 
31199 29888 33263 31838 
30600 29067 33154 31873 
30272 28752 32939 32059 
30256 28967 32661 32325 
30628 29753 32432 32716 
31296 30921 32239 33066 
32196 32384 32123 33362 
33200 33932 32132 33565 
34174 35309 32257 33638 
34913 36341 32448 33524 
35375 36874 32702 33287 
35470 36870 33012 32980 
35120 36212 33250 32580 
34422 35070 33445 32222 
33438 33561 33529 31928 
32324 31891 33467 31733 
31274 30317 33300 31736 
30412 29021 32998 31859 
29890 28233 32623 32117 
29796 28072 32259 32513 
30177 28607 31933 32958 
30895 29701 31721 33335 
31915 31266 31687 33644 
33026 33088 31846 33820 
34118 34932 32171 33798 
34943 36452 32591 33600 
35409 37432 33041 33272 
35428 37717 33410 32785 
35078 37359 33727 32338 
34356 36298 33888 31916 
33400 34696 33811 31590 
32409 32850 33576 31464 
31473 30934 33151 31494 
30860 29328 32715 31774 
30558 28191 32245 32170 
30658 27779 31895 32660 
31067 28045 31656 33140 
31685 28935 31579 33524 
32460 30407 31715 33840 
33177 32182 32015 33951 
33756 33983 32423 33908 
34061 35549 32851 33657 
34035 36654 33211 33249 
33802 37206 33545 32828 
33382 37101 33744 32351 
32884 36365 33767 31930 
32416 35119 33621 31639 
32082 33571 33325 31516 
31936 31924 32926 31564 
32015 30411 32475 31797 
32298 29314 32077 32171 
32647 28728 31748 32604 
33067 28770 31628 33075 
33351 29366 31639 33470 
33531 30492 31886 33791 
33488 31873 32267 33920 
33233 33326 32715 33850 
32773 34663 33160 33575 
32232 35627 33541 33159 
31768 36171 33816 32692 
31438 36168 33909 32207 
31327 35655 33815 31773 
31488 34738 33555 31489 
31898 33536 33163 31403 
32471 32292 32716 31523 
33189 31207 32313 31865 
33850 30367 31923 32272 
34401 29934 31691 32818 
34687 29917 31608 33305 
34702 30342 31719 33733 
34391 31072 31942 34005 
33795 32056 32262 34038 
33012 33037 32610 33875 
32137 33855 32901 33520 
31264 34378 33089 33026 
30605 34615 33227 32549 
30220 34521 33290 32126 
30161 34111 33248 31788 
30474 33517 33182 31647 
31081 32848 33102 31692 
31973 32201 33022 31886 
32993 31765 33023 32205 
33944 31535 32994 32525 
34778 31596 32985 32837 
35329 31891 32936 33036 
35587 32346 32859 33165 
35467 32906 32725 33166 
34964 33402 32500 33054 
34177 33780 32252 32881 
33149 33935 31992 32699 
32134 33873 31851 32602 
31158 33513 31773 32559 
30363 32971 31816 32582 
29833 32295 31982 32680 
29720 31669 32318 32858 
29937 31137 32716 33014 
30512 30844 33132 33128 
31411 30855 33541 33153 
32534 31252 33875 33113 
33636 31902 34016 32946 
34622 32708 33975 32702 
35417 33618 33800 32440 
35846 34434 33419 32132 
35886 35020 32973 31959 
35488 35267 32447 31847 
34751 35138 31978 31902 
33700 34608 31592 32095 
32517 33733 31356 32379 
