33276 33382 33154 32055 
33276 33382 33154 32055 
33095 33157 32912 32286 
32873 32871 32645 32552 
32616 32537 32391 32849 
32367 32213 32149 33160 
32093 31882 31917 33374 
31920 31664 31772 33548 
31836 31598 31738 33633 
31846 31631 31799 33597 
32004 31860 32021 33508 
32213 32122 32273 33274 
32525 32519 32644 33004 
32865 32948 33054 32719 
33178 33343 33429 32357 
33442 33672 33749 32058 
33581 33874 33916 31803 
33671 33939 33978 31707 
33598 33827 33832 31700 
33405 33566 33535 31822 
33156 33240 33145 32038 
32832 32820 32651 32290 
32548 32437 32207 32642 
32285 32098 31824 32997 
32070 31799 31542 33250 
31999 31692 31496 33489 
31996 31701 31596 33594 
32096 31851 31872 33598 
32236 32063 32204 33486 
32423 32335 32581 33320 
32587 32594 32911 33095 
32722 32828 33150 32838 
32783 32958 33252 32572 
32869 33106 33329 32420 
32895 33191 33294 32312 
32920 33218 33222 32273 
32919 33195 33108 32249 
32932 33157 33013 32245 
32966 33115 32947 32263 
33016 33072 32922 32271 
33085 33028 32925 32258 
33128 32960 32923 32267 
33102 32836 32851 32238 
33035 32704 32763 32292 
32939 32576 32634 32428 
32755 32414 32433 32606 
32541 32276 32233 32882 
32295 32123 32010 33145 
32085 32041 31864 33433 
31976 32048 31844 33701 
31951 32125 31950 33863 
32044 32300 32186 33879 
32220 32510 32496 33715 
32448 32736 32851 33396 
32724 32975 33218 32943 
32994 33189 33528 32442 
33238 33357 33743 31945 
33414 33452 33827 31542 
33493 33454 33739 31280 
33450 33346 33501 31190 
33334 33179 33180 31331 
33140 32974 32805 31652 
32922 32746 32436 32111 
32691 32543 32144 32672 
32428 32309 31879 33185 
32194 32113 31713 33620 
32003 31954 31652 33888 
31953 31957 31784 34080 
31968 31991 31970 34030 
32077 32115 32242 33847 
32271 32305 32582 33537 
32509 32554 32934 33165 
32765 32809 33247 32727 
33007 33051 33491 32280 
33232 33277 33661 31947 
33374 33431 33708 31689 
33411 33486 33618 31573 
33373 33463 33437 31583 
33204 33300 33134 31673 
33009 33100 32822 31902 
32781 32859 32500 32181 
32578 32610 32230 32527 
32409 32399 32030 32905 
32276 32193 31901 33221 
32218 32091 31878 33482 
32260 32084 31977 33671 
32366 32149 32158 33732 
32492 32300 32392 33700 
32643 32482 32659 33543 
32771 32686 32905 33299 
32861 32854 33115 32968 
32895 32975 33251 32606 
32914 33096 33359 32289 
32877 33114 33355 32008 
32816 33064 33255 31816 
32734 32967 33082 31748 
32650 32807 32843 31795 
32591 32666 32594 31987 
32565 32539 32373 32260 
32602 32411 32123 32926 
32651 32430 32144 33207 
32742 32520 32291 33410 
32863 32682 32544 33521 
32920 32815 32809 33449 
32994 32964 33079 33293 
33015 33083 33275 33034 
33012 33146 33411 32748 
32977 33158 33434 32458 
32893 33091 33329 32233 
32786 32970 33137 32110 
32617 32751 32797 32039 
32502 32569 32484 32148 
32393 32380 32180 32322 
32335 32243 31964 32548 
32332 32161 31867 32796 
32353 32166 31900 32993 
32443 32250 32074 33140 
32564 32408 32345 33216 
32687 32586 32660 33195 
32802 32756 32949 33094 
32851 32867 33136 32910 
32872 32941 33253 32741 
32876 32982 33278 32600 
32842 32969 33208 32490 
32800 32936 33078 32442 
32798 32911 32961 32469 
32798 32882 32838 32524 
32786 32840 32743 32584 
32852 32861 32728 32664 
32889 32872 32737 32708 
32887 32856 32729 32682 
32909 32868 32755 32650 
32868 32832 32740 32591 
32782 32754 32677 32512 
32697 32678 32597 32490 
32581 32567 32485 32473 
32473 32444 32372 32508 
32344 32298 32251 32559 
32354 32286 32266 32765 
32366 32281 32307 32937 
32411 32313 32407 33100 
32540 32453 32598 33259 
32661 32600 32792 33334 
32849 32824 33018 33370 
32991 33001 33195 33262 
33097 33163 33307 33076 
33212 33326 33386 32858 
33207 33358 33341 32546 
33184 33357 33250 32285 
33051 33220 33055 32014 
32879 33012 32805 31821 
32641 32735 32526 31750 
32471 32504 32323 31872 
32265 32219 32110 32067 
32132 32010 31977 32384 
32075 31906 31956 32776 
32123 31918 32051 33172 
32257 32060 32241 33514 
32471 32300 32512 33730 
32746 32622 32844 33836 
33012 32932 33161 33694 
33195 33197 33370 33386 
33365 33435 33547 33001 
33399 33537 33572 32524 
33366 33560 33493 32109 
33198 33418 33260 31735 
32979 33188 32964 31552 
32720 32898 32635 31568 
32492 32612 32343 31803 
32315 32337 32122 32175 
32165 32101 31957 32630 
32138 31989 31950 33124 
32175 31971 32038 33535 
32314 32087 32246 33837 
32505 32302 32507 33922 
32711 32547 32794 33800 
32884 32786 33026 33472 
32995 32975 33179 33007 
33081 33153 33278 32511 
33094 33243 33281 32018 
33065 33250 33214 31645 
32983 33179 33080 31441 
32898 33074 32935 31449 
32791 32927 32774 31672 
32687 32749 32608 32066 
32609 32584 32472 32543 
32548 32456 32367 33075 
32472 32333 32267 33535 
32441 32283 32235 33897 
32415 32275 32237 34060 
32437 32337 32323 34035 
32479 32431 32458 33812 
32574 32597 32664 33434 
32672 32739 32879 32940 
32780 32880 33072 32422 
32898 33002 33252 31935 
32998 33090 33377 31552 
33068 33136 33426 31341 
33111 33122 33368 31317 
33113 33075 33228 31501 
33054 32971 33006 31827 
32943 32838 32738 32228 
32800 32698 32453 32712 
32674 32603 32231 33194 
32507 32468 32035 33552 
32395 32413 31943 33816 
32327 32386 31954 33924 
32294 32409 32063 33849 
32363 32486 32281 33675 
32464 32575 32547 33404 
32627 32686 32861 33064 
32746 32748 33108 32663 
32912 32840 33351 32347 
33005 32855 33449 32041 
33002 32820 33410 31816 
32949 32755 33253 31718 
32866 32710 33030 31804 
32740 32641 32770 31982 
32606 32604 32505 32240 
32513 32590 32314 32556 
32488 32651 32253 32920 
32502 32726 32281 33199 
32616 32856 32447 33436 
32759 32981 32670 33511 
32902 33076 32894 33455 
33035 33130 33102 33255 
33116 33119 33209 32976 
33133 33052 33229 32644 
33076 32936 33131 32341 
32933 32726 32916 32079 
32735 32507 32639 31947 
32539 32329 32371 31972 
32348 32172 32139 32120 
32204 32092 32016 32379 
32167 32129 32021 32727 
32209 32249 32145 33093 
32298 32406 32320 33360 
32495 32651 32614 33589 
32739 32919 32932 33665 
32932 33105 33159 33565 
33144 33282 33402 33406 
33267 33361 33519 33223 
33311 33350 33522 33052 
33276 33256 33429 32899 
33142 33072 33218 32654 
32942 32847 32952 32253 
32695 32573 32625 31548 
32457 32349 32310 30610 
32229 32136 32026 29419 
32032 31961 31791 28307 
32017 31987 31756 27814 
32061 32062 31834 28185 
32228 32266 32066 29830 
32453 32546 32404 32870 
32650 32806 32755 37014 
32845 33093 33129 41578 
32964 33304 33439 45723 
33084 33505 33709 48499 
33159 33560 33802 48776 
33301 33532 33789 45961 
33473 33344 33561 39806 
33762 33099 33244 30905 
34152 32810 32855 20226 
34490 32495 32439 9955 
34704 32259 32107 1970 
34534 32039 31829 120 
33863 31936 31700 61 
32569 31911 31724 8379 
30761 31981 31887 21638 
28627 32130 32154 38341 
26503 32288 32433 56111 
24878 32484 32758 65230 
24262 32639 32989 65466 
25128 32800 33153 65511 
27642 32934 33215 65535 
31777 33135 33248 65062 
37152 33394 33203 47848 
42867 33670 33126 28234 
48068 34004 33095 7627 
51723 34273 33068 245 
52778 34359 33010 65 
50498 34258 33006 26 
44837 33802 32942 11 
36252 33041 32897 13124 
25712 31915 32755 31084 
14559 30580 32606 52095 
5100 29240 32404 65102 
242 28141 32211 65471 
72 27540 32025 65532 
61 27790 31937 65535 
10899 28936 31951 65535 
24258 31028 32057 47997 
39761 33860 32244 25578 
55507 37046 32495 2620 
65199 40262 32854 158 
65456 42687 33148 53 
65499 43897 33414 19 
65519 43512 33620 7 
65526 41114 33694 12525 
64103 37071 33663 30147 
44110 31658 33494 49932 
24738 25624 33212 64910 
6013 19800 32868 65462 
178 15416 32464 65523 
46 13253 32110 65535 
30 13950 31840 65535 
2854 17761 31685 50825 
15952 24234 31689 30930 
30812 32647 31877 10400 
46062 41824 32201 317 
59153 50548 32562 73 
65333 57137 33012 47 
65501 60506 33367 42 
65521 59921 33655 9414 
54580 55024 33793 23206 
39059 46474 33729 38539 
21734 35341 33517 52710 
5360 23078 33175 63214 
179 11681 32770 65433 
58 2900 32365 65499 
41 143 32016 63764 
421 71 31808 50550 
14320 4638 31698 36185 
28477 14419 31858 21948 
43437 27136 32114 9955 
57008 40861 32445 2155 
65175 53603 32841 129 
65467 63621 33147 4669 
65495 65416 33417 9687 
65501 65475 33553 19703 
57691 65493 33571 30773 
44189 57774 33430 41267 
29019 44812 33205 49207 
14801 30361 32928 53877 
3636 16390 32597 54849 
149 4933 32362 52465 
72 194 32116 47475 
75 76 31958 41077 
8038 76 31907 34475 
17691 9238 31983 28847 
28385 20023 32136 24904 
38691 32162 32352 23026 
47685 44297 32651 23175 
53892 53975 32954 24918 
56828 59924 33190 27417 
56754 61703 33441 30098 
53911 59184 33595 32210 
48766 52830 33633 33440 
42403 43921 33541 33617 
35570 33794 33375 32964 
28897 23865 33108 31776 
23270 15807 32787 30554 
19255 10847 32448 29833 
16976 9359 32134 29882 
16523 11346 31909 30860 
17800 16361 31787 32695 
20503 23311 31813 35023 
24286 31087 31947 37401 
28757 38634 32203 39397 
33373 44666 32483 40487 
37579 48459 32807 40429 
40979 49696 33063 39143 
43222 48433 33217 36793 
44134 45066 33277 33725 
43645 40273 33265 30455 
41819 34853 33148 27433 
38924 29593 33013 25162 
35481 25410 32852 24020 
31955 22724 32725 24108 
28927 21803 32681 25406 
26700 22534 32669 27644 
25748 24682 32724 30420 
26042 27696 32796 33260 
27433 30992 32858 35809 
29691 34198 32907 37779 
32172 36635 32886 38841 
34407 38120 32804 38972 
35933 38548 32652 38290 
36421 37952 32451 36975 
35742 36575 32255 35324 
34033 34720 32064 33597 
31725 32790 31991 32088 
29307 31124 32071 30944 
27398 30000 32227 30259 
26531 29567 32498 30020 
27006 29867 32831 30129 
28964 30791 33148 30471 
32105 32174 33415 30940 
35900 33693 33571 31386 
39676 35091 33559 31720 
42870 36151 33407 31961 
44528 36560 33135 32082 
44246 36231 32789 32168 
41957 35208 32450 32301 
37836 33569 32150 32520 
32231 31454 31952 32876 
26412 29322 31890 33355 
21196 27482 32003 33922 
17481 26259 32273 34478 
15997 25892 32654 34948 
17139 26549 33041 35216 
20782 28210 33381 35162 
26424 30766 33630 34821 
33275 33966 33714 34162 
40035 37142 33535 33201 
45823 40029 33197 32154 
49745 42112 32761 31147 
51103 42974 32206 30240 
49695 42415 31747 29668 
45723 40401 31425 29443 
39824 37127 31316 29649 
32920 33008 31490 30234 
26002 28518 31929 31107 
20406 24502 32557 32214 
16791 21469 33276 33307 
15657 19882 33917 34265 
17158 20141 34447 35028 
20918 22252 34728 35505 
26160 25866 34612 35576 
32029 30532 34158 35324 
37689 35661 33372 34758 
42260 40520 32343 33948 
44964 44147 31376 33143 
45610 46113 30520 32314 
44349 46246 29988 31649 
41445 44401 29891 31163 
37466 40850 30281 30904 
33294 36260 31141 30879 
29513 31234 32334 31050 
26678 26517 33648 31335 
25077 22708 34871 31668 
24918 20528 35812 32029 
25985 20124 36268 32341 
27917 21512 36193 32668 
30340 24464 35553 32948 
32640 28331 34414 33162 
34528 32619 33013 33383 
35712 36728 31505 33572 
36104 39978 30213 33768 
35752 42011 29303 33908 
34835 42634 28890 33937 
33627 41818 29060 33864 
32484 39818 29789 33692 
31667 37062 30933 33409 
31292 33925 32280 32976 
31461 30979 33668 32506 
32115 28551 34923 32025 
32991 26980 35768 31569 
33905 26378 36134 31227 
34683 26714 36044 31091 
35097 27790 35488 31120 
35038 29340 34589 31348 
34480 31076 33469 31715 
33443 32702 32270 32214 
32194 34035 31235 32807 
30852 34798 30412 33301 
29704 35099 29924 33746 
28956 35002 29833 34053 
28786 34665 30141 34224 
29183 34156 30726 34171 
30194 33733 31581 33987 
31571 33434 32535 33644 
33194 33331 33484 33240 
34789 33348 34286 32743 
36119 33508 34879 32312 
36972 33620 35168 31907 
37195 33578 35088 31571 
36813 33352 34715 31407 
35845 32894 34070 31379 
34436 32244 33255 31473 
32820 31476 32379 31668 
31247 30790 31600 32010 
29945 30264 31004 32376 
29079 29995 30674 32757 
28749 30083 30619 33134 
28999 30561 30898 33479 
29750 31359 31468 33737 
30818 32376 32202 33881 
32045 33428 32981 33890 
33141 34332 33627 33729 
34084 35018 34146 33498 
34651 35351 34362 33175 
34902 35367 34316 32850 
34796 35008 33964 32502 
34416 34368 33380 32160 
33948 33646 32751 31938 
33492 32930 32124 31832 
33117 32287 31624 31782 
32926 31861 31395 31896 
32823 31559 31359 31997 
32889 31538 31663 32198 
32936 31589 32124 32385 
32939 31697 32712 32572 
32785 31767 33311 32735 
32455 31775 33841 32885 
31930 31691 34151 32998 
31300 31584 34198 33084 
30743 31576 34033 33183 
30330 31670 33611 33247 
30201 31974 33039 33305 
30463 32482 32380 33328 
31114 33190 31755 33296 
32131 34062 31277 33242 
33347 34893 30953 33076 
34622 35598 30905 32882 
35713 35985 31111 32644 
36504 35959 31585 32423 
36760 35389 32214 32174 
36434 34360 32913 31964 
35555 32939 33590 31826 
34236 31365 34211 31790 
32652 29844 34662 31881 
30999 28594 34824 32034 
29598 27886 34703 32248 
28628 27846 34301 32519 
28224 28525 33685 32841 
28414 29839 32871 33125 
29213 31639 32032 33394 
30510 33688 31292 33616 
31999 35615 30712 33723 
33570 37192 30382 33724 
34949 38135 30404 33638 
35964 38281 30716 33432 
36483 37625 31323 33126 
36489 36282 32136 32756 
36027 34388 33046 32365 
35156 32271 33871 31981 
34077 30256 34539 31679 
32916 28602 34926 31479 
31838 27578 35049 31451 
31013 27355 34851 31576 
30519 27940 34385 31844 
30316 29196 33701 32207 
30453 31009 32956 32675 
30762 32946 32164 33095 
31214 34731 31480 33479 
31727 36157 30996 33779 
32228 36996 30746 33919 
32634 37136 30755 33894 
32941 36570 30984 33695 
33185 35433 31416 33405 
33380 33888 31969 32988 
33569 32263 32557 32554 
33829 30896 33209 32232 
33943 29767 33641 31829 
34126 29265 34021 31666 
34178 29341 34150 31619 
34131 30012 34118 31758 
33941 31071 33941 32011 
33537 32379 33600 32347 
32980 33642 33203 32734 
32339 34721 32805 33124 
31661 35365 32439 33439 
31092 35597 32181 33698 
30652 35250 31997 33741 
30451 34453 31914 33612 
30563 33404 31970 33376 
30921 32174 32048 32956 
31597 31087 32235 32537 
32381 30302 32416 32117 
33196 29901 32581 31749 
33961 30002 32745 31547 
34537 30544 32877 31522 
34896 31483 32983 31713 
34967 32676 33054 32050 
34822 33958 33158 32555 
34388 35019 33168 33048 
33782 35755 33140 33486 
33105 36034 33087 33824 
32431 35774 32984 33984 
31786 34980 32798 33899 
31344 33855 32626 33697 
31018 32416 32393 33311 
30897 30955 32215 32880 
30891 29695 32049 32391 
31077 28872 32023 32028 
31366 28586 32111 31758 
31793 28952 32391 31694 
32253 29876 32707 31780 
32765 31257 33110 31968 
33273 32893 33457 32215 
33782 34572 33716 32497 
34280 36084 33852 32807 
34616 37058 33767 32995 
34771 37427 33453 33090 
34788 37215 33017 33121 
34564 36305 32459 33047 
34173 34945 31953 32995 
33544 33221 31498 32883 
32796 31444 31242 32803 
31973 29841 31259 32792 
31166 28617 31525 32820 
30443 27925 31975 32866 
29924 27851 32574 32944 
29694 28410 33212 33004 
29788 29477 33788 32991 
30250 30954 34176 32940 
31057 32624 34343 32817 
32188 34299 34249 32635 
33385 35683 33873 32394 
34619 36752 33334 32188 
35670 37304 32699 31987 
36439 37320 32071 31864 
36759 36829 31576 31854 
36562 35848 31262 31943 
35853 34543 31185 32164 
34630 32949 31297 32454 
33145 31390 31636 32840 
31529 29977 32112 33260 
29994 28846 32608 33629 
28745 28141 33120 33904 
28036 27937 33544 34013 
27954 28322 33858 33993 
28512 29210 34002 33778 
29695 30566 34000 33370 
31343 32216 33854 32884 
33210 33950 33605 32355 
34998 35547 33240 31819 
36475 36838 32828 31349 
37466 37687 32423 31085 
37812 37942 32074 31059 
37427 37514 31762 31229 
36392 36484 31573 31608 
34819 34927 31513 32159 
32989 33108 31603 32770 
31133 31188 31805 33350 
29577 29505 32183 33902 
28426 28149 32616 34260 
27935 27428 33049 34376 
28119 27396 33455 34279 
28910 28036 33747 33958 
30230 29272 33861 33437 
31791 30920 33786 32892 
33353 32745 33518 32308 
34826 34586 33186 31893 
35930 36162 32723 31565 
36527 37252 32323 31491 
36604 37760 32013 31594 
36176 37631 31853 31830 
35324 36861 31871 32126 
34242 35610 32052 32462 
33050 34036 32375 32784 
31893 32298 32732 32975 
30924 30677 33130 33125 
30216 29321 33371 33098 
29861 28483 33515 33039 
29862 28181 33490 32944 
30165 28438 33303 32828 
30762 29267 33021 32784 
31527 30485 32625 32743 
32429 31980 32289 32836 
33296 33526 31985 32945 
34070 34913 31803 33064 
34676 36030 31821 33187 
35034 36652 31970 33219 
35112 36763 32257 33171 
34919 36341 32632 33022 
34411 35395 32974 32727 
33747 34203 33341 32444 
32892 32718 33585 32095 
32033 31313 33714 31827 
31259 30111 33685 31627 
30698 29270 33528 31614 
30358 28889 33210 31689 
30368 29064 32829 31959 
30716 29749 32441 32349 
31363 30818 32080 32811 
32187 32176 31765 33298 
33105 33590 31628 33757 
33957 34873 31637 34077 
34654 35887 31823 34230 
35065 36440 32123 34186 
35123 36457 32511 33931 
34845 35953 32961 33521 
34206 34934 33341 32932 
33357 33614 33687 32320 
32434 32160 33934 31766 
31556 30794 33978 31315 
30868 29686 33826 31028 
30419 28971 33492 30931 
30353 28818 33071 31098 
30661 29255 32589 31455 
31300 30229 32148 32023 
32136 31509 31759 32616 
33104 33095 31583 33294 
33905 34534 31498 33810 
34542 35765 31662 34232 
34873 36569 31989 34452 
34830 36802 32393 34440 
34418 36409 32799 34220 
33747 35468 33175 33809 
32889 34084 33405 33263 
31994 32426 33496 32683 
31324 30896 33487 32195 
30903 29582 33316 31767 
30816 28765 33093 31497 
31114 28539 32834 31407 
31701 28966 32616 31478 
32454 29967 32497 31681 
33237 31395 32496 31979 
33861 32986 32530 32243 
34262 34553 32657 32534 
34362 35804 32810 32789 
34093 36556 32885 32947 
33578 36740 32933 33082 
32904 36329 32900 33202 
32190 35349 32766 33252 
31629 34035 32609 33325 
31316 32536 32423 33386 
31317 31085 32272 33447 
31603 29927 32169 33432 
32131 29192 32145 33373 
32796 29035 32235 33269 
33455 29417 32386 33062 
33986 30300 32614 32814 
34271 31498 32894 32517 
34219 32858 33140 32210 
33783 34090 33288 31848 
33162 35116 33423 31614 
32426 35789 33479 31496 
31675 35964 33423 31495 
31089 35651 33294 31633 
30786 34931 33062 31890 
30822 33900 32793 32255 
31191 32700 32481 32673 
31890 31566 32215 33185 
32698 30635 31970 33630 
33546 30038 31839 34020 
34278 29841 31801 34234 
34778 30092 31900 34275 
34954 30726 32110 34148 
34805 31665 32410 33839 
34318 32713 32744 33363 
33567 33721 33087 32795 
32706 34528 33382 32168 
31859 35019 33605 31608 
31160 35179 33736 31187 
30683 34932 33723 30940 
30488 34357 33600 30900 
30595 33528 33332 31091 
31001 32599 32998 31481 
31675 31747 32638 32081 
32482 31107 32313 32733 
33278 30775 32042 33355 
33987 30763 31854 33891 
34552 31131 31809 34267 
34854 31740 31868 34418 
34870 32489 32014 34342 
34626 33257 32244 34086 
34018 33832 32423 33594 
33285 34181 32633 33104 
32440 34191 32771 32568 
31609 33905 32888 32106 
30851 33315 32935 31699 
30382 32673 33023 31545 
30251 32019 33124 31571 
30424 31487 33239 31721 
30954 31212 33369 31969 
31753 31241 33474 32230 
32713 31590 33542 32510 
33720 32187 33544 32753 
34617 32915 33412 32880 
35209 33632 33114 32925 
35501 34254 32755 32907 
35451 34656 32365 32899 
34967 34701 31921 32852 
34155 34408 31555 32845 
33109 33791 31298 32867 
