32425 32537 32664 32786 
32425 32537 32664 32786 
32580 32816 32951 32556 
32739 33067 33206 32325 
32907 33290 33432 32166 
33077 33456 33615 32081 
33217 33537 33706 32031 
33316 33535 33700 32061 
33341 33422 33591 32120 
33329 33263 33399 32247 
33221 33012 33099 32362 
33059 32770 32771 32513 
32889 32543 32465 32713 
32679 32338 32170 32885 
32416 32133 31887 33017 
32240 32053 31746 33159 
32088 32022 31698 33256 
32018 32064 31746 33295 
32081 32236 31960 33348 
32176 32397 32201 33294 
32377 32624 32532 33226 
32567 32814 32857 33058 
32799 32996 33172 32868 
32964 33092 33380 32620 
33146 33197 33582 32432 
33215 33169 33588 32231 
33184 33040 33461 32039 
33097 32902 33242 31961 
32932 32710 32968 31934 
32785 32570 32689 32050 
32638 32482 32451 32213 
32528 32454 32281 32470 
32487 32517 32221 32757 
32510 32634 32243 33026 
32562 32748 32329 33233 
32678 32909 32516 33402 
32765 33003 32692 33443 
32861 33050 32864 33379 
32889 33013 32967 33213 
32868 32906 33006 32973 
32813 32750 32986 32714 
32744 32582 32916 32479 
32666 32436 32808 32300 
32541 32284 32639 32137 
32504 32259 32514 32131 
32481 32290 32424 32210 
32488 32377 32379 32335 
32584 32575 32448 32554 
32675 32763 32550 32749 
32804 32967 32713 32935 
32882 33116 32856 33042 
32967 33212 32996 33083 
32983 33215 33075 33038 
32963 33140 33095 32959 
32875 32977 33025 32832 
32739 32752 32863 32711 
32607 32543 32701 32651 
32525 32398 32558 32668 
32430 32241 32388 32678 
32390 32179 32293 32727 
32453 32250 32330 32819 
32513 32325 32388 32822 
32700 32558 32603 32857 
32874 32791 32836 32802 
32987 32979 33032 32657 
33106 33176 33218 32492 
33153 33273 33319 32302 
33142 33318 33328 32153 
33027 33236 33209 32074 
32833 33045 32985 32062 
32643 32853 32706 32202 
32450 32625 32411 32471 
32335 32432 32183 32833 
32216 32231 31977 33185 
32241 32163 31944 33558 
32325 32150 32025 33792 
32510 32269 32263 33888 
32697 32417 32552 33765 
32844 32574 32843 33464 
33015 32776 33141 33029 
33168 33088 33496 32062 
33125 33157 33477 31645 
33031 33186 33362 31427 
32883 33135 33146 31374 
32741 33059 32901 31524 
32584 32928 32606 31836 
32470 32774 32365 32261 
32398 32618 32177 32752 
32322 32427 32006 33178 
32353 32337 32000 33617 
32384 32231 32030 33876 
32472 32213 32175 33985 
32571 32245 32373 33927 
32693 32363 32628 33726 
32820 32515 32897 33410 
32943 32727 33155 33042 
33037 32929 33379 32623 
33088 33106 33507 32189 
33117 33252 33556 31842 
33122 33358 33512 31603 
33066 33348 33349 31488 
32963 33266 33102 31502 
32840 33116 32816 31663 
32686 32897 32486 31937 
32559 32687 32218 32308 
32466 32489 32041 32760 
32361 32275 31910 33132 
32326 32143 31915 33517 
32337 32085 32018 33780 
32371 32099 32198 33894 
32466 32191 32452 33882 
32556 32309 32690 33703 
32642 32482 32890 33450 
32701 32627 33024 33083 
32768 32787 33087 32718 
32813 32932 33104 32373 
32823 33014 33056 32074 
32855 33123 33025 31915 
32871 33175 32976 31843 
32877 33167 32929 31858 
32925 33162 32940 31968 
32956 33111 32949 32114 
32987 33032 32962 32280 
33022 32957 32969 32455 
32973 32818 32914 32574 
32927 32696 32850 32725 
32860 32576 32763 32886 
32706 32425 32581 33007 
32547 32301 32404 33132 
32389 32206 32223 33255 
32251 32155 32089 33347 
32176 32167 32029 33401 
32173 32249 32050 33419 
32222 32369 32160 33350 
32367 32580 32368 33232 
32561 32779 32623 33028 
32787 33013 32929 32786 
32965 33149 33148 32431 
33186 33317 33417 32168 
33311 33363 33547 31893 
33360 33331 33578 31710 
33318 33219 33492 31640 
33173 33008 33269 31689 
32957 32753 32966 31864 
32723 32530 32663 32183 
32484 32326 32362 32594 
32247 32133 32075 33019 
32067 32037 31887 33425 
32018 32040 31848 33761 
32040 32118 31919 33929 
32209 32334 32165 33969 
32445 32591 32466 33784 
32722 32864 32805 33469 
32982 33090 33121 33017 
33187 33270 33356 32524 
33391 33422 33557 32083 
33460 33440 33595 31724 
33377 33326 33454 31498 
33233 33155 33234 31484 
32989 32905 32910 31626 
32739 32677 32596 31984 
32493 32454 32307 32399 
32299 32269 32104 32863 
32137 32116 31967 33244 
32073 32051 31948 33545 
32132 32105 32079 33714 
32255 32217 32286 33708 
32475 32433 32585 33566 
32705 32659 32868 33280 
32912 32891 33126 32904 
33075 33088 33308 32507 
33206 33264 33418 32178 
33223 33334 33377 31925 
33179 33330 33257 31842 
33034 33193 33000 31892 
32830 32971 32706 32094 
32638 32741 32435 32439 
32430 32450 32183 32803 
32290 32218 32039 33175 
32206 32046 32008 33444 
32258 32034 32139 33612 
32386 32118 32370 33606 
32564 32318 32655 33424 
32813 32642 33014 33149 
33003 32924 33289 32711 
33195 33240 33541 32293 
33291 33454 33630 31876 
33311 33578 33613 31624 
33243 33551 33439 31537 
33077 33389 33133 31654 
32837 33089 32716 31910 
32604 32759 32318 32345 
32424 32427 31990 32871 
32215 32080 31703 33314 
32131 31881 31650 33720 
32130 31822 31764 33998 
32249 31920 32047 34061 
32384 32122 32403 33896 
32541 32361 32775 33544 
32710 32658 33113 33108 
32840 32915 33362 32594 
32945 33117 33477 32150 
32995 33239 33449 31816 
32995 33255 33295 31635 
32967 33206 33089 31645 
32914 33083 32829 31801 
32883 32964 32657 32061 
32851 32862 32536 32398 
32871 32798 32554 32748 
32867 32751 32617 33004 
32843 32700 32704 33146 
32830 32706 32824 33192 
32772 32694 32890 33114 
32720 32671 32899 32980 
32632 32638 32812 32830 
32547 32574 32643 32696 
32485 32537 32450 32669 
32408 32446 32245 32676 
32333 32334 32048 32726 
32356 32314 32010 32873 
32404 32299 32070 33013 
32529 32401 32282 33159 
32681 32535 32585 33197 
32854 32726 32958 33153 
32989 32910 33289 32960 
33107 33103 33567 32696 
33188 33283 33743 32412 
33220 33417 33781 32154 
33153 33402 33617 31899 
33053 33348 33340 31778 
32917 33199 32976 31799 
32765 32994 32594 31950 
32590 32736 32213 32204 
32444 32450 31921 32584 
32314 32183 31716 32956 
32208 31964 31662 33322 
32192 31862 31761 33641 
32202 31843 31945 33824 
32279 31943 32234 33875 
32409 32147 32573 33814 
32594 32435 32920 33699 
32739 32709 33185 33521 
32922 33009 33428 33349 
33087 33278 33575 33115 
33204 33472 33607 32722 
33279 33569 33555 32068 
33304 33579 33417 31109 
33235 33462 33172 29829 
33066 33233 32885 28462 
32891 32969 32600 27399 
32697 32717 32365 27065 
32525 32470 32199 27891 
32339 32242 32076 30109 
32178 32087 32035 33656 
32054 32017 32073 38223 
31997 32069 32194 43079 
31979 32172 32344 47295 
32099 32342 32519 49621 
32316 32545 32685 49196 
32708 32733 32849 45427 
33269 32900 32973 38191 
33950 33042 33071 28488 
34683 33171 33165 17633 
35230 33166 33147 7430 
35518 33156 33148 498 
35166 32968 32992 87 
34229 32823 32877 60 
32593 32625 32732 10650 
30371 32440 32584 25257 
27952 32296 32477 42624 
25727 32220 32425 60321 
24210 32177 32416 65334 
23993 32289 32507 65487 
25387 32468 32619 65522 
28524 32713 32735 65535 
33197 33095 32924 61039 
38925 33453 33000 43939 
44695 33847 33049 23431 
49606 34206 33078 2902 
52526 34363 32983 159 
52622 34331 32849 52 
49337 33986 32674 21 
42706 33329 32488 148 
33373 32362 32348 16597 
22233 31144 32283 35873 
11468 29863 32294 56508 
2741 28700 32374 65253 
136 27891 32488 65492 
61 27687 32639 65535 
2963 28339 32800 65535 
14252 29825 32883 63936 
28325 32166 32943 43245 
44052 35116 32965 20257 
59679 38353 32928 800 
65325 41177 32866 112 
65471 43179 32819 40 
65501 43867 32806 14 
65521 42846 32840 54 
65524 39984 32867 15811 
57746 35554 32922 34140 
39921 29958 32948 53906 
19670 23809 32970 65217 
1888 18396 32902 65486 
107 14677 32800 65532 
37 13352 32646 65535 
29 14937 32485 65036 
6666 19569 32321 45348 
19554 26561 32164 24788 
34718 35143 32088 4831 
49573 44181 32145 178 
61666 52355 32287 62 
65413 58157 32527 43 
65508 60405 32776 118 
65454 58593 32995 13285 
51143 52829 33225 27803 
34640 43426 33383 43456 
17244 31920 33425 56871 
1774 19944 33432 65117 
114 9220 33294 65476 
50 1500 33096 65505 
40 105 32832 58947 
5942 67 32511 46388 
18092 7082 32284 31751 
32641 17801 32098 17721 
47661 31055 31949 6464 
60403 44657 31968 509 
65349 56649 32039 88 
65478 64936 32258 3986 
65497 65444 32585 12173 
65499 65485 32928 23304 
54386 65486 33241 34484 
39767 54164 33454 44185 
24588 40776 33586 51176 
10846 26105 33552 54651 
1057 12614 33397 54344 
99 2603 33137 50867 
70 130 32792 45199 
337 71 32461 38549 
10980 6054 32223 32143 
21178 12450 32012 27090 
31984 23889 31932 23950 
41951 36144 32027 22973 
50062 47552 32179 23842 
55240 56204 32435 26028 
57316 61120 32738 28760 
56296 61667 32983 31316 
52506 57857 33168 33171 
46796 50452 33270 33979 
40132 40956 33292 33724 
33257 30640 33218 32710 
26913 21126 33052 31336 
21674 13694 32854 30113 
18147 9551 32610 29490 
16450 9037 32413 29801 
16562 11947 32271 31010 
18350 17768 32200 33082 
21408 25157 32174 35455 
25515 33193 32315 37843 
30067 40510 32476 39627 
34705 46313 32713 40495 
38792 49668 32945 40124 
41996 50401 33133 38512 
44025 48660 33272 35928 
44669 44791 33353 32668 
43819 39544 33332 29328 
41644 33912 33233 26513 
38442 28625 33024 24554 
34749 24467 32792 23843 
31008 21847 32558 24448 
27855 21042 32325 26180 
25711 21921 32129 28740 
24869 24170 32020 31766 
25413 27336 32041 34735 
27130 30889 32121 37228 
29638 34175 32295 38891 
32386 36792 32543 39608 
34824 38468 32794 39296 
36439 39022 32978 38072 
36890 38557 33110 36273 
36113 37232 33151 34209 
34260 35362 33093 32195 
31800 33363 33042 30602 
29278 31554 32961 29553 
27341 30233 32831 29094 
26577 29651 32798 29275 
27183 29778 32775 29844 
29351 30612 32804 30663 
32721 31942 32858 31546 
36610 33438 32881 32287 
40359 34859 32854 32785 
43217 35860 32729 33018 
44577 36262 32574 33056 
43849 35876 32365 32955 
41062 34763 32164 32838 
36508 33046 31989 32790 
30901 31007 31929 32869 
24970 28907 32016 33133 
19983 27192 32235 33518 
16759 26188 32599 33963 
15932 26127 33071 34366 
17776 27115 33514 34568 
22005 29086 33860 34514 
28077 31886 34058 34203 
34998 35080 34050 33636 
41702 38193 33712 32800 
47254 40831 33193 31877 
50592 42510 32577 31058 
51282 42915 31932 30439 
49121 41813 31356 30044 
44434 39279 30993 30008 
38131 35677 30967 30387 
31059 31386 31224 31041 
24323 27010 31742 31932 
18928 23148 32476 32941 
15847 20528 33237 33884 
15353 19501 33894 34594 
17477 20352 34392 35089 
21799 23031 34600 35245 
27412 27165 34501 35060 
33527 32216 34112 34600 
39125 37396 33464 33891 
43488 42126 32686 33038 
45985 45634 31970 32281 
46293 47239 31333 31570 
44635 46856 30963 31088 
41364 44451 30852 30811 
37049 40326 31074 30811 
32567 35175 31543 31027 
28575 29702 32219 31435 
25627 24725 32958 31962 
24059 20909 33648 32494 
23988 18812 34205 33018 
25244 18796 34513 33458 
27459 20698 34530 33766 
30145 24240 34255 33926 
32850 28874 33736 33926 
34990 33764 33033 33742 
36407 38259 32286 33484 
36944 41757 31635 33174 
36597 43837 31102 32802 
35591 44204 30839 32422 
34291 43016 30913 32153 
32932 40466 31235 31964 
31852 37078 31782 31892 
31140 33142 32390 31851 
31090 29697 33070 32030 
31525 26953 33647 32252 
32280 25230 34050 32510 
33222 24743 34287 32845 
34063 25404 34284 33132 
34560 26949 34047 33311 
34685 29106 33709 33451 
34289 31381 33229 33412 
33501 33580 32739 33279 
32411 35211 32233 33006 
31276 36258 31855 32676 
30280 36627 31582 32326 
29636 36426 31499 32032 
29448 35723 31536 31801 
29845 34864 31741 31732 
30707 33978 32054 31824 
31951 33241 32451 32084 
33352 32713 32840 32457 
34699 32422 33202 32896 
35749 32318 33473 33326 
36402 32344 33655 33702 
36428 32348 33640 33911 
35933 32302 33542 33938 
34987 32149 33329 33791 
33688 31825 32994 33411 
32274 31450 32620 32927 
31047 31148 32325 32430 
30087 30925 32047 31936 
29535 30887 31874 31537 
29460 31094 31816 31340 
29836 31528 31879 31345 
30555 32172 32091 31593 
31475 32919 32414 32019 
32516 33707 32807 32556 
33408 34392 33198 33091 
34106 34870 33547 33552 
34545 35145 33841 33922 
34677 35116 33937 34041 
34512 34771 33813 33893 
34199 34245 33534 33585 
33768 33545 33058 33108 
33365 32835 32506 32577 
33066 32179 31971 32103 
32841 31621 31506 31705 
32723 31249 31221 31526 
32660 31028 31152 31552 
32589 30942 31355 31783 
32460 30974 31794 32161 
32273 31116 32414 32648 
31993 31316 33112 33142 
31601 31521 33722 33496 
31231 31815 34235 33737 
30958 32187 34512 33785 
30843 32625 34495 33583 
31018 33206 34225 33278 
31449 33847 33682 32836 
32193 34529 33000 32388 
33105 35128 32260 32006 
34133 35595 31593 31769 
35029 35741 31044 31673 
35652 35481 30680 31737 
35917 34800 30609 31990 
35726 33761 30860 32376 
35108 32475 31411 32842 
34045 31011 32131 33259 
32728 29642 32966 33624 
31374 28577 33757 33799 
30187 28023 34448 33797 
29352 28095 34914 33606 
28983 28819 35067 33239 
29159 30188 34883 32754 
29870 31980 34429 32279 
31003 33992 33749 31889 
32296 35847 32859 31546 
33683 37403 31989 31458 
34854 38316 31178 31556 
35669 38436 30606 31858 
36057 37754 30348 32279 
35915 36313 30359 32742 
35331 34299 30723 33217 
34440 32053 31329 33562 
33425 29944 32163 33815 
32391 28197 33020 33850 
31494 27087 33810 33678 
30863 26824 34442 33400 
30539 27393 34763 33014 
30524 28712 34789 32636 
30764 30564 34524 32286 
31225 32700 34012 32072 
31741 34772 33307 31955 
32242 36409 32612 32012 
32712 37507 32026 32208 
33034 37848 31564 32405 
33259 37434 31337 32620 
33403 36334 31335 32794 
33488 34762 31535 32891 
33553 32989 31896 32900 
33634 31270 32306 32812 
33736 29870 32750 32683 
33825 29007 33098 32558 
33857 28758 33356 32446 
33804 29152 33473 32418 
33587 30059 33415 32462 
33316 31354 33337 32676 
32847 32752 33112 32896 
32278 34019 32880 33131 
31692 35007 32667 33361 
31185 35593 32532 33541 
30793 35636 32440 33563 
30609 35156 32402 33408 
30666 34272 32406 33128 
30974 33073 32423 32719 
31573 31936 32519 32333 
32324 30932 32597 31952 
33123 30268 32655 31655 
33934 30059 32753 31549 
34537 30307 32811 31580 
34943 30993 32881 31781 
35106 32049 32991 32114 
34974 33265 33084 32533 
34547 34401 33116 32948 
33910 35249 33085 33317 
33173 35723 32989 33615 
32390 35681 32789 33777 
31654 35127 32530 33802 
31132 34178 32281 33713 
30760 32889 32010 33492 
30583 31500 31809 33173 
30692 30290 31806 32891 
30960 29401 31942 32583 
31384 28994 32232 32294 
31926 29152 32669 32059 
32521 29894 33212 31881 
33088 31092 33735 31774 
33602 32557 34128 31765 
34051 34084 34346 31845 
34334 35406 34271 31973 
34524 36444 33943 32188 
34584 36937 33401 32453 
34502 36861 32696 32739 
34293 36249 31964 33052 
33958 35127 31313 33354 
33473 33670 30867 33577 
32915 32134 30734 33731 
32281 30670 30912 33773 
31587 29428 31362 33657 
30923 28619 32014 33434 
30383 28330 32785 33185 
29963 28512 33486 32849 
29814 29207 34063 32528 
30026 30351 34427 32294 
30520 31685 34474 32089 
31345 33147 34258 31981 
32467 34555 33815 31950 
33708 35759 33300 32040 
34945 36624 32723 32149 
36030 37078 32229 32301 
36755 37057 31856 32446 
36994 36547 31643 32533 
36727 35649 31657 32644 
35916 34426 31821 32702 
34610 32962 32112 32748 
32930 31401 32398 32754 
31248 30064 32742 32870 
29651 28924 32968 32961 
28363 28156 33100 33077 
27667 27936 33167 33241 
27671 28273 33153 33421 
28335 29108 33056 33522 
29577 30388 32896 33511 
31337 32013 32767 33423 
33298 33784 32701 33275 
35081 35348 32575 32899 
36648 36764 32589 32565 
37621 37655 32593 32144 
37925 37958 32625 31751 
37504 37610 32682 31480 
36418 36632 32715 31317 
34894 35221 32790 31379 
33007 33369 32805 31554 
31159 31458 32807 31890 
29605 29712 32811 32363 
28517 28321 32800 32892 
27947 27408 32708 33400 
28112 27267 32675 33918 
28859 27786 32615 34250 
30097 28908 32554 34400 
31617 30535 32517 34338 
33314 32493 32548 34123 
34784 34391 32570 33661 
35935 36096 32640 33109 
36640 37374 32750 32511 
36789 38043 32862 31871 
36420 38014 32977 31347 
35547 37249 33024 30953 
34403 35950 33081 30827 
33045 34190 33057 30906 
31750 32303 33000 31237 
30652 30515 32926 31759 
29856 29040 32792 32371 
29408 28043 32619 32986 
29489 27769 32523 33638 
29930 28132 32424 34119 
30693 29097 32381 34396 
31715 30568 32371 34450 
32770 32214 32362 34257 
33783 33874 32402 33904 
34599 35289 32426 33402 
35144 36366 32462 32849 
35353 36880 32537 32400 
35241 36837 32633 32016 
34758 36187 32720 31741 
34007 35081 32844 31622 
33138 33713 33004 31664 
32209 32236 33155 31764 
31458 30939 33364 32007 
30856 29883 33495 32221 
30504 29233 33501 32383 
30489 29121 33435 32527 
30785 29521 33271 32651 
31375 30388 32992 32740 
32138 31534 32633 32806 
32996 32892 32282 32920 
33779 34147 31904 33019 
34412 35215 31623 33165 
34802 35939 31519 33337 
34880 36159 31558 33495 
34630 35877 31769 33611 
34083 35094 32112 33625 
33272 33919 32555 33523 
32425 32587 33053 33337 
31592 31226 33483 33006 
30905 30056 33791 32576 
30557 29290 34005 32171 
30502 29038 33973 31775 
30810 29341 33782 31470 
31403 30145 33411 31290 
32243 31359 33007 31309 
33137 32819 32583 31501 
33969 34283 32202 31853 
34590 35557 31914 32313 
34854 36385 31729 32798 
34744 36627 31701 33275 
34284 36289 31793 33700 
33569 35408 31967 34005 
32721 34102 32223 34137 
31896 32594 32514 34093 
31257 31113 32809 33898 
30878 29847 33050 33552 
30869 29021 33256 33141 
31200 28748 33388 32648 
31828 29123 33473 32230 
32544 29977 33451 31843 
33303 31248 33381 31583 
33932 32767 33237 31473 
34249 34176 33038 31478 
34283 35374 32827 31641 
34027 36190 32639 31902 
33533 36503 32483 32264 
32853 36216 32341 32613 
32201 35422 32268 32964 
31645 34252 32202 33256 
31354 32893 32212 33495 
31368 31544 32272 33655 
31683 30442 32365 33729 
32216 29696 32471 33670 
32855 29429 32605 33553 
33458 29581 32705 33292 
33947 30200 32812 33025 
34142 31079 32866 32655 
34085 32208 32940 32366 
33672 33265 32929 32077 
33020 34236 32905 31882 
32264 34906 32881 31820 
31530 35268 32865 31876 
30962 35241 32834 32047 
30671 34884 32836 32284 
30763 34277 32880 32581 
31190 33456 32891 32809 
31926 32635 32917 32999 
32903 31896 32959 33163 
33887 31325 32948 33190 
34722 31019 32895 33109 
35273 30960 32789 32976 
35409 31110 32602 32767 
35221 31587 32491 32663 
34536 32079 32316 32521 
33605 32619 32213 32492 
32484 33069 32135 32499 
31395 33443 32148 32604 
30491 33695 32273 32777 
29905 33732 32461 32962 
29706 33599 32663 33090 
29971 33364 32921 33202 
30562 33009 33104 33153 
31443 32629 33253 33019 
32558 32369 33381 32847 
33612 32181 33407 32588 
34567 32137 33361 32303 
35245 32248 33234 32053 
35566 32422 33005 31828 
35552 32708 32768 31780 
35162 33001 32505 31867 
34428 33211 32224 32052 
33477 33346 31993 32422 
32489 33353 31888 32877 
31498 33179 31852 33343 
30687 32887 31940 33746 
30092 32464 32131 34002 
29911 32091 32470 34103 
30064 31773 32859 33973 
30524 31542 33221 33604 
31268 31536 33536 33086 
32233 31745 33776 32489 
33245 32135 33856 31885 
34211 32678 33774 31410 
34970 33272 33493 31084 
35422 33812 33076 31006 
35604 34274 32659 31255 
35388 34500 32221 31699 
34791 34439 31814 32306 
33925 34114 31581 32961 
32884 33512 31502 33527 
