32331 31865 31847 33294 
32331 31865 31847 33294 
32305 31917 31897 33436 
32331 32059 32068 33473 
32405 32288 32335 33390 
32556 32628 32696 33226 
32702 32925 33021 32947 
32848 33174 33288 32617 
32984 33406 33508 32322 
33063 33520 33570 32049 
33080 33486 33477 31847 
33045 33371 33283 31797 
32944 33146 32980 31866 
32765 32826 32597 32025 
32617 32535 32286 32359 
32532 32341 32091 32796 
32426 32130 31951 33141 
32378 32030 31953 33474 
32429 32057 32096 33714 
32506 32177 32339 33777 
32616 32336 32621 33667 
32738 32549 32896 33448 
32817 32702 33074 33091 
32861 32852 33175 32683 
32853 32924 33174 32291 
32803 32962 33084 32002 
32723 32940 32923 31808 
32645 32891 32737 31767 
32604 32873 32626 31893 
32592 32863 32563 32140 
32630 32883 32590 32436 
32700 32915 32678 32716 
32804 32954 32825 32957 
32881 32957 32947 33065 
32951 32937 33036 33091 
32994 32902 33074 33046 
33003 32816 33019 32934 
32940 32670 32857 32778 
32846 32543 32666 32681 
32740 32418 32455 32660 
32575 32288 32224 32671 
32412 32180 32043 32735 
32311 32170 31980 32879 
32223 32165 31995 32992 
32226 32269 32163 33096 
32320 32474 32444 33171 
32462 32685 32766 33109 
32646 32917 33088 32957 
32823 33097 33353 32695 
33040 33301 33587 32444 
33189 33404 33675 32171 
33266 33415 33620 31954 
33288 33367 33446 31848 
33224 33229 33169 31842 
33073 33025 32827 31948 
32916 32830 32511 32191 
32720 32602 32223 32497 
32539 32423 32021 32846 
32402 32252 31922 33176 
32243 32075 31865 33425 
32209 32015 31966 33649 
32196 31986 32107 33743 
32232 32021 32281 33722 
32327 32131 32506 33604 
32413 32267 32679 33362 
32574 32508 32895 33084 
32699 32721 33049 32716 
32847 32986 33218 32361 
32962 33227 33324 32007 
33102 33465 33454 31739 
33192 33604 33507 31546 
33251 33678 33508 31493 
33263 33645 33441 31567 
33211 33510 33292 31774 
33106 33270 33060 32075 
32974 32960 32750 32449 
32810 32652 32435 32914 
32639 32307 32117 33370 
32473 32006 31845 33735 
32328 31791 31665 33993 
32236 31694 31635 34062 
32175 31718 31720 33960 
32170 31842 31922 33695 
32225 32046 32220 33307 
32322 32335 32577 32891 
32407 32598 32886 32432 
32530 32878 33188 32058 
32637 33092 33400 31754 
32782 33275 33538 31644 
32911 33391 33567 31703 
33052 33436 33534 31895 
33159 33410 33420 32137 
33257 33365 33295 32449 
33306 33258 33123 32731 
33253 33073 32905 32894 
33204 32943 32748 33041 
33094 32786 32585 33100 
32938 32628 32418 33081 
32751 32486 32286 32997 
32542 32354 32164 32898 
32349 32231 32074 32805 
32110 32093 32030 32721 
32097 32101 32095 32759 
32130 32138 32205 32808 
32242 32252 32391 32888 
32381 32395 32593 32948 
32586 32618 32871 33032 
32786 32838 33108 33031 
32968 33068 33338 32968 
33119 33258 33501 32813 
33239 33412 33603 32622 
33314 33505 33621 32421 
33314 33509 33537 32212 
33222 33397 33338 32028 
33086 33203 33060 31914 
32859 32911 32697 31890 
32644 32630 32357 32031 
32417 32332 32032 32275 
32241 32086 31799 32633 
32135 31920 31689 33023 
32070 31828 31684 33374 
32156 31896 31877 33720 
32343 32099 32198 33923 
32567 32356 32567 33933 
32835 32692 32967 33749 
33017 32949 33281 33378 
33194 33213 33539 32899 
33274 33394 33645 32365 
33262 33467 33645 31860 
33149 33425 33488 31445 
32970 33299 33239 31252 
32771 33093 32941 31293 
32533 32821 32612 31511 
32362 32580 32351 31944 
32292 32391 32194 32499 
32272 32258 32091 33056 
32324 32193 32076 33557 
32437 32214 32161 33933 
32641 32323 32331 34114 
32830 32480 32528 34084 
32970 32627 32704 33818 
33092 32810 32888 33429 
33099 32908 32969 32909 
33079 33006 33036 32418 
32998 33059 33043 31981 
32851 33028 32996 31658 
32648 32921 32881 31494 
32494 32791 32777 31535 
32335 32630 32659 31755 
32267 32500 32588 32120 
32233 32368 32521 32524 
32308 32366 32543 33018 
32410 32361 32568 33396 
32595 32464 32653 33668 
32821 32635 32783 33815 
33017 32824 32915 33750 
33162 32991 32992 33503 
33281 33164 33078 33154 
33321 33274 33086 32740 
33282 33304 33043 32310 
33170 33260 32944 31959 
32918 33054 32733 31676 
32720 32885 32596 31663 
32487 32621 32420 31772 
32294 32385 32321 32044 
32171 32195 32262 32416 
32122 32065 32276 32836 
32146 32024 32341 33208 
32262 32095 32483 33525 
32424 32233 32642 33688 
32634 32454 32822 33716 
32839 32688 32968 33555 
33022 32945 33097 33291 
33167 33163 33156 32933 
33244 33344 33172 32564 
33265 33437 33133 32185 
33198 33440 33041 31925 
33034 33299 32863 31749 
32854 33115 32685 31760 
32626 32821 32495 31915 
32425 32522 32340 32197 
32260 32243 32240 32563 
32152 32009 32181 32932 
32151 31910 32247 33322 
32220 31932 32370 33589 
32387 32088 32573 33722 
32593 32339 32794 33694 
32829 32666 33029 33484 
33038 32991 33195 33136 
33201 33280 33308 32670 
33333 33535 33392 32262 
33353 33640 33343 31841 
33247 33574 33183 31545 
33101 33416 32984 31485 
32887 33132 32716 31596 
32695 32818 32483 31921 
32495 32461 32274 32370 
32357 32194 32155 32914 
32235 31949 32058 33378 
32208 31835 32092 33779 
32238 31847 32187 33989 
32342 31998 32363 34011 
32444 32194 32548 33810 
32571 32466 32728 33450 
32674 32723 32856 32981 
32742 32936 32929 32486 
32801 33115 32975 32058 
32845 33244 32996 31753 
32845 33267 32968 31580 
32870 33238 32971 31623 
32908 33167 32984 31829 
32952 33063 33022 32109 
32990 32953 33068 32431 
33037 32852 33105 32767 
33065 32766 33104 33022 
33050 32685 33054 33198 
33019 32660 32962 33301 
32901 32587 32769 33277 
32710 32515 32507 33166 
32527 32460 32273 33051 
32340 32389 32041 32916 
32171 32318 31872 32800 
32053 32270 31784 32704 
32082 32310 31888 32717 
32170 32368 32091 32713 
32324 32458 32382 32709 
32576 32622 32768 32720 
32842 32819 33148 32707 
33080 32986 33466 32648 
33278 33168 33688 32575 
33399 33295 33788 32486 
33429 33367 33740 32403 
33345 33339 33553 32325 
33213 33264 33295 32294 
32990 33099 32946 32296 
32747 32889 32596 32360 
32517 32668 32292 32493 
32341 32479 32060 32691 
32194 32261 31881 32864 
32085 32085 31768 33089 
32070 31980 31773 33364 
32148 31973 31892 33709 
32264 32043 32072 34040 
32425 32181 32325 34252 
32650 32438 32665 34259 
32850 32690 32984 33797 
33050 32958 33300 32824 
33201 33191 33550 31313 
33337 33432 33752 29526 
33354 33534 33793 27691 
33305 33552 33733 26459 
33169 33459 33505 26308 
32974 33264 33184 27634 
32702 32980 32779 30606 
32433 32690 32370 35197 
32172 32418 32018 40449 
31985 32205 31790 45462 
31851 32018 31645 49048 
31895 31956 31700 50162 
32122 31966 31852 47887 
32621 32142 32169 42123 
33281 32334 32514 33263 
34082 32591 32883 22470 
34847 32866 33211 11175 
35347 33070 33431 2467 
35425 33255 33569 132 
34848 33309 33548 61 
33506 33234 33372 6822 
31524 33092 33099 19596 
29139 32872 32798 36144 
26698 32557 32435 54022 
24792 32326 32192 65166 
23924 32087 31991 65456 
24610 32000 31962 65509 
27052 32055 32067 65535 
31284 32305 32326 65535 
36794 32736 32665 49817 
42601 33252 32986 30014 
47881 33814 33266 9032 
51622 34329 33461 279 
52774 34650 33543 69 
50630 34630 33445 28 
45091 34191 33221 10 
36508 33321 32900 11748 
25791 32064 32549 29688 
14880 30621 32257 50156 
5388 29149 32012 64974 
266 27980 31873 65459 
73 27411 31889 65529 
59 27685 32016 65535 
10785 28934 32280 65535 
24109 31159 32605 49745 
39605 34098 32929 27615 
55642 37412 33215 3825 
65207 40621 33456 173 
65457 42942 33519 54 
65499 43990 33441 18 
65519 43341 33224 7 
65527 40783 32922 11222 
64094 36549 32582 28523 
44101 31054 32279 48294 
24643 25048 32093 64716 
6230 19432 31989 65447 
178 15209 32079 65521 
46 13377 32304 65535 
30 14381 32646 65535 
1890 18378 32981 52248 
16134 25215 33264 31848 
31029 33674 33465 11041 
46271 42695 33513 338 
59117 50962 33431 78 
65345 57279 33202 46 
65502 60240 32866 40 
65519 59155 32499 9028 
54662 54091 32204 22589 
39101 45357 31941 38057 
21389 33980 31832 52745 
5124 21988 31893 63521 
173 10953 32097 65442 
57 2734 32380 65501 
41 132 32777 65299 
4589 70 33104 50657 
15458 5854 33332 36128 
29678 16092 33497 21472 
44568 28864 33500 9146 
58230 42931 33332 1009 
65289 55393 33044 95 
65471 64389 32705 84 
65496 65432 32407 8973 
65499 65479 32178 19422 
55966 65488 32024 30887 
41485 55410 32070 41765 
26476 42351 32222 49978 
12845 28155 32525 54783 
2549 14776 32853 55807 
124 4139 33162 53192 
72 174 33403 47989 
102 74 33512 41252 
9664 180 33457 34304 
19806 10909 33243 28199 
30777 22259 32938 23994 
40906 34328 32539 22030 
49175 45679 32235 22242 
54722 54691 31940 24019 
57241 60213 31833 26826 
56626 61485 31865 29879 
53317 58515 32066 32417 
47940 52014 32352 34045 
41387 43020 32698 34564 
34498 33006 33050 34138 
27929 23252 33300 32971 
22623 15667 33489 31683 
18839 10973 33526 30660 
16827 9720 33458 30252 
16618 11917 33284 30713 
18106 17038 33043 32045 
20902 23926 32744 33914 
24697 31438 32455 35970 
29057 38589 32213 37879 
33467 44259 32026 39119 
37612 47933 31951 39496 
40931 49110 32008 38808 
43152 47902 32148 37087 
44104 44730 32399 34622 
43707 40220 32684 31752 
41995 35034 33006 28901 
39254 30111 33211 26548 
35926 26163 33425 25123 
32456 23552 33500 24736 
29288 22539 33465 25492 
27004 23087 33315 27203 
25799 24881 33056 29558 
25794 27490 32725 32202 
27029 30586 32464 34846 
29051 33412 32222 36961 
31430 35714 32059 38362 
33685 37214 31997 38914 
35356 37815 32056 38617 
36061 37501 32216 37575 
35647 36479 32427 36050 
34299 35043 32703 34322 
32267 33441 32940 32590 
30008 31941 33125 31073 
28207 30919 33293 30051 
27305 30448 33372 29494 
27611 30523 33343 29390 
29282 31163 33267 29692 
32096 32172 33030 30201 
35588 33361 32777 30900 
39113 34427 32421 31561 
42017 35192 32089 32207 
43623 35497 31795 32714 
43466 35228 31623 33127 
41376 34357 31612 33432 
37579 33006 31793 33658 
32547 31367 32143 33830 
27051 29737 32719 34014 
22059 28298 33295 34046 
18482 27405 33914 34060 
16995 27234 34402 33966 
17952 27906 34671 33752 
21396 29440 34675 33462 
26674 31597 34311 33047 
33075 34223 33698 32625 
39495 36835 32827 32149 
45149 39220 31866 31769 
48912 40878 30985 31513 
50234 41485 30275 31403 
48926 40865 29859 31438 
45106 38998 29880 31655 
39452 36075 30302 31959 
32850 32479 31147 32352 
26337 28646 32281 32736 
20819 25108 33557 33091 
17319 22492 34732 33307 
16259 21239 35675 33424 
17671 21555 36215 33392 
21371 23553 36293 33268 
26729 27052 35788 33087 
32464 31341 34783 32850 
37869 35950 33451 32673 
42174 40168 31959 32588 
44844 43525 30477 32610 
45390 45268 29319 32712 
43985 45214 28684 32879 
41059 43400 28639 33044 
37144 40057 29214 33179 
32918 35622 30398 33227 
29110 30798 31945 33148 
26378 26379 33607 32926 
24924 22903 35138 32582 
24876 20894 36330 32172 
26063 20606 36968 31769 
28161 22051 36956 31428 
30628 24937 36301 31295 
33044 28794 35113 31346 
34983 33005 33554 31587 
36177 36976 31903 32065 
36557 40238 30423 32668 
36097 42207 29346 33331 
35043 42731 28768 33909 
33690 41855 28786 34332 
32338 39797 29396 34547 
31274 36846 30453 34492 
30728 33578 31735 34193 
30758 30464 33083 33666 
31330 27937 34291 33062 
32266 26274 35171 32407 
33363 25663 35677 31810 
34384 26099 35730 31361 
35022 27356 35353 31129 
35256 29232 34695 31134 
34956 31325 33843 31338 
34205 33328 32944 31690 
33013 34913 32048 32094 
31794 35985 31425 32553 
30618 36402 30997 32939 
29703 36212 30813 33225 
29249 35595 30888 33399 
29404 34727 31201 33485 
30051 33784 31612 33430 
31135 33002 32128 33338 
32498 32441 32643 33234 
33906 32124 33113 33120 
35086 31990 33445 32970 
35921 32064 33666 32875 
36270 32187 33754 32803 
36096 32278 33685 32720 
35449 32302 33516 32648 
34420 32191 33243 32551 
33222 31995 32941 32452 
31962 31725 32586 32300 
30919 31581 32357 32220 
30214 31530 32189 32136 
29906 31664 32146 32101 
30008 31958 32225 32110 
30459 32404 32402 32184 
31162 32935 32641 32337 
31971 33446 32888 32530 
32695 33842 33041 32722 
33346 34120 33164 32991 
33749 34139 33137 33227 
33910 33970 32975 33410 
33896 33675 32751 33568 
33770 33314 32469 33633 
33599 32928 32190 33591 
33455 32596 31958 33430 
33395 32393 31864 33208 
33411 32291 31899 32874 
33473 32311 32098 32520 
33543 32398 32444 32161 
33528 32478 32906 31863 
33343 32444 33355 31601 
32973 32333 33785 31494 
32423 32125 34115 31553 
31733 31840 34220 31732 
31032 31564 34110 32019 
30482 31434 33827 32420 
30118 31478 33342 32834 
30079 31747 32703 33238 
30518 32325 32100 33627 
31289 33072 31523 33855 
32353 33906 31064 33895 
33555 34713 30801 33828 
34759 35363 30773 33651 
35715 35646 30968 33363 
36231 35466 31363 33012 
36313 34869 31980 32702 
35837 33824 32683 32382 
34914 32507 33451 32154 
33635 31048 34177 31963 
32219 29768 34737 31853 
30905 28868 35128 31845 
29827 28474 35209 31865 
29188 28757 35009 31970 
29088 29675 34463 32083 
29526 31117 33702 32248 
30394 32858 32768 32421 
31517 34608 31785 32607 
32799 36175 30911 32852 
33962 37241 30192 33084 
34828 37632 29780 33290 
35401 37351 29798 33544 
35529 36318 30158 33690 
35270 34738 30871 33770 
34668 32759 31891 33745 
33897 30830 32985 33604 
33037 29152 33998 33321 
32295 28046 34870 32972 
31702 27614 35456 32537 
31362 27998 35664 32107 
31254 29070 35488 31715 
31343 30678 34951 31427 
31598 32619 34162 31314 
31897 34477 33215 31331 
32163 36027 32269 31526 
32392 37046 31422 31893 
32503 37355 30753 32319 
32535 36913 30321 32806 
32497 35792 30149 33275 
32475 34231 30277 33718 
32545 32460 30691 34046 
32705 30756 31321 34206 
32974 29471 32092 34178 
33307 28727 32884 33947 
33688 28662 33615 33548 
34052 29328 34298 33099 
34285 30555 34766 32541 
34366 32142 35049 32062 
34187 33760 35060 31599 
33722 35168 34788 31246 
33121 36220 34337 31141 
32399 36608 33697 31217 
31611 36311 32906 31469 
30965 35443 32113 31905 
30497 34070 31365 32405 
30330 32462 30789 32990 
30460 30889 30452 33487 
30882 29627 30359 33863 
31593 28884 30587 34080 
32442 28740 31075 34077 
33316 29273 31786 33936 
34079 30316 32539 33588 
34637 31737 33310 33201 
34913 33322 33948 32750 
34927 34817 34396 32382 
34680 35980 34616 32086 
34210 36642 34567 31931 
33571 36708 34271 31897 
32886 36156 33788 31943 
32259 35113 33232 32085 
31737 33747 32682 32258 
31406 32269 32233 32468 
31255 30832 31923 32604 
31184 29659 31713 32638 
31278 28968 31718 32660 
31477 28802 31889 32664 
31765 29217 32165 32686 
32064 30077 32446 32701 
32378 31263 32697 32762 
32720 32657 32895 32889 
33063 33997 32962 33067 
33440 35184 32944 33293 
33818 36011 32833 33475 
34134 36388 32652 33603 
34414 36319 32504 33666 
34515 35728 32355 33506 
34444 34788 32283 33221 
34177 33608 32362 32841 
33690 32339 32539 32374 
33052 31147 32874 31941 
32203 30136 33168 31502 
31387 29510 33541 31297 
30655 29290 33832 31284 
30070 29454 33940 31414 
29791 30029 33887 31762 
29877 30870 33606 32228 
30310 31899 33142 32743 
31125 32993 32576 33281 
32221 34045 31920 33754 
33430 34900 31342 34076 
34660 35556 30965 34255 
35659 35881 30805 34206 
36364 35873 30940 33979 
36584 35503 31329 33585 
36263 34841 31931 33094 
35473 33936 32670 32552 
34301 32913 33470 32046 
32794 31769 34159 31558 
31304 30782 34694 31287 
29970 29969 34946 31171 
28977 29422 34914 31245 
28485 29264 34566 31491 
28615 29536 33990 31921 
29314 30195 33221 32404 
30483 31136 32387 32905 
32023 32403 31620 33433 
33628 33717 31031 33835 
35117 34950 30670 34054 
36251 35958 30588 34112 
36861 36539 30745 33960 
36860 36650 31175 33661 
36227 36208 31731 33264 
35051 35232 32331 32784 
33599 33951 32977 32381 
31949 32358 33505 31988 
30474 30830 33929 31778 
29383 29562 34226 31731 
28767 28658 34320 31794 
28799 28351 34314 32011 
29428 28675 34183 32313 
30497 29552 33893 32566 
31838 30886 33514 32763 
33344 32559 33107 32926 
34715 34221 32654 32987 
35711 35656 32187 32955 
36265 36687 31751 32855 
36310 37167 31422 32780 
35788 36978 31156 32660 
34885 36221 31074 32632 
33706 34951 31145 32677 
32420 33392 31407 32792 
31192 31710 31828 32943 
30266 30223 32396 33146 
29728 29140 33020 33324 
29557 28500 33551 33358 
29879 28518 34082 33366 
30529 29090 34402 33193 
31418 30156 34512 32918 
32459 31552 34393 32588 
33501 33116 34090 32223 
34394 34588 33578 31841 
35047 35751 32998 31585 
35417 36514 32400 31476 
35467 36776 31905 31572 
35163 36458 31500 31802 
34589 35665 31306 32202 
33740 34456 31249 32666 
32772 33011 31381 33174 
31717 31477 31630 33631 
30835 30168 32006 34012 
30165 29157 32418 34205 
29787 28648 32836 34187 
29779 28657 33212 33967 
30164 29229 33513 33525 
30919 30320 33720 33005 
31942 31704 33784 32404 
33130 33332 33788 31887 
34297 34878 33638 31425 
35251 36137 33398 31166 
35906 36953 33128 31120 
36126 37222 32824 31298 
35852 36854 32539 31663 
35147 35938 32309 32194 
34070 34519 32140 32713 
32778 32837 32039 33225 
31388 31016 31984 33642 
30274 29477 32024 33919 
29530 28397 32141 34037 
29234 27844 32262 33935 
29480 28006 32435 33710 
30180 28783 32589 33340 
31242 30169 32762 32933 
32522 31904 32890 32509 
33762 33770 33002 32131 
34746 35452 33049 31863 
35408 36787 33095 31770 
35595 37505 33083 31825 
35288 37533 33022 31970 
34604 36876 32948 32222 
33674 35666 32911 32543 
32697 34079 32890 32880 
31717 32210 32808 33063 
31105 30569 32808 33227 
30829 29253 32813 33250 
30928 28497 32805 33157 
31366 28353 32786 32977 
31987 28802 32716 32729 
32703 29861 32656 32519 
33320 31228 32534 32344 
33742 32781 32390 32227 
33866 34224 32246 32229 
33696 35369 32168 32347 
33327 36136 32199 32580 
32787 36331 32289 32826 
32223 35998 32448 33068 
31780 35232 32685 33288 
31547 34150 32922 33392 
31591 32892 33128 33362 
31911 31674 33291 33221 
32473 30733 33416 33037 
33128 30106 33414 32770 
33775 29873 33312 32457 
34294 30083 33130 32161 
34495 30684 32902 31941 
34391 31539 32647 31830 
33966 32561 32446 31872 
33244 33491 32246 32022 
32301 34257 32079 32269 
31437 34752 32042 32635 
30683 34844 32043 32995 
30226 34642 32137 33328 
30137 34126 32292 33602 
30501 33456 32535 33769 
31192 32713 32760 33742 
32209 32023 33004 33583 
33353 31491 33234 33271 
34400 31188 33364 32834 
35254 31198 33472 32397 
35810 31487 33509 32008 
35861 31938 33411 31659 
35461 32496 33235 31504 
34671 33073 32995 31524 
33557 33527 32680 31693 
32330 33865 32407 32084 
31150 33930 32164 32537 
30191 33752 31967 33020 
29543 33365 31853 33437 
29366 32856 31878 33813 
29677 32305 32014 33978 
30410 31851 32264 33967 
31402 31509 32543 33747 
32575 31401 32844 33366 
33745 31528 33117 32856 
34786 31915 33357 32352 
35569 32494 33543 31933 
35964 33129 33586 31591 
35902 33777 33496 31419 
35427 34281 33311 31461 
34645 34551 33082 31705 
33574 34471 32738 32063 
32445 34141 32447 32549 
31276 33467 32135 33003 
30268 32601 31849 33388 
29632 31737 31764 33719 
29332 30925 31746 33861 
29509 30367 31922 33851 
30101 30148 32207 33692 
31000 30310 32552 33411 
32188 30897 32979 33064 
33434 31799 33352 32627 
34643 32925 33691 32277 
35590 34048 33881 31964 
36181 35006 33889 31726 
36296 35696 33712 31633 
35954 35942 33401 31650 
35162 35697 32997 31798 
34050 35017 32531 32035 
