33531 33463 33716 32365 
33531 33463 33716 32365 
33566 33476 33649 32274 
33501 33409 33445 32208 
33327 33248 33150 32180 
33069 33002 32795 32179 
32803 32765 32464 32249 
32550 32532 32185 32392 
32330 32323 32021 32586 
32147 32138 31921 32798 
32035 32015 31922 33004 
31993 31953 32010 33215 
32028 31969 32159 33407 
32111 32042 32313 33527 
32239 32172 32488 33580 
32401 32354 32643 33553 
32601 32588 32810 33438 
32784 32821 32937 33207 
32936 33028 33031 32860 
33148 33304 33189 32565 
33332 33521 33349 32246 
33420 33625 33431 31896 
33508 33697 33532 31677 
33477 33627 33526 31533 
33373 33460 33434 31525 
33182 33192 33249 31647 
32920 32851 32953 31882 
32620 32467 32583 32193 
32363 32162 32231 32621 
32132 31880 31895 33049 
31952 31694 31635 33442 
31857 31631 31490 33747 
31940 31765 31589 34010 
32079 31947 31793 34066 
32268 32208 32105 33958 
32470 32487 32473 33690 
32704 32793 32875 33361 
32822 32987 33163 32866 
32951 33175 33403 32435 
33035 33299 33557 32061 
33073 33367 33584 31778 
33059 33328 33485 31580 
33049 33269 33342 31560 
33038 33198 33179 31696 
33035 33106 33022 31918 
33062 33032 32899 32184 
33070 32937 32799 32476 
33051 32836 32703 32738 
32984 32710 32605 32949 
32870 32580 32511 33100 
32689 32403 32346 33153 
32489 32248 32219 33174 
32259 32069 32042 33132 
32099 31972 31961 33132 
31975 31926 31907 33106 
31967 31985 31991 33126 
32048 32124 32165 33142 
32213 32347 32436 33156 
32465 32631 32771 33141 
32722 32929 33107 33032 
32983 33210 33421 32845 
33215 33458 33645 32622 
33382 33619 33761 32329 
33441 33666 33719 32019 
33440 33639 33574 31796 
33343 33487 33312 31630 
33174 33248 32976 31614 
32936 32925 32585 31708 
32749 32640 32299 32031 
32546 32328 32048 32414 
32362 32033 31865 32824 
32197 31777 31770 33226 
32118 31655 31802 33643 
32101 31647 31947 33942 
32136 31770 32156 34076 
32231 31978 32430 34042 
32353 32268 32706 33810 
32566 32671 33021 33489 
32713 33014 33236 33008 
32867 33341 33389 32469 
33087 33685 33562 32028 
33234 33879 33598 31615 
33342 33922 33548 31365 
33360 33805 33412 31277 
33330 33577 33203 31370 
33199 33245 32911 31618 
33038 32846 32621 32032 
32855 32456 32360 32500 
32655 32106 32148 32982 
32464 31822 32005 33422 
32321 31671 31966 33794 
32212 31650 31979 33955 
32174 31780 32114 33975 
32203 31986 32290 33819 
32272 32257 32504 33550 
32357 32551 32669 33176 
32475 32849 32833 32825 
32528 33026 32891 32420 
32634 33215 32957 32151 
32738 33309 33007 32001 
32813 33328 33015 31946 
32881 33275 33019 31972 
32968 33203 33057 32069 
33056 33104 33126 32217 
33130 32995 33168 32340 
33198 32902 33203 32472 
33231 32821 33176 32569 
33204 32725 33093 32607 
33149 32651 32944 32653 
33011 32556 32729 32694 
32839 32474 32488 32756 
32597 32370 32228 32831 
32355 32271 32001 32951 
32157 32242 31888 33146 
31986 32177 31832 33293 
31946 32216 31916 33453 
31944 32267 32073 33522 
32097 32412 32357 33525 
32273 32553 32656 33363 
32521 32739 32967 33126 
32774 32920 33216 32775 
33030 33089 33429 32369 
33270 33274 33577 32017 
33430 33376 33585 31685 
33490 33412 33497 31493 
33494 33406 33354 31482 
33382 33304 33125 31584 
33208 33160 32883 31848 
32972 32935 32638 32204 
32758 32740 32466 32663 
32544 32526 32342 33132 
32336 32285 32221 33506 
32158 32082 32130 33763 
32042 31906 32068 33877 
32019 31834 32065 33850 
32052 31849 32079 33678 
32127 31940 32137 33433 
32276 32128 32256 33121 
32450 32371 32421 32787 
32679 32692 32670 32497 
32877 33003 32944 32233 
33010 33251 33176 31971 
33163 33490 33431 31845 
33316 33711 33684 31832 
33373 33768 33785 31834 
33392 33722 33783 31926 
33351 33585 33651 32067 
33253 33347 33407 32270 
33084 33022 33030 32509 
32877 32657 32609 32754 
32663 32320 32214 33028 
32429 32010 31843 33274 
32217 31771 31585 33451 
32060 31665 31478 33577 
31961 31679 31525 33603 
31980 31846 31758 33566 
32071 32061 32068 33421 
32196 32319 32434 33179 
32381 32601 32795 32890 
32554 32840 33088 32574 
32746 33041 33301 32279 
32939 33227 33468 32076 
33050 33284 33478 31899 
33202 33351 33481 31900 
33293 33357 33420 31979 
33314 33308 33309 32123 
33309 33242 33208 32338 
33230 33121 33056 32541 
33153 33029 32946 32747 
33011 32900 32787 32883 
32834 32741 32609 32956 
32668 32597 32447 33017 
32510 32444 32273 33013 
32344 32280 32102 32972 
32221 32170 31974 32953 
32137 32081 31904 32913 
32095 32045 31912 32907 
32136 32080 32036 32938 
32236 32175 32230 32968 
32384 32336 32501 32989 
32557 32523 32793 32966 
32767 32779 33112 32921 
32954 33002 33357 32797 
33117 33229 33555 32637 
33247 33400 33669 32442 
33283 33470 33639 32208 
33270 33481 33516 32024 
33208 33390 33305 31910 
33048 33191 32996 31888 
32838 32912 32624 31965 
32635 32621 32285 32208 
32441 32328 31985 32561 
32278 32114 31811 32985 
32180 31963 31737 33382 
32169 31943 31833 33727 
32253 32052 32064 33952 
32383 32239 32369 33963 
32596 32516 32757 33795 
32792 32761 33084 33412 
32961 32984 33333 32885 
33078 33145 33489 32278 
33159 33260 33529 31763 
33150 33264 33439 31352 
33068 33187 33235 31141 
32941 33057 32992 31213 
32736 32846 32679 31461 
32594 32700 32456 31997 
32466 32551 32292 32595 
32397 32450 32217 33259 
32333 32354 32175 33768 
32382 32387 32259 34182 
32646 32588 32577 34263 
32772 32709 32716 33920 
32922 32840 32856 33426 
32995 32897 32916 32788 
33041 32942 32953 32144 
33043 32933 32955 31608 
32987 32869 32919 31237 
32869 32760 32860 31102 
32715 32594 32751 31191 
32589 32500 32700 31572 
32448 32385 32599 32073 
32332 32340 32544 32667 
32256 32324 32491 33244 
32246 32381 32495 33760 
32314 32534 32555 34113 
32454 32717 32665 34241 
32630 32929 32802 34128 
32805 33074 32916 33744 
33020 33255 33054 33268 
33199 33352 33156 32696 
33335 33377 33213 32132 
33401 33316 33200 31653 
33324 33133 33060 31334 
33209 32923 32871 31253 
33027 32666 32645 31399 
32815 32437 32412 31775 
32578 32221 32220 32247 
32332 32044 32059 32763 
32187 31987 32054 33351 
32079 31989 32135 33901 
32080 32130 32342 34378 
32165 32329 32598 34686 
32305 32552 32863 34686 
32431 32754 33035 34264 
32563 32914 33125 33319 
32689 33036 33135 31917 
32810 33129 33067 30190 
32878 33118 32908 28385 
32950 33096 32752 26987 
32999 33038 32635 26517 
33055 32999 32599 27377 
33040 32906 32597 29758 
33050 32882 32725 33690 
32965 32837 32862 38575 
32866 32823 33037 43478 
32734 32781 33150 47435 
32619 32729 33181 49345 
32560 32644 33097 48251 
32672 32561 32930 43799 
32917 32434 32659 36121 
33353 32338 32365 26212 
33887 32257 32076 15333 
34332 32213 31865 5617 
34494 32205 31771 329 
34227 32298 31863 77 
33412 32454 32100 6879 
31957 32655 32450 14889 
30061 32868 32868 30310 
27926 33002 33231 47829 
26084 33158 33572 64284 
24975 33261 33796 65416 
25172 33280 33833 65488 
26954 33271 33692 65530 
30355 33229 33439 65535 
35036 33215 33103 55599 
40466 33202 32695 37826 
45841 33247 32326 16669 
49977 33313 32047 657 
51936 33324 31836 102 
50989 33244 31754 41 
46679 32983 31806 16 
39156 32484 31948 6734 
29410 31777 32202 22467 
18715 30858 32471 42200 
8770 29921 32774 62426 
1312 29068 33022 65388 
99 28649 33273 65515 
56 28773 33415 65535 
7009 29657 33499 65535 
19248 31388 33512 57079 
34519 33808 33417 36444 
50282 36577 33264 12934 
64297 39346 33032 387 
65414 41653 32768 80 
65489 42995 32517 29 
65512 42902 32311 10 
65523 41107 32145 5828 
65523 37693 32082 20997 
50658 32798 32102 40655 
32073 27065 32168 60456 
13000 21517 32329 65359 
468 16958 32523 65512 
69 14258 32700 65535 
34 14143 32883 65535 
29 16910 33003 59456 
10385 22449 33087 40510 
24355 30082 33141 19418 
39932 38992 33128 991 
54213 47780 33083 110 
64244 54880 33003 52 
65463 59189 32860 40 
65514 59886 32725 5650 
58234 56429 32597 16975 
45318 48846 32468 32653 
28354 38583 32400 47742 
11392 26795 32381 60114 
425 15220 32413 65367 
77 5608 32545 65493 
45 352 32658 65506 
40 82 32821 54889 
9822 195 32975 41196 
22967 11016 33072 26355 
38205 23176 33165 12787 
52642 36937 33159 3096 
63853 50048 33070 144 
65432 60825 32895 76 
65488 65344 32690 5952 
65500 65470 32548 16103 
64519 65496 32415 27794 
48883 58239 32299 39005 
33954 48589 32280 48299 
19273 34579 32321 54376 
6832 20202 32432 56643 
286 7935 32580 55024 
82 472 32744 50345 
72 89 32885 43684 
5637 69 33036 36371 
14800 7025 33131 29555 
25543 17334 33134 24329 
36108 29299 33099 21464 
45284 41214 33000 20873 
52131 51348 32839 22250 
56109 58575 32660 25072 
56746 61416 32493 28453 
54528 59901 32367 31546 
50012 54470 32298 33864 
43943 46203 32298 35080 
37240 36419 32396 35239 
30671 26551 32552 34502 
24987 18138 32747 33263 
20648 12325 32924 32004 
18017 9889 33116 31159 
17097 10918 33212 30979 
17899 15070 33229 31625 
20125 21446 33183 32949 
23418 28919 33033 34636 
27481 36370 32862 36349 
31908 42847 32621 37701 
36017 47195 32467 38382 
39497 49117 32315 38094 
42057 48595 32246 36914 
43426 45816 32224 34908 
43445 41482 32297 32503 
42239 36369 32441 30058 
39890 31228 32591 27897 
36792 26813 32732 26387 
33361 23700 32902 25812 
30173 22255 33005 26217 
27664 22414 33057 27495 
26181 24004 33053 29467 
25921 26720 33015 31906 
26818 29873 32872 34189 
28644 32900 32749 36117 
30968 35489 32644 37493 
33327 37302 32568 38136 
35227 38160 32544 37977 
36249 38088 32606 37205 
36167 37194 32676 35920 
35041 35774 32746 34357 
33136 34129 32814 32784 
30796 32465 32811 31356 
28752 31215 32810 30397 
27377 30426 32709 29789 
27185 30253 32614 29682 
28330 30615 32495 29907 
30716 31453 32434 30443 
34023 32567 32455 31098 
37654 33740 32594 31810 
40902 34712 32787 32416 
43148 35305 33040 32909 
43722 35369 33289 33236 
42430 34887 33490 33460 
39304 33857 33563 33568 
34586 32357 33433 33606 
29212 30712 33138 33625 
23923 29126 32667 33605 
19731 27955 32153 33637 
17326 27335 31606 33614 
17359 27535 31191 33542 
19868 28580 30995 33410 
24495 30390 31090 33211 
30506 32760 31477 32943 
37129 35462 32139 32620 
43115 38025 32963 32321 
47584 40018 33802 32001 
49847 41161 34580 31780 
49549 41192 35115 31647 
46629 39941 35305 31616 
41685 37571 35124 31730 
35385 34286 34518 31907 
28776 30559 33594 32168 
22908 26888 32478 32455 
18618 23794 31313 32766 
16641 21843 30291 32968 
17137 21371 29598 33148 
19956 22533 29374 33243 
24501 25218 29681 33290 
30102 29167 30488 33288 
35684 33675 31650 33257 
40453 38130 33002 33172 
43775 41922 34331 33113 
45274 44528 35456 33077 
44755 45454 36181 33008 
42546 44595 36387 32969 
39070 42021 36016 32892 
34941 38102 35116 32742 
30833 33345 33855 32559 
27511 28582 32446 32358 
25327 24433 31072 32117 
24512 21466 29936 31872 
25058 20116 29203 31717 
26749 20668 29045 31710 
29081 22876 29397 31820 
31622 26382 30226 32078 
33943 30612 31372 32475 
35669 35028 32696 32913 
36560 38908 33928 33348 
36631 41729 34956 33717 
36027 43199 35673 33975 
34936 43178 35967 34017 
33613 41691 35796 33817 
32419 39119 35256 33453 
31583 35909 34444 32986 
31205 32512 33454 32457 
31346 29323 32414 31949 
31884 26993 31517 31591 
32631 25602 30802 31393 
33420 25288 30367 31422 
34093 26016 30239 31701 
34401 27471 30390 32119 
34317 29424 30776 32603 
33794 31468 31317 33053 
32928 33452 31990 33466 
31877 34938 32636 33708 
30899 35893 33245 33784 
30117 36254 33732 33624 
29745 36181 34148 33367 
29846 35768 34425 32996 
30414 35099 34524 32542 
31451 34477 34532 32206 
32691 33815 34310 31903 
34003 33306 33980 31810 
35130 32850 33447 31810 
35903 32509 32827 32016 
36232 32211 32173 32363 
36016 31911 31538 32771 
35270 31547 30992 33136 
34133 31191 30635 33441 
32857 30903 30559 33630 
31600 30709 30774 33631 
30550 30646 31261 33442 
29879 30832 32005 33131 
29639 31255 32838 32675 
29916 31891 33661 32252 
30558 32627 34342 31866 
31461 33421 34791 31623 
32456 34155 34920 31565 
33343 34672 34724 31691 
34013 34957 34232 31987 
34381 34962 33522 32414 
34435 34691 32710 32896 
34198 34178 31930 33354 
33791 33530 31308 33699 
33337 32874 30945 33869 
32898 32251 30861 33840 
32614 31808 31108 33628 
32544 31569 31606 33311 
32646 31545 32252 32897 
32827 31632 32888 32464 
33057 31826 33489 32070 
33221 32011 33910 31815 
33210 32127 34053 31691 
32929 32113 33884 31702 
32425 32012 33479 31871 
31774 31884 32936 32159 
31090 31766 32328 32504 
30537 31782 31836 32863 
30229 31974 31517 33193 
30299 32401 31486 33420 
30839 33080 31797 33548 
31802 33924 32351 33555 
33031 34784 33056 33421 
34344 35494 33740 33161 
35602 35978 34352 32864 
36501 35966 34643 32495 
36889 35509 34605 32219 
36615 34507 34116 31962 
35740 33090 33331 31845 
34356 31433 32322 31860 
32674 29832 31311 32031 
30960 28522 30470 32302 
29447 27691 29906 32609 
28415 27563 29820 32925 
27957 28214 30215 33203 
28277 29614 31105 33435 
29187 31500 32279 33510 
30626 33679 33598 33484 
32260 35736 34788 33300 
33918 37455 35708 33043 
35288 38457 36141 32732 
36233 38647 36053 32465 
36577 37924 35416 32233 
36355 36447 34370 32103 
35665 34392 33045 32113 
34612 32060 31661 32203 
33475 29923 30518 32416 
32385 28228 29707 32643 
31543 27271 29406 32881 
30918 27058 29527 32982 
30699 27771 30165 33035 
30803 29207 31161 33020 
31075 31080 32305 32843 
31496 33145 33467 32646 
31933 35079 34493 32435 
32264 36522 35189 32264 
32465 37279 35519 32174 
32584 37323 35470 32236 
32577 36604 35016 32386 
32572 35269 34296 32641 
32637 33643 33416 32965 
32767 31937 32497 33269 
33063 30478 31676 33524 
33455 29453 31025 33666 
33908 29064 30623 33635 
34270 29313 30447 33438 
34494 30149 30539 33093 
34527 31376 30858 32668 
34329 32882 31417 32226 
33780 34243 32073 31764 
33123 35312 32809 31510 
32286 35884 33500 31388 
31475 35890 34156 31498 
30728 35296 34605 31741 
30191 34202 34873 32133 
29957 32825 34895 32611 
30063 31390 34673 33116 
30484 30124 34166 33550 
31219 29266 33512 33915 
32160 28919 32675 34061 
33200 29329 31928 34109 
34145 30258 31202 33894 
34909 31606 30663 33516 
35424 33269 30363 33068 
35614 34898 30353 32543 
35473 36253 30675 32084 
35002 37069 31205 31645 
34276 37263 31953 31369 
33405 36780 32813 31276 
32449 35619 33645 31347 
31583 34008 34371 31595 
30879 32159 34899 32001 
30433 30378 35207 32493 
30184 28848 35183 32972 
30184 27809 34829 33417 
30484 27532 34281 33816 
30943 27947 33477 34005 
31586 29029 32590 34030 
32324 30666 31719 33911 
33068 32640 30919 33608 
33759 34555 30368 33223 
34350 36211 30088 32757 
34791 37413 30167 32316 
35080 38007 30597 31929 
35160 37836 31275 31651 
34978 36972 32120 31525 
34598 35560 33025 31568 
33994 33786 33858 31763 
33222 31881 34522 32059 
32336 30102 34948 32454 
31422 28700 35056 32848 
30612 27851 34877 33222 
29973 27672 34464 33536 
29583 28116 33817 33715 
29580 29145 33105 33763 
29894 30563 32351 33621 
30623 32244 31757 33418 
31652 33927 31290 33070 
32861 35355 31023 32652 
34135 36495 31008 32260 
35284 37104 31173 31902 
36206 37198 31522 31641 
36690 36751 32000 31583 
36727 35901 32537 31731 
36197 34662 33017 31973 
35162 33228 33391 32298 
33839 31843 33727 32777 
32265 30545 33890 33231 
30736 29522 33902 33597 
29451 28891 33779 33845 
28535 28638 33496 33867 
28165 28810 33142 33736 
28359 29399 32722 33438 
29169 30360 32336 33067 
30435 31519 32006 32638 
31995 32866 31803 32255 
33630 34155 31700 31923 
35209 35359 31788 31727 
36455 36325 32069 31756 
37164 36866 32424 31874 
37317 36980 32858 32122 
36802 36550 33244 32365 
35791 35706 33585 32700 
34385 34479 33780 32936 
32736 32971 33763 33101 
31114 31406 33558 33183 
29749 29976 33220 33207 
28794 28834 32753 33112 
28404 28178 32271 33004 
28611 28102 31878 32919 
29336 28562 31574 32814 
30546 29599 31483 32731 
32016 31090 31635 32715 
33507 32789 31961 32727 
34843 34451 32424 32738 
35850 35888 32955 32752 
36389 36905 33464 32752 
36407 37385 33863 32718 
35961 37275 34081 32686 
35076 36516 34048 32583 
33961 35276 33824 32491 
32682 33646 33387 32370 
31493 31943 32845 32287 
30587 30423 32342 32295 
29977 29224 31861 32322 
29716 28511 31517 32379 
29859 28363 31365 32522 
30351 28842 31415 32729 
31076 29779 31630 32929 
31973 31081 31991 33132 
32921 32599 32446 33333 
33843 34130 32969 33506 
34514 35326 33376 33503 
34994 36210 33737 33435 
35210 36609 33990 33282 
35110 36492 34073 33037 
34711 35844 33977 32693 
34078 34796 33733 32337 
33255 33464 33359 31979 
32377 32077 32921 31706 
31555 30776 32454 31580 
30898 29785 32021 31606 
30488 29211 31662 31762 
30363 29145 31436 32046 
30580 29601 31370 32416 
31117 30505 31481 32858 
31921 31731 31780 33303 
32838 33125 32192 33692 
33765 34476 32697 33932 
34556 35538 33213 33981 
35012 36162 33651 33842 
35143 36274 33962 33570 
34877 35827 34071 33175 
34208 34871 33946 32689 
33318 33593 33640 32256 
32281 32130 33160 31900 
31344 30756 32648 31731 
30590 29633 32117 31689 
30138 28928 31655 31810 
30166 28850 31428 32079 
30619 29371 31430 32392 
31420 30409 31674 32711 
32485 31858 32102 32979 
33565 33430 32647 33130 
34522 34980 33242 33198 
35169 36190 33747 33118 
35411 36921 34115 32967 
35216 37038 34247 32793 
34581 36506 34094 32621 
33684 35420 33753 32542 
32595 33877 33171 32482 
31530 32111 32482 32534 
30739 30463 31839 32703 
30310 29121 31295 32895 
30212 28254 30911 33049 
30595 28067 30847 33220 
31307 28562 31073 33286 
32247 29662 31561 33266 
33174 31199 32228 33100 
33984 32948 32989 32859 
34505 34635 33721 32517 
34707 36038 34360 32232 
34526 36914 34742 31950 
34073 37232 34846 31771 
33387 36896 34657 31718 
32650 35949 34154 31793 
32044 34623 33506 32014 
31628 33045 32725 32340 
31485 31412 31911 32721 
31631 30029 31215 33096 
31998 29071 30724 33421 
32480 28656 30493 33685 
32939 28753 30535 33809 
33336 29442 30884 33810 
33521 30542 31490 33690 
33489 31881 32255 33484 
33239 33289 33073 33196 
32746 34550 33803 32791 
32269 35555 34458 32449 
31799 36130 34853 32097 
31517 36240 35007 31825 
31437 35846 34843 31605 
31665 35078 34426 31547 
32110 34017 33769 31575 
32724 32823 32985 31710 
33404 31674 32183 31961 
34120 30783 31507 32350 
34616 30187 30990 32745 
34816 29962 30717 33129 
34731 30120 30707 33483 
34303 30640 30978 33765 
33623 31441 31511 33932 
32774 32349 32163 33929 
31841 33197 32813 33779 
30940 33836 33338 33455 
30292 34260 33772 33114 
29886 34343 33935 32708 
29936 34208 33953 32403 
30302 33794 33726 32113 
30991 33239 33397 31923 
31959 32671 33014 31818 
33053 32214 32695 31851 
34150 31959 32512 31966 
35043 31907 32426 32112 
35696 32080 32490 32265 
36003 32456 32656 32435 
35874 32921 32850 32597 
35333 33332 32982 32705 
34485 33671 33043 32823 
33413 33838 32985 32947 
32197 33716 32786 33064 
31055 33373 32496 33181 
30126 32859 32194 33313 
29453 32193 31876 33396 
29185 31519 31678 33435 
29414 31035 31667 33435 
29995 30729 31771 33294 
30951 30772 32089 33127 
32129 31106 32487 32832 
33442 31821 33035 32565 
34683 32716 33558 32249 
35641 33650 33966 31958 
36247 34539 34227 31749 
36417 35193 34279 31664 
36055 35489 34074 31688 
35278 35374 33682 31848 
34148 34821 33119 32104 
32802 33905 32490 32427 
