32891 32924 32724 31223 
32891 32924 32724 31223 
32628 32561 32389 31680 
32408 32272 32151 32320 
32228 32035 31974 32946 
32095 31878 31895 33490 
32078 31885 31973 33941 
32167 32004 32162 34187 
32303 32211 32410 34223 
32477 32423 32669 34004 
32661 32654 32901 33636 
32796 32829 33041 33164 
32898 32944 33109 32661 
32971 33020 33108 32227 
32979 33016 33022 31884 
32955 33004 32921 31692 
32906 32951 32811 31673 
32869 32909 32742 31800 
32875 32926 32751 32036 
32851 32944 32800 32277 
32851 32957 32860 32484 
32866 33002 32948 32696 
32847 32999 32992 32827 
32825 32947 32970 32902 
32758 32828 32880 32937 
32667 32647 32712 32928 
32590 32495 32541 33001 
32493 32292 32329 33021 
32365 32101 32118 33045 
32300 32003 32010 33101 
32291 32002 32005 33167 
32323 32109 32108 33202 
32412 32291 32318 33168 
32579 32581 32631 33098 
32754 32880 32949 32962 
32883 33107 33198 32684 
33066 33388 33461 32442 
33203 33547 33597 32173 
33273 33601 33631 31954 
33258 33517 33502 31775 
33154 33290 33231 31681 
32997 32998 32902 31757 
32821 32671 32547 31961 
32626 32366 32216 32286 
32405 32060 31916 32667 
32236 31875 31755 33106 
32101 31777 31728 33514 
32022 31785 31818 33803 
32124 32023 32145 34038 
32251 32297 32484 34048 
32448 32631 32874 33869 
32704 32984 33272 33535 
32923 33262 33527 33042 
33162 33502 33715 32530 
33334 33614 33737 32023 
33415 33595 33590 31594 
33384 33422 33309 31313 
33257 33174 32945 31223 
33027 32832 32525 31307 
32826 32556 32230 31661 
32583 32297 31991 32140 
32338 32076 31843 32634 
32204 32002 31866 33139 
32142 32027 32010 33569 
32173 32151 32262 33882 
32283 32356 32554 34012 
32445 32578 32839 33965 
32628 32805 33071 33760 
32789 32976 33207 33419 
32956 33140 33289 33039 
33096 33230 33304 32636 
33165 33233 33222 32261 
33123 33132 33066 31940 
33007 32964 32845 31704 
32830 32749 32611 31621 
32651 32557 32431 31708 
32462 32372 32270 31878 
32332 32258 32184 32153 
32258 32214 32179 32490 
32246 32235 32246 32829 
32339 32335 32404 33161 
32539 32565 32673 33495 
32753 32783 32931 33685 
32952 32986 33154 33718 
33128 33166 33320 33602 
33286 33313 33450 33388 
33316 33323 33426 33019 
33245 33249 33279 32596 
33093 33078 33039 32175 
32910 32881 32761 31863 
32625 32594 32414 31616 
32412 32383 32167 31630 
32243 32202 31985 31812 
32114 32086 31880 32083 
32114 32103 31942 32519 
32192 32188 32111 32985 
32324 32344 32338 33385 
32528 32566 32637 33686 
32771 32830 32956 33855 
32942 33011 33178 33752 
33068 33164 33350 33509 
33188 33283 33468 33150 
33236 33298 33476 32701 
33190 33242 33376 32227 
33067 33061 33162 31820 
32916 32861 32922 31587 
32736 32617 32623 31540 
32561 32381 32348 31712 
32405 32177 32107 32052 
32292 32057 31954 32493 
32246 32026 31908 32974 
32253 32102 31984 33418 
32342 32301 32195 33766 
32501 32588 32503 33948 
32684 32883 32849 33883 
32831 33128 33125 33570 
32967 33340 33366 33155 
33177 33510 33555 32167 
33172 33399 33446 31735 
33079 33170 33214 31444 
32943 32873 32913 31375 
32778 32559 32617 31533 
32619 32298 32378 31907 
32462 32081 32170 32351 
32365 31972 32070 32880 
32302 31943 32049 33367 
32343 32069 32145 33768 
32420 32262 32287 33970 
32585 32558 32518 34012 
32735 32844 32715 33819 
32861 33091 32885 33449 
32921 33253 32982 32960 
32978 33366 33071 32478 
33040 33427 33163 32047 
33000 33335 33137 31720 
32879 33107 33023 31532 
32761 32857 32900 31573 
32586 32540 32729 31787 
32499 32324 32620 32174 
32388 32102 32479 32585 
32348 32000 32414 33028 
32368 32005 32403 33427 
32447 32137 32460 33698 
32576 32349 32579 33775 
32785 32686 32784 33706 
32946 32962 32943 33431 
33111 33256 33096 33056 
33211 33446 33171 32601 
33298 33580 33214 32209 
33232 33532 33116 31841 
33094 33353 32933 31615 
32919 33117 32733 31624 
32703 32811 32496 31799 
32461 32465 32266 32053 
32292 32200 32136 32467 
32141 31984 32068 32881 
32104 31891 32129 33278 
32159 31937 32288 33595 
32310 32110 32528 33786 
32470 32334 32765 33763 
32685 32601 32997 33615 
32852 32843 33139 33342 
32974 33001 33192 32961 
33031 33103 33150 32593 
33056 33142 33049 32284 
33021 33104 32905 32055 
32933 32986 32732 31926 
32851 32883 32613 31944 
32741 32774 32528 32023 
32705 32728 32568 32220 
32710 32728 32649 32426 
32727 32767 32769 32629 
32747 32829 32887 32773 
32770 32863 32951 32839 
32807 32905 32995 32897 
32800 32880 32939 32894 
32770 32796 32825 32855 
32713 32683 32679 32830 
32629 32546 32500 32847 
32526 32378 32311 32881 
32443 32240 32178 32952 
32347 32116 32093 33011 
32355 32119 32146 33103 
32389 32213 32284 33171 
32506 32398 32532 33179 
32650 32645 32808 33121 
32788 32878 33062 32908 
32935 33108 33284 32648 
33082 33330 33452 32348 
33195 33486 33527 32088 
33198 33498 33440 31845 
33170 33429 33263 31709 
33068 33257 33005 31721 
32932 33012 32718 31857 
32815 32802 32504 32161 
32682 32555 32311 32523 
32579 32352 32226 32962 
32398 32108 32111 33308 
32347 32010 32144 33642 
32269 31948 32184 33822 
32258 31973 32274 33865 
32239 32038 32364 33725 
32295 32189 32492 33513 
32374 32377 32599 33175 
32502 32616 32739 32810 
32643 32859 32867 32416 
32815 33101 33008 32057 
33008 33329 33170 31797 
33198 33509 33320 31669 
33327 33598 33411 31649 
33432 33635 33489 31793 
33414 33527 33452 31973 
33312 33347 33307 32227 
33169 33105 33118 32563 
32913 32795 32817 32851 
32638 32463 32476 33113 
32378 32191 32176 33336 
32189 31964 31924 33471 
32031 31815 31754 33486 
32007 31813 31743 33454 
32032 31850 31836 33294 
32163 32009 32042 33118 
32340 32208 32311 32911 
32545 32441 32609 32732 
32744 32680 32899 32585 
32887 32887 33114 32483 
32957 33027 33243 32383 
33040 33192 33352 32400 
33038 33277 33356 32418 
33034 33348 33331 32464 
33006 33384 33267 32486 
32979 33358 33165 32468 
32981 33329 33097 32467 
32951 33231 32984 32390 
32936 33098 32869 32348 
32892 32910 32727 32283 
32873 32717 32608 32320 
32789 32472 32457 32392 
32708 32269 32332 32562 
32582 32057 32203 32805 
32440 31883 32092 33148 
32321 31821 32050 33615 
32254 31870 32093 34121 
32231 31989 32191 34491 
32242 32204 32350 34587 
32336 32503 32571 34214 
32474 32815 32808 33262 
32636 33100 33018 31738 
32850 33368 33235 29852 
33064 33576 33401 27976 
33251 33689 33505 26614 
33342 33654 33496 26304 
33334 33525 33410 27477 
33250 33313 33234 30354 
33003 32981 32951 34700 
32673 32635 32631 39768 
32325 32309 32338 44783 
32008 32023 32082 48473 
31822 31805 31882 49754 
31863 31718 31807 47746 
32200 31779 31865 42202 
32819 31941 32046 33589 
33675 32229 32343 22542 
34581 32580 32711 11838 
35249 32934 33078 3101 
35473 33203 33358 147 
35048 33445 33570 63 
33855 33550 33650 6649 
31962 33553 33610 19344 
29538 33443 33453 36245 
27000 33178 33156 54407 
25008 32870 32826 65168 
24048 32529 32472 65458 
24617 32265 32179 65509 
27036 32096 31960 65535 
31112 32079 31861 65535 
36499 32295 31936 50073 
42294 32623 32077 30344 
47725 33113 32338 9024 
51412 33540 32554 278 
52563 33920 32806 69 
50478 33996 32966 29 
44802 33725 33039 9 
36256 33117 33061 12046 
25766 32156 33039 29725 
14863 30967 33004 50206 
5074 29654 32900 65034 
250 28700 32888 65466 
69 28248 32887 65532 
65 28532 32921 65535 
11509 29746 32983 65535 
25024 31810 33045 48809 
40708 34562 33056 26342 
56353 37578 32989 3001 
65241 40493 32859 162 
65461 42610 32676 52 
65502 43445 32434 18 
65521 42658 32207 7 
65526 40023 32013 11864 
63203 35811 31939 29353 
43669 30343 31906 49300 
24114 24507 32076 64853 
5440 19023 32333 65459 
166 15102 32642 65525 
44 13470 32967 65535 
30 14682 33284 65535 
3775 18862 33527 51293 
16420 25757 33630 30925 
31354 34259 33644 10150 
46565 43277 33505 305 
59301 51577 33289 74 
65365 57949 33027 44 
65503 60681 32720 40 
65520 59448 32435 9542 
54091 54029 32184 23225 
37979 44806 31989 39049 
20661 33381 31905 53457 
4420 21052 31873 64018 
162 9908 31988 65451 
56 1508 32145 65503 
40 109 32355 65361 
2708 68 32605 51180 
15112 5658 32903 36664 
29396 15904 33149 21881 
44729 29081 33399 9166 
58080 42843 33543 1112 
65278 55402 33632 101 
65470 64637 33582 77 
65496 65440 33471 8402 
65499 65481 33206 18628 
57427 65496 32955 30081 
43559 57168 32622 40729 
28206 43879 32328 49149 
13723 28844 32049 54297 
2731 14922 31896 55617 
132 3903 31850 53449 
73 161 31900 48570 
77 73 32053 41995 
8658 98 32293 35244 
18490 10098 32546 29265 
29343 21133 32840 24994 
39874 33638 33079 22742 
48429 45246 33270 22596 
54313 54539 33396 24072 
57089 60268 33458 26520 
56596 61601 33353 29203 
53304 58521 33204 31564 
47897 51840 32975 33069 
41255 42601 32702 33612 
34306 32398 32481 33351 
27744 22539 32294 32536 
22478 14900 32214 31636 
18784 10302 32185 31016 
16914 9263 32269 31001 
16916 11806 32456 31793 
18605 17310 32671 33205 
21595 24583 32868 34995 
25473 32513 33045 36799 
29860 39886 33185 38265 
34234 45752 33201 38929 
38145 49261 33163 38708 
41187 50135 33011 37485 
43115 48480 32787 35422 
43783 44691 32572 32830 
43068 39499 32392 30152 
41143 33885 32256 27867 
38287 28639 32223 26281 
34842 24429 32263 25651 
31330 21856 32408 26115 
28394 21157 32566 27466 
26410 22196 32772 29532 
25581 24549 32942 31887 
26051 27792 33113 34197 
27557 31278 33190 36054 
29869 34554 33205 37256 
32464 37123 33126 37704 
34763 38698 33005 37399 
36317 39128 32810 36452 
36806 38550 32588 35102 
36131 37123 32403 33629 
34338 35144 32233 32275 
31915 33076 32137 31288 
29402 31256 32178 30786 
27353 29945 32287 30720 
26308 29276 32485 31035 
26750 29469 32763 31612 
28667 30340 33029 32211 
31792 31670 33249 32666 
35726 33296 33388 32879 
39629 34794 33390 32812 
42816 35925 33261 32521 
44598 36492 33049 32086 
44435 36282 32708 31604 
42225 35350 32387 31299 
38169 33819 32121 31261 
32791 31804 31947 31487 
26943 29690 31944 32041 
21508 27806 32119 32829 
17702 26561 32489 33738 
16036 26108 32890 34551 
17007 26699 33323 35171 
20595 28370 33711 35484 
26092 30802 33869 35369 
32705 33809 33797 34860 
39426 36884 33457 34038 
45296 39659 32866 32959 
49269 41640 32166 31896 
50695 42451 31507 31009 
49390 41875 30969 30354 
45562 39916 30696 30026 
39738 36724 30802 30081 
33033 32818 31308 30502 
26439 28673 32142 31159 
20987 24873 33158 31956 
17393 21961 34219 32717 
16360 20570 35128 33406 
17790 20846 35689 33864 
21368 22862 35815 34124 
26537 26418 35389 34159 
32276 30952 34475 34002 
37595 35790 33198 33736 
41817 40253 31762 33454 
44460 43739 30439 33222 
45079 45700 29331 32988 
43837 45821 28781 32869 
41057 44082 28849 32791 
37278 40723 29494 32724 
33069 36075 30747 32674 
29322 31024 32299 32559 
26589 26339 33894 32404 
25093 22618 35281 32158 
25017 20417 36341 31927 
26218 20035 36873 31702 
28216 21454 36734 31534 
30665 24467 36052 31512 
33073 28481 34896 31629 
35028 32936 33365 31874 
36185 37062 31785 32221 
36517 40410 30386 32729 
36028 42467 29306 33271 
34922 43017 28709 33784 
33555 42172 28722 34231 
32184 40035 29268 34488 
31151 37029 30331 34562 
30668 33724 31657 34390 
30773 30605 33116 33989 
31446 28089 34481 33410 
32517 26459 35555 32676 
33740 25959 36259 31967 
34795 26440 36403 31294 
35460 27739 36068 30804 
35582 29479 35261 30514 
35145 31440 34169 30533 
34120 33166 32879 30766 
32780 34510 31633 31309 
31285 35322 30568 32056 
29947 35543 29837 32822 
29018 35325 29543 33592 
28632 34771 29657 34204 
28941 34094 30267 34636 
29872 33472 31115 34770 
31230 33031 32140 34621 
32862 32831 33159 34251 
34457 32785 34035 33669 
35739 32884 34629 33038 
36566 33015 34904 32425 
36794 33074 34873 31887 
36388 32981 34521 31510 
35460 32708 33944 31334 
34206 32300 33294 31381 
32769 31785 32630 31556 
31422 31282 32058 31812 
30387 30936 31681 32110 
29723 30771 31491 32375 
29600 30959 31581 32657 
29908 31380 31820 32837 
30597 32024 32176 32981 
31482 32765 32576 33079 
32419 33493 32933 33144 
33207 34083 33169 33157 
33831 34491 33323 33227 
34119 34610 33299 33266 
34128 34454 33133 33295 
33930 34113 32890 33319 
33572 33587 32545 33243 
33222 33058 32249 33140 
32938 32564 31977 32939 
32825 32227 31847 32722 
32874 32051 31860 32452 
33046 32000 32011 32159 
33284 32092 32322 31952 
33464 32207 32723 31796 
33487 32268 33188 31741 
33280 32235 33634 31774 
32859 32108 34012 31940 
32245 31892 34224 32183 
31529 31655 34235 32501 
30794 31472 33967 32817 
30255 31449 33497 33119 
30020 31655 32874 33399 
30197 32160 32189 33637 
30825 32894 31538 33780 
31797 33731 30982 33741 
33044 34663 30681 33674 
34369 35423 30639 33483 
35561 35917 30897 33196 
36384 35921 31409 32812 
36719 35457 32150 32423 
36504 34537 33006 32067 
35643 33122 33808 31665 
34343 31550 34499 31431 
32828 30072 35013 31391 
31211 28800 35190 31434 
29783 28056 35026 31659 
28826 27997 34570 32046 
28430 28661 33859 32512 
28606 29921 32950 32950 
29381 31690 31986 33389 
30642 33708 31152 33766 
32080 35586 30491 33975 
33561 37102 30132 34036 
34808 37939 30031 33902 
35682 38017 30306 33671 
36044 37255 30821 33322 
35919 35794 31627 32931 
35362 33878 32537 32543 
34564 31841 33512 32246 
33574 29897 34350 31947 
32626 28404 35043 31786 
31845 27619 35436 31702 
31374 27710 35526 31763 
31175 28525 35281 31863 
31186 29955 34701 32002 
31409 31843 33918 32224 
31667 33721 32957 32397 
31918 35407 31990 32629 
32129 36621 31132 32866 
32225 37145 30445 33091 
32254 36951 30018 33274 
32268 36073 29888 33431 
32355 34687 30140 33583 
32509 33043 30657 33646 
32752 31392 31383 33603 
33141 30070 32300 33514 
33601 29196 33222 33300 
34045 28989 34068 33030 
34410 29437 34742 32695 
34609 30432 35165 32322 
34561 31815 35319 31959 
34264 33290 35177 31667 
33687 34643 34737 31492 
32924 35610 34072 31462 
32027 36057 33214 31556 
31156 35870 32327 31810 
30508 35167 31537 32230 
30035 33945 30827 32647 
29928 32451 30360 33143 
30192 31026 30195 33577 
30820 29889 30368 33918 
31733 29216 30836 34104 
32795 29146 31580 34086 
33852 29728 32491 33906 
34736 30787 33382 33530 
35322 32202 34166 33029 
35603 33770 34780 32495 
35494 35188 35071 31976 
35035 36229 35038 31534 
34349 36795 34719 31332 
33438 36674 34046 31280 
32501 35936 33214 31435 
31655 34706 32334 31767 
31044 33209 31578 32260 
30585 31503 30942 32726 
30433 30047 30646 33217 
30493 28900 30618 33576 
30752 28309 30907 33810 
31231 28362 31521 33882 
31804 29054 32291 33790 
32383 30253 33076 33540 
32969 31790 33783 33216 
33499 33483 34297 32802 
33944 35021 34510 32400 
34323 36274 34458 32123 
34546 36990 34088 31896 
34593 37090 33423 31764 
34547 36652 32720 31850 
34332 35679 32013 32043 
33956 34337 31426 32328 
33414 32761 31071 32645 
32781 31249 31018 32942 
32076 29976 31273 33172 
31388 29079 31809 33327 
30800 28699 32538 33391 
30371 28830 33302 33301 
30138 29414 33986 33103 
30180 30381 34462 32851 
30562 31604 34661 32584 
31209 32890 34499 32322 
32117 34100 34047 32165 
33115 35065 33321 32083 
34200 35790 32493 32153 
35150 36181 31725 32350 
35875 36144 31105 32599 
36213 35749 30727 32864 
36103 35029 30638 33093 
35553 34072 30871 33238 
34630 33010 31425 33312 
33381 31898 32138 33237 
32016 30910 32992 33118 
30668 30067 33719 32871 
29558 29518 34320 32620 
28870 29333 34717 32406 
28681 29507 34807 32229 
29006 29985 34549 32108 
29844 30771 34065 32100 
31087 31824 33390 32206 
32587 32985 32600 32384 
34069 34145 31852 32642 
35362 35161 31232 32907 
36266 35913 30806 33135 
36708 36328 30707 33311 
36577 36312 30867 33393 
35935 35882 31333 33365 
34888 35073 32019 33239 
33515 33942 32765 33015 
32099 32614 33477 32707 
30836 31322 34120 32420 
29879 30160 34529 32155 
29296 29268 34665 31944 
29214 28831 34508 31853 
29655 28918 34145 31906 
30443 29474 33543 32056 
31532 30511 32900 32348 
32759 31820 32200 32677 
33901 33273 31629 33040 
34788 34596 31183 33295 
35424 35716 31018 33530 
35661 36422 31033 33587 
35506 36617 31305 33536 
34972 36260 31724 33366 
34136 35382 32206 33091 
33149 34154 32747 32808 
32116 32704 33203 32502 
31200 31279 33591 32298 
30534 30085 33885 32183 
30150 29236 33996 32154 
30130 28925 33998 32224 
30445 29145 33841 32315 
31066 29902 33623 32462 
31950 31076 33354 32605 
32870 32458 33024 32673 
33766 33867 32675 32697 
34533 35112 32343 32678 
35051 36044 32042 32636 
35241 36468 31803 32577 
35093 36348 31637 32570 
34625 35720 31610 32616 
33907 34683 31712 32750 
33010 33316 31890 32895 
32084 31885 32185 33120 
31204 30517 32540 33335 
30555 29480 32931 33501 
30128 28858 33222 33488 
30079 28791 33481 33392 
30409 29301 33652 33180 
31084 30329 33676 32835 
32020 31701 33593 32465 
33054 33268 33412 32102 
34054 34747 33129 31765 
34929 36014 32843 31570 
35505 36826 32566 31529 
35714 37097 32383 31677 
35475 36740 32240 31936 
34811 35769 32193 32303 
33807 34305 32217 32753 
32643 32610 32270 33184 
31455 30871 32343 33572 
30444 29344 32398 33851 
29710 28220 32445 33973 
29427 27722 32476 33935 
29632 27913 32528 33746 
30289 28800 32585 33456 
31334 30326 32685 33025 
32579 32206 32842 32630 
33822 34160 33019 32222 
34848 35906 33167 31829 
35608 37318 33362 31607 
35884 38064 33482 31513 
35677 38068 33530 31574 
35044 37310 33476 31748 
34110 35927 33340 32026 
32978 34052 33099 32352 
31876 32013 32768 32707 
31009 30117 32450 33079 
30441 28546 32099 33383 
30258 27610 31817 33603 
30501 27434 31647 33744 
31053 27984 31616 33780 
31839 29172 31720 33644 
32646 30842 31954 33445 
33378 32741 32300 33168 
33909 34559 32697 32854 
34095 36049 33051 32462 
34011 37001 33380 32149 
33654 37315 33611 31903 
33169 36973 33716 31788 
32635 36002 33673 31788 
32226 34633 33542 31940 
31998 33039 33298 32200 
31996 31490 33004 32485 
32248 30197 32697 32796 
32695 29363 32450 33076 
33197 29064 32252 33253 
33658 29319 32155 33324 
33985 30116 32180 33304 
34005 31180 32239 33142 
33726 32418 32360 32903 
33206 33619 32508 32666 
32469 34607 32611 32415 
31699 35258 32720 32309 
31001 35467 32758 32250 
30560 35286 32773 32341 
30432 34708 32764 32522 
30703 33834 32746 32763 
31348 32892 32757 32997 
32229 31932 32730 33159 
33309 31235 32815 33312 
34328 30766 32863 33286 
35151 30662 32942 33164 
35619 30852 32984 32936 
35687 31353 33012 32629 
35320 32068 33013 32326 
34591 32842 33004 32118 
33530 33508 32895 31937 
32338 34029 32752 31896 
31171 34272 32586 32003 
30237 34214 32434 32239 
29634 33861 32284 32537 
29445 33316 32200 32876 
29651 32614 32113 33154 
30331 31992 32202 33441 
31299 31494 32375 33600 
32494 31259 32634 33633 
33685 31328 32923 33520 
34714 31642 33173 33242 
35514 32229 33399 32923 
35953 32923 33518 32557 
35958 33638 33509 32230 
35525 34223 33342 31937 
34753 34560 33082 31768 
33683 34589 32732 31748 
32550 34315 32421 31897 
31409 33696 32125 32121 
30406 32838 31891 32386 
29763 31960 31876 32774 
29502 31142 32001 33109 
29641 30527 32213 33356 
30217 30227 32524 33524 
31112 30325 32873 33566 
32228 30799 33159 33451 
33390 31660 33411 33283 
34473 32713 33528 33048 
35316 33777 33498 32758 
35822 34728 33340 32464 
35931 35407 33102 32248 
35567 35695 32776 32089 
34815 35495 32420 32005 
33766 34856 32091 32045 
