32466 32089 31888 33319 
32466 32089 31888 33319 
32439 32092 31835 33614 
32433 32152 31876 33757 
32432 32257 32004 33767 
32454 32415 32216 33645 
32471 32558 32446 33410 
32489 32682 32682 33103 
32535 32807 32903 32788 
32538 32833 33033 32437 
32592 32887 33141 32194 
32682 32925 33226 32048 
32822 32982 33276 32009 
32957 33054 33296 32038 
33107 33123 33286 32130 
33232 33189 33256 32241 
33281 33178 33152 32296 
33312 33177 33073 32389 
33250 33099 32937 32456 
33102 32950 32765 32507 
32898 32750 32573 32573 
32667 32549 32382 32718 
32412 32315 32169 32854 
32182 32103 31990 33037 
32008 31951 31858 33248 
31913 31877 31813 33448 
31982 31960 31929 33643 
32079 32089 32096 33685 
32273 32314 32367 33647 
32549 32625 32734 33481 
32800 32909 33065 33157 
33026 33185 33366 32733 
33241 33432 33607 32278 
33419 33636 33786 31868 
33451 33649 33753 31463 
33412 33585 33624 31267 
33301 33413 33378 31249 
33139 33161 33082 31428 
32927 32841 32730 31751 
32718 32518 32405 32235 
32507 32208 32106 32753 
32255 31884 31825 33251 
32113 31718 31693 33727 
32014 31680 31665 34063 
32006 31784 31789 34243 
32080 31999 32009 34234 
32191 32261 32273 34001 
32410 32651 32663 33673 
32655 33023 33030 33228 
32868 33311 33341 32651 
33124 33589 33655 32131 
33287 33696 33787 31640 
33390 33681 33794 31313 
33437 33577 33690 31175 
33366 33338 33440 31199 
33196 33007 33074 31372 
33008 32688 32697 31758 
32816 32397 32364 32259 
32602 32160 32080 32827 
32372 31958 31847 33311 
32251 31925 31798 33754 
32162 31953 31843 34050 
32139 32100 31993 34158 
32229 32327 32240 34097 
32347 32558 32499 33858 
32509 32787 32766 33459 
32676 32995 33014 32985 
32810 33112 33166 32458 
32964 33240 33310 32041 
33044 33259 33352 31685 
33051 33178 33272 31462 
33019 33051 33129 31430 
32931 32888 32939 31566 
32793 32675 32701 31851 
32699 32530 32526 32282 
32601 32398 32375 32745 
32509 32308 32280 33165 
32468 32283 32266 33519 
32521 32361 32389 33779 
32591 32467 32548 33843 
32734 32663 32778 33766 
32848 32842 32973 33503 
32950 32989 33127 33113 
32992 33104 33206 32651 
33032 33200 33236 32208 
32980 33174 33133 31794 
32886 33102 32968 31555 
32734 32931 32729 31506 
32611 32737 32486 31645 
32483 32554 32284 31979 
32431 32411 32162 32416 
32397 32290 32104 32884 
32392 32223 32115 33319 
32473 32268 32254 33693 
32576 32370 32451 33895 
32691 32485 32675 33897 
32767 32613 32877 33709 
32827 32724 33020 33395 
32830 32792 33082 32987 
32804 32834 33092 32561 
32764 32859 33069 32189 
32703 32852 32998 31883 
32671 32852 32913 31734 
32653 32858 32851 31707 
32691 32891 32822 31831 
32760 32933 32824 32037 
32852 32975 32838 32309 
32966 33029 32870 32629 
33010 33018 32831 32870 
33024 32956 32749 33067 
32984 32857 32637 33230 
32894 32719 32503 33297 
32736 32530 32347 33279 
32552 32342 32200 33171 
32391 32198 32146 33060 
32271 32107 32150 32911 
32218 32094 32249 32790 
32212 32142 32399 32644 
32352 32362 32689 32617 
32472 32550 32921 32541 
32673 32813 33163 32532 
32849 33048 33327 32517 
33063 33310 33460 32552 
33200 33465 33480 32559 
33275 33524 33397 32553 
33243 33448 33197 32525 
33184 33327 32997 32553 
33015 33061 32689 32541 
32843 32782 32432 32596 
32605 32427 32163 32630 
32406 32127 31989 32727 
32229 31882 31890 32818 
32132 31752 31894 32899 
32139 31790 32050 33002 
32222 31953 32279 33042 
32382 32225 32584 33046 
32584 32566 32907 32981 
32839 32951 33223 32873 
33021 33275 33443 32717 
33216 33573 33608 32567 
33328 33740 33647 32436 
33323 33729 33512 32321 
33254 33603 33289 32293 
33107 33360 33003 32341 
32864 32992 32635 32422 
32646 32632 32324 32570 
32448 32316 32117 32769 
32260 32016 31960 32911 
32151 31821 31920 33040 
32128 31750 31991 33090 
32223 31839 32176 33110 
32381 32034 32423 33042 
32593 32337 32713 32940 
32809 32659 32972 32756 
32985 32973 33167 32565 
33112 33250 33281 32407 
33139 33417 33263 32286 
33101 33463 33160 32253 
32957 33336 32944 32286 
32795 33160 32738 32433 
32611 32898 32525 32640 
32461 32640 32377 32887 
32354 32403 32300 33094 
32354 32269 32355 33270 
32465 32254 32525 33366 
32625 32328 32765 33316 
32828 32500 33029 33176 
33003 32700 33234 32911 
33150 32908 33380 32608 
33204 33050 33378 32270 
33193 33158 33275 32015 
33059 33143 33012 31835 
32826 33021 32647 31752 
32614 32869 32286 31878 
32410 32655 31986 32129 
32239 32442 31782 32476 
32142 32250 31715 32851 
32135 32153 31836 33223 
32250 32182 32133 33562 
32422 32289 32493 33764 
32651 32472 32910 33814 
32887 32718 33299 33679 
33086 32969 33603 33433 
33219 33151 33743 33039 
33301 33316 33770 32655 
33299 33371 33636 32245 
33193 33310 33351 31900 
33026 33166 32987 31696 
32775 32905 32554 31618 
32535 32637 32171 31725 
32291 32334 31841 31954 
32074 32002 31661 32690 
32096 31981 31801 33065 
32214 32069 32069 33385 
32430 32282 32451 33627 
32710 32582 32876 33720 
32936 32846 33246 33600 
33157 33110 33557 33367 
33318 33342 33759 33054 
33376 33457 33778 32670 
33315 33450 33642 32275 
33179 33351 33388 31993 
32939 33128 32995 31799 
32699 32871 32608 31794 
32496 32629 32274 31952 
32344 32407 32022 32228 
32240 32214 31854 32575 
32238 32116 31837 32926 
32310 32122 31944 33239 
32419 32187 32132 33434 
32604 32355 32407 33546 
32786 32576 32708 33504 
32895 32742 32951 33283 
32990 32943 33172 32998 
32973 33041 33277 32609 
32965 33139 33350 32292 
32884 33148 33311 32041 
32777 33086 33204 31888 
32638 32951 32996 31882 
32549 32783 32785 32026 
32480 32603 32561 32302 
32466 32445 32366 32652 
32486 32336 32237 33015 
32511 32246 32164 33291 
32599 32264 32200 33512 
32734 32395 32362 33610 
32881 32599 32596 33563 
33010 32832 32856 33376 
33061 32996 33032 33019 
33089 33164 33197 32626 
33080 33293 33309 32273 
33025 33316 33304 31956 
32864 33186 33158 31686 
32709 33011 32959 31637 
32543 32776 32716 31729 
32396 32529 32459 31968 
32322 32330 32297 32338 
32294 32181 32179 32756 
32286 32085 32122 33140 
32367 32108 32174 33507 
32516 32244 32326 33859 
32688 32447 32524 34125 
32883 32699 32763 34325 
33025 32934 32966 34364 
33104 33086 33090 34089 
33155 33215 33184 33489 
33086 33241 33184 32390 
33031 33238 33166 30926 
32900 33113 33048 29204 
32708 32913 32859 27548 
32500 32662 32630 26447 
32371 32471 32463 26459 
32267 32283 32328 27874 
32190 32157 32234 30840 
32169 32128 32246 35241 
32196 32203 32333 40505 
32296 32396 32529 45493 
32414 32616 32720 49138 
32596 32855 32922 50382 
32879 33067 33078 48289 
33314 33262 33214 42699 
33820 33335 33207 33920 
34418 33346 33179 23130 
34983 33251 33052 11640 
35291 33050 32860 2481 
35212 32827 32672 135 
34551 32571 32471 63 
33255 32371 32366 5692 
31332 32169 32273 17925 
29058 32091 32285 34255 
26721 32045 32341 52201 
24831 32099 32477 65058 
23989 32252 32665 65448 
24591 32419 32828 65506 
26865 32617 32928 65535 
30788 32872 32975 65535 
36038 33130 32921 51601 
41691 33435 32804 32203 
47023 33747 32674 11235 
50917 33998 32543 349 
52507 34148 32486 76 
50860 34060 32470 31 
45932 33758 32606 11 
37924 33160 32798 10440 
27838 32232 33003 27582 
16849 31068 33232 48395 
7186 29930 33425 64816 
651 28894 33474 65445 
87 28291 33390 65522 
54 28368 33176 65535 
9331 29241 32795 65535 
22096 31050 32420 50463 
37313 33550 32021 28843 
53079 36492 31736 5478 
64976 39435 31589 197 
65439 41804 31620 57 
65494 43084 31836 22 
65516 42884 32195 7 
65526 40950 32648 9889 
65468 37215 33128 27029 
47290 32160 33542 46815 
28024 26447 33838 64431 
9354 20919 33967 65437 
262 16428 33891 65512 
55 14080 33635 65535 
32 14470 33309 65535 
66 17778 32869 53548 
13869 23998 32392 33416 
28710 32219 32034 12280 
43975 41086 31748 391 
57251 49486 31605 80 
65120 56069 31635 48 
65490 59678 31817 41 
65519 59365 32105 8452 
56047 54967 32446 21790 
40967 46924 32854 37160 
23249 35705 33198 52267 
6702 23503 33503 63344 
215 12289 33687 65435 
63 3683 33790 65502 
41 174 33699 65367 
191 73 33522 51219 
13727 4556 33184 36686 
27714 14212 32877 21980 
42655 26767 32553 9492 
56575 40733 32266 1229 
65157 53660 32029 99 
65463 63483 31863 79 
65494 65413 31857 8708 
65500 65476 31972 19167 
57148 65495 32183 30999 
45606 57966 32447 41802 
30344 45175 32713 50164 
15914 30717 32921 55025 
4193 16506 33067 56069 
168 5168 33110 53443 
74 205 33046 48086 
72 77 32956 41231 
7343 73 32837 34023 
16785 9063 32694 27924 
27510 19901 32674 23718 
37988 32089 32712 21729 
47020 44093 32828 21930 
53376 53751 32988 23829 
56703 59982 33151 26690 
56941 61994 33298 29797 
54248 59550 33360 32434 
49322 53332 33302 34063 
43009 44385 33101 34583 
36062 34146 32769 34078 
29286 23994 32386 32949 
23610 15812 32023 31701 
19441 10560 31727 30800 
16972 8824 31524 30549 
16449 10796 31526 31201 
17681 15791 31713 32664 
20392 22850 32080 34649 
24250 30976 32539 36747 
28711 38656 33093 38502 
33298 44851 33551 39443 
37569 48947 33949 39421 
41083 50446 34131 38213 
43379 49321 34102 36054 
44307 45970 33884 33209 
43826 41080 33503 30170 
41944 35346 33027 27364 
39062 29893 32546 25371 
35560 25381 32109 24450 
31904 22305 31745 24690 
28576 21003 31554 26185 
26194 21555 31498 28604 
25144 23575 31604 31462 
25430 26600 31828 34396 
26890 30037 32105 36896 
29288 33480 32474 38756 
31996 36325 32828 39596 
34527 38262 33170 39445 
36378 39164 33468 38375 
37156 39000 33667 36527 
36749 37976 33807 34368 
35215 36309 33825 32196 
32905 34368 33734 30338 
30325 32462 33546 29027 
28081 30905 33304 28386 
26740 29921 32963 28401 
26689 29591 32567 28995 
28142 29995 32220 30069 
30908 30906 31882 31312 
34572 32204 31613 32562 
38346 33542 31472 33575 
41535 34674 31422 34244 
43551 35391 31521 34552 
43800 35541 31749 34514 
42002 35012 32093 34218 
38373 33841 32464 33755 
33401 32225 32877 33283 
27817 30397 33301 32887 
22518 28657 33699 32629 
18619 27391 34003 32541 
16828 26902 34224 32613 
17524 27322 34292 32760 
20770 28750 34219 32922 
26142 31031 33957 33019 
32603 33860 33544 32998 
39228 36798 32997 32813 
45051 39482 32369 32524 
49172 41507 31728 32170 
50675 42307 31121 31793 
49485 41761 30668 31512 
45724 39824 30438 31409 
39819 36564 30460 31486 
32970 32552 30830 31775 
26185 28290 31506 32241 
20479 24355 32364 32762 
16772 21429 33358 33338 
15540 19934 34314 33808 
17023 20327 35110 34165 
20792 22512 35608 34286 
26254 26306 35673 34152 
32275 31113 35320 33854 
38026 36300 34543 33365 
42630 41053 33452 32828 
45517 44758 32218 32252 
46354 46827 31045 31802 
45143 46933 30117 31495 
42157 44993 29536 31369 
37946 41221 29448 31442 
33219 36066 29902 31704 
29003 30611 30751 32080 
25810 25523 31955 32535 
23975 21469 33209 32945 
23667 19040 34404 33300 
24810 18697 35327 33570 
27048 20350 35833 33666 
29839 23642 35844 33604 
32739 28221 35387 33431 
35140 33137 34529 33158 
36722 37749 33361 32787 
37396 41498 32185 32457 
37175 43894 31145 32204 
36146 44520 30361 31986 
34671 43483 29970 31882 
33082 41041 30004 31903 
31641 37460 30442 32004 
30767 33618 31205 32257 
30476 29943 32122 32529 
30793 26969 33076 32847 
31571 25004 33882 33141 
32582 24301 34431 33369 
33638 24847 34738 33597 
34409 26344 34678 33654 
34779 28550 34360 33612 
34665 30989 33859 33465 
34064 33332 33233 33181 
33038 35186 32550 32765 
31904 36499 32013 32364 
30838 37088 31649 31983 
30011 36937 31435 31595 
29684 36366 31497 31429 
29886 35447 31731 31396 
30558 34389 32081 31515 
31660 33451 32512 31834 
32975 32710 32906 32237 
34256 32203 33235 32722 
35340 31945 33461 33234 
36016 31861 33523 33714 
36134 31839 33413 34019 
35756 31859 33205 34189 
34893 31759 32862 34146 
33701 31614 32495 33913 
32370 31405 32118 33506 
31149 31215 31863 33026 
30235 31125 31757 32518 
29733 31208 31856 32047 
29651 31442 32063 31605 
30067 31922 32429 31373 
30818 32555 32901 31330 
31783 33253 33364 31430 
32776 33960 33766 31678 
33685 34550 34071 32070 
34317 34925 34165 32507 
34594 35017 34021 32903 
34557 34825 33653 33266 
34210 34358 33111 33535 
33757 33742 32485 33697 
33223 33030 31821 33720 
32797 32358 31251 33609 
32512 31796 30869 33429 
32391 31354 30703 33124 
32440 31155 30809 32831 
32625 31168 31255 32576 
32801 31288 31889 32356 
32909 31487 32685 32191 
32858 31718 33492 32111 
32587 31874 34208 32073 
32216 32037 34784 32138 
31729 32170 35093 32244 
31265 32317 35071 32353 
30944 32540 34725 32445 
30892 32891 34124 32571 
31124 33315 33281 32618 
31721 33903 32344 32721 
32606 34508 31476 32815 
33605 35021 30743 32887 
34623 35370 30253 32967 
35487 35452 30102 33056 
35967 35104 30277 33080 
36009 34379 30804 33104 
35533 33265 31602 33073 
34553 31853 32533 32974 
33296 30455 33518 32928 
31807 29113 34309 32785 
30436 28216 34926 32709 
29301 27832 35225 32623 
28655 28124 35163 32574 
28563 29090 34753 32540 
29078 30686 34074 32529 
30119 32665 33245 32536 
31539 34804 32367 32516 
33109 36721 31575 32503 
34592 38162 31007 32455 
35767 38891 30708 32416 
36486 38736 30666 32337 
36683 37736 30950 32309 
36321 35987 31437 32308 
35519 33762 32095 32386 
34355 31324 32719 32501 
33088 29075 33358 32732 
31845 27361 33822 32961 
30838 26418 34109 33217 
30188 26383 34192 33446 
29932 27279 34119 33626 
30042 28971 33849 33681 
30460 31128 33474 33573 
31076 33467 33032 33354 
31790 35618 32592 33022 
32467 37298 32183 32615 
33045 38238 31860 32221 
33453 38277 31642 31853 
33687 37506 31578 31598 
33794 36075 31652 31498 
33796 34174 31850 31571 
33742 32182 32130 31782 
33724 30393 32477 32121 
33649 29008 32801 32481 
33581 28265 33077 32874 
33563 28298 33344 33286 
33464 29006 33523 33612 
33279 30258 33579 33800 
33004 31818 33569 33859 
32632 33424 33456 33778 
32139 34792 33249 33522 
31643 35763 33010 33222 
31252 36206 32770 32880 
30996 36008 32534 32513 
30968 35320 32375 32218 
31056 34134 32159 31886 
31411 32756 32037 31704 
31930 31434 31981 31634 
32566 30386 32009 31704 
33252 29755 32126 31883 
33909 29648 32313 32139 
34386 30108 32539 32456 
34684 31027 32824 32814 
34727 32239 33084 33105 
34518 33580 33319 33360 
34122 34811 33491 33533 
33560 35657 33548 33580 
32948 36053 33495 33543 
32309 35848 33282 33402 
31711 35083 32934 33183 
31249 33890 32494 32926 
30962 32452 32071 32691 
30877 31038 31766 32530 
30956 29787 31581 32376 
31185 28943 31588 32281 
31557 28706 31846 32272 
32026 29103 32289 32286 
32569 30074 32868 32320 
33064 31456 33424 32314 
33609 33117 33976 32349 
34053 34734 34294 32344 
34384 36080 34354 32349 
34600 36992 34125 32364 
34660 37320 33640 32450 
34527 36972 32939 32570 
34255 36061 32186 32759 
33801 34624 31445 32989 
33174 32910 30879 33186 
32501 31201 30651 33405 
31764 29679 30719 33527 
31053 28564 31149 33579 
30473 27984 31854 33507 
30068 28023 32695 33308 
29937 28654 33559 33033 
30075 29798 34276 32677 
30584 31302 34754 32330 
31367 32970 34896 32041 
32381 34518 34673 31796 
33520 35855 34181 31706 
34672 36807 33452 31751 
35617 37233 32643 31879 
36307 37151 31864 32104 
36561 36547 31227 32364 
36330 35488 30832 32686 
35618 34139 30734 32969 
34499 32640 30919 33255 
33040 31142 31338 33476 
31501 29853 31953 33613 
30074 28887 32658 33667 
28907 28363 33312 33619 
28245 28335 33923 33456 
28164 28808 34292 33211 
28710 29738 34450 32901 
29851 31017 34401 32586 
31355 32496 34103 32242 
33106 34009 33602 31921 
34770 35344 33020 31702 
36178 36429 32419 31626 
37140 37105 31920 31713 
37427 37206 31465 31847 
37121 36856 31276 32136 
36183 35955 31258 32482 
34792 34651 31451 32846 
33084 33056 31782 33186 
31394 31440 32213 33460 
29955 29996 32726 33664 
28901 28856 33201 33728 
28360 28130 33573 33610 
28500 28064 33866 33420 
29198 28588 33954 33135 
30378 29645 33901 32818 
31796 31099 33686 32473 
33289 32764 33375 32199 
34666 34411 32961 31996 
35655 35741 32480 31858 
36250 36741 32053 31890 
36331 37170 31703 32031 
35872 36988 31461 32233 
34987 36203 31385 32471 
33909 35019 31526 32765 
32734 33565 31857 33042 
31628 32031 32295 33244 
30771 30635 32861 33399 
30176 29504 33363 33370 
29979 28908 33823 33268 
30144 28826 34136 33093 
30625 29270 34236 32852 
31314 30140 34116 32583 
32169 31317 33796 32358 
33013 32665 33334 32201 
33779 33943 32731 32111 
34393 35035 32123 32148 
34737 35781 31633 32286 
34855 36136 31343 32525 
34723 36007 31240 32761 
34333 35443 31389 33007 
33756 34548 31710 33171 
33042 33389 32157 33260 
32311 32180 32684 33249 
31611 31025 33180 33133 
31039 30104 33562 32934 
30701 29540 33827 32698 
30603 29415 33892 32455 
30796 29758 33778 32257 
31266 30481 33524 32122 
31961 31519 33178 32103 
32750 32755 32764 32188 
33560 33995 32349 32364 
34286 35050 32031 32632 
34776 35806 31816 32916 
34959 36113 31729 33180 
34836 35926 31848 33407 
34415 35284 32116 33530 
33690 34264 32452 33487 
32859 33013 32859 33339 
31940 31665 33198 33012 
31138 30462 33482 32636 
30620 29599 33645 32255 
30396 29154 33646 31893 
30493 29182 33463 31625 
30940 29738 33160 31541 
31702 30758 32780 31645 
32608 32066 32421 31935 
33469 33447 32104 32318 
34201 34751 31878 32778 
34682 35784 31800 33268 
34805 36382 31858 33675 
34642 36504 32105 33997 
34134 36048 32414 34072 
33462 35138 32788 33980 
32632 33809 33099 33649 
31909 32362 33380 33226 
31381 30983 33529 32717 
31159 29888 33566 32235 
31166 29119 33400 31735 
31486 28902 33151 31387 
32015 29226 32848 31228 
32605 30052 32551 31280 
33183 31226 32305 31547 
33598 32600 32084 31939 
33782 33946 31994 32433 
33678 35035 32005 32952 
33342 35777 32104 33435 
32874 36068 32305 33851 
32358 35867 32576 34123 
31952 35236 32848 34215 
31686 34255 33068 34074 
31725 33124 33275 33809 
31979 31920 33360 33338 
32498 30974 33409 32849 
33104 30301 33343 32303 
33738 30030 33213 31821 
34195 30129 32984 31391 
34391 30590 32736 31139 
34285 31353 32523 31114 
33866 32298 32354 31284 
33179 33229 32219 31622 
32313 34053 32156 32118 
31502 34643 32208 32691 
30815 34910 32304 33252 
30415 34841 32453 33746 
30372 34478 32652 34136 
30734 33829 32811 34297 
31398 33002 32901 34221 
32288 32180 32922 33955 
33283 31476 32919 33568 
34200 30944 32819 33062 
34890 30709 32720 32565 
35282 30789 32627 32143 
35286 31165 32575 31805 
34912 31785 32562 31576 
34200 32537 32610 31541 
33349 33312 32762 31669 
32394 33970 32899 31856 
31532 34427 33095 32119 
30841 34615 33254 32401 
30449 34491 33329 32670 
30368 34093 33324 32882 
30573 33468 33222 33036 
31055 32716 33006 33130 
31747 32011 32734 33183 
32547 31445 32452 33210 
33292 31074 32146 33156 
33988 31023 31932 33125 
34535 31303 31859 33129 
34779 31788 31832 33072 
34780 32408 31936 33026 
34533 33107 32139 32972 
34017 33665 32357 32874 
33354 34053 32615 32785 
32580 34123 32832 32636 
31790 33903 33019 32485 
31110 33448 33176 32348 
30624 32839 33296 32240 
30410 32212 33403 32188 
30484 31640 33455 32151 
30897 31316 33508 32198 
31577 31247 33495 32234 
32487 31498 33465 32350 
33414 32005 33348 32441 
34329 32690 33138 32550 
34998 33400 32854 32654 
35400 34066 32519 32776 
35447 34510 32167 32912 
35041 34626 31762 33006 
34348 34439 31482 33135 
33379 33922 31314 33247 
