32519 32293 32206 33988 
32519 32293 32206 33988 
32582 32534 32479 33775 
32630 32771 32766 33348 
32627 32917 32969 32825 
32617 32996 33105 32294 
32606 33049 33186 31866 
32578 33057 33193 31594 
32564 32984 33114 31531 
32594 32920 33008 31674 
32667 32850 32906 31963 
32806 32823 32857 32351 
32950 32815 32828 32741 
33092 32831 32820 33060 
33197 32827 32823 33254 
33267 32867 32844 33334 
33254 32875 32833 33270 
33126 32806 32747 33045 
32972 32756 32666 32842 
32731 32627 32529 32596 
32480 32495 32385 32444 
32217 32322 32216 32350 
32020 32191 32100 32391 
31949 32134 32085 32585 
31974 32160 32139 32802 
32087 32233 32290 33017 
32315 32429 32533 33201 
32623 32696 32847 33311 
32907 32970 33140 33239 
33133 33197 33353 33014 
33324 33389 33518 32718 
33428 33506 33573 32399 
33444 33514 33514 32095 
33315 33384 33319 31848 
33169 33207 33096 31773 
32948 32937 32808 31833 
32706 32630 32514 32028 
32528 32399 32303 32431 
32350 32150 32100 32817 
32184 31935 31929 33160 
32129 31855 31898 33504 
32144 31873 31947 33742 
32222 32002 32099 33858 
32360 32221 32323 33792 
32517 32486 32582 33562 
32685 32793 32862 33248 
32829 33040 33105 32796 
32972 33288 33332 32347 
33108 33491 33516 31951 
33151 33542 33568 31620 
33164 33520 33523 31468 
33108 33356 33368 31434 
32888 32874 32838 31918 
32775 32632 32560 32339 
32687 32442 32338 32836 
32560 32240 32108 33271 
32471 32117 31974 33641 
32431 32091 31954 33897 
32455 32154 32054 33985 
32493 32268 32228 33896 
32553 32406 32434 33631 
32619 32589 32675 33261 
32658 32731 32881 32828 
32699 32861 33047 32357 
32745 32980 33182 31985 
32772 33057 33238 31696 
32820 33140 33265 31609 
32830 33117 33174 31630 
32847 33088 33070 31841 
32807 32963 32874 32097 
32738 32811 32643 32440 
32691 32654 32474 32832 
32625 32493 32321 33170 
32573 32368 32244 33437 
32533 32282 32238 33585 
32559 32318 32354 33650 
32613 32404 32521 33567 
32727 32589 32764 33388 
32818 32736 32949 33071 
32919 32892 33093 32708 
33031 33057 33223 32376 
33096 33164 33248 32077 
33095 33183 33172 31866 
33063 33149 33050 31810 
32928 33010 32831 31857 
32750 32822 32594 32014 
32563 32626 32403 32308 
32393 32431 32265 32641 
32255 32273 32178 32973 
32133 32148 32145 33211 
32124 32141 32213 33406 
32238 32255 32384 33515 
32403 32434 32587 33494 
32668 32693 32850 33399 
32890 32911 33036 33165 
33121 33129 33207 32915 
33299 33287 33309 32631 
33408 33376 33349 32376 
33383 33313 33265 32147 
33277 33175 33106 32014 
33068 32943 32878 31994 
32819 32650 32607 32063 
32553 32402 32378 32276 
32282 32146 32161 32513 
32092 31993 32039 32788 
31983 31923 32019 33026 
31999 32016 32130 33239 
32150 32247 32360 33369 
32388 32545 32655 33371 
32666 32891 32964 33275 
32897 33172 33204 33015 
33152 33467 33424 32757 
33373 33675 33573 32484 
33447 33708 33559 32234 
33417 33585 33398 32039 
33273 33336 33157 31968 
33053 32980 32812 32019 
32807 32595 32459 32215 
32587 32260 32188 32517 
32388 31963 31971 32843 
32228 31764 31862 33131 
32161 31711 31879 33352 
32209 31862 32069 33516 
32310 32075 32327 33514 
32445 32372 32621 33396 
32582 32648 32870 33141 
32683 32922 33066 32834 
32753 33115 33154 32502 
32818 33269 33186 32278 
32835 33325 33132 32113 
32836 33300 33047 32076 
32834 33230 32948 32161 
32823 33088 32841 32279 
32859 32972 32815 32478 
32902 32860 32831 32662 
32959 32772 32879 32800 
33006 32706 32925 32870 
33038 32664 32953 32888 
33013 32597 32932 32811 
32948 32567 32843 32735 
32838 32521 32697 32663 
32683 32465 32494 32626 
32494 32368 32265 32614 
32375 32342 32110 32720 
32227 32289 31977 32846 
32161 32295 31965 33037 
32204 32380 32073 33226 
32289 32485 32296 33333 
32467 32663 32616 33356 
32667 32853 32946 33248 
32850 33009 33232 32966 
33037 33188 33473 32642 
33233 33375 33670 32337 
33325 33447 33697 32001 
33315 33438 33591 31764 
33251 33341 33384 31661 
33082 33141 33077 31695 
32855 32876 32728 31888 
32657 32604 32421 32234 
32490 32352 32180 32679 
32312 32092 31973 33087 
32209 31903 31856 33483 
32145 31783 31799 33765 
32179 31816 31882 33935 
32286 31951 32052 33909 
32422 32167 32274 33732 
32578 32439 32534 33420 
32790 32806 32874 33058 
32915 33081 33124 32556 
33075 33421 33426 32154 
33194 33668 33633 31837 
33228 33763 33714 31593 
33201 33736 33686 31502 
33133 33605 33552 31583 
33022 33355 33316 31774 
32878 33044 33010 32061 
32701 32655 32626 32372 
32567 32317 32289 32753 
32447 32040 32008 33112 
32348 31824 31801 33399 
32345 31771 31766 33642 
32374 31829 31843 33773 
32413 31970 32007 33739 
32500 32215 32272 33618 
32610 32508 32591 33406 
32700 32768 32857 33129 
32706 32935 33015 32754 
32727 33059 33119 32430 
32745 33144 33173 32185 
32738 33136 33133 32003 
32746 33100 33076 31946 
32765 33055 33008 31991 
32808 33000 32945 32109 
32833 32937 32888 32253 
32904 32922 32893 32444 
32974 32927 32932 32626 
32995 32903 32948 32726 
33001 32870 32945 32770 
32941 32793 32886 32735 
32882 32734 32822 32727 
32761 32605 32685 32685 
32646 32473 32531 32707 
32518 32331 32334 32753 
32419 32211 32163 32867 
32316 32087 32007 32996 
32305 32089 31983 33207 
32330 32140 32042 33370 
32412 32290 32220 33499 
32537 32512 32489 33512 
32658 32744 32773 33392 
32771 32998 33065 33136 
32866 33223 33299 32751 
32989 33460 33520 32363 
33010 33546 33561 31907 
33070 33590 33553 31598 
33073 33504 33388 31398 
33043 33325 33169 31374 
33015 33070 32920 31575 
32928 32765 32670 31905 
32881 32502 32485 32391 
32770 32219 32303 32895 
32649 31963 32181 33373 
32510 31802 32089 33740 
32388 31736 32060 33978 
32271 31788 32072 34020 
32205 31922 32136 33908 
32150 32129 32215 33619 
32189 32414 32371 33290 
32278 32732 32548 32900 
32423 33036 32758 32512 
32628 33342 33001 32179 
32836 33546 33196 31879 
33078 33712 33436 31757 
33301 33771 33612 31715 
33444 33685 33658 31773 
33549 33542 33659 31910 
33494 33263 33488 32079 
33363 32932 33233 32275 
33158 32588 32900 32533 
32919 32287 32552 32861 
32604 31982 32164 33215 
32301 31777 31829 33641 
32070 31687 31628 34061 
31940 31763 31604 34378 
31905 31920 31717 34382 
31938 32128 31935 33875 
32088 32406 32244 32835 
32268 32672 32552 31315 
32517 32926 32897 29599 
32703 33067 33095 27993 
32880 33177 33255 27084 
32996 33219 33321 27425 
33064 33205 33333 29276 
33084 33174 33303 32645 
33061 33155 33274 37145 
32934 33070 33159 42046 
32847 33056 33119 46235 
32775 33018 33046 48587 
32797 32974 32982 48211 
32945 32926 32894 44489 
33250 32807 32761 37309 
33699 32677 32622 27731 
34205 32527 32455 17105 
34589 32336 32250 7362 
34670 32111 32030 659 
34314 31952 31891 88 
33358 31828 31786 124 
31850 31825 31831 12375 
29865 31916 31985 27216 
27655 32100 32230 45109 
25753 32383 32567 62663 
24602 32725 32953 65375 
24654 33049 33294 65492 
26324 33404 33597 65526 
29729 33702 33782 65535 
34429 33971 33852 58289 
39934 34146 33784 41123 
45378 34235 33569 20352 
49926 34261 33287 1066 
52284 34096 32905 122 
51760 33728 32470 43 
47922 33183 32097 16 
40734 32398 31783 7920 
30997 31391 31598 19908 
20158 30246 31531 39413 
9840 29135 31628 60110 
1864 28253 31858 65341 
111 27834 32234 65513 
58 28040 32608 65535 
5550 29078 33028 65535 
16951 30953 33409 60134 
31864 33567 33657 39304 
47665 36582 33797 15842 
62612 39594 33792 513 
65383 42134 33642 93 
65483 43662 33375 33 
65510 43689 33018 10 
65523 41970 32660 6049 
65523 38537 32347 18922 
53556 33645 32118 37970 
35121 27730 31960 58074 
15860 21943 31956 65307 
747 17045 32031 65500 
83 13952 32166 65535 
35 13445 32380 65535 
29 15885 32585 61730 
8679 21148 32769 42673 
22159 28694 32918 21770 
37984 37916 33062 1599 
52539 46828 33071 125 
63237 54201 33028 55 
65442 58938 32921 39 
65512 60152 32837 4650 
62919 57169 32719 15589 
47285 50260 32681 30817 
30579 40338 32636 46201 
13532 28704 32676 59137 
630 17028 32765 65333 
87 7026 32878 65490 
46 720 32961 65509 
38 91 33030 57352 
8641 100 33054 43669 
21516 9914 33038 28652 
36541 21568 32956 14496 
51162 35046 32800 3956 
62887 48195 32634 170 
65412 59322 32464 78 
65486 65267 32281 4584 
65498 65459 32169 13813 
65423 65490 32125 25288 
50971 61671 32144 36694 
36196 49932 32269 46372 
21325 36293 32458 53093 
8335 21962 32656 56089 
449 9641 32870 55208 
88 1035 33003 51138 
71 99 33091 44940 
5192 71 33121 37708 
13093 5839 33072 30901 
23529 15599 33030 25711 
34230 27398 32942 22579 
43796 39579 32897 21691 
51344 50439 32843 22712 
55882 58146 32865 25139 
57279 61905 32883 28087 
55732 61301 32907 30847 
51570 56569 32925 32982 
45568 48463 32855 34003 
38790 38619 32764 34011 
31977 28350 32610 33240 
25802 19196 32395 32122 
20850 12399 32204 31142 
17620 9024 32017 30715 
16245 9255 31932 31090 
16674 12776 31943 32262 
18743 18900 32103 34067 
22142 26620 32337 36126 
26360 34474 32669 38001 
30980 41483 33038 39268 
35550 46775 33381 39622 
39551 49711 33659 38890 
42587 50044 33781 37035 
44295 47957 33775 34414 
44576 43978 33625 31396 
43413 38825 33367 28478 
40939 33220 32996 26049 
37582 28168 32560 24553 
33885 24328 32221 24327 
30306 22014 31902 25246 
27316 21392 31675 27242 
25443 22437 31588 29969 
24924 24720 31654 32904 
25725 27812 31849 35694 
27630 31156 32186 37938 
30180 34251 32553 39299 
32916 36724 32972 39688 
35182 38229 33343 39082 
36653 38771 33668 37684 
36924 38340 33842 35710 
36015 37136 33843 33484 
34151 35494 33699 31432 
31718 33664 33377 29747 
29322 32025 32965 28665 
27517 30765 32507 28267 
26863 30129 32080 28518 
27595 30097 31744 29263 
29735 30680 31609 30397 
32941 31655 31637 31620 
36668 32930 31926 32836 
40182 34094 32355 33752 
42797 34969 32874 34372 
43849 35347 33365 34590 
43025 35152 33796 34530 
40177 34284 33961 34183 
35755 32907 33873 33753 
30198 31148 33480 33291 
24621 29407 32896 32971 
20019 27954 32157 32740 
17227 27131 31490 32688 
16767 27108 30966 32714 
18940 28057 30730 32805 
23411 29867 30879 32878 
29508 32370 31418 32877 
36284 35255 32288 32763 
42754 38163 33367 32514 
47727 40496 34453 32212 
50487 41895 35317 31859 
50609 42083 35857 31581 
48013 40902 35903 31446 
42955 38357 35390 31480 
36460 34791 34385 31710 
29468 30681 33033 32129 
23017 26588 31526 32667 
18181 23126 30109 33255 
15612 20820 28969 33781 
15752 20189 28388 34140 
18402 21352 28457 34312 
23039 24221 29186 34255 
28906 28385 30510 33962 
35078 33337 32195 33452 
40450 38289 33996 32893 
44355 42530 35651 32303 
46358 45497 36951 31833 
46184 46672 37603 31434 
44021 45844 37551 31294 
40413 43168 36809 31377 
35977 38975 35434 31617 
31473 33906 33692 32029 
27482 28575 31760 32475 
24765 23925 30022 32978 
23522 20582 28660 33348 
23801 19019 27906 33628 
25375 19443 27872 33780 
27853 21702 28464 33685 
30775 25521 29734 33532 
33498 30150 31296 33224 
35683 34918 33030 32879 
37040 39225 34633 32527 
37499 42466 35921 32234 
37034 44162 36689 31989 
35963 44220 36907 31901 
34516 42695 36553 31918 
33032 39915 35721 32059 
31781 36314 34547 32254 
31000 32432 33204 32514 
30828 28993 31966 32791 
31185 26350 30928 33032 
31884 24790 30186 33165 
32778 24487 29841 33250 
33613 25317 29874 33234 
34192 27047 30221 33131 
34414 29342 30841 33033 
34119 31784 31564 32843 
33464 33944 32331 32699 
32557 35613 33030 32582 
31519 36600 33575 32470 
30601 36907 33984 32403 
29974 36594 34231 32387 
29780 35839 34312 32416 
30071 34830 34260 32471 
30822 33836 34098 32557 
31922 32965 33811 32614 
33199 32336 33472 32692 
34447 32046 33107 32788 
35461 31991 32741 32879 
36099 32086 32370 32956 
36240 32246 32024 32990 
35892 32368 31766 33017 
35098 32361 31582 32984 
33981 32215 31514 32890 
32727 31943 31575 32750 
31504 31638 31798 32604 
30515 31389 32114 32428 
29896 31277 32499 32301 
29659 31344 32892 32194 
29866 31622 33232 32150 
30455 32149 33554 32235 
31265 32763 33718 32389 
32171 33415 33745 32587 
33013 34023 33621 32827 
33688 34427 33371 33033 
34166 34645 33052 33239 
34328 34585 32676 33338 
34274 34300 32348 33372 
34033 33817 32068 33306 
33703 33222 31898 33159 
33379 32648 31860 32980 
33149 32157 31984 32789 
32994 31775 32217 32578 
32981 31601 32571 32434 
32976 31560 32912 32293 
32981 31636 33204 32208 
32905 31772 33419 32165 
32731 31921 33519 32177 
32359 31992 33402 32187 
31907 32049 33161 32229 
31391 32110 32851 32313 
30933 32185 32486 32409 
30642 32338 32182 32556 
30621 32637 32022 32735 
30922 33042 31999 32913 
31520 33533 32114 33081 
32454 34106 32401 33277 
33552 34644 32809 33455 
34647 35016 33197 33570 
35538 35120 33514 33579 
36106 34860 33676 33473 
36211 34261 33644 33296 
35747 33257 33358 32982 
34814 32063 32908 32619 
33589 30869 32416 32288 
32110 29764 31864 31920 
30719 29010 31452 31661 
29568 28742 31220 31493 
28901 29097 31307 31494 
28798 30046 31690 31654 
29272 31429 32289 31947 
30237 33102 32998 32328 
31433 34704 33645 32698 
32833 36098 34232 33140 
34111 37011 34556 33524 
35111 37317 34581 33849 
35718 36931 34322 34012 
35854 35892 33781 34018 
35543 34353 33056 33853 
34924 32591 32269 33585 
34106 30854 31581 33246 
33174 29397 31000 32780 
32357 28495 30723 32326 
31747 28260 30743 31927 
31344 28677 31034 31565 
31194 29752 31583 31350 
31256 31234 32289 31303 
31468 32941 33043 31431 
31685 34482 33681 31648 
31911 35696 34190 32008 
32114 36470 34555 32495 
32241 36559 34639 32990 
32314 36018 34489 33464 
32384 34958 34126 33844 
32538 33587 33632 34091 
32704 32087 32996 34133 
32989 30757 32340 34038 
33339 29783 31684 33767 
33696 29292 31120 33380 
34013 29367 30666 32867 
34253 30078 30502 32435 
34321 31168 30571 32034 
34175 32511 30875 31710 
33821 33905 31474 31554 
33288 35052 32249 31523 
32665 35856 33150 31680 
31972 36107 34047 31910 
31360 35837 34878 32214 
30889 34998 35476 32521 
30670 33837 35757 32831 
30665 32427 35632 33031 
30922 31059 35141 33187 
31446 29918 34288 33269 
32084 29171 33171 33251 
32783 28997 31962 33201 
33473 29417 30809 33155 
34043 30330 29844 33073 
34436 31636 29192 33006 
34611 33156 29016 32964 
34539 34585 29267 32889 
34274 35772 29987 32821 
33843 36554 31056 32730 
33352 36767 32374 32632 
32862 36394 33747 32526 
32348 35453 34985 32370 
31907 34071 35977 32200 
31590 32518 36568 32104 
31423 30987 36730 32047 
31363 29664 36369 32043 
31333 28712 35525 32075 
31472 28376 34359 32261 
31654 28602 32950 32480 
31887 29379 31481 32752 
32189 30671 30176 33055 
32534 32217 29143 33363 
32952 33829 28615 33604 
33398 35284 28591 33754 
33863 36417 29111 33771 
34286 37058 30120 33653 
34583 37103 31461 33372 
34763 36606 32989 33017 
34701 35588 34430 32597 
34408 34231 35645 32183 
33857 32666 36447 31811 
33073 31121 36754 31550 
32143 29803 36461 31440 
31191 28869 35694 31478 
30344 28441 34565 31697 
29747 28569 33245 32063 
29447 29174 31863 32458 
29617 30234 30707 32902 
30227 31572 29894 33333 
31196 33032 29485 33659 
32469 34428 29524 33840 
33831 35558 29981 33864 
35113 36348 30732 33749 
36138 36666 31634 33526 
36706 36486 32636 33208 
36714 35841 33506 32865 
36142 34832 34181 32551 
35100 33624 34639 32302 
33695 32325 34840 32135 
32081 31045 34810 32043 
30544 29991 34524 31993 
29299 29276 34127 32032 
28556 29002 33647 32122 
28363 29151 33101 32200 
28825 29768 32610 32310 
29861 30714 32167 32411 
31272 31916 31809 32508 
32942 33227 31547 32606 
34497 34477 31419 32727 
35812 35520 31439 32887 
36679 36223 31547 33051 
36974 36505 31781 33252 
36630 36292 32086 33439 
35752 35634 32419 33585 
34443 34587 32757 33636 
32909 33284 33054 33585 
31335 31836 33322 33420 
30025 30510 33492 33137 
29165 29504 33571 32797 
28841 28922 33561 32410 
29065 28821 33466 32006 
29815 29263 33304 31659 
30960 30185 33093 31422 
32263 31381 32851 31349 
33584 32794 32647 31468 
34722 34158 32453 31756 
35513 35305 32305 32156 
35888 36101 32198 32646 
35802 36443 32188 33181 
35317 36257 32224 33642 
34482 35599 32310 33973 
33503 34621 32496 34192 
32447 33336 32643 34123 
31545 32079 32823 33934 
30856 30897 32932 33524 
30402 29947 32938 32970 
30299 29398 32932 32423 
30507 29336 32888 31928 
30952 29710 32781 31522 
31597 30471 32693 31343 
32311 31507 32601 31356 
33049 32746 32578 31559 
33723 33936 32620 31951 
34255 34940 32718 32409 
34608 35684 32884 32904 
34691 35972 33001 33316 
34574 35848 33125 33654 
34256 35291 33199 33824 
33712 34366 33149 33767 
33076 33227 33040 33587 
32372 32005 32821 33259 
31699 30884 32597 32877 
31141 30009 32334 32467 
30781 29493 32114 32123 
30603 29369 31906 31850 
30734 29764 31851 31791 
31165 30550 31903 31897 
31812 31642 32070 32162 
32579 32918 32342 32524 
33429 34175 32705 32929 
34173 35233 33047 33287 
34747 35999 33413 33559 
35059 36324 33742 33687 
35042 36131 33922 33603 
34729 35498 34005 33383 
34068 34419 33886 32985 
33180 33041 33573 32484 
32260 31665 33171 32037 
31382 30383 32662 31667 
30715 29422 32136 31481 
30318 28875 31612 31460 
30279 28898 31254 31659 
30630 29499 31099 32064 
31306 30565 31205 32565 
32180 31938 31519 33102 
33129 33467 32080 33615 
33977 34914 32695 33968 
34616 36091 33381 34123 
34900 36726 33951 34041 
34839 36796 34331 33776 
34444 36269 34448 33352 
33737 35188 34256 32857 
32898 33724 33796 32354 
32078 32120 33149 31949 
31413 30583 32432 31703 
31006 29343 31737 31633 
30949 28618 31219 31746 
31227 28512 30994 31983 
31764 29037 31094 32284 
32437 30130 31486 32597 
33105 31572 32105 32849 
33689 33249 32861 33032 
34005 34753 33578 33068 
34040 35948 34184 33026 
33838 36678 34549 32931 
33334 36752 34549 32748 
32766 36231 34235 32617 
32224 35215 33674 32569 
31780 33829 32904 32583 
31599 32311 32116 32714 
31716 30890 31421 32936 
32024 29736 30884 33127 
32538 29133 30727 33363 
33123 29083 30871 33500 
33604 29528 31281 33467 
33962 30476 31970 33303 
34052 31743 32776 33045 
33781 33046 33493 32609 
33288 34283 34109 32169 
32640 35234 34497 31763 
31931 35828 34627 31485 
31312 35914 34429 31348 
30957 35559 34031 31436 
30872 34798 33432 31692 
31112 33741 32752 32106 
31682 32566 32097 32637 
32471 31475 31574 33207 
33270 30539 31169 33676 
34065 29990 31060 34076 
34691 29856 31200 34286 
34948 30099 31503 34228 
34943 30790 32033 34024 
34568 31729 32596 33609 
33876 32778 33141 33075 
32981 33774 33601 32473 
32081 34603 33956 31953 
31253 35089 34095 31508 
30647 35211 34037 31245 
30289 34928 33775 31167 
30275 34273 33351 31282 
30626 33430 32903 31610 
31253 32526 32452 32048 
32147 31727 32111 32600 
33049 31088 31832 33081 
33897 30766 31726 33484 
34586 30809 31783 33797 
35064 31197 32005 33963 
35205 31799 32268 33920 
35072 32580 32616 33763 
34596 33317 32924 33477 
33873 33911 33138 33100 
33016 34270 33273 32707 
32146 34352 33315 32368 
31298 34075 33237 32053 
30646 33563 33080 31859 
30210 32854 32832 31749 
30080 32116 32581 31798 
30305 31463 32397 31989 
30811 31002 32248 32239 
31559 30846 32205 32544 
32508 31057 32285 32885 
33467 31535 32454 33187 
34401 32315 32708 33434 
35138 33178 32977 33549 
35549 33998 33212 33500 
35646 34643 33395 33334 
35357 35009 33479 33067 
34680 35024 33416 32722 
33723 34649 33265 32373 
