32975 33030 33135 32557 
32975 33030 33135 32557 
32962 32988 33230 32746 
32866 32875 33196 32789 
32789 32764 33122 32819 
32677 32634 32958 32817 
32523 32462 32698 32761 
32456 32365 32483 32836 
32332 32208 32192 32857 
32245 32089 31939 32938 
32254 32070 31818 33101 
32320 32124 31799 33279 
32400 32209 31878 33364 
32549 32411 32099 33440 
32710 32633 32410 33384 
32897 32905 32789 33223 
33006 33099 33117 32916 
33122 33289 33452 32560 
33218 33435 33705 32206 
33248 33484 33827 31877 
33196 33437 33786 31610 
33065 33274 33598 31486 
32914 33082 33320 31542 
32726 32825 32958 31738 
32506 32533 32534 32042 
32363 32316 32176 32508 
32204 32093 31833 32955 
32090 31931 31595 33384 
32057 31869 31519 33749 
32121 31927 31624 34018 
32256 32088 31878 34107 
32486 32324 32260 34037 
32722 32616 32678 33779 
32948 32898 33104 33378 
33150 33144 33462 32869 
33314 33352 33725 32335 
33434 33513 33891 31842 
33433 33535 33845 31406 
33357 33472 33655 31163 
33170 33281 33317 31077 
32970 33075 32934 31245 
32701 32797 32512 31578 
32468 32550 32172 32102 
32263 32329 31910 32686 
32144 32176 31774 33286 
32072 32084 31776 33802 
32113 32093 31922 34171 
32191 32147 32161 34322 
32367 32301 32467 34280 
32538 32450 32758 34005 
32713 32611 33006 33564 
32835 32713 33118 33032 
32910 32789 33147 32478 
32966 32838 33102 32016 
32967 32882 33001 31681 
32923 32867 32837 31497 
32911 32909 32746 31543 
32910 32977 32732 31741 
32886 33017 32738 31978 
32912 33093 32845 32309 
32940 33140 32975 32612 
32912 33122 33056 32817 
32908 33082 33142 32970 
32856 32979 33123 33027 
32791 32848 33038 33061 
32689 32657 32832 33023 
32585 32463 32594 32987 
32455 32275 32311 32967 
32357 32118 32056 32968 
32232 31977 31846 32969 
32194 31960 31776 33029 
32220 32028 31847 33093 
32308 32196 32050 33119 
32437 32416 32344 33091 
32637 32695 32714 32988 
32853 32967 33090 32833 
33014 33193 33390 32556 
33206 33420 33647 32309 
33324 33540 33764 32072 
33355 33559 33735 31880 
33341 33508 33596 31807 
33230 33343 33339 31806 
33097 33141 33038 31964 
32884 32871 32689 32211 
32671 32588 32369 32542 
32485 32329 32126 32931 
32274 32084 31923 33280 
32126 31889 31816 33563 
32045 31807 31814 33775 
31997 31776 31873 33830 
32067 31911 32062 33777 
32186 32100 32286 33565 
32388 32387 32584 33275 
32638 32733 32902 32896 
32880 33054 33195 32469 
33127 33371 33441 32065 
33330 33602 33629 31738 
33485 33755 33722 31536 
33510 33745 33666 31485 
33444 33621 33497 31605 
33268 33369 33223 31852 
33055 33072 32913 32223 
32772 32708 32551 32637 
32531 32404 32266 33082 
32306 32122 32014 33441 
32136 31900 31868 33702 
32065 31810 31842 33836 
32099 31855 31951 33829 
32228 31998 32148 33674 
32371 32210 32380 33395 
32578 32478 32658 33026 
32804 32787 32944 32690 
32974 33023 33146 32295 
33095 33232 33306 32019 
33148 33356 33367 31818 
33158 33392 33353 31756 
33048 33308 33208 31789 
32909 33134 32996 31933 
32700 32901 32721 32153 
32548 32686 32490 32491 
32420 32481 32307 32839 
32343 32315 32194 33146 
32341 32242 32186 33430 
32443 32259 32306 33634 
32606 32382 32519 33719 
32788 32564 32778 33661 
32965 32745 33017 33453 
33118 32931 33232 33135 
33213 33104 33395 32756 
33234 33196 33421 32327 
33171 33234 33356 31979 
33017 33145 33152 31692 
32803 32971 32839 31556 
32576 32779 32521 31609 
32222 32356 31986 32147 
32152 32213 31859 32584 
32165 32149 31876 33026 
32288 32197 32030 33446 
32468 32346 32301 33748 
32677 32535 32639 33906 
32885 32743 32969 33873 
32998 32894 33193 33646 
33067 33019 33347 33311 
33088 33113 33407 32937 
33010 33093 33311 32523 
32940 33054 33168 32219 
32777 32929 32925 31946 
32669 32796 32727 31824 
32610 32697 32582 31862 
32597 32638 32527 32016 
32642 32626 32566 32256 
32707 32634 32660 32476 
32799 32678 32780 32705 
32895 32749 32924 32900 
32940 32795 32987 33003 
32938 32806 32979 33016 
32883 32799 32868 32985 
32805 32771 32710 32931 
32696 32724 32506 32874 
32540 32623 32272 32801 
32398 32527 32078 32769 
32286 32457 31968 32788 
32198 32377 31957 32813 
32237 32389 32105 32900 
32347 32454 32381 33012 
32550 32574 32762 33078 
32791 32753 33170 33121 
32995 32889 33502 33023 
33195 33033 33748 32867 
33330 33170 33860 32660 
33432 33278 33811 32435 
33395 33279 33571 32191 
33264 33195 33203 31976 
33056 33047 32764 31850 
32861 32922 32392 31890 
32622 32716 32047 32008 
32420 32540 31842 32249 
32199 32322 31722 32507 
32079 32192 31777 32835 
32016 32090 31914 33143 
32028 32057 32124 33432 
32098 32075 32375 33616 
32268 32201 32645 33761 
32447 32341 32856 33747 
32658 32533 33041 33624 
32908 32786 33199 33416 
33089 32996 33286 33095 
33258 33213 33348 32730 
33399 33400 33399 32366 
33446 33511 33377 31998 
33425 33531 33321 31708 
33320 33465 33215 31501 
33172 33332 33080 31452 
32962 33109 32901 31531 
32739 32838 32689 31751 
32539 32564 32492 32086 
32361 32300 32308 32499 
32223 32086 32147 32930 
32116 31912 32002 33341 
32110 31895 31962 33707 
32153 31944 31981 33943 
32254 32078 32072 34007 
32392 32293 32262 33963 
32541 32530 32463 33778 
32672 32758 32679 33469 
32772 32945 32873 33088 
32825 33050 33024 32648 
32908 33164 33179 32331 
32975 33204 33307 32038 
33021 33205 33379 31825 
33066 33155 33392 31698 
33089 33092 33355 31684 
33147 33058 33333 31790 
33167 33002 33233 31917 
33129 32916 33082 32086 
33084 32853 32903 32311 
32989 32775 32719 32564 
32833 32682 32509 32825 
32617 32537 32269 33028 
32434 32441 32110 33292 
32227 32314 31942 33461 
32078 32209 31861 33589 
31986 32142 31857 33664 
31973 32126 31943 33657 
32089 32206 32146 33587 
32232 32304 32398 33397 
32478 32512 32733 33159 
32751 32731 33046 32843 
33011 32960 33339 32482 
33256 33177 33565 32115 
33455 33365 33715 31789 
33558 33495 33744 31568 
33559 33535 33647 31478 
33474 33489 33463 31536 
33296 33339 33195 31715 
33043 33116 32878 32059 
32780 32831 32537 32439 
32494 32515 32234 32882 
32197 32171 31921 33279 
31964 31867 31701 33643 
31842 31700 31617 33994 
31808 31656 31645 34269 
31880 31746 31798 34458 
32087 31986 32092 34518 
32302 32275 32410 34260 
32594 32666 32816 33611 
32860 33027 33197 32454 
33155 33398 33563 30849 
33360 33658 33814 29025 
33520 33806 33944 27343 
33611 33816 33943 26321 
33551 33656 33756 26404 
33401 33396 33453 27998 
33154 33065 33054 31174 
32860 32729 32633 35737 
32473 32357 32190 40994 
32137 32080 31854 45834 
31889 31911 31652 49173 
31765 31821 31567 49925 
31903 31880 31678 47303 
32271 32008 31893 41166 
32902 32223 32208 32082 
33673 32454 32546 21278 
34475 32707 32882 10456 
34972 32858 33090 2122 
35044 32980 33212 122 
34504 33041 33243 58 
33247 33083 33218 8005 
31363 33035 33112 21236 
29122 32960 33024 38072 
26897 32877 32950 55903 
25215 32816 32944 65227 
24607 32747 32945 65467 
25510 32752 33009 65514 
28059 32775 33028 65535 
32273 32901 33048 64476 
37475 33061 32964 47151 
43054 33293 32820 27198 
48009 33536 32603 6484 
51347 33729 32343 211 
51975 33729 32058 62 
49418 33539 31840 25 
43622 33087 31730 18 
34941 32338 31747 13754 
24348 31365 31967 32327 
13738 30262 32262 52939 
4761 29232 32639 65149 
237 28453 33005 65477 
69 28223 33365 65535 
102 28751 33666 65535 
12154 30146 33837 65531 
25743 32321 33864 46233 
41629 35151 33752 23350 
57248 38170 33493 1423 
65248 40919 33159 140 
65463 42868 32759 49 
65501 43559 32368 17 
65520 42534 31998 8 
65527 39743 31727 13515 
62302 35349 31593 31408 
42861 29797 31568 51460 
23066 23811 31740 65076 
4966 18491 32018 65471 
158 14714 32383 65526 
44 13259 32759 65535 
30 14777 33173 65535 
7959 19470 33547 48648 
17317 26528 33783 28259 
32364 35160 33871 7753 
47432 44310 33858 239 
60335 52719 33624 67 
65373 58512 33304 43 
65502 60912 32922 43 
65513 59254 32523 11073 
53169 53400 32160 25570 
37379 44038 31862 41189 
20045 32461 31742 55375 
3987 20200 31754 64945 
146 8961 31909 65471 
56 1127 32137 65507 
41 102 32376 65132 
5804 69 32648 50317 
15927 6314 32831 35149 
30771 17263 33005 19749 
45618 30307 33063 7615 
58662 43892 33086 506 
65306 56142 33065 89 
65475 64901 33045 103 
65495 65442 33033 9658 
65498 65481 33063 20154 
55630 65492 33127 31505 
41073 55431 33142 42058 
25485 41452 33134 50066 
11988 26885 33076 54282 
1949 13437 32990 54833 
113 2981 32765 51989 
73 135 32509 46616 
129 71 32235 40095 
10154 798 31993 33611 
20187 11372 31813 28209 
31215 22870 31789 24622 
41369 35154 31882 23216 
49589 46515 32068 23714 
55130 55443 32396 25655 
57528 60805 32736 28317 
56697 61646 33116 30924 
53179 58172 33406 32842 
47681 51180 33599 33774 
40835 41691 33681 33662 
33858 31440 33639 32699 
27397 21910 33498 31346 
21949 14315 33228 30025 
18110 9897 32902 29282 
16225 9222 32526 29438 
16216 11997 32238 30600 
17836 17496 31973 32542 
20920 24896 31834 35044 
24944 32748 31786 37512 
29545 40008 31912 39553 
34229 45702 32132 40667 
38429 49170 32413 40590 
41878 50098 32755 39232 
44063 48491 33043 36794 
44882 44889 33307 33639 
44212 39932 33486 30263 
42097 34223 33532 27086 
38916 28952 33462 24809 
35185 24811 33278 23719 
31426 22206 33026 23962 
28175 21344 32755 25433 
25843 22138 32463 27917 
24878 24311 32275 30922 
25243 27332 32121 33987 
26789 30719 32046 36624 
29240 33989 32097 38573 
31986 36562 32202 39508 
34411 38207 32391 39427 
36131 38849 32634 38461 
36726 38445 32817 36747 
36159 37230 33020 34679 
34526 35495 33131 32617 
32278 33641 33243 30918 
29874 31910 33251 29715 
27907 30564 33214 29124 
26985 29854 33074 29141 
27425 29836 32909 29672 
29230 30408 32675 30486 
32289 31506 32470 31466 
35890 32839 32256 32345 
39479 34134 32096 33029 
42288 35102 31957 33415 
43773 35646 31929 33562 
43390 35568 32005 33486 
41075 34839 32175 33268 
37078 33563 32479 33025 
31803 31843 32833 32805 
26323 30031 33227 32676 
21501 28452 33626 32707 
18156 27366 33954 32848 
16945 27009 34108 33045 
18310 27603 34137 33289 
21955 29098 33923 33482 
27409 31360 33527 33563 
34033 34200 32994 33540 
40403 37017 32334 33358 
45774 39579 31719 33094 
49189 41301 31123 32704 
50118 41878 30680 32244 
48300 41094 30484 31869 
44162 38985 30585 31586 
38271 35718 30928 31426 
31443 31659 31562 31448 
25020 27558 32408 31650 
19908 23935 33321 31980 
16845 21357 34205 32347 
16315 20353 34985 32797 
18279 21120 35468 33168 
22322 23665 35635 33489 
27709 27600 35438 33674 
33652 32553 34834 33727 
39138 37640 33915 33635 
43195 42041 32762 33377 
45474 45213 31600 33086 
45704 46662 30557 32761 
43969 46130 29791 32490 
40687 43639 29415 32239 
36505 39558 29503 32101 
32133 34475 30050 32072 
28200 29067 30995 32157 
25390 24230 32209 32331 
24033 20723 33410 32503 
24139 18970 34507 32674 
25585 19253 35342 32851 
28028 21496 35778 32946 
30768 25207 35711 32947 
33487 29867 35274 32928 
35627 34664 34451 32830 
36980 39076 33406 32690 
37369 42337 32356 32549 
36884 44075 31396 32440 
35724 44154 30668 32349 
34114 42558 30205 32304 
32551 39760 30141 32368 
31254 36157 30390 32498 
30513 32388 30957 32725 
30384 28918 31762 32985 
30822 26320 32606 33208 
31724 24876 33421 33420 
32851 24669 34128 33530 
33920 25604 34580 33478 
34762 27470 34828 33352 
35087 29776 34760 33063 
34885 32102 34418 32662 
34209 34188 33890 32236 
33084 35695 33193 31795 
31854 36528 32500 31493 
30665 36653 31846 31355 
29786 36211 31344 31430 
29361 35335 31045 31694 
29537 34373 30997 32144 
30264 33439 31203 32669 
31420 32724 31599 33239 
32868 32329 32152 33753 
34275 32226 32732 34106 
35470 32366 33299 34274 
36277 32584 33752 34182 
36495 32746 34004 33859 
36170 32787 34051 33382 
35295 32602 33855 32804 
34049 32219 33497 32185 
32655 31745 33035 31680 
31309 31241 32533 31332 
30252 30890 32122 31202 
29574 30734 31821 31259 
29442 30920 31751 31587 
29702 31310 31806 31981 
30415 32020 32051 32518 
31387 32852 32429 33083 
32386 33622 32784 33511 
33290 34297 33113 33840 
34001 34745 33372 33991 
34430 34926 33500 34000 
34528 34808 33468 33796 
34373 34423 33284 33458 
34047 33878 33011 33059 
33643 33246 32653 32602 
33299 32700 32330 32188 
33073 32248 32084 31860 
32963 31932 31935 31623 
32960 31784 31944 31569 
32983 31726 32045 31624 
33004 31771 32332 31837 
32942 31811 32701 32131 
32679 31786 33053 32460 
32245 31704 33383 32788 
31690 31621 33607 33088 
31150 31588 33732 33361 
30684 31639 33726 33547 
30439 31866 33544 33628 
30477 32247 33239 33590 
30881 32836 32810 33456 
31635 33574 32285 33246 
32722 34426 31830 33020 
33840 35104 31407 32743 
34918 35615 31170 32540 
35787 35756 31119 32360 
36235 35453 31306 32242 
36205 34698 31718 32195 
35672 33557 32329 32230 
34665 32148 33059 32274 
33370 30707 33789 32333 
31950 29433 34440 32387 
30598 28551 34867 32401 
29583 28261 35088 32447 
28987 28569 34895 32415 
28974 29543 34427 32452 
29441 31003 33633 32455 
30426 32878 32696 32584 
31632 34712 31713 32746 
32963 36318 30839 32961 
34142 37420 30202 33200 
35074 37880 29878 33439 
35628 37552 29989 33641 
35742 36522 30477 33739 
35443 34920 31307 33731 
34781 32959 32331 33532 
33954 30991 33421 33233 
33055 29273 34389 32826 
32233 28071 35106 32338 
31627 27616 35539 31925 
31248 27900 35520 31535 
31136 28910 35155 31334 
31231 30489 34467 31285 
31493 32409 33596 31452 
31781 34293 32599 31734 
32046 35843 31702 32143 
32266 36866 30991 32637 
32398 37214 30514 33089 
32428 36777 30270 33508 
32491 35736 30376 33855 
32542 34228 30709 34023 
32660 32515 31261 34055 
32929 30915 32019 33969 
33219 29653 32730 33693 
33601 28984 33443 33379 
33988 28972 34064 32977 
34296 29667 34545 32557 
34472 30888 34829 32186 
34421 32398 34876 31844 
34137 33942 34717 31594 
33553 35247 34267 31412 
32832 36089 33687 31391 
32059 36361 33040 31535 
31271 35973 32312 31769 
30655 35015 31633 32116 
30244 33656 31059 32501 
30159 32118 30688 32935 
30435 30637 30559 33399 
31011 29510 30695 33779 
31811 28863 31055 33996 
32758 28871 31690 34106 
33654 29465 32420 34017 
34411 30581 33148 33788 
34878 31969 33772 33392 
35097 33532 34264 32984 
34984 34992 34488 32520 
34653 36158 34526 32167 
34082 36776 34294 31860 
33370 36789 33836 31631 
32676 36237 33304 31597 
32040 35155 32736 31657 
31537 33742 32230 31834 
31231 32198 31869 32078 
31102 30650 31677 32347 
31155 29479 31702 32655 
31311 28765 31871 32905 
31558 28570 32114 33092 
31853 28951 32410 33258 
32201 29879 32718 33371 
32553 31133 32923 33409 
32910 32641 33029 33391 
33267 34096 33029 33341 
33624 35338 32921 33231 
33961 36266 32769 33114 
34218 36679 32581 32954 
34379 36584 32452 32808 
34377 35959 32367 32608 
34240 34961 32414 32441 
33902 33692 32550 32290 
33366 32317 32750 32147 
32731 31039 33026 32074 
31911 29910 33239 32006 
31181 29242 33472 32067 
30557 29021 33579 32157 
30147 29286 33605 32335 
30045 29953 33477 32533 
30296 30939 33261 32755 
30858 32100 32913 32919 
31772 33323 32511 33088 
32839 34442 32103 33227 
33960 35302 31729 33308 
34959 35830 31453 33322 
35736 36026 31330 33321 
36134 35803 31362 33279 
36054 35233 31561 33200 
35477 34347 31914 33073 
34536 33297 32413 32939 
33304 32212 32969 32783 
31966 31180 33527 32581 
30715 30347 34047 32384 
29700 29777 34432 32186 
29090 29527 34590 31964 
29030 29696 34548 31839 
29464 30190 34250 31730 
30329 30975 33722 31720 
31569 32035 33085 31863 
32992 33188 32379 32105 
34366 34325 31655 32428 
35515 35283 31113 32840 
36251 35921 30728 33227 
36509 36203 30633 33620 
36206 36033 30795 33910 
35432 35450 31240 34064 
34263 34495 31838 34049 
32837 33224 32549 33866 
31383 31842 33203 33516 
30133 30514 33761 33065 
29264 29441 34161 32603 
28899 28795 34375 32169 
29075 28665 34334 31798 
29771 29078 34120 31565 
30871 30020 33770 31510 
32267 31380 33352 31607 
33713 32990 32925 31813 
34975 34564 32540 32087 
35945 35935 32251 32427 
36407 36846 32015 32705 
36343 37223 31876 32950 
35792 36952 31803 33097 
34856 36118 31837 33187 
33645 34785 31920 33221 
32292 33096 32039 33193 
31088 31419 32228 33169 
30114 29886 32405 33133 
29501 28738 32637 33126 
29311 28132 32821 33101 
29595 28171 33009 33078 
30257 28839 33173 33039 
31237 30102 33321 32990 
32382 31675 33397 32864 
33523 33381 33424 32685 
34551 35004 33385 32497 
35295 36284 33261 32238 
35738 37079 33105 32001 
35800 37293 32929 31835 
35459 36878 32728 31712 
34799 35928 32535 31720 
33829 34458 32393 31862 
32756 32827 32291 32115 
31630 31132 32180 32404 
30649 29666 32126 32785 
29909 28599 32092 33176 
29514 28058 32104 33568 
29542 28125 32162 33866 
30019 28855 32284 34063 
30855 30137 32474 34109 
31952 31708 32658 33936 
33175 33501 32902 33662 
34405 35227 33142 33234 
35383 36589 33353 32721 
36048 37481 33539 32223 
36222 37709 33622 31726 
35888 37245 33588 31329 
35089 36122 33447 31081 
33958 34534 33228 31070 
32625 32642 32947 31231 
31292 30718 32641 31599 
30209 29079 32351 32094 
29516 27975 32128 32684 
29266 27470 31927 33241 
29535 27712 31813 33719 
30294 28681 31825 34112 
31362 30222 31922 34282 
32660 32144 32120 34277 
33876 34114 32379 34058 
34871 35886 32675 33720 
35517 37210 32973 33242 
35691 37899 33224 32675 
35435 37887 33475 32186 
34746 37097 33595 31733 
33751 35696 33581 31416 
32634 33843 33455 31315 
31640 31897 33228 31407 
30825 30038 32885 31645 
30384 28582 32527 32016 
30383 27786 32254 32515 
30740 27673 32020 32982 
31403 28252 31909 33360 
32252 29493 31925 33655 
33093 31175 32077 33779 
33791 33029 32352 33714 
34240 34779 32686 33499 
34410 36230 33078 33195 
34195 37119 33363 32757 
33738 37337 33551 32334 
33173 36937 33637 32020 
32546 35928 33528 31800 
32027 34462 33277 31744 
31730 32858 32941 31885 
31670 31259 32529 32135 
31921 29994 32200 32561 
32299 29085 31901 32979 
32739 28727 31716 33324 
33164 28941 31701 33558 
33503 29732 31892 33671 
33606 30830 32146 33595 
33480 32154 32477 33345 
33108 33451 32810 32998 
32520 34546 33065 32563 
31952 35340 33291 32215 
31478 35753 33440 31988 
31125 35638 33428 31817 
31119 35192 33400 31873 
31404 34403 33290 32021 
31995 33469 33157 32315 
32742 32500 33013 32610 
33607 31653 32875 32928 
34397 31037 32732 33151 
34996 30778 32643 33299 
35237 30796 32526 33296 
35120 31095 32409 33190 
34578 31574 32253 32967 
33725 32164 32103 32716 
32699 32752 31998 32507 
31606 33235 31931 32331 
30617 33565 31956 32270 
29955 33729 32109 32341 
29638 33644 32326 32488 
29778 33422 32650 32717 
30376 33125 33079 33001 
31186 32697 33380 33147 
32296 32376 33686 33274 
33449 32159 33882 33272 
34521 32106 33905 33141 
35318 32224 33755 32882 
35760 32466 33456 32553 
35873 32876 33115 32247 
35489 33248 32627 31927 
34816 33589 32198 31764 
33873 33774 31833 31761 
32765 33731 31556 31895 
31628 33467 31434 32207 
30622 32967 31447 32575 
29871 32355 31633 33015 
29455 31700 31949 33438 
29487 31170 32393 33808 
29917 30850 32860 33982 
30683 30800 33312 33944 
31709 31074 33696 33729 
32929 31677 33977 33370 
34126 32497 34091 32901 
35108 33370 34008 32360 
35831 34243 33768 31856 
36143 34903 33360 31439 
35994 35283 32874 31231 
35401 35236 32359 31230 
34476 34846 31926 31460 
33317 34103 31608 31874 
