33177 33252 32992 31672 
33177 33252 32992 31672 
32933 32950 32619 31518 
32742 32705 32373 31599 
32504 32415 32144 31782 
32323 32190 32058 32131 
32186 31989 32040 32532 
32098 31882 32106 32998 
32066 31847 32202 33465 
32119 31919 32348 33855 
32232 32079 32489 34083 
32343 32282 32596 34147 
32518 32536 32694 34040 
32683 32796 32776 33754 
32865 33053 32864 33360 
33018 33263 32952 32857 
33138 33409 33028 32331 
33268 33559 33169 31873 
33326 33573 33268 31461 
33294 33487 33306 31176 
33255 33375 33338 31117 
33151 33173 33283 31223 
32969 32896 33116 31473 
32794 32613 32914 31899 
32639 32373 32669 32412 
32475 32155 32396 32967 
32314 31970 32112 33465 
32181 31851 31885 33849 
32163 31897 31806 34152 
32163 32009 31836 34248 
32203 32152 31940 34149 
32287 32362 32154 33877 
32406 32578 32431 33478 
32531 32781 32711 33009 
32631 32919 32952 32512 
32757 33031 33157 32086 
32872 33129 33310 31779 
32956 33166 33389 31601 
33019 33192 33383 31594 
33084 33179 33322 31706 
33153 33182 33256 31951 
33184 33148 33153 32192 
33172 33087 33025 32443 
33148 33014 32903 32674 
33064 32889 32755 32824 
32923 32702 32593 32885 
32777 32549 32452 32960 
32591 32366 32307 32977 
32394 32202 32186 32971 
32217 32069 32083 32993 
32104 32008 32047 33038 
32052 32041 32081 33131 
32048 32102 32145 33165 
32162 32283 32325 33245 
32343 32504 32537 33280 
32540 32740 32768 33213 
32764 32963 32984 33080 
32968 33163 33170 32844 
33186 33362 33351 32594 
33327 33466 33429 32289 
33389 33467 33442 31981 
33346 33363 33336 31707 
33226 33185 33160 31554 
33035 32949 32936 31558 
32813 32677 32677 31702 
32600 32427 32444 32027 
32402 32198 32221 32445 
32223 32010 32047 32924 
32137 31934 31976 33440 
32120 31935 31994 33864 
32198 32080 32138 34150 
32320 32280 32351 34235 
32516 32568 32642 34118 
32705 32860 32918 33759 
32863 33093 33151 33211 
33010 33310 33341 32595 
33139 33470 33466 31970 
33188 33486 33451 31404 
33203 33432 33366 31062 
33145 33275 33180 30938 
33027 33032 32896 31051 
32893 32793 32615 31455 
32766 32546 32377 32064 
32638 32335 32189 32749 
32535 32187 32091 33432 
32437 32065 32052 33962 
32384 32051 32136 34306 
32379 32136 32294 34414 
32388 32254 32484 34256 
32396 32369 32643 33859 
32447 32546 32820 33344 
32458 32660 32888 32735 
32517 32817 32960 32195 
32542 32907 32948 31730 
32605 32994 32941 31480 
32720 33079 32935 31453 
32847 33147 32942 31609 
32976 33171 32934 31869 
33127 33192 32974 32231 
33246 33165 33016 32563 
33340 33127 33060 32867 
33334 33012 33051 33071 
33242 32860 32988 33160 
33079 32682 32866 33147 
32850 32490 32709 33088 
32588 32316 32511 33018 
32281 32133 32283 32893 
32054 32027 32085 32849 
31877 31969 31932 32824 
31808 31976 31865 32818 
31875 32087 31925 32867 
32044 32296 32108 32939 
32299 32552 32372 32961 
32594 32824 32691 32935 
32923 33105 33035 32843 
33195 33336 33332 32685 
33426 33512 33586 32477 
33547 33576 33718 32270 
33577 33578 33730 32125 
33505 33455 33619 32024 
33334 33275 33408 32023 
33093 33012 33101 32094 
32838 32724 32771 32248 
32617 32460 32466 32502 
32413 32221 32202 32763 
32233 32006 31978 33006 
32091 31836 31805 33211 
32049 31816 31774 33393 
32042 31852 31801 33480 
32094 31968 31915 33499 
32156 32152 32091 33432 
32311 32432 32363 33322 
32513 32751 32684 33164 
32720 33065 33003 32953 
32917 33310 33288 32667 
33173 33594 33589 32436 
33365 33729 33790 32172 
33511 33778 33905 31955 
33560 33683 33837 31775 
33567 33533 33703 31723 
33401 33215 33371 31716 
33183 32883 32985 31861 
32908 32503 32544 32056 
32610 32187 32149 32391 
32355 31953 31827 32787 
32074 31756 31546 33131 
31916 31713 31471 33503 
31849 31796 31549 33773 
31907 31982 31784 33935 
32054 32221 32113 33935 
32255 32490 32485 33774 
32466 32736 32853 33455 
32680 32949 33157 33091 
32863 33076 33369 32691 
33027 33190 33517 32331 
33219 33250 33494 31850 
33221 33207 33355 31768 
33229 33185 33224 31804 
33167 33109 33043 31888 
33107 33044 32880 32051 
33032 32961 32726 32205 
32964 32902 32612 32397 
32885 32830 32546 32588 
32783 32717 32466 32763 
32651 32583 32386 32927 
32507 32439 32311 33105 
32367 32281 32243 33266 
32223 32136 32182 33393 
32130 32042 32174 33519 
32099 32021 32217 33596 
32129 32060 32308 33581 
32242 32199 32464 33490 
32382 32374 32650 33267 
32607 32630 32873 32990 
32811 32877 33051 32625 
33067 33176 33246 32261 
33269 33445 33398 31936 
33415 33641 33474 31678 
33476 33724 33458 31554 
33441 33700 33366 31559 
33343 33571 33238 31711 
33118 33288 33009 31932 
32887 32955 32751 32251 
32639 32566 32500 32646 
32412 32209 32282 33084 
32186 31833 32050 33432 
32036 31578 31876 33705 
31952 31478 31800 33879 
32002 31555 31834 33927 
32096 31765 31969 33838 
32280 32100 32207 33612 
32481 32488 32518 33289 
32751 32952 32897 32920 
32952 33339 33227 32479 
33174 33709 33563 32102 
33349 33964 33802 31783 
33447 34010 33904 31550 
33448 33890 33826 31461 
33376 33626 33609 31509 
33231 33265 33290 31704 
33023 32840 32889 32001 
32807 32419 32474 32378 
32594 32079 32116 32835 
32379 31804 31815 33222 
32213 31672 31650 33565 
32116 31686 31627 33791 
32097 31855 31786 33911 
32159 32077 32027 33855 
32261 32338 32324 33691 
32380 32601 32632 33428 
32529 32826 32913 33092 
32636 32971 33095 32709 
32790 33129 33254 32415 
32888 33186 33307 32140 
33005 33228 33330 31978 
33041 33189 33244 31870 
33091 33171 33184 31881 
33125 33153 33130 31972 
33106 33114 33039 32084 
33092 33086 32983 32258 
33034 33022 32901 32399 
32966 32943 32826 32567 
32831 32784 32698 32693 
32740 32629 32579 32831 
32628 32460 32457 32963 
32495 32259 32292 33073 
32410 32107 32183 33201 
32330 31991 32098 33306 
32286 31960 32068 33396 
32287 32026 32106 33430 
32338 32183 32238 33424 
32405 32390 32412 33320 
32531 32678 32655 33164 
32703 32989 32926 32928 
32829 33230 33131 32576 
32988 33470 33371 32277 
33145 33625 33552 31981 
33207 33628 33601 31736 
33238 33525 33544 31621 
33184 33305 33377 31697 
33045 32990 33104 31981 
32862 32647 32780 32482 
32692 32365 32469 33191 
32472 32059 32140 33833 
32313 31875 31910 34259 
32199 31804 31792 34221 
32186 31875 31831 33577 
32263 32057 32003 32341 
32407 32320 32275 30654 
32610 32642 32624 28901 
32812 32937 32960 27668 
32956 33173 33232 27433 
33062 33356 33432 28674 
33107 33456 33535 31523 
33046 33453 33509 35771 
32876 33339 33345 40593 
32686 33198 33141 45079 
32469 32957 32851 48088 
32348 32689 32548 48538 
32460 32508 32336 45685 
32743 32310 32149 39249 
33266 32229 32082 30179 
33904 32172 32086 19615 
34577 32243 32236 9480 
34984 32328 32430 1863 
34996 32499 32694 112 
34307 32605 32881 58 
32942 32704 33020 9648 
30939 32769 33092 23489 
28591 32785 33063 40644 
26254 32719 32944 58757 
24577 32625 32760 65296 
24102 32563 32618 65476 
25179 32549 32503 65518 
28044 32612 32458 65535 
32564 32781 32503 62503 
38108 33097 32647 45692 
43885 33478 32830 25498 
48950 33912 33029 4879 
52244 34312 33248 189 
52706 34467 33326 56 
49830 34359 33339 24 
43534 33844 33197 36 
34358 32912 32937 15122 
23551 31655 32612 33689 
12490 30229 32316 54771 
3543 28863 32071 65196 
159 27827 31892 65485 
65 27410 31848 65535 
247 27885 31948 65535 
13345 29348 32197 64853 
27278 31736 32511 44557 
43112 34793 32856 21844 
58595 38049 33153 1071 
65291 41097 33442 128 
65471 43314 33578 44 
65502 44126 33613 17 
65520 43196 33509 15 
65527 40404 33279 14224 
59920 35894 32957 32264 
40865 30119 32623 52575 
21387 24070 32320 65114 
3492 18550 32048 65475 
130 14575 31870 65527 
41 13021 31850 65535 
29 14502 31964 65535 
5770 18982 32182 48444 
18347 26117 32550 28090 
33407 34810 32903 7743 
48682 44154 33221 229 
60994 52496 33480 66 
65387 58385 33630 44 
65504 60916 33675 46 
65478 59331 33552 11145 
51692 53509 33314 25498 
35284 43998 32972 41232 
18023 32371 32601 55114 
2417 20175 32309 64720 
126 9185 32034 65463 
53 1328 31868 65502 
40 102 31870 62064 
5637 68 31942 49152 
17182 6446 32143 34655 
31705 17015 32437 20293 
46552 30001 32672 8406 
59651 43798 32877 968 
65340 56205 33007 95 
65477 64793 33079 135 
65496 65439 33098 9804 
65498 65480 33100 20246 
55020 65484 33115 32014 
40302 53939 33110 42491 
24971 40300 33052 50325 
11538 26047 33100 54657 
1664 12953 33117 55266 
110 3011 33082 52485 
73 141 33010 47225 
176 71 32852 40442 
10443 6091 32666 33760 
20490 12371 32418 28091 
31225 23791 32220 24248 
41181 35899 31998 22506 
49338 47240 31852 22819 
54683 55883 31870 24763 
56935 60785 31975 27514 
56146 61416 32198 30373 
52758 57906 32521 32700 
47355 50729 32890 34076 
40895 41447 33222 34319 
34179 31328 33490 33649 
27930 21924 33639 32387 
22789 14668 33696 31078 
19050 10378 33573 30055 
17088 9752 33339 29800 
16973 12519 33030 30455 
18477 18014 32719 31955 
21332 25162 32462 34060 
25215 32985 32260 36353 
29610 40081 32132 38332 
33973 45451 32090 39569 
37890 48579 32110 39815 
41025 49248 32181 38997 
43052 47442 32260 37059 
43781 43736 32398 34425 
43095 38851 32510 31472 
41194 33622 32628 28682 
38382 28826 32786 26490 
35023 25033 32943 25162 
31690 22867 33096 24959 
28837 22325 33239 25805 
26894 23333 33354 27517 
26082 25578 33396 29855 
26479 28493 33365 32347 
27905 31567 33250 34682 
29966 34354 33019 36498 
32280 36479 32781 37689 
34371 37750 32519 38160 
35695 38040 32275 37873 
36046 37450 32095 37001 
35319 36207 31988 35765 
33656 34550 31953 34363 
31404 32810 32045 32980 
29183 31358 32225 31881 
27525 30410 32494 31104 
26860 30046 32776 30665 
27547 30324 33060 30489 
29630 31155 33261 30529 
32785 32384 33386 30703 
36491 33710 33383 30908 
40083 34896 33245 31110 
42922 35746 32990 31325 
44220 35962 32617 31525 
43650 35549 32276 31810 
41076 34490 31975 32169 
36776 32885 31799 32615 
31300 31003 31824 33226 
25562 29124 32069 33913 
20686 27629 32504 34531 
17417 26751 33036 35022 
16453 26724 33618 35303 
18006 27616 34091 35261 
22042 29467 34367 34878 
27834 31998 34388 34199 
34492 34870 34072 33237 
41003 37727 33458 32153 
46421 40160 32679 31157 
49907 41753 31775 30339 
50659 42103 30967 29873 
48697 41070 30346 29751 
44343 38777 30086 30086 
38165 35407 30277 30824 
31203 31356 30868 31785 
24685 27338 31828 32824 
19514 23813 32930 33763 
16450 21357 34045 34500 
15917 20395 35010 34914 
17939 21177 35631 35013 
22011 23631 35784 34760 
27398 27425 35446 34246 
33392 32203 34647 33556 
38883 37140 33504 32855 
42989 41481 32258 32201 
45417 44748 31138 31790 
45770 46342 30244 31500 
44205 46050 29776 31455 
41105 43849 29760 31537 
37092 40113 30269 31780 
32855 35344 31163 32047 
28975 30109 32316 32327 
26166 25402 33497 32588 
24611 21710 34458 32719 
24481 19657 35137 32849 
25540 19426 35367 32897 
27579 21132 35181 32984 
30049 24350 34589 33027 
32510 28609 33747 33146 
34506 33168 32695 33163 
35875 37524 31742 33246 
36447 41119 30942 33268 
36254 43230 30503 33272 
35438 43781 30398 33168 
34309 42801 30653 33003 
33088 40450 31215 32739 
32148 37248 32035 32493 
31587 33705 32872 32187 
31515 30338 33633 31904 
31922 27665 34294 31763 
32638 25910 34696 31728 
33402 25252 34737 31815 
34090 25705 34506 32050 
34435 26958 33989 32360 
34383 28789 33297 32752 
33871 30807 32511 33129 
32989 32772 31765 33498 
31894 34303 31162 33738 
30790 35321 30804 33827 
29927 35830 30762 33748 
29419 35874 31008 33529 
29458 35534 31540 33155 
30056 35042 32242 32743 
31096 34502 32995 32284 
32463 34012 33703 31897 
33896 33643 34274 31609 
35208 33388 34575 31480 
36195 33238 34635 31573 
36639 33047 34368 31798 
36514 32772 33857 32151 
35842 32367 33162 32577 
34699 31844 32409 33027 
33278 31238 31654 33427 
31843 30681 31112 33708 
30591 30249 30785 33829 
29682 30038 30746 33749 
29269 30166 31030 33538 
29379 30648 31558 33209 
29959 31423 32273 32821 
30870 32442 33052 32429 
31948 33499 33762 32070 
33009 34474 34342 31807 
33908 35217 34689 31692 
34452 35592 34685 31725 
34649 35566 34388 31880 
34532 35172 33833 32150 
34139 34454 33079 32492 
33585 33540 32235 32890 
33072 32648 31490 33253 
32696 31901 30956 33570 
32498 31363 30671 33756 
32500 31113 30684 33803 
32679 31136 31022 33657 
32957 31377 31622 33399 
33192 31724 32411 33020 
33293 32063 33219 32559 
33196 32326 34022 32107 
32853 32450 34602 31715 
32311 32430 34926 31459 
31654 32310 34933 31352 
31014 32160 34619 31412 
30568 32120 34043 31725 
30412 32237 33271 32165 
30621 32546 32402 32661 
31258 33124 31626 33234 
32209 33805 30920 33687 
33367 34533 30503 34047 
34499 35092 30342 34186 
35425 35390 30492 34123 
36025 35299 30927 33870 
36092 34672 31579 33426 
35631 33641 32401 32945 
34703 32324 33223 32455 
33446 30901 33993 32018 
32047 29599 34594 31665 
30724 28685 34995 31492 
29682 28304 35142 31461 
29114 28585 34990 31577 
29098 29546 34575 31817 
29633 31083 33928 32110 
30608 32966 33123 32435 
31859 34899 32235 32736 
33178 36567 31415 33007 
34364 37688 30744 33226 
35243 38116 30320 33394 
35691 37711 30169 33465 
35677 36534 30351 33510 
35213 34751 30813 33488 
34434 32642 31554 33412 
33490 30538 32438 33316 
32565 28764 33360 33163 
31702 27522 34166 32898 
31173 27143 34799 32668 
30983 27634 35147 32434 
31033 28842 35123 32140 
31368 30654 34837 31947 
31841 32759 34266 31822 
32281 34785 33476 31750 
32640 36402 32649 31783 
32916 37473 31921 31978 
32961 37715 31260 32164 
32876 37208 30843 32442 
32707 35959 30664 32729 
32547 34262 30730 33041 
32437 32347 30987 33276 
32506 30596 31461 33495 
32689 29186 32050 33628 
33033 28440 32672 33678 
33464 28441 33272 33651 
33839 29100 33748 33488 
34110 30374 34139 33286 
34245 32051 34394 33047 
34119 33752 34449 32747 
33715 35230 34300 32389 
33145 36294 34040 32083 
32432 36718 33607 31798 
31681 36477 33102 31603 
31050 35600 32560 31526 
30602 34276 32028 31580 
30455 32677 31593 31762 
30616 31075 31278 32036 
31066 29749 31132 32400 
31781 28940 31181 32814 
32618 28746 31428 33224 
33451 29203 31821 33583 
34239 30269 32348 33870 
34764 31685 32893 33986 
34961 33229 33346 33921 
34889 34703 33708 33739 
34544 35878 33931 33482 
33977 36537 33952 33141 
33231 36558 33740 32724 
32510 36060 33437 32369 
31851 35002 33038 32041 
31334 33583 32617 31806 
31091 32124 32315 31721 
31027 30712 32108 31702 
31167 29617 32054 31812 
31477 28985 32170 31966 
31863 28931 32430 32190 
32262 29407 32719 32429 
32655 30371 33022 32691 
32962 31605 33194 32884 
33228 33017 33262 33068 
33442 34353 33179 33228 
33637 35451 32972 33353 
33769 36155 32631 33412 
33892 36403 32271 33426 
33950 36152 31957 33384 
33896 35395 31692 33236 
33774 34358 31630 33094 
33555 33123 31767 32916 
33181 31818 32071 32701 
32693 30681 32532 32514 
32111 29814 33065 32332 
31462 29289 33575 32163 
30890 29229 34025 32067 
30476 29626 34307 32033 
30304 30383 34364 32069 
30458 31403 34197 32167 
30917 32564 33788 32281 
31692 33716 33222 32432 
32695 34735 32517 32601 
33812 35514 31871 32824 
34789 35908 31228 32958 
35543 35912 30768 33079 
36020 35589 30596 33241 
36011 34917 30712 33339 
35530 33996 31102 33367 
34637 32951 31736 33375 
33439 31880 32536 33301 
32102 30928 33389 33198 
30719 30114 34120 32961 
29623 29603 34687 32717 
28972 29475 34979 32440 
28836 29697 34981 32170 
29246 30262 34705 31938 
30183 31138 34139 31785 
31453 32235 33415 31723 
32925 33373 32600 31775 
34396 34531 31858 31957 
35628 35469 31190 32236 
36455 36132 30766 32597 
36742 36367 30611 32999 
36429 36143 30685 33356 
35600 35488 30997 33643 
34360 34483 31543 33809 
32906 33219 32256 33831 
31434 31844 32950 33678 
30164 30540 33584 33400 
29284 29508 34119 33045 
28881 28815 34423 32639 
29048 28636 34485 32238 
29689 28938 34271 31924 
30728 29780 33895 31777 
32015 30967 33369 31755 
33334 32450 32809 31896 
34555 33976 32255 32145 
35506 35370 31846 32480 
36070 36456 31600 32802 
36158 37061 31541 33068 
35846 37138 31679 33275 
35112 36618 31957 33332 
34119 35555 32327 33271 
32963 34104 32688 33091 
31783 32421 32983 32820 
30792 30805 33228 32566 
30060 29425 33356 32360 
29645 28445 33322 32199 
29671 28116 33232 32205 
30057 28369 33028 32290 
30777 29244 32833 32513 
31709 30595 32622 32755 
32801 32262 32478 33055 
33804 33936 32376 33268 
34623 35385 32331 33361 
35260 36560 32419 33389 
35529 37128 32525 33273 
35468 37122 32676 33053 
35063 36527 32861 32779 
34335 35340 32989 32427 
33410 33857 33089 32149 
32345 32127 33105 31931 
31353 30544 33051 31835 
30533 29261 32905 31866 
29970 28446 32704 32025 
29778 28228 32495 32318 
30003 28659 32326 32674 
30584 29639 32195 33052 
31480 31064 32155 33375 
32606 32759 32240 33619 
33729 34436 32409 33732 
34784 35918 32676 33709 
35535 36948 32963 33540 
35863 37359 33184 33178 
35743 37139 33362 32767 
35180 36275 33465 32336 
34235 34865 33438 31948 
33074 33150 33306 31671 
31846 31341 33063 31556 
30771 29736 32777 31624 
29973 28509 32478 31850 
29607 27903 32227 32198 
29711 27982 32033 32587 
30293 28780 31979 33035 
31164 30116 31990 33377 
32309 31836 32113 33656 
33456 33696 32319 33785 
34443 35416 32558 33746 
35130 36759 32833 33593 
35429 37505 33068 33300 
35272 37565 33239 32925 
34756 36952 33359 32542 
33963 35763 33411 32210 
32978 34094 33318 31919 
32044 32250 33166 31764 
31240 30429 32922 31740 
30755 28976 32642 31841 
30639 28080 32369 32102 
30838 27835 32151 32416 
31378 28305 32027 32793 
32075 29409 31994 33117 
32760 30953 32092 33353 
33414 32767 32339 33521 
33865 34503 32653 33518 
34043 35987 32999 33389 
33928 36936 33293 33119 
33606 37287 33532 32793 
33153 36972 33635 32456 
32673 36060 33593 32171 
32284 34711 33421 31992 
32016 33006 33070 31950 
31968 31346 32648 32036 
32183 30002 32271 32306 
32535 29057 31943 32641 
32906 28662 31682 32975 
33256 28837 31598 33261 
33516 29629 31699 33439 
33565 30822 31961 33484 
33414 32263 32345 33389 
33077 33714 32798 33200 
32529 34890 33171 32840 
31984 35786 33545 32509 
31539 36218 33809 32224 
31234 36048 33854 31964 
31215 35453 33770 31866 
31441 34477 33541 31869 
31956 33259 33218 32055 
32594 31985 32791 32292 
33333 30923 32405 32642 
34013 30151 32049 32974 
34480 29727 31743 33255 
34720 29792 31609 33487 
34621 30242 31586 33576 
34260 31082 31744 33581 
33681 32153 32061 33478 
32918 33206 32411 33226 
32089 34169 32802 32914 
31361 34857 33206 32566 
30853 35223 33563 32261 
30637 35192 33813 32026 
30667 34774 33914 31848 
30973 34037 33829 31760 
31549 33153 33641 31822 
32261 32238 33310 31965 
33038 31496 32955 32213 
33768 31002 32556 32500 
34374 30852 32212 32831 
34733 31015 31923 33114 
34855 31468 31743 33360 
34700 32118 31679 33512 
34313 32829 31770 33589 
33689 33448 31907 33542 
32933 33887 32088 33402 
32095 34035 32327 33198 
31289 33863 32568 32945 
30699 33469 32841 32730 
30317 32879 33068 32514 
30232 32243 33286 32366 
30481 31704 33501 32275 
31036 31316 33635 32211 
31848 31236 33696 32176 
32804 31493 33699 32200 
33807 32043 33617 32223 
34698 32754 33424 32244 
35342 33522 33098 32247 
35666 34219 32725 32275 
35649 34754 32362 32405 
35190 34907 31973 32518 
34357 34706 31670 32702 
33252 34093 31480 32908 
