33202 33179 33366 32666 
33202 33179 33366 32666 
33389 33369 33552 32710 
33461 33446 33624 32700 
33435 33421 33550 32635 
33334 33305 33384 32554 
33112 33101 33091 32415 
32896 32878 32771 32331 
32634 32605 32417 32268 
32461 32422 32153 32329 
32287 32231 31904 32409 
32169 32100 31769 32581 
32131 32064 31762 32818 
32136 32071 31848 33060 
32231 32164 32059 33319 
32365 32305 32365 33524 
32527 32501 32696 33632 
32675 32690 33023 33595 
32837 32904 33318 33433 
32966 33094 33539 33141 
33054 33254 33647 32753 
33111 33350 33646 32339 
33147 33422 33555 31970 
33124 33376 33351 31666 
33043 33251 33066 31487 
32958 33066 32768 31494 
32869 32852 32479 31674 
32780 32618 32260 32002 
32708 32408 32105 32431 
32620 32234 32024 32869 
32497 32056 31950 33229 
32448 32023 32020 33567 
32419 32092 32165 33803 
32405 32204 32325 33854 
32438 32410 32549 33768 
32489 32646 32774 33568 
32558 32865 32980 33273 
32601 33001 33104 32850 
32687 33133 33222 32502 
32767 33200 33280 32203 
32820 33161 33266 31977 
32824 33025 33134 31840 
32808 32859 32960 31847 
32785 32678 32778 31971 
32743 32531 32579 32183 
32749 32456 32462 32452 
32728 32418 32373 32689 
32767 32474 32402 32904 
32810 32575 32487 33045 
32896 32736 32638 33110 
32936 32875 32779 33071 
32990 33014 32942 32994 
32963 33049 32995 32836 
32911 33048 33010 32719 
32827 32992 32968 32633 
32693 32830 32820 32570 
32556 32664 32662 32614 
32422 32481 32497 32718 
32297 32299 32329 32830 
32240 32196 32237 32975 
32216 32157 32193 33067 
32295 32234 32274 33121 
32431 32386 32433 33087 
32615 32606 32658 32973 
32820 32849 32877 32784 
32997 33033 33078 32514 
33171 33247 33262 32295 
33264 33336 33346 32085 
33309 33363 33359 31955 
33279 33315 33295 31921 
33180 33185 33148 32006 
33007 32969 32926 32152 
32829 32756 32701 32411 
32650 32541 32489 32748 
32414 32310 32264 33048 
32234 32116 32086 33348 
32086 31980 31976 33570 
31992 31919 31941 33691 
32023 31997 32049 33760 
32104 32122 32197 33649 
32309 32369 32467 33476 
32563 32674 32787 33179 
32835 32982 33084 32799 
33083 33238 33331 32363 
33312 33464 33537 31964 
33454 33582 33621 31619 
33493 33586 33587 31404 
33434 33479 33431 31342 
33291 33267 33192 31446 
33037 32962 32863 31693 
32800 32678 32545 32104 
32552 32406 32267 32603 
32364 32198 32080 33139 
32118 31970 31881 33555 
32061 31943 31890 33951 
32074 31999 32003 34167 
32159 32136 32185 34167 
32316 32347 32436 33986 
32548 32621 32723 33662 
32771 32857 32978 33218 
32922 33009 33120 32649 
33062 33150 33239 32135 
33132 33206 33258 31712 
33092 33149 33162 31436 
33010 33048 33025 31370 
32870 32895 32826 31494 
32690 32703 32635 31778 
32579 32597 32531 32233 
32476 32487 32460 32702 
32458 32468 32491 33175 
32503 32507 32586 33547 
32614 32612 32724 33779 
32763 32733 32885 33792 
32921 32875 33026 33601 
33017 32964 33064 33266 
33099 33033 33056 32851 
33124 33054 32981 32427 
33064 32983 32826 32036 
32919 32846 32620 31772 
32747 32682 32430 31709 
32546 32493 32268 31839 
32374 32346 32185 32152 
32219 32220 32149 32539 
32175 32208 32241 33013 
32136 32202 32339 33375 
32277 32377 32593 33735 
32427 32559 32809 33844 
32659 32810 33068 33774 
32878 33029 33257 33495 
33079 33225 33384 33077 
33263 33367 33427 32563 
33385 33429 33394 32080 
33358 33343 33205 31643 
33283 33189 32992 31433 
33057 32894 32688 31398 
32843 32615 32422 31634 
32596 32330 32192 32081 
32329 32064 32009 32583 
32136 31918 31944 33161 
32031 31883 31987 33671 
32053 32002 32154 34049 
32180 32250 32410 34192 
32406 32576 32744 34081 
32663 32921 33039 33727 
32903 33205 33272 33182 
33094 33426 33416 32524 
33289 33589 33531 31931 
33326 33550 33456 31394 
33271 33400 33282 31117 
33169 33171 33054 31107 
32975 32867 32758 31352 
32754 32534 32471 31836 
32602 32324 32302 32508 
32444 32141 32166 33173 
32339 32056 32122 33768 
32299 32055 32149 34180 
32333 32177 32279 34367 
32433 32365 32455 34274 
32551 32596 32647 33932 
32705 32845 32845 33418 
32814 33009 32982 32770 
32906 33126 33078 32139 
32998 33228 33148 31630 
33006 33195 33128 31313 
32975 33089 33044 31208 
32867 32914 32896 31341 
32731 32693 32720 31682 
32628 32513 32567 32234 
32519 32370 32433 32803 
32406 32236 32301 33284 
32377 32233 32285 33738 
32397 32298 32336 34001 
32485 32471 32484 34048 
32648 32714 32696 33908 
32819 32948 32929 33554 
32945 33118 33099 33038 
33122 33310 33308 32564 
33230 33386 33412 32069 
33229 33329 33379 31658 
33155 33164 33246 31425 
33013 32928 33027 31396 
32841 32663 32763 31583 
32676 32423 32494 31967 
32483 32226 32230 32434 
32334 32095 32025 32912 
32283 32099 31947 33398 
32257 32174 31964 33753 
32323 32348 32095 33954 
32449 32565 32306 33958 
32575 32758 32552 33744 
32722 32949 32919 32917 
32769 32961 33052 32505 
32778 32905 33118 32112 
32791 32867 33179 31887 
32773 32770 33161 31793 
32777 32713 33152 31844 
32812 32724 33146 32046 
32873 32764 33126 32287 
32928 32838 33083 32541 
33011 32943 33038 32781 
33067 33022 32944 32919 
33068 33042 32796 32944 
33048 33043 32637 32938 
32958 32965 32445 32862 
32800 32802 32243 32772 
32572 32572 32024 32674 
32402 32385 31941 32692 
32236 32202 31906 32748 
32096 32050 31943 32841 
32060 31994 32107 32986 
32094 32037 32342 33118 
32277 32244 32697 33280 
32484 32480 33029 33300 
32735 32777 33339 33241 
32964 33050 33571 33033 
33160 33286 33684 32745 
33338 33497 33698 32446 
33389 33561 33575 32093 
33369 33527 33343 31819 
33276 33378 33068 31634 
33089 33140 32744 31605 
32887 32855 32453 31741 
32662 32544 32204 32035 
32444 32255 32004 32421 
32275 32020 31885 32872 
32117 31846 31797 33298 
32005 31747 31784 33653 
32042 31846 31925 33952 
32122 32020 32115 34044 
32283 32276 32385 33956 
32519 32633 32734 33708 
32754 32985 33102 33333 
32975 33275 33414 32829 
33190 33531 33695 32325 
33360 33685 33873 31842 
33431 33688 33894 31472 
33395 33568 33748 31280 
33278 33326 33480 31282 
33072 33003 33093 31494 
32820 32650 32643 31911 
32600 32349 32242 32560 
32372 32067 31864 33290 
32206 31890 31608 34043 
32123 31828 31537 34564 
32142 31907 31642 34670 
32237 32081 31876 34175 
32392 32318 32206 32996 
32576 32607 32594 31336 
32810 32916 32999 29491 
32927 33099 33264 27832 
33037 33268 33493 27040 
33082 33364 33604 27625 
33060 33367 33586 29796 
32932 33273 33446 33439 
32694 33078 33169 38207 
32446 32847 32853 43052 
32216 32600 32532 46991 
32098 32406 32275 48945 
32125 32212 32058 47828 
32368 32100 31938 43272 
32889 32101 31974 35544 
33609 32190 32124 25521 
34438 32362 32372 14640 
35159 32639 32715 5398 
35525 32900 33055 302 
35253 33083 33290 75 
34241 33265 33488 5383 
32495 33312 33529 15615 
30216 33310 33483 31288 
27708 33170 33283 49104 
25433 32920 32978 64703 
24032 32596 32576 65428 
24160 32378 32286 65497 
25989 32188 32032 65533 
29534 32101 31858 65535 
34680 32219 31856 54070 
40456 32498 31960 35762 
46082 32920 32194 14949 
50462 33409 32489 531 
52582 33834 32771 93 
51565 34039 33000 38 
47044 33935 33149 13 
39437 33496 33264 7898 
29340 32623 33211 24059 
18195 31493 33165 44495 
8101 30232 33060 63962 
886 29073 32932 65412 
91 28360 32843 65511 
53 28312 32785 65535 
7953 29141 32762 65535 
20342 30900 32763 54147 
35468 33452 32789 33334 
51716 36468 32751 9401 
64758 39455 32730 281 
65430 41895 32647 70 
65493 43254 32526 26 
65516 43077 32390 8 
65528 41082 32304 7810 
65513 37345 32201 23934 
48762 32272 32198 43498 
29886 26488 32263 62743 
10599 20779 32443 65405 
326 16303 32641 65514 
59 13844 32872 65535 
30 14058 33078 65535 
40 17327 33260 56359 
12308 23353 33395 37635 
26686 31377 33427 16546 
42077 40384 33385 660 
56014 49132 33259 96 
64953 56011 33076 50 
65478 59935 32825 40 
65517 60049 32558 5961 
58104 55923 32323 18777 
43604 47973 32058 34045 
26405 37211 31890 49017 
9487 25117 31863 61088 
297 13310 31968 65386 
68 4037 32140 65494 
43 183 32464 65508 
44 75 32785 54486 
11093 3261 33123 40533 
24661 12447 33415 25632 
39669 24749 33622 12307 
54047 38675 33685 2690 
64623 51705 33623 134 
65445 62243 33410 76 
65489 65385 33096 6077 
65500 65473 32790 16000 
63616 65496 32465 27425 
48009 59134 32186 38655 
32827 48297 31976 47904 
17873 33601 31903 54157 
5810 19170 31934 56471 
227 7030 32061 55052 
79 317 32288 50602 
71 81 32514 43967 
6207 67 32738 36732 
15417 7167 32989 30064 
25983 17390 33153 24866 
36669 29658 33288 21753 
45783 41642 33366 20984 
52504 51736 33320 22128 
56290 58677 33235 24656 
56829 61452 33009 27832 
54534 59816 32798 30852 
49949 54270 32571 33251 
43813 45835 32339 34597 
37035 35866 32220 34978 
30259 25707 32132 34443 
24580 17363 32195 33500 
20265 11714 32297 32463 
17717 9546 32543 31812 
16958 10965 32824 31749 
17873 15438 33043 32305 
20261 22126 33253 33479 
23658 29790 33302 34914 
27871 37477 33321 36402 
32200 43787 33206 37440 
36297 48021 33007 37836 
39790 49768 32769 37413 
42313 48875 32488 36092 
43601 45824 32298 34199 
43566 41182 32185 31943 
42188 35748 32119 29665 
39699 30333 32178 27775 
36526 25908 32331 26603 
33067 22882 32505 26286 
29863 21596 32716 26887 
27366 22050 32965 28345 
25951 23916 33097 30268 
25823 26828 33231 32463 
26854 30189 33258 34553 
28858 33484 33173 36225 
31325 36186 33040 37299 
33752 37980 32842 37670 
35613 38713 32616 37360 
36520 38411 32389 36467 
36278 37283 32255 35248 
34902 35543 32137 33821 
32768 33634 32189 32524 
30252 31818 32321 31436 
28103 30505 32594 30772 
26743 29782 32873 30426 
26630 29752 33140 30385 
28009 30413 33381 30597 
30700 31598 33516 30995 
34282 33041 33497 31425 
38144 34440 33291 31790 
41656 35570 32970 32106 
43893 36129 32498 32280 
44513 36083 32110 32500 
43070 35293 31713 32644 
39583 33884 31492 32845 
34660 32063 31498 33101 
28996 30105 31757 33427 
23446 28277 32191 33752 
18981 26953 32797 34079 
16576 26418 33459 34306 
16607 26775 34044 34377 
19242 28151 34472 34290 
24072 30312 34616 33982 
30388 33122 34480 33535 
37142 36133 33984 32900 
43505 38990 33218 32238 
48195 41154 32326 31599 
50555 42259 31372 31083 
50240 42063 30558 30760 
47164 40421 29987 30671 
41889 37551 29820 30824 
35307 33785 30137 31243 
28423 29620 30887 31845 
22245 25589 32046 32542 
17958 22453 33364 33223 
16004 20627 34656 33773 
16693 20502 35737 34165 
19799 22197 36429 34330 
24662 25446 36573 34279 
30433 29824 36084 33991 
36303 34817 35057 33561 
41144 39537 33624 33084 
44455 43363 31993 32594 
45813 45774 30442 32204 
45083 46317 29153 31896 
42566 44913 28421 31746 
38822 41798 28375 31778 
34493 37365 28961 31892 
30207 32152 30146 32083 
26880 27226 31758 32375 
24789 23114 33520 32639 
24115 20367 35077 32809 
24868 19454 36288 32970 
26687 20363 36857 33016 
29225 22962 36819 33041 
31963 26914 36105 33027 
34330 31452 34913 33017 
36014 35912 33391 32960 
36862 39696 31815 32933 
36870 42444 30466 32945 
36103 43610 29534 32912 
34880 43299 29200 32890 
33459 41555 29396 32789 
32161 38708 30140 32657 
31305 35362 31253 32534 
30975 31943 32546 32382 
31183 28939 33762 32241 
31775 26649 34710 32091 
32681 25514 35324 32091 
33544 25396 35421 32116 
34285 26268 35140 32284 
34635 27851 34475 32542 
34514 29791 33561 32832 
33893 31714 32547 33074 
32964 33499 31660 33338 
31837 34846 30976 33493 
30794 35685 30663 33563 
29989 35977 30645 33469 
29569 35828 30936 33273 
29691 35395 31505 32960 
30357 34896 32272 32672 
31425 34388 33036 32349 
32783 33909 33711 32049 
34144 33539 34195 31826 
35314 33298 34432 31773 
36138 33088 34407 31844 
36409 32792 34078 32007 
36148 32410 33567 32302 
35372 31927 32924 32672 
34188 31334 32228 33001 
32786 30736 31602 33300 
31431 30269 31182 33542 
30317 30012 31012 33674 
29595 30041 31113 33639 
29356 30416 31464 33465 
29615 31122 32030 33164 
30355 32143 32746 32834 
31314 33228 33440 32447 
32400 34279 34039 32078 
33451 35156 34484 31828 
34247 35702 34640 31688 
34736 35867 34547 31747 
34857 35607 34156 31925 
34629 34953 33507 32206 
34167 34075 32745 32551 
33589 33102 31967 32928 
33019 32177 31256 33247 
32603 31442 30772 33510 
32339 30985 30520 33618 
32283 30827 30568 33593 
32385 30923 30908 33444 
32582 31215 31532 33181 
32767 31597 32328 32878 
32849 31969 33194 32553 
32745 32216 34024 32244 
32439 32321 34677 31990 
32044 32362 35104 31885 
31566 32315 35205 31875 
31135 32276 34956 31981 
30866 32338 34365 32173 
30873 32586 33536 32460 
31190 33003 32548 32774 
31858 33621 31538 33079 
32754 34314 30704 33353 
33806 34973 30160 33550 
34822 35463 29975 33628 
35659 35605 30178 33563 
36102 35307 30751 33345 
36089 34580 31649 33058 
35573 33430 32712 32705 
34584 31979 33855 32327 
33210 30431 34793 31972 
31726 29100 35386 31706 
30376 28229 35642 31613 
29328 27946 35472 31675 
28719 28342 34851 31856 
28711 29451 33956 32178 
29275 31119 32857 32569 
30317 33115 31757 32970 
31676 35170 30779 33353 
33153 36907 30120 33657 
34492 38068 29825 33829 
35512 38457 29921 33836 
36066 37936 30376 33661 
36119 36636 31131 33420 
35701 34735 32099 33103 
34893 32487 33069 32740 
33869 30255 33962 32382 
32812 28417 34687 32109 
31874 27249 35133 31913 
31167 26913 35268 31799 
30810 27528 35134 31827 
30790 28939 34739 31939 
31024 30897 34131 32101 
31427 33088 33369 32291 
31898 35172 32591 32503 
32334 36823 31865 32717 
32627 37738 31224 32870 
32766 37805 30728 32976 
32809 37075 30487 33084 
32759 35666 30457 33152 
32668 33795 30646 33174 
32660 31803 31077 33221 
32780 30060 31703 33233 
32980 28805 32392 33206 
33343 28289 33150 33191 
33740 28511 33851 33119 
34118 29460 34445 33025 
34314 30924 34812 32868 
34323 32649 34951 32664 
34100 34435 34882 32471 
33571 35795 34521 32213 
32831 36575 33930 31963 
32033 36701 33241 31798 
31231 36133 32480 31699 
30600 34988 31754 31716 
30212 33451 31146 31850 
30133 31763 30698 32047 
30416 30218 30487 32390 
31013 29096 30519 32801 
31822 28518 30776 33191 
32770 28656 31315 33646 
33723 29450 32028 34001 
34565 30845 32855 34234 
35126 32518 33639 34265 
35383 34225 34328 34102 
35304 35751 34838 33729 
34942 36841 35073 33207 
34311 37280 34986 32565 
33545 37083 34630 31925 
32700 36208 33987 31333 
31874 34759 33151 30900 
31193 33015 32298 30705 
30739 31215 31506 30763 
30537 29639 30939 31140 
30499 28473 30603 31658 
30715 27927 30616 32384 
31114 28055 30910 33121 
31617 28816 31459 33804 
32199 30157 32164 34325 
32814 31837 32903 34656 
33395 33605 33549 34703 
33943 35298 34041 34485 
34370 36570 34258 34011 
34696 37321 34225 33420 
34871 37462 33957 32750 
34825 36906 33448 32051 
34588 35840 32866 31505 
34123 34346 32288 31173 
33465 32656 31810 31054 
32668 31009 31541 31197 
31752 29550 31507 31506 
30945 28643 31774 31991 
30296 28271 32248 32499 
29837 28427 32788 32943 
29731 29165 33382 33358 
29960 30313 33826 33585 
30576 31709 34092 33687 
31485 33216 34086 33636 
32617 34582 33764 33409 
33830 35696 33272 33165 
34936 36413 32618 32859 
35874 36722 31979 32633 
36391 36522 31376 32434 
36490 35925 31039 32342 
36099 35001 30982 32356 
35210 33792 31173 32389 
33970 32484 31660 32501 
32541 31233 32335 32625 
31122 30169 33075 32736 
29816 29329 33730 32750 
28905 28905 34293 32763 
28495 28906 34594 32700 
28646 29351 34629 32633 
29347 30184 34383 32537 
30552 31319 33879 32474 
32018 32632 33204 32445 
33555 33934 32442 32459 
35005 35130 31733 32569 
36115 36078 31138 32708 
36750 36617 30808 32908 
36818 36689 30751 33099 
36311 36267 30960 33259 
35269 35359 31423 33317 
33976 34193 32122 33330 
32499 32767 32833 33186 
31122 31357 33557 32993 
29969 30066 34153 32697 
29270 29136 34548 32415 
29084 28677 34667 32142 
29443 28770 34533 31960 
30188 29338 34109 31842 
31285 30400 33536 31885 
32503 31717 32839 32028 
33692 33181 32163 32266 
34694 34561 31566 32565 
35387 35699 31162 32914 
35643 36388 30938 33171 
35544 36616 31013 33409 
35067 36320 31289 33549 
34288 35525 31771 33559 
33369 34392 32333 33474 
32403 33035 32907 33261 
31540 31674 33450 33005 
30874 30475 33886 32698 
30535 29647 34189 32463 
30403 29192 34223 32214 
30578 29213 34060 32026 
30998 29710 33726 31962 
31573 30533 33227 31962 
32267 31629 32686 32087 
33000 32917 32165 32322 
33637 34082 31732 32579 
34161 35054 31464 32865 
34510 35738 31419 33146 
34668 36046 31599 33374 
34607 35911 31988 33518 
34304 35349 32441 33496 
33811 34443 32937 33330 
33176 33318 33389 33065 
32484 32109 33729 32717 
31814 30999 33913 32377 
31223 30081 33871 32056 
30845 29514 33623 31847 
30692 29388 33248 31787 
30805 29705 32766 31861 
31262 30489 32317 32131 
31909 31588 31929 32487 
32684 32887 31661 32854 
33471 34153 31582 33190 
34215 35280 31703 33473 
34701 36042 31977 33606 
34938 36334 32361 33628 
34788 36054 32763 33480 
34282 35220 33117 33224 
33453 33919 33347 32864 
32541 32456 33479 32566 
31650 31002 33506 32346 
30921 29768 33396 32180 
30467 28928 33226 32113 
30355 28660 33000 32135 
30655 29031 32790 32251 
31283 29984 32618 32359 
32211 31420 32527 32508 
33215 33113 32503 32613 
34070 34705 32452 32609 
34739 36097 32490 32622 
35059 36980 32534 32607 
34988 37257 32567 32613 
34533 36847 32585 32647 
33799 35813 32610 32792 
32861 34261 32571 32908 
31983 32510 32573 33124 
31240 30761 32565 33306 
30816 29285 32589 33484 
30722 28333 32609 33543 
30988 28004 32666 33504 
31518 28350 32725 33301 
32266 29374 32839 33023 
32981 30834 32888 32624 
33616 32585 32969 32218 
34083 34374 33064 31901 
34235 35874 33121 31663 
34097 36870 33146 31554 
33699 37290 33132 31615 
33152 37038 33056 31800 
32554 36156 32941 32085 
32061 34824 32797 32486 
31708 33195 32579 32872 
31573 31507 32338 33239 
31719 30029 32138 33581 
32064 28969 31980 33796 
32532 28470 31911 33876 
33021 28582 31941 33828 
33464 29303 32092 33638 
33742 30500 32354 33370 
33799 31978 32704 33030 
33631 33538 33093 32672 
33221 34943 33436 32253 
32702 35994 33726 31899 
32149 36519 33881 31631 
31681 36516 33878 31506 
31356 35900 33658 31469 
31297 34890 33344 31618 
31496 33630 32924 31895 
31961 32292 32490 32275 
32612 31068 32100 32743 
33304 30158 31794 33189 
33966 29656 31642 33586 
34444 29623 31632 33846 
34685 30073 31796 33980 
34623 30851 32056 33925 
34229 31844 32362 33736 
33555 32857 32648 33416 
32697 33765 32895 33022 
31787 34394 33055 32592 
31028 34759 33214 32278 
30472 34750 33280 32036 
30226 34417 33302 31876 
30346 33850 33291 31843 
30824 33185 33286 31911 
31604 32528 33243 32049 
32585 31975 33202 32207 
33584 31653 33150 32391 
34527 31635 33095 32585 
35183 31813 32958 32712 
35516 32149 32740 32795 
35482 32613 32502 32857 
35064 33063 32242 32940 
34283 33400 31944 32978 
33287 33590 31731 33055 
32233 33590 31626 33177 
31235 33348 31644 33275 
30406 32928 31793 33316 
29900 32405 32097 33344 
29786 31917 32516 33312 
30017 31489 32973 33168 
30574 31257 33418 32928 
31486 31287 33819 32625 
32561 31597 34054 32290 
33595 32126 34113 32001 
34552 32804 33996 31760 
35252 33511 33678 31611 
35647 34197 33246 31640 
35673 34669 32762 31803 
35347 34895 32286 32085 
34668 34804 31858 32466 
33654 34269 31474 32817 
32566 33503 31288 33199 
