33172 33215 33646 33457 
33172 33215 33646 33457 
33316 33500 33780 33275 
33360 33665 33755 33004 
33334 33719 33604 32712 
33231 33628 33330 32417 
33073 33407 33010 32196 
32828 33049 32596 32012 
32631 32693 32282 32023 
32382 32270 31978 32079 
32215 31958 31813 32272 
32092 31725 31754 32508 
32007 31603 31782 32748 
32040 31658 31933 33012 
32121 31817 32136 33220 
32305 32111 32441 33406 
32760 32847 33050 33448 
32984 33200 33297 33297 
33196 33502 33511 33057 
33373 33711 33638 32779 
33489 33811 33691 32459 
33521 33746 33636 32173 
33413 33535 33432 31891 
33282 33296 33219 31765 
33031 32959 32885 31741 
32730 32590 32528 31822 
32482 32305 32249 32106 
32209 32027 31956 32401 
32008 31854 31769 32786 
31901 31796 31708 33143 
31899 31846 31764 33441 
32013 31997 31947 33664 
32203 32205 32217 33733 
32431 32454 32503 33651 
32695 32712 32821 33465 
32904 32909 33059 33132 
33067 33061 33228 32786 
33158 33152 33308 32453 
33220 33221 33347 32230 
33158 33185 33262 32054 
33058 33098 33135 31985 
32947 33025 33019 32043 
32820 32935 32899 32171 
32729 32859 32829 32341 
32675 32804 32776 32517 
32650 32773 32757 32635 
32677 32750 32756 32723 
32713 32749 32748 32761 
32729 32689 32695 32736 
32721 32621 32614 32699 
32695 32537 32493 32696 
32629 32431 32358 32719 
32551 32355 32239 32821 
32440 32251 32117 32913 
32348 32192 32050 33053 
32339 32241 32125 33238 
32337 32305 32233 33296 
32427 32480 32465 33330 
32543 32679 32738 33249 
32701 32880 33035 33060 
32850 33058 33282 32768 
33044 33261 33500 32468 
33203 33385 33620 32155 
33333 33444 33638 31928 
33355 33412 33538 31772 
33369 33354 33397 31819 
33234 33167 33118 31905 
33024 32905 32775 32128 
32767 32612 32423 32426 
32508 32358 32118 32803 
32211 32067 31821 33109 
31951 31832 31616 33385 
31790 31712 31558 33570 
31753 31740 31649 33665 
31839 31875 31887 33623 
32075 32146 32238 33494 
32367 32436 32636 33210 
32731 32812 33079 32896 
33088 33163 33466 32546 
33403 33478 33779 32226 
33637 33700 33949 31937 
33761 33795 33976 31755 
33734 33725 33804 31706 
33530 33523 33485 31774 
33230 33218 33044 31955 
32870 32852 32580 32226 
32559 32542 32190 32618 
32245 32221 31866 32980 
31978 31949 31639 33284 
31870 31854 31644 33564 
31885 31854 31779 33687 
31990 31954 32016 33677 
32179 32137 32328 33520 
32426 32382 32652 33273 
32698 32656 32958 32955 
32930 32904 33186 32596 
33121 33116 33360 32266 
33279 33290 33448 32029 
33337 33351 33419 31879 
33294 33330 33289 31852 
33137 33177 33058 31905 
32941 33000 32813 32110 
32723 32769 32567 32377 
32538 32585 32391 32732 
32388 32422 32281 33092 
32254 32283 32210 33348 
32239 32254 32256 33536 
32300 32304 32382 33588 
32449 32437 32583 33506 
32651 32638 32804 33335 
32829 32801 32976 33013 
32980 32954 33107 32610 
33138 33118 33228 32274 
33206 33194 33243 31969 
33166 33154 33140 31740 
33047 33059 32970 31650 
32913 32918 32771 31760 
32736 32737 32545 31982 
32568 32536 32348 32317 
32444 32385 32215 32743 
32338 32259 32140 33146 
32288 32206 32156 33483 
32350 32238 32290 33722 
32442 32339 32486 33812 
32561 32495 32709 33740 
32663 32649 32894 33532 
32729 32776 33010 33198 
32767 32891 33066 32826 
32800 32965 33058 32481 
32795 33016 32975 32191 
32791 33024 32872 31992 
32785 32994 32775 31902 
32824 32967 32731 31936 
32832 32901 32703 32017 
32897 32865 32776 32190 
32925 32806 32832 32339 
32981 32794 32956 32534 
33005 32764 33043 32677 
32981 32729 33058 32782 
32923 32704 33014 32882 
32797 32614 32850 32922 
32663 32550 32645 32997 
32534 32482 32416 33103 
32370 32390 32161 33161 
32260 32345 31993 33236 
32203 32316 31904 33255 
32215 32355 31958 33255 
32303 32474 32148 33204 
32475 32634 32446 33092 
32701 32825 32818 32918 
32872 32957 33123 32614 
33063 33131 33421 32345 
33217 33256 33635 32101 
33263 33278 33685 31861 
33281 33253 33636 31752 
33219 33169 33467 31756 
33104 33046 33221 31894 
32916 32845 32890 32118 
32713 32618 32556 32408 
32537 32438 32263 32790 
32367 32274 32015 33147 
32199 32107 31819 33446 
32106 32029 31729 33664 
32076 32025 31754 33767 
32169 32143 31937 33787 
32303 32298 32156 33640 
32495 32540 32464 33417 
32728 32803 32834 33133 
32921 33034 33141 32748 
33128 33262 33465 32367 
33291 33422 33711 32052 
33382 33505 33843 31790 
33372 33463 33826 31603 
33296 33342 33670 31552 
33156 33161 33426 31641 
32962 32927 33091 31834 
32756 32692 32701 32124 
32566 32469 32318 32500 
32424 32309 32009 32925 
32302 32173 31773 33302 
32247 32114 31647 33626 
32263 32132 31706 33847 
32349 32231 31911 33941 
32455 32351 32162 33877 
32554 32477 32446 33655 
32648 32602 32726 33346 
32717 32726 32968 32976 
32711 32778 33093 32560 
32730 32863 33199 32232 
32704 32890 33204 31945 
32686 32903 33154 31791 
32752 32981 33172 31830 
32797 33025 33152 31911 
32896 33088 33161 32111 
33002 33138 33168 32331 
33102 33159 33171 32531 
33225 33193 33177 32723 
33234 33114 33089 32811 
33216 33017 32951 32863 
33115 32861 32732 32863 
32945 32652 32473 32865 
32693 32410 32163 32857 
32427 32181 31877 32902 
32163 31986 31659 32991 
31939 31840 31550 33072 
31844 31831 31623 33210 
31864 31946 31852 33333 
31995 32146 32202 33373 
32252 32457 32657 33356 
32585 32817 33142 33226 
32894 33120 33556 32940 
33213 33430 33902 32617 
33497 33676 34114 32297 
33646 33806 34121 31977 
33679 33769 33942 31706 
33541 33598 33571 31555 
33343 33348 33146 31565 
33063 33016 32671 31712 
32761 32657 32220 32008 
32487 32300 31877 32406 
32254 32010 31645 32868 
32053 31759 31539 33274 
31942 31624 31559 33635 
31929 31656 31730 33922 
32006 31808 32003 34035 
32175 32072 32340 34028 
32365 32372 32673 33826 
32627 32764 33053 33528 
32832 33081 33323 33049 
33044 33393 33569 32570 
33232 33636 33718 32107 
33368 33768 33771 31712 
33413 33749 33689 31409 
33369 33618 33499 31286 
33294 33398 33253 31365 
33126 33062 32923 31592 
32949 32735 32601 32011 
32764 32438 32329 32511 
32538 32151 32069 33000 
32336 31943 31891 33458 
32199 31851 31833 33887 
32145 31887 31883 34222 
32127 32003 32000 34431 
32204 32197 32206 34497 
32350 32444 32452 34341 
32548 32709 32728 33836 
32752 32958 32988 32890 
32892 33102 33159 31477 
33080 33276 33361 29804 
33157 33309 33435 28098 
33193 33314 33440 26875 
33116 33190 33321 26534 
32967 33014 33134 27574 
32760 32817 32883 30150 
32509 32591 32626 34117 
32274 32441 32403 39034 
32072 32319 32237 44111 
31983 32299 32168 48063 
32016 32331 32176 49864 
32253 32435 32296 48626 
32747 32610 32511 43827 
33395 32776 32730 35804 
34185 32931 32945 25452 
34936 33023 33116 14453 
35523 33103 33240 4682 
35658 33095 33247 214 
35183 33024 33155 72 
33989 32898 32976 5221 
32052 32720 32759 14860 
29666 32568 32550 30528 
27149 32412 32372 48335 
25005 32282 32258 64487 
23755 32228 32233 65419 
23927 32214 32271 65489 
25878 32342 32436 65532 
29511 32518 32585 65535 
34730 32790 32761 55269 
40485 33077 32843 37394 
46105 33419 32883 16491 
50579 33764 32889 604 
52757 34010 32861 94 
51745 34050 32832 39 
47303 33844 32790 13 
39754 33388 32843 7269 
29559 32524 32841 23623 
18695 31529 32964 43667 
8616 30381 33047 63641 
1257 29351 33132 65406 
95 28679 33170 65512 
55 28596 33139 65535 
7162 29205 32976 65535 
19191 30724 32801 55082 
34451 33004 32539 34370 
50198 35729 32264 10913 
64222 38536 32026 325 
65415 40899 31841 74 
65490 42413 31812 28 
65513 42464 31908 8 
65525 40952 32165 7062 
65522 37735 32484 22916 
49859 33061 32884 42815 
31423 27665 33260 62082 
12438 22275 33576 65390 
427 17818 33796 65517 
62 15054 33833 65535 
33 14970 33720 65535 
31 17668 33465 57003 
11203 23045 33138 38423 
25982 30883 32783 16611 
41244 39445 32411 673 
55104 47775 32090 100 
64611 54556 31870 51 
65474 58641 31699 39 
65518 58967 31737 6233 
58298 55254 31860 18853 
43888 47812 32012 34076 
26213 37134 32310 49545 
9466 25468 32659 61395 
313 14233 32982 65388 
70 5211 33295 65497 
44 337 33557 65492 
47 80 33708 53354 
11362 4226 33719 39276 
25247 13182 33709 24231 
40561 25605 33551 11063 
54560 39025 33295 2194 
64807 51855 32970 122 
65450 62309 32574 76 
65492 65388 32268 7173 
65500 65472 31989 17290 
63596 65495 31762 28880 
47643 58899 31746 40311 
32371 46932 31790 49266 
17688 32707 31944 54921 
5642 18618 32202 56751 
207 6591 32478 54761 
77 293 32772 49818 
71 82 32967 42989 
6164 68 33101 35653 
15355 7302 33236 29059 
25915 17574 33290 24150 
36422 29568 33287 21473 
45714 41777 33240 21064 
52479 51912 33158 22539 
56329 58924 33140 25325 
57031 61834 33081 28502 
54776 60331 33022 31445 
50254 54938 32958 33555 
44180 46636 32877 34588 
37247 36512 32735 34517 
30415 26324 32549 33694 
24586 17765 32349 32543 
20146 11861 32155 31551 
17361 9279 31944 31074 
16414 10243 31831 31371 
17217 14371 31828 32488 
19541 20782 31924 34139 
23102 28567 32155 36072 
27507 36328 32502 37850 
32075 42803 32857 38948 
36436 47393 33231 39145 
40143 49587 33530 38305 
42855 49226 33721 36405 
44256 46633 33801 33835 
44232 42349 33737 30942 
42779 37128 33511 28162 
40145 31735 33226 25974 
36766 27112 32886 24747 
33102 23745 32532 24650 
29720 22016 32266 25732 
27034 21961 32036 27778 
25509 23361 31876 30396 
25298 25887 31822 33226 
26307 28964 31820 35861 
28326 32213 31939 37935 
30828 35010 32113 39169 
33328 37030 32308 39423 
35378 38180 32572 38790 
36477 38340 32873 37436 
36417 37615 33142 35549 
35262 36286 33377 33499 
33271 34614 33592 31547 
30936 32958 33723 29987 
28781 31556 33743 28941 
27397 30654 33666 28532 
27197 30316 33478 28673 
28404 30596 33200 29309 
30824 31337 32812 30233 
34200 32453 32410 31305 
37874 33645 32047 32410 
41131 34655 31697 33287 
43268 35239 31434 33907 
43759 35323 31344 34252 
42299 34785 31416 34319 
39015 33687 31662 34219 
34228 32158 32030 33983 
28633 30395 32510 33690 
23282 28705 32962 33419 
19036 27401 33400 33186 
16754 26812 33795 33064 
16948 27110 34083 33019 
19665 28299 34158 32964 
24571 30380 34119 32941 
30911 33074 33886 32862 
37966 36152 33453 32648 
44136 38980 33011 32438 
48685 41165 32465 32116 
50896 42320 31924 31780 
50307 42125 31429 31437 
47073 40572 31164 31268 
41645 37703 31063 31212 
34871 33900 31180 31336 
27807 29620 31515 31615 
21649 25546 32078 32135 
17254 22232 32692 32709 
15276 20221 33359 33344 
16004 19932 33917 33904 
19194 21483 34312 34343 
24247 24743 34487 34614 
30212 29215 34348 34619 
36230 34333 33972 34404 
41331 39268 33357 33927 
44912 43487 32626 33297 
46418 46165 31906 32622 
45854 47020 31344 31981 
43370 45837 30969 31403 
39467 42718 30878 31020 
35003 38259 31145 30896 
30638 33018 31651 30972 
27050 27759 32366 31275 
24728 23257 33221 31782 
23886 20182 33912 32295 
24480 18947 34422 32802 
26218 19661 34630 33249 
28648 22112 34487 33595 
31320 25932 34041 33823 
33756 30479 33328 33900 
35584 35200 32484 33855 
36558 39266 31674 33723 
36651 42191 31022 33512 
36020 43675 30655 33267 
34883 43568 30602 32951 
33604 42028 30935 32662 
32489 39407 31603 32379 
31692 36015 32450 32071 
31438 32580 33335 31832 
31699 29488 34134 31624 
32344 27151 34701 31530 
33214 25828 34989 31583 
34010 25528 34882 31705 
34554 26204 34463 31975 
34728 27610 33814 32357 
34388 29476 32969 32801 
33589 31386 32109 33222 
32512 33155 31395 33660 
31258 34466 30852 33922 
30105 35291 30593 34031 
29267 35594 30599 33949 
28934 35497 30875 33692 
29166 35104 31364 33307 
29998 34601 32006 32857 
31245 34107 32688 32412 
32804 33727 33342 32041 
34367 33489 33905 31787 
35734 33369 34287 31670 
36689 33313 34496 31763 
37089 33249 34519 31972 
36829 33024 34302 32231 
36025 32687 33936 32516 
34785 32203 33456 32776 
33255 31549 32847 32890 
31668 30926 32234 32924 
30331 30436 31712 32906 
29397 30155 31336 32821 
28966 30156 31141 32705 
29082 30528 31168 32646 
29640 31173 31358 32627 
30578 32066 31743 32684 
31652 33043 32214 32826 
32772 33989 32716 32994 
33708 34735 33191 33173 
34392 35225 33586 33334 
34760 35409 33847 33402 
34804 35266 33920 33346 
34574 34827 33795 33166 
34220 34228 33559 32912 
33753 33469 33144 32535 
33368 32752 32724 32145 
33094 32138 32332 31814 
32980 31715 32078 31617 
32863 31386 31889 31501 
32809 31234 31879 31574 
32714 31173 32022 31821 
32483 31133 32237 32156 
32134 31137 32525 32612 
31664 31136 32811 33087 
31120 31159 33032 33533 
30628 31292 33197 33903 
30357 31623 33313 34149 
30321 32125 33281 34189 
30701 32841 33181 34023 
31372 33660 32952 33637 
32394 34587 32710 33129 
33641 35495 32522 32596 
34930 36213 32371 32039 
35965 36486 32259 31520 
36609 36291 32225 31184 
36752 35558 32260 31025 
36326 34341 32395 31107 
35387 32772 32597 31437 
34007 31021 32791 31930 
32406 29378 32996 32507 
30781 28059 33160 33102 
29415 27330 33297 33667 
28502 27338 33344 34081 
28159 28131 33311 34269 
28449 29592 33182 34222 
29304 31559 32953 33946 
30623 33760 32668 33526 
32196 35898 32301 33000 
33761 37561 31953 32469 
35050 38498 31683 32038 
35963 38606 31558 31781 
36376 37878 31599 31688 
36238 36296 31784 31744 
35721 34333 32198 31995 
34873 32137 32705 32292 
33877 30094 33294 32612 
32839 28466 33867 32864 
31960 27526 34287 32999 
31304 27401 34516 33028 
30946 28070 34504 32952 
30806 29336 34207 32755 
30912 31106 33728 32571 
31128 32987 33041 32426 
31405 34730 32260 32343 
31708 36049 31538 32422 
31967 36764 30957 32587 
32166 36800 30604 32857 
32338 36199 30523 33158 
32543 35088 30752 33443 
32801 33695 31260 33641 
33133 32238 31992 33701 
33538 30921 32799 33577 
33980 30039 33594 33295 
34366 29660 34237 32891 
34634 29839 34667 32399 
34786 30591 34881 31974 
34652 31624 34769 31580 
34282 32881 34414 31372 
33654 34041 33866 31333 
32838 34943 33176 31499 
31947 35422 32486 31860 
31092 35411 31851 32326 
30350 34854 31305 32839 
29853 33854 30928 33342 
29702 32601 30790 33756 
29942 31338 30878 34069 
30560 30257 31210 34163 
31453 29521 31674 34044 
32540 29369 32295 33760 
33639 29768 32938 33361 
34644 30701 33567 32862 
35401 32032 34116 32362 
35803 33503 34469 31909 
35820 34943 34591 31548 
35451 36117 34486 31365 
34776 36764 34148 31363 
33904 36854 33648 31549 
32911 36298 33020 31848 
31929 35159 32327 32215 
31169 33722 31757 32711 
30591 32060 31298 33145 
30263 30432 31037 33488 
30201 29065 30996 33740 
30428 28279 31229 33869 
30832 28054 31649 33823 
31399 28483 32207 33646 
32074 29522 32833 33381 
32685 30968 33382 33007 
33302 32707 33861 32639 
33887 34447 34172 32321 
34333 35933 34220 32021 
34649 36975 34035 31826 
34787 37417 33619 31738 
34757 37240 33053 31772 
34560 36441 32434 31960 
34220 35188 31924 32278 
33695 33609 31519 32623 
33077 31973 31369 33002 
32331 30399 31428 33322 
31620 29237 31771 33587 
30971 28559 32273 33695 
30450 28411 32870 33637 
30098 28787 33425 33372 
30058 29680 33920 33026 
30304 30930 34212 32625 
30919 32405 34261 32209 
31773 33798 34032 31884 
32779 34984 33551 31669 
33860 35907 32946 31673 
34880 36396 32204 31844 
35719 36474 31618 32202 
36190 36116 31181 32625 
36231 35375 30982 33072 
35818 34392 31084 33474 
34987 33213 31434 33751 
33815 32036 31997 33850 
32430 30903 32682 33757 
31000 29965 33309 33485 
29763 29316 33817 33115 
28826 28985 34120 32656 
28436 29100 34196 32259 
28611 29605 34069 31972 
29317 30478 33721 31804 
30584 31648 33281 31815 
32140 33028 32834 31994 
33801 34377 32394 32222 
35404 35646 32121 32559 
36642 36607 31949 32823 
37326 37101 31908 33018 
37367 37049 31972 33075 
36791 36488 32163 33079 
35657 35445 32396 33008 
34065 33963 32569 32847 
32301 32270 32728 32697 
30615 30609 32871 32616 
29198 29119 32896 32568 
28315 28095 32883 32607 
28050 27651 32880 32753 
28437 27862 32852 32934 
29416 28739 32855 33110 
30845 30178 32870 33241 
32502 31959 32879 33259 
34138 33884 32949 33193 
35481 35613 32953 32960 
36452 37002 32947 32667 
36898 37869 32922 32348 
36740 37986 32837 32028 
36075 37391 32746 31798 
34978 36184 32657 31718 
33619 34496 32534 31757 
32255 32616 32485 31972 
30983 30737 32442 32248 
29972 29122 32419 32624 
29360 28034 32437 33022 
29212 27569 32462 33392 
29499 27792 32505 33671 
30212 28745 32593 33894 
31152 30178 32675 33930 
32244 31898 32738 33833 
33341 33693 32801 33579 
34326 35352 32843 33214 
35089 36639 32916 32801 
35569 37379 33006 32373 
35684 37489 33069 31935 
35439 36957 33118 31569 
34866 35888 33144 31362 
34038 34408 33129 31298 
33012 32677 33064 31390 
31996 31038 32970 31672 
31062 29627 32810 32051 
30348 28647 32624 32527 
29968 28250 32445 33076 
29939 28447 32274 33555 
30325 29248 32165 33985 
30986 30479 32070 34183 
32004 32095 32112 34257 
33025 33674 32149 34058 
34033 35148 32271 33722 
34830 36263 32436 33263 
35321 36856 32619 32720 
35388 36841 32797 32203 
35079 36246 33003 31792 
34355 35105 33132 31501 
33395 33649 33280 31460 
32323 32041 33335 31562 
31387 30610 33435 31894 
30635 29432 33419 32234 
30216 28758 33343 32618 
30268 28730 33238 32951 
30674 29273 33030 33156 
31435 30351 32804 33261 
32418 31783 32552 33234 
33427 33351 32321 33130 
34290 34836 32115 32962 
34847 35990 31951 32783 
35066 36677 31894 32684 
34878 36747 31918 32632 
34337 36238 32049 32658 
33546 35222 32283 32755 
32605 33793 32541 32861 
31744 32237 32829 32987 
31039 30696 33036 32997 
30659 29460 33186 32974 
30640 28708 33269 32896 
30939 28509 33217 32739 
31549 28926 33105 32582 
32298 29869 32937 32420 
33090 31232 32777 32307 
33750 32814 32652 32265 
34192 34362 32623 32315 
34320 35648 32650 32391 
34176 36567 32771 32527 
33795 36917 32939 32663 
33265 36658 33080 32756 
32702 35873 33179 32805 
32222 34643 33195 32836 
31890 33157 33077 32804 
31799 31663 32850 32758 
31925 30366 32551 32721 
32247 29405 32234 32732 
32599 28889 31889 32703 
32997 28961 31678 32767 
33280 29513 31622 32852 
33422 30555 31756 32979 
33331 31837 32046 33064 
33055 33184 32480 33138 
32576 34367 32896 33075 
32107 35331 33362 33016 
31653 35910 33720 32861 
31405 36000 33941 32668 
31414 35667 34005 32475 
31644 34927 33862 32249 
32157 33881 33557 32070 
32817 32770 33199 31969 
33516 31697 32778 31932 
34162 30841 32366 32014 
34648 30266 32014 32189 
34841 30079 31760 32472 
34680 30217 31604 32753 
34194 30691 31568 33059 
33397 31380 31616 33342 
32540 32250 31836 33597 
31657 33089 32118 33736 
30866 33782 32428 33746 
30365 34299 32831 33646 
30179 34529 33211 33404 
30308 34469 33554 33045 
30829 34201 33855 32663 
31619 33744 34013 32239 
32502 33154 33989 31811 
33435 32608 33854 31531 
34292 32124 33557 31385 
34911 31809 33154 31412 
35246 31685 32677 31599 
35287 31810 32203 31966 
34972 32075 31769 32407 
34421 32465 31480 32918 
33600 32819 31315 33348 
32673 33153 31333 33735 
31772 33407 31586 34021 
30968 33380 31911 34034 
30415 33220 32366 33916 
30129 32903 32867 33635 
30120 32447 33315 33210 
30468 32037 33729 32768 
31070 31703 33990 32302 
31917 31572 34095 31926 
32837 31630 34001 31638 
33712 31895 33704 31506 
34480 32344 33289 31570 
35032 32903 32790 31760 
35289 33480 32257 32090 
35247 34005 31815 32505 
34868 34326 31499 32931 
34217 34413 31382 33330 
33363 34207 31472 33593 
