32970 33006 32599 32019 
32970 33006 32599 32019 
32716 32645 32397 32845 
32483 32298 32230 33638 
32268 32017 32110 34270 
32157 31895 32097 34684 
32092 31880 32137 34789 
32133 32023 32265 34601 
32216 32268 32454 34151 
32306 32480 32607 33482 
32435 32710 32789 32778 
32533 32855 32913 32074 
32628 32931 32995 31509 
32717 32933 33028 31197 
32811 32900 33025 31128 
32947 32873 33029 31318 
33065 32862 33031 31686 
33179 32870 33011 32137 
33258 32924 32993 32576 
33303 33001 32985 32946 
33267 33072 32925 33180 
33187 33140 32874 33292 
33075 33174 32789 33281 
32913 33130 32686 33173 
32671 32969 32513 33001 
32456 32758 32356 32841 
32252 32490 32244 32759 
32093 32218 32163 32762 
31989 31959 32144 32828 
31943 31753 32182 32919 
32006 31717 32328 33090 
32101 31786 32478 33157 
32322 32041 32732 33193 
32559 32389 32947 33081 
32815 32799 33114 32851 
33091 33249 33261 32559 
33320 33649 33346 32229 
33493 33914 33331 31899 
33585 33994 33275 31668 
33562 33867 33134 31579 
33441 33580 32965 31647 
33214 33156 32773 31850 
32939 32670 32571 32191 
32659 32226 32414 32665 
32355 31829 32268 33134 
32073 31551 32135 33564 
31901 31484 32072 33934 
31816 31586 32076 34131 
31856 31855 32164 34147 
32020 32234 32333 34001 
32226 32628 32535 33660 
32543 33046 32811 33204 
32816 33366 33046 32665 
33102 33609 33281 32138 
33320 33695 33455 31653 
33451 33650 33538 31304 
33451 33453 33487 31099 
33404 33210 33365 31142 
33242 32915 33111 31337 
33081 32652 32840 31745 
32897 32450 32554 32263 
32736 32313 32295 32871 
32554 32229 32088 33419 
32401 32193 31955 33866 
32302 32225 31965 34155 
32229 32262 32060 34247 
32221 32365 32274 34157 
32245 32457 32503 33853 
32287 32547 32743 33411 
32396 32689 32982 32928 
32510 32798 33148 32387 
32686 32937 33280 31956 
32862 33045 33315 31627 
33015 33135 33264 31482 
33112 33126 33091 31461 
33189 33105 32911 31659 
33179 33010 32685 31970 
33080 32850 32453 32326 
32971 32690 32308 32758 
32812 32528 32230 33161 
32629 32389 32228 33498 
32499 32343 32333 33737 
32427 32383 32536 33830 
32405 32490 32751 33735 
32424 32633 32953 33481 
32499 32784 33118 33092 
32607 32913 33220 32663 
32727 33015 33269 32249 
32783 32999 33169 31868 
32836 32939 33015 31623 
32824 32777 32782 31563 
32821 32632 32562 31711 
32789 32496 32366 31991 
32761 32410 32201 32375 
32741 32429 32151 32827 
32720 32502 32160 33237 
32707 32625 32265 33562 
32722 32803 32447 33787 
32726 32948 32664 33804 
32743 33071 32903 33677 
32761 33142 33107 33415 
32740 33101 33220 33022 
32759 33012 33302 32596 
32772 32878 33310 32215 
32752 32686 33217 31882 
32722 32487 33052 31697 
32649 32294 32824 31664 
32559 32136 32558 31780 
32520 32092 32363 32078 
32482 32124 32189 32429 
32444 32218 32073 32810 
32472 32413 32060 33199 
32587 32702 32181 33547 
32730 33007 32375 33762 
32867 33257 32605 33771 
33011 33468 32884 33651 
33124 33567 33132 33337 
33205 33568 33363 32929 
33198 33432 33486 32455 
33155 33231 33528 32040 
33012 32912 33407 31657 
32823 32570 33177 31460 
32651 32281 32916 31491 
32462 32082 32609 31711 
32303 31924 32292 32074 
32238 31919 32094 32550 
32211 32009 31967 33058 
32238 32152 31949 33502 
32330 32352 32052 33825 
32472 32578 32258 33959 
32625 32788 32510 33926 
32746 32934 32733 33679 
32849 33034 32928 33329 
32887 33059 33046 32904 
32932 33071 33100 32527 
32963 33068 33121 32231 
32936 33020 33042 31965 
32946 33007 32979 31862 
32943 33010 32915 31854 
32957 33031 32871 31947 
32957 33059 32867 32118 
32924 33029 32855 32280 
32890 32974 32890 32460 
32792 32818 32864 32588 
32701 32633 32837 32714 
32611 32429 32798 32853 
32501 32214 32685 32938 
32413 32046 32543 33013 
32384 31978 32425 33101 
32369 31977 32279 33181 
32411 32104 32197 33253 
32480 32292 32184 33306 
32559 32541 32252 33328 
32658 32805 32379 33292 
32729 33035 32538 33175 
32804 33249 32750 33009 
32833 33331 32917 32731 
32911 33402 33112 32471 
32940 33344 33240 32179 
32995 33270 33326 31944 
33040 33122 33336 31767 
33064 32959 33290 31684 
33073 32830 33186 31760 
33064 32718 33040 31919 
33017 32632 32851 32193 
32856 32514 32585 32475 
32711 32478 32398 32880 
32489 32364 32174 33223 
32268 32243 32008 33540 
32060 32091 31907 33774 
31907 31953 31903 33880 
31886 31889 32031 33876 
31985 31903 32251 33724 
32174 32042 32539 33460 
32502 32340 32900 33125 
32865 32728 33236 32669 
33261 33203 33538 32240 
33574 33668 33721 31810 
33807 34080 33787 31513 
33879 34309 33705 31354 
33779 34344 33480 31366 
33532 34138 33151 31544 
33167 33726 32769 31870 
32738 33177 32384 32304 
32279 32507 32047 32785 
31910 31862 31833 33280 
31639 31287 31745 33687 
31574 30919 31815 33974 
31668 30773 31979 34066 
31914 30879 32216 33945 
32263 31257 32489 33694 
32651 31816 32734 33318 
33020 32475 32924 32913 
33299 33134 33035 32463 
33457 33743 33078 32126 
33457 34172 33085 31877 
33346 34385 33078 31802 
33120 34344 33056 31846 
32844 34097 33051 32003 
32632 33728 33101 32254 
32430 33227 33102 32452 
32377 32777 33150 32669 
32421 32347 33154 32804 
32549 32005 33086 32848 
32716 31814 32960 32833 
32874 31747 32748 32784 
32992 31804 32501 32723 
33025 31923 32210 32664 
32970 32108 31955 32675 
32840 32316 31786 32756 
32673 32514 31739 32916 
32470 32661 31798 33087 
32326 32802 32024 33280 
32216 32908 32337 33403 
32194 32997 32720 33442 
32248 33083 33093 33358 
32424 33190 33445 33173 
32627 33270 33675 32875 
32877 33355 33798 32513 
33129 33432 33813 32164 
33309 33405 33641 31837 
33378 33253 33362 31567 
33351 33041 33034 31501 
33229 32752 32685 31577 
33017 32408 32345 31808 
32758 32056 32048 32149 
32464 31745 31826 32589 
32214 31558 31711 33145 
32020 31495 31682 33721 
31971 31650 31824 34332 
32044 31955 32053 34752 
32209 32361 32355 34773 
32455 32859 32729 34208 
32694 33290 33047 33003 
32936 33696 33347 31512 
33168 33978 33592 30122 
33307 34059 33695 29288 
33338 33947 33703 29451 
33247 33647 33586 30580 
33042 33166 33328 32305 
32880 32689 33034 34335 
32799 32301 32696 35960 
32880 32141 32399 36873 
33094 32216 32138 36990 
33257 32440 31945 36296 
33134 32729 31870 34964 
32545 32795 31904 33113 
31624 32412 32016 31000 
30759 31526 32250 28920 
30859 28959 32786 26139 
31995 28638 33027 26206 
33230 29915 33212 27510 
33919 32956 33290 29958 
33768 37245 33295 33226 
33001 41423 33159 36822 
32489 43649 33002 39972 
33027 42691 32816 42103 
34823 38236 32617 42724 
37392 31189 32482 41570 
39333 23823 32437 38750 
39412 18306 32487 34685 
36920 16229 32582 29984 
32154 18198 32749 25453 
26439 23545 32886 21959 
21587 30716 32989 20253 
18905 38330 33055 20633 
19068 45132 33010 23036 
22046 50386 32896 27222 
26994 53223 32745 32351 
33027 53203 32557 37563 
39203 49917 32369 42019 
44827 43122 32194 44989 
48994 33425 32144 45959 
51041 22216 32178 44765 
50597 11184 32303 41652 
47452 2564 32499 37171 
41603 120 32747 31975 
33929 51 32975 27100 
25414 7424 33137 23224 
17348 20228 33321 21007 
10959 36786 33420 20727 
7912 53497 33350 22330 
8854 65038 33233 25440 
13647 65456 33026 29499 
21563 65509 32777 33793 
31544 65527 32486 37654 
41775 65524 32274 40498 
50794 50879 32119 41977 
57219 32061 32008 41951 
60112 13869 32019 40593 
58847 704 32149 38143 
53661 70 32313 35141 
45165 40 32586 32109 
34567 5205 32843 29446 
23429 16653 33164 27579 
13928 30183 33367 26640 
7564 43397 33504 26706 
5399 54112 33535 27599 
7661 60502 33433 29109 
13959 61333 33241 30971 
22392 56421 32966 32758 
31582 46726 32647 34226 
40251 34084 32358 35252 
47404 20343 32046 35721 
52044 9214 31889 35691 
53898 2813 31825 35224 
53129 2195 31916 34531 
49917 7116 32128 33747 
44508 16545 32427 33029 
37694 28336 32750 32457 
30582 40093 33068 32113 
24172 50204 33324 31981 
19344 57226 33470 31983 
16709 60326 33546 32107 
16356 59036 33482 32205 
17964 53799 33319 32251 
21003 45535 33091 32242 
24929 35650 32817 32171 
29395 25644 32534 32060 
33959 17736 32310 32026 
38254 12997 32102 32038 
41958 12159 31969 32184 
44631 15018 31930 32435 
45804 20529 32035 32835 
45307 27166 32217 33266 
43253 33455 32462 33688 
39914 38268 32776 34019 
35771 40757 33058 34119 
31485 41040 33323 34035 
27350 39584 33480 33680 
23911 37155 33543 33192 
21648 34426 33514 32598 
20992 32108 33338 31952 
22179 30686 33133 31454 
24848 30349 32822 31126 
28663 31251 32518 31072 
32701 33231 32245 31284 
36231 35809 32043 31715 
38873 38388 31924 32292 
40550 40238 31974 32953 
41225 40622 32117 33558 
40928 39062 32339 34015 
39738 35613 32585 34213 
37638 30638 32794 34177 
34760 25070 32959 33928 
31412 20150 33047 33501 
28008 17174 33059 33013 
25273 17189 32996 32519 
23728 20437 32941 32136 
23749 26207 32872 31865 
25457 33192 32817 31700 
28731 39898 32795 31687 
32888 44734 32840 31819 
37000 47134 32919 32001 
40107 47153 32986 32225 
41439 45229 32994 32400 
40803 41964 32979 32607 
38600 37901 32889 32774 
35582 33305 32750 32933 
32575 28452 32559 33064 
30169 23913 32381 33211 
28496 20691 32199 33286 
27393 19676 32072 33346 
26671 21387 32054 33367 
26362 25743 32143 33359 
26822 31656 32306 33269 
28341 37479 32512 33093 
31008 41786 32785 32909 
34403 43397 33004 32639 
37942 41948 33229 32397 
40720 37729 33401 32161 
42070 31955 33452 31944 
41887 26137 33448 31836 
40218 21819 33344 31810 
37276 20216 33129 31883 
33455 22123 32848 32052 
29323 27153 32575 32321 
25327 34273 32329 32676 
22030 41726 32071 33011 
20165 47946 31928 33329 
20284 51485 31912 33608 
22579 51253 31990 33735 
26739 47315 32166 33740 
32132 40301 32442 33613 
37885 31319 32764 33346 
43320 21551 33054 32961 
47551 12860 33294 32525 
49796 7103 33493 32178 
49437 5320 33527 31852 
46182 8420 33477 31680 
40145 16390 33304 31662 
31780 28555 33089 31824 
23197 41893 32830 32100 
15948 54375 32541 32421 
11685 63461 32336 32803 
11292 65437 32140 33109 
14943 65496 32063 33378 
21539 56950 32077 33495 
29696 44471 32182 33515 
38052 29890 32338 33369 
45626 15416 32567 33158 
51184 4041 32796 32907 
54168 155 32949 32612 
54046 60 33054 32355 
50508 2593 33089 32201 
43833 13878 33016 32139 
34983 27472 32910 32215 
25207 42157 32776 32394 
16272 55269 32661 32628 
9771 64528 32593 32902 
7319 65456 32594 33119 
9422 65495 32663 33243 
15684 59267 32817 33299 
24811 47049 32926 33145 
35552 32313 33039 32891 
45589 17966 33148 32618 
53384 5941 33140 32295 
57716 232 33083 32045 
57829 68 32908 31855 
53698 63 32678 31819 
46241 10507 32434 31962 
36727 23153 32202 32215 
26734 37326 32028 32577 
17806 50759 31957 32988 
11601 60904 31998 33380 
9364 65272 32181 33700 
10985 65454 32433 33876 
15984 58750 32750 33858 
23420 49256 33046 33657 
31832 37750 33295 33321 
39990 25712 33480 32913 
46830 14762 33536 32462 
51550 6249 33517 32078 
53123 1472 33321 31708 
51363 1393 33070 31526 
46539 6012 32796 31504 
39432 14794 32548 31654 
31064 26472 32337 31927 
22990 39126 32178 32271 
16709 50876 32083 32658 
13354 59806 32071 33054 
13518 64583 32124 33435 
17199 64801 32207 33702 
23565 60414 32339 33877 
31415 52520 32512 33880 
39427 42043 32702 33760 
46251 29584 32886 33485 
50225 17084 33063 33113 
50706 6781 33256 32708 
47852 428 33413 32300 
42341 83 33490 31918 
35329 62 33477 31605 
28465 9594 33377 31442 
22897 21458 33177 31417 
19464 34917 32932 31592 
18462 47812 32602 31874 
19947 57881 32316 32288 
23297 63653 32090 32751 
27829 64881 31895 33166 
32693 61777 31836 33541 
37171 55090 31885 33785 
40442 45819 32043 33894 
42125 34657 32292 33828 
42159 22873 32568 33647 
40716 11759 32837 33368 
38169 3204 33017 33023 
35263 158 33128 32672 
32420 62 33205 32411 
30021 7812 33196 32194 
28401 18872 33158 32102 
27706 32337 33095 32068 
27990 45252 33062 32091 
28979 55759 33017 32128 
30368 62176 32989 32188 
31613 63615 32972 32242 
32348 60138 32941 32290 
32388 52667 32882 32350 
31925 42432 32755 32403 
31357 30887 32603 32506 
31189 19679 32411 32628 
31824 10460 32215 32833 
33308 5078 32034 33046 
35521 4346 31922 33298 
37932 8418 31929 33541 
39849 16684 32029 33716 
40661 27887 32226 33771 
39931 39663 32499 33704 
37607 50192 32803 33488 
33999 57457 33107 33155 
29740 60145 33382 32734 
25527 57641 33586 32268 
22301 50553 33681 31830 
20590 40301 33638 31466 
20813 28844 33506 31287 
23069 18253 33244 31258 
27095 10878 32924 31437 
32174 8105 32557 31795 
37553 10001 32220 32280 
42407 15897 31917 32814 
45923 24577 31756 33395 
47301 34055 31691 33865 
46355 42415 31799 34161 
43261 48518 32039 34267 
38424 51547 32355 34149 
32577 51287 32725 33794 
26661 47949 33120 33294 
21925 42608 33391 32678 
18986 36259 33587 32089 
18236 29859 33633 31584 
19867 24149 33565 31257 
23453 20284 33373 31158 
28178 18659 33064 31283 
33283 19467 32768 31639 
38036 22461 32494 32178 
41766 27056 32256 32755 
43937 32095 32130 33329 
44380 36410 32073 33799 
43167 39134 32125 34081 
40473 39819 32211 34112 
36743 38727 32383 33972 
32687 36576 32579 33618 
28929 34339 32720 33128 
26211 32910 32881 32588 
24958 32691 32991 32055 
25322 33620 33086 31675 
26861 35116 33072 31426 
29045 36567 33048 31399 
31190 37272 32978 31618 
32761 36647 32822 31942 
33632 34641 32712 32429 
33878 31427 32571 32947 
33833 27705 32487 33445 
33825 24276 32442 33844 
34025 22333 32450 34013 
34431 22459 32542 33989 
34874 24616 32681 33760 
35155 28248 32808 33329 
35191 32587 32966 32800 
34908 36604 33087 32257 
34386 39594 33145 31744 
33696 41414 33113 31377 
32983 42145 32995 31212 
32260 41821 32804 31267 
31603 40524 32606 31599 
31044 38215 32429 32092 
30522 34897 32249 32647 
30106 31025 32131 33207 
29919 27450 32132 33752 
29989 25258 32218 34120 
30269 25030 32403 34270 
30627 26730 32625 34197 
31103 29598 32878 33911 
31820 32383 33082 33362 
32958 33753 33254 32811 
34483 33254 33306 32178 
36256 31392 33326 31685 
37740 29169 33269 31346 
38219 27803 33056 31149 
37487 28278 32843 31231 
35733 30471 32594 31528 
33656 33779 32385 32028 
31968 37335 32150 32560 
31247 40306 32009 33137 
31362 42094 31973 33649 
31582 42788 32044 34007 
31238 42563 32243 34185 
29840 41364 32489 34119 
27710 39138 32810 33839 
25650 35685 33085 33369 
24603 30919 33317 32804 
25292 25070 33495 32264 
27909 18714 33548 31766 
32022 13371 33498 31433 
36899 10297 33300 31271 
41713 10850 33044 31346 
45483 15639 32727 31595 
47500 24651 32466 32076 
46988 36139 32206 32546 
43974 48165 32055 33056 
38760 58404 31998 33484 
32137 64617 32013 33774 
25359 65458 32151 33885 
19710 59551 32355 33848 
15909 49339 32591 33625 
14396 36160 32810 33292 
15436 21935 33025 32903 
18934 10137 33162 32527 
24486 2669 33212 32196 
31575 322 33134 31942 
39482 3005 33030 31866 
47143 10079 32859 31912 
52908 19995 32691 32085 
55725 31457 32566 32338 
54745 43083 32463 32594 
50091 53372 32494 32871 
42219 60869 32534 33037 
32985 63934 32739 33212 
23666 61853 32882 33185 
15880 54794 33025 33085 
10831 43793 33131 32951 
9249 30349 33143 32742 
11373 17598 33069 32552 
16799 7735 32903 32397 
24702 2666 32686 32336 
33846 3232 32413 32327 
42924 9308 32202 32423 
50073 19451 32044 32561 
54098 31824 31988 32727 
54197 44098 32075 32914 
50334 54099 32254 33081 
43235 59956 32497 33162 
34659 60281 32812 33196 
26400 55105 33111 33150 
20126 45618 33352 33048 
16896 33471 33525 32865 
17153 21289 33556 32647 
20277 12354 33490 32442 
25181 7855 33302 32238 
30853 8457 33048 32088 
36252 13677 32708 31983 
40636 22399 32393 32030 
43184 32371 32088 32134 
43643 41989 31889 32372 
41863 49598 31796 32678 
38056 54036 31828 33005 
32834 54647 31978 33324 
27479 51460 32282 33622 
23044 44963 32631 33776 
20695 36267 32995 33750 
21163 26688 33303 33539 
24734 17729 33573 33202 
30586 11268 33677 32730 
37616 8564 33690 32273 
44255 10271 33533 31797 
48858 16374 33257 31446 
50105 26061 32903 31303 
47360 37269 32552 31400 
41003 48058 32239 31691 
32336 56296 32028 32177 
23156 60228 31913 32708 
15408 59006 31925 33298 
11081 52923 32040 33789 
10976 43163 32218 34097 
15070 31456 32447 34190 
22722 19725 32738 34110 
32220 10148 32950 33729 
41639 4468 33078 33200 
49741 3466 33174 32599 
55232 7306 33262 32064 
57081 15561 33230 31569 
54787 26623 33134 31279 
48493 38925 32985 31221 
39062 50410 32826 31426 
27852 59143 32631 31812 
16923 63750 32533 32419 
8847 63109 32424 33014 
5299 57728 32344 33542 
7122 48397 32351 33963 
14060 36329 32437 34169 
24397 23367 32542 34078 
35894 11750 32727 33814 
46533 2888 32867 33319 
54608 137 32970 32685 
58909 62 33063 32064 
58576 5753 33122 31574 
53646 16876 33035 31231 
44914 31126 32896 31159 
33899 46153 32765 31373 
22199 59470 32650 31845 
12277 65339 32518 32448 
6294 65482 32469 33113 
5178 65497 32426 33685 
8996 64732 32446 34102 
16978 49895 32523 34296 
27645 35383 32609 34202 
38689 21311 32684 33861 
48624 9349 32804 33364 
55971 921 32870 32747 
59642 107 32907 32131 
58956 72 32956 31618 
54087 4586 32898 31265 
45847 14340 32916 31241 
35455 27178 32868 31430 
24341 41312 32762 31807 
14841 53935 32683 32341 
8273 63109 32588 32919 
5594 65417 32494 33443 
7161 65484 32464 33865 
12425 59532 32435 34018 
20436 48865 32506 34006 
29763 36223 32614 33768 
39357 23209 32730 33342 
48105 12023 32903 32835 
54437 4718 33014 32305 
58048 1917 33107 31854 
58339 3762 33140 31529 
55078 9972 33089 31416 
48732 19208 32965 31496 
40016 30069 32822 31809 
30045 40746 32639 32199 
20150 50015 32481 32711 
12142 56322 32337 33152 
7470 58873 32277 33546 
6636 57517 32284 33790 
9559 52473 32355 33860 
15649 44420 32472 33751 
23542 34869 32633 33524 
32191 25149 32794 33179 
40426 17008 32941 32789 
47672 11834 33060 32380 
53262 10811 33141 32049 
56286 13990 33167 31838 
56450 20389 33108 31721 
53470 28493 32961 31742 
47367 36482 32803 31904 
38611 42668 32599 32170 
28859 45707 32446 32523 
19604 45572 32321 32926 
12495 42913 32238 33268 
8701 38913 32226 33541 
8844 35037 32328 33712 
12448 31959 32474 33694 
18809 29995 32720 33573 
26942 28825 32943 33257 
35395 28193 33104 32839 
43264 28004 33275 32439 
49477 28353 33334 32038 
53203 29478 33327 31775 
53700 31320 33199 31629 
50964 33443 32988 31660 
45631 35277 32731 31849 
38523 36357 32503 32192 
30631 36397 32309 32622 
23434 35595 32155 33030 
17897 34438 32090 33398 
14868 33339 32115 33665 
14837 32506 32247 33782 
17918 31905 32459 33730 
23338 31397 32700 33547 
30157 30813 32941 33238 
36972 30141 33102 32823 
42871 29638 33191 32381 
46402 29656 33203 32065 
47310 30106 33104 31818 
45605 30880 32940 31758 
41600 31740 32738 31862 
36236 32409 32560 32105 
30464 32962 32435 32459 
25273 33705 32376 32809 
21628 35188 32405 33107 
20366 37665 32551 33345 
21566 40711 32752 33428 
24811 43397 32969 33370 
29383 44357 33115 33143 
34577 42364 33208 32831 
39328 37031 33197 32503 
43014 29102 33084 32221 
44941 20393 32874 32025 
44656 13229 32636 31986 
41865 9983 32376 32100 
37037 11577 32185 32327 
31084 17536 32065 32650 
25363 26329 32048 33000 
21152 36142 32128 33291 
19613 44938 32340 33539 
20786 51297 32609 33637 
24081 54763 32864 33537 
28521 55273 33104 33322 
