33274 32278 32858 32038 
33274 32278 32858 32038 
33213 32247 32988 32248 
33071 32293 33078 32407 
32948 32476 33199 32618 
32741 32635 33196 32719 
32536 32789 33117 32805 
32288 32836 32916 32813 
32070 32809 32644 32853 
31946 32732 32370 32934 
31867 32577 32097 33043 
31906 32411 31904 33164 
32023 32272 31808 33302 
32230 32204 31843 33419 
32517 32260 32032 33489 
32825 32421 32324 33475 
33150 32682 32699 33380 
33417 32981 33075 33131 
33593 33278 33397 32780 
33657 33540 33643 32367 
33656 33719 33794 31994 
33482 33695 33738 31618 
33227 33529 33560 31383 
32916 33193 33276 31273 
32568 32753 32908 31350 
32252 32279 32517 31628 
32039 31902 32220 32088 
31859 31551 31923 32545 
31799 31417 31752 33081 
31803 31424 31678 33574 
31942 31665 31760 34027 
32185 32071 31976 34322 
32461 32555 32249 34435 
32756 33056 32575 34337 
33031 33511 32912 34028 
33234 33808 33173 33510 
33405 33986 33448 32951 
33490 33961 33610 32323 
33498 33775 33684 31750 
33404 33442 33615 31214 
33231 33008 33437 30867 
33028 32566 33178 30739 
32828 32194 32914 30880 
32575 31869 32571 31206 
32389 31728 32306 31755 
32224 31724 32088 32383 
32131 31853 31949 33052 
32093 32067 31893 33688 
32121 32329 31943 34217 
32239 32640 32096 34576 
32391 32906 32302 34682 
32577 33134 32568 34565 
32748 33276 32819 34209 
32864 33288 32996 33626 
32994 33272 33175 32985 
33045 33173 33266 32305 
33046 33013 33254 31692 
32986 32816 33115 31217 
32914 32636 32954 30976 
32833 32477 32758 30989 
32768 32364 32589 31233 
32702 32312 32482 31675 
32671 32317 32450 32204 
32657 32396 32488 32768 
32661 32517 32619 33267 
32686 32682 32798 33642 
32680 32814 32954 33813 
32706 32939 33083 33803 
32663 33003 33110 33592 
32612 33007 33030 33263 
32585 32995 32895 32928 
32564 32904 32667 32575 
32597 32831 32470 32350 
32617 32708 32261 32208 
32668 32601 32126 32233 
32741 32524 32087 32339 
32813 32486 32152 32546 
32864 32472 32301 32750 
32931 32502 32550 32949 
32921 32542 32788 33034 
32916 32616 33049 33056 
32853 32689 33242 32930 
32761 32747 33363 32734 
32700 32845 33432 32516 
32616 32900 33365 32279 
32544 32930 33226 32087 
32491 32924 32990 31998 
32475 32884 32737 32033 
32505 32832 32480 32234 
32540 32737 32235 32528 
32632 32667 32100 32933 
32673 32559 32009 33302 
32762 32503 32054 33653 
32796 32441 32167 33825 
32857 32464 32393 33858 
32934 32646 32965 33421 
32918 32737 33189 32946 
32878 32828 33363 32398 
32881 32969 33472 31920 
32810 33014 33394 31460 
32752 33050 33241 31231 
32701 33042 33027 31197 
32643 32968 32743 31403 
32573 32859 32468 31803 
32543 32723 32265 32315 
32527 32601 32147 32917 
32488 32447 32072 33452 
32521 32381 32152 33932 
32567 32347 32299 34195 
32656 32395 32515 34278 
32722 32452 32711 34117 
32817 32582 32913 33780 
32878 32687 33043 33278 
32972 32867 33166 32761 
33001 32982 33194 32218 
33005 33085 33158 31750 
32990 33150 33101 31451 
32876 33094 32947 31280 
32738 32984 32772 31342 
32581 32823 32613 31587 
32442 32614 32462 31991 
32319 32399 32337 32467 
32258 32222 32271 32984 
32220 32068 32223 33445 
32306 32061 32297 33824 
32456 32184 32425 34032 
32633 32370 32586 34007 
32863 32709 32819 33820 
33084 33057 33036 33460 
33238 33360 33197 32982 
33328 33588 33311 32456 
33383 33734 33404 32008 
33310 33682 33365 31620 
33161 33472 33218 31406 
32932 33123 32977 31374 
32709 32751 32724 31586 
32486 32342 32453 31969 
32315 31986 32229 32450 
32160 31704 32034 32941 
32119 31617 31977 33441 
32148 31681 32011 33803 
32275 31935 32189 34033 
32393 32212 32365 33967 
32556 32576 32608 33780 
32673 32903 32816 33402 
32766 33161 32973 32959 
32815 33331 33055 32478 
32862 33428 33114 32077 
32859 33372 33084 31778 
32891 33281 33071 31666 
32915 33120 33030 31737 
32932 32930 32957 31890 
33011 32796 32946 32182 
33109 32733 32962 32534 
33172 32685 32952 32858 
33163 32639 32907 33065 
33126 32639 32865 33211 
32990 32605 32764 33218 
32837 32584 32661 33169 
32622 32535 32520 33026 
32404 32474 32386 32885 
32157 32356 32222 32713 
31994 32297 32140 32640 
31903 32274 32134 32653 
31924 32298 32181 32724 
32024 32352 32288 32793 
32226 32471 32472 32899 
32528 32680 32742 33009 
32839 32878 32966 33019 
33157 33080 33178 32937 
33461 33301 33370 32806 
33663 33447 33489 32604 
33755 33524 33524 32402 
33690 33467 33422 32169 
33543 33367 33272 32053 
33246 33149 33015 31970 
32905 32886 32741 32010 
32569 32639 32517 32204 
32280 32418 32328 32483 
32000 32181 32151 32745 
31829 32016 32042 33026 
31733 31872 31964 33262 
31788 31836 31994 33461 
31924 31870 32083 33562 
32127 31973 32227 33578 
32363 32136 32400 33475 
32647 32382 32635 33306 
32929 32656 32888 33049 
33154 32966 33123 32774 
33341 33258 33315 32475 
33499 33578 33499 32225 
33596 33816 33597 32016 
33613 33936 33618 31873 
33535 33909 33521 31797 
33395 33749 33342 31806 
33172 33461 33077 31900 
32897 33063 32766 32077 
32611 32644 32464 32351 
32350 32224 32202 32662 
32092 31823 31947 32959 
31915 31552 31821 33264 
31754 31398 31752 33479 
31771 31493 31871 33675 
31875 31712 32067 33736 
32013 32004 32285 33644 
32294 32394 32594 33494 
32555 32753 32874 33244 
32806 33018 33061 32891 
33063 33274 33211 32607 
33241 33395 33263 32336 
33392 33463 33276 32163 
33465 33435 33221 32072 
33486 33377 33158 32078 
33420 33275 33073 32119 
33303 33157 32984 32177 
33159 33049 32914 32257 
33019 32992 32900 32370 
32806 32851 32808 32375 
32629 32737 32764 32418 
32431 32601 32676 32469 
32290 32456 32591 32555 
32127 32255 32441 32643 
32005 32058 32283 32770 
31938 31911 32158 32950 
31934 31825 32075 33181 
32005 31842 32055 33446 
32152 31970 32132 33728 
32375 32204 32298 34040 
32681 32553 32555 34256 
32988 32917 32830 34235 
33254 33232 33073 33704 
33454 33498 33269 32689 
33643 33713 33451 31324 
33697 33792 33528 29908 
33638 33726 33499 28938 
33486 33557 33395 28868 
33194 33258 33185 29816 
32836 32877 32937 31588 
32505 32496 32692 33789 
32265 32223 32449 35813 
32212 32126 32227 37280 
32333 32229 32031 37804 
32568 32533 31929 37454 
32679 32871 31930 36320 
32346 32943 31941 34496 
31696 32734 32117 32362 
30860 31950 32361 30001 
30292 30664 32633 27825 
30433 29253 32907 26220 
31451 28424 33167 25566 
33030 28934 33407 26147 
34501 31324 33570 27990 
35201 35263 33649 30856 
35043 39724 33588 34353 
34484 43179 33456 37845 
34197 44033 33211 40667 
34850 41437 32937 42310 
36326 35638 32587 42239 
37793 28411 32301 40486 
38096 21782 32076 37230 
36314 17600 31890 32961 
32430 16961 31819 28440 
27196 20008 31902 24468 
22259 25589 32056 21847 
19043 32458 32269 21019 
18562 39350 32521 22243 
20943 45315 32739 25249 
25756 49725 32933 29719 
31812 51760 33085 34706 
38166 50980 33138 39378 
43989 47153 33196 43057 
48468 40241 33209 45027 
50954 30574 33167 44926 
50897 20055 33171 42757 
48137 10429 33139 38868 
42929 3953 33087 34024 
35816 2052 33007 29015 
27693 5709 32922 24671 
19629 14877 32811 21638 
13104 28159 32678 20520 
9364 43168 32475 21392 
9218 57192 32280 24027 
12819 65234 32157 27937 
19577 65475 32035 32392 
28421 65511 32001 36715 
38218 65521 32041 40269 
47093 54765 32169 42408 
53937 37875 32399 43001 
57698 20177 32667 41999 
57828 5304 32973 39698 
54096 158 33219 36388 
47042 50 33416 32775 
37899 70 33507 29466 
27853 11182 33499 26948 
18512 23597 33425 25494 
11551 36682 33253 25248 
8050 48501 33017 26158 
8794 56923 32782 27973 
13301 60538 32573 30272 
20447 58966 32397 32655 
28739 52491 32255 34769 
37138 41801 32117 36295 
44142 29273 32069 37085 
48782 18008 32077 37094 
51079 9780 32115 36447 
51082 6223 32229 35372 
48891 7805 32371 34086 
44655 14148 32570 32761 
39208 23200 32794 31751 
33136 33316 33057 31057 
27296 42606 33250 30736 
22597 49743 33449 30809 
19627 53857 33597 31146 
18676 54330 33627 31608 
19535 51404 33550 32106 
21704 45615 33371 32518 
24718 38037 33120 32830 
28166 29820 32721 32924 
31805 22841 32395 32977 
35446 18199 32081 32927 
38871 16691 31838 32834 
41734 18409 31720 32761 
43631 22771 31758 32749 
44175 28396 31909 32829 
43234 33829 32111 32924 
40958 37931 32373 33078 
37689 39955 32644 33246 
33792 39767 32905 33389 
29828 37772 33085 33422 
26178 34799 33213 33375 
23315 31672 33270 33206 
21722 29197 33282 32940 
21830 27903 33293 32639 
23603 28043 33254 32290 
26717 29535 33169 31929 
30644 32204 33108 31654 
34546 35547 33030 31521 
37925 39041 32942 31534 
40226 41740 32799 31664 
41458 43042 32649 31950 
41620 42423 32484 32328 
40703 39619 32271 32753 
38813 34906 32106 33206 
36025 29018 31923 33564 
32707 23107 31902 33879 
29194 18460 31944 34031 
26041 16245 32073 34006 
23859 17296 32322 33836 
23136 21483 32600 33511 
24122 27894 32917 33107 
26725 34953 33219 32665 
30594 41166 33500 32259 
35011 45404 33700 31911 
38860 47053 33736 31657 
41305 46445 33670 31555 
41833 44148 33477 31593 
40466 40663 33177 31716 
37687 36346 32811 31936 
34449 31626 32425 32200 
31513 26895 32106 32516 
29272 22807 31844 32843 
27693 20265 31654 33132 
26665 20214 31626 33395 
26134 22869 31747 33616 
26213 27768 32013 33779 
27203 33646 32349 33811 
29376 39160 32727 33728 
32469 42637 33100 33535 
35960 43367 33448 33255 
39083 41164 33676 32867 
41214 36659 33807 32458 
41887 30869 33814 32053 
40990 25471 33631 31658 
38803 21813 33299 31372 
35759 21030 32948 31277 
32071 23502 32541 31330 
28272 28822 32177 31585 
24880 35586 31902 31958 
22408 42340 31764 32442 
21400 47481 31788 32976 
22195 49847 31906 33472 
24860 48735 32139 33901 
28971 44414 32486 34191 
33781 37450 32746 34228 
38640 28948 32956 34098 
42914 20309 33088 33793 
46052 12763 33123 33364 
47223 8372 33073 32889 
46074 8007 32968 32415 
42510 12289 32912 32056 
36715 20846 32846 31730 
29468 32581 32817 31538 
22344 45155 32885 31510 
17098 55887 32945 31577 
14800 62842 33023 31766 
15870 64251 33059 31977 
20074 60060 33055 32246 
26376 50779 32984 32547 
33339 38422 32816 32833 
39997 24881 32580 33065 
45463 12500 32356 33322 
49134 3366 32142 33498 
50552 143 32008 33644 
49293 60 31938 33684 
45313 6945 31952 33616 
39041 18326 32130 33511 
31229 32160 32369 33320 
22997 46501 32676 33037 
16193 58352 32985 32754 
11968 65158 33216 32378 
11372 65470 33455 32107 
14573 65485 33571 31858 
21182 55094 33576 31677 
29936 42359 33446 31588 
39006 28432 33223 31640 
47088 15216 32960 31819 
52725 4831 32653 32078 
55038 211 32384 32483 
53522 67 32106 32874 
48579 5757 31950 33317 
41154 13642 31928 33726 
32384 26567 31972 33969 
23870 40392 32149 34081 
16917 52910 32401 33982 
12926 61611 32724 33722 
12253 65166 33002 33270 
14840 63469 33203 32701 
20177 57400 33392 32170 
27193 47602 33401 31625 
34691 36200 33353 31291 
41583 24584 33209 31165 
47033 14226 32991 31255 
50293 6458 32753 31574 
50838 2410 32527 32075 
48463 2850 32347 32646 
43487 7727 32218 33199 
36603 16485 32176 33688 
28978 27780 32187 33990 
21738 40351 32331 34138 
16763 51234 32507 34063 
14687 59219 32697 33783 
15863 63155 32858 33348 
20054 62670 33030 32882 
26574 58034 33109 32360 
34011 50058 33167 31920 
41125 39757 33144 31615 
46595 28168 33020 31439 
49368 16809 32860 31466 
48915 7046 32648 31660 
45389 931 32464 32064 
39644 89 32266 32457 
33033 4891 32188 32928 
26832 12148 32159 33355 
22189 24035 32267 33701 
19681 37272 32467 33896 
19574 49177 32726 33849 
21619 58163 33020 33667 
25180 63054 33252 33305 
29714 63533 33445 32886 
34379 60010 33498 32387 
38285 53240 33443 31985 
40930 43982 33243 31671 
41987 33143 32958 31568 
41446 21881 32615 31618 
39609 11528 32303 31884 
36862 3888 32024 32238 
33954 901 31862 32657 
31316 3151 31831 33061 
29286 10297 31927 33394 
28135 21423 32141 33599 
27984 34035 32465 33690 
28631 45946 32771 33588 
29866 55310 33090 33384 
31223 60668 33353 33096 
32288 61302 33507 32732 
32671 57516 33560 32404 
32382 50085 33480 32121 
31626 40251 33268 31902 
30932 29295 32994 31836 
30742 18948 32648 31892 
31481 11103 32365 32109 
33124 6789 32111 32365 
35427 6819 31933 32683 
38033 11572 31920 33039 
39944 20025 32008 33299 
40725 30573 32249 33511 
39924 41368 32515 33546 
37614 50630 32871 33505 
34002 56495 33176 33274 
29644 57929 33442 32949 
25592 54516 33579 32600 
22469 47154 33587 32259 
20857 37192 33437 31961 
21146 26438 33142 31765 
23393 17454 32795 31730 
27303 11683 32427 31837 
32310 10121 32126 32112 
37677 12852 31887 32455 
42452 19157 31833 32885 
45635 27291 31875 33223 
46836 35760 32079 33553 
45791 43032 32374 33721 
42535 48077 32711 33732 
37773 50079 33046 33611 
32174 49140 33284 33307 
26730 45760 33462 32964 
22200 40604 33501 32543 
19499 34746 33475 32163 
18957 29138 33275 31837 
20591 24480 33014 31635 
24001 21405 32695 31632 
28617 20326 32403 31807 
33654 21445 32147 32110 
38017 24323 31953 32486 
41387 28385 31915 32953 
43257 32590 31966 33355 
43515 36014 32164 33712 
42158 37886 32436 33871 
39561 37985 32773 33875 
36071 36674 33075 33659 
32318 34751 33320 33264 
28964 33140 33484 32744 
26703 32623 33538 32187 
25941 33382 33500 31737 
26469 35033 33293 31366 
28025 37030 33058 31252 
29967 38586 32734 31348 
31704 39029 32473 31711 
32828 37895 32221 32227 
33273 35189 32059 32842 
33261 31277 31992 33435 
33122 26880 32024 33951 
33187 23248 32158 34261 
33525 21137 32337 34283 
34105 21149 32554 34063 
34716 23325 32756 33623 
35113 27150 32910 33010 
35202 31481 32998 32407 
34968 35617 33039 31872 
34450 38978 33027 31505 
33782 41407 32978 31366 
33055 42755 32924 31451 
32349 43098 32892 31768 
31634 42265 32888 32166 
30943 40050 32873 32609 
30383 36596 32918 33035 
29986 32456 32935 33334 
29883 28546 32947 33453 
30111 25845 32902 33409 
30573 25042 32811 33225 
31136 26129 32674 32919 
31801 28278 32538 32652 
32630 30319 32407 32461 
33730 31208 32265 32342 
35119 30656 32147 32336 
36526 29160 32114 32493 
37405 27866 32167 32710 
37391 27786 32312 32988 
36240 29394 32518 33191 
34337 32531 32774 33338 
32315 36427 33021 33297 
31046 40000 33232 33155 
30818 42587 33361 32869 
31429 43889 33443 32546 
32093 43922 33385 32187 
32035 42833 33250 31891 
30904 40820 33050 31702 
29004 37853 32821 31697 
27015 33806 32591 31831 
25924 28606 32446 32141 
26315 22657 32300 32507 
28399 16699 32219 32919 
31878 11900 32165 33309 
36283 9688 32210 33684 
40577 11272 32240 33889 
43961 17111 32346 33951 
45659 26682 32461 33862 
45187 38506 32599 33617 
42337 50606 32732 33241 
37644 60242 32873 32782 
31871 65216 33041 32340 
26009 65476 33184 31898 
20944 58958 33304 31551 
17580 48014 33400 31352 
16287 34500 33402 31315 
17154 20885 33325 31443 
20222 9603 33176 31733 
25250 2455 32937 32106 
32046 380 32661 32574 
39492 3425 32401 33088 
46611 10467 32134 33512 
52078 20437 31972 33878 
54675 32041 31904 34069 
53551 43698 31958 34100 
48690 53683 32075 33945 
41084 60689 32277 33640 
31906 63313 32504 33255 
22635 60759 32730 32794 
15140 53294 32915 32365 
10391 41991 33044 31997 
9137 28940 33132 31769 
11644 16367 33165 31665 
17578 7108 33181 31730 
25841 3049 33140 31864 
35259 4609 33106 32063 
44458 11409 33122 32345 
51674 21968 33085 32590 
55659 34558 33057 32811 
55215 46809 32951 32927 
50775 55888 32890 33063 
43179 60401 32750 33060 
33999 59450 32582 33044 
25255 53224 32421 33025 
18455 42787 32212 32958 
15060 30671 32016 32929 
15175 19183 31900 32938 
18286 10694 31846 32976 
23453 6788 31894 33021 
29801 8089 32071 33079 
36026 14094 32352 33108 
41087 23132 32685 33075 
44411 33527 33042 32962 
45393 43337 33361 32740 
43912 51075 33666 32498 
40014 55552 33868 32239 
34516 55952 33913 31975 
28652 52383 33783 31765 
23660 45523 33530 31665 
20713 36363 33150 31665 
20750 26254 32762 31868 
24009 17059 32388 32176 
29591 10519 32034 32530 
36509 7859 31807 32970 
42957 9641 31633 33336 
47458 15821 31591 33659 
48706 25797 31713 33921 
46024 36912 31898 33999 
39914 47525 32158 33959 
31658 55466 32490 33789 
23024 59117 32787 33463 
15824 57750 33109 33072 
12187 51742 33394 32651 
12677 42369 33657 32269 
17101 31352 33776 31872 
24579 20537 33774 31522 
33885 11714 33708 31349 
42921 6583 33505 31267 
50520 5887 33231 31337 
55393 9698 32878 31535 
56597 17492 32509 31851 
53680 28230 32196 32301 
46824 39730 31933 32809 
37044 50329 31745 33287 
25814 58152 31703 33783 
15327 61820 31755 34113 
7756 60666 31971 34338 
5068 54943 32228 34356 
7754 45551 32518 34177 
15131 33852 32817 33832 
25611 21561 33036 33304 
37233 10307 33193 32725 
47660 2308 33268 32169 
55337 123 33245 31674 
59064 60 33175 31334 
58321 7449 33097 31237 
52955 19605 33012 31323 
44068 34266 32908 31538 
33043 49279 32880 31946 
21700 61990 32862 32342 
12157 65404 32879 32777 
6569 65489 32877 33104 
5802 65499 32813 33298 
9906 65301 32754 33415 
17938 49795 32642 33405 
28429 34603 32480 33275 
39611 19445 32293 33122 
49139 7144 32150 32975 
55923 311 32067 32887 
58948 90 32068 32847 
57732 67 32161 32844 
52344 5587 32347 32894 
43923 16047 32574 32926 
33669 29303 32856 32955 
23230 43210 33071 32850 
14305 55681 33268 32727 
8645 63933 33429 32533 
6917 65439 33508 32309 
9161 65479 33485 32076 
14805 56640 33384 31882 
22939 45198 33184 31764 
31972 32254 32953 31796 
40761 19702 32665 31960 
48318 9447 32372 32263 
53824 3013 32124 32669 
56594 1305 31916 33113 
56144 4482 31803 33543 
52465 11859 31821 33905 
46034 22140 31962 34100 
37529 33637 32216 34094 
28003 44840 32560 33897 
19327 53693 32952 33529 
12653 59209 33285 32986 
9099 60757 33580 32429 
9139 58202 33803 31900 
12593 51689 33821 31415 
18717 42372 33654 31119 
26247 31920 33378 31090 
34077 21744 33018 31259 
41338 13610 32594 31645 
47510 8981 32212 32211 
52041 8680 31892 32822 
54352 12678 31706 33412 
54144 20008 31692 33898 
51048 28970 31820 34192 
45203 37702 32068 34281 
36971 44428 32403 34148 
27913 47777 32784 33828 
19476 47734 33122 33343 
13175 45004 33396 32814 
10078 40824 33574 32293 
10552 36374 33640 31857 
14249 32643 33510 31516 
20374 29912 33302 31393 
27940 27999 32979 31417 
35891 26759 32620 31625 
43368 26206 32298 32011 
49241 26495 32073 32476 
52480 27720 31929 32930 
52751 29810 31922 33337 
50036 32356 32073 33664 
44787 34733 32338 33877 
37752 36341 32681 33871 
30234 36876 33033 33710 
23324 36520 33318 33401 
18067 35673 33510 32967 
15247 34741 33552 32523 
15373 33923 33480 32130 
18338 33134 33233 31775 
23641 32338 32916 31581 
30308 31410 32585 31592 
37048 30390 32266 31762 
42873 29570 32060 32084 
46470 29189 31957 32489 
47535 29365 32001 32930 
45902 29906 32131 33326 
42064 30661 32390 33665 
36613 31421 32687 33850 
30709 32187 32972 33831 
25345 33226 33175 33620 
21526 34958 33291 33281 
20016 37631 33367 32899 
20970 40892 33306 32436 
24070 43683 33168 32027 
28549 44749 32951 31711 
33647 42926 32705 31606 
38565 37760 32449 31664 
42622 29590 32243 31938 
44815 20859 32106 32301 
44854 13709 32093 32765 
42512 10174 32159 33233 
38033 11302 32299 33591 
32227 17047 32563 33846 
26549 25678 32821 33854 
22279 35290 33103 33682 
20313 44124 33287 33320 
20986 50906 33461 32899 
23807 54878 33470 32348 
27901 55779 33434 31903 
