32899 33697 33371 32356 
32899 33697 33371 32356 
32922 33766 33295 31923 
32939 33717 33156 31626 
32929 33552 32983 31460 
32921 33334 32813 31453 
32941 33116 32696 31617 
32985 32910 32620 31883 
33033 32731 32632 32220 
33047 32554 32637 32552 
33053 32420 32687 32887 
32975 32277 32694 33138 
32876 32171 32689 33330 
32723 32051 32628 33425 
32554 31985 32545 33470 
32354 31947 32428 33443 
32197 31976 32334 33367 
32076 32069 32260 33253 
32031 32250 32251 33121 
32070 32481 32303 32949 
32237 32823 32484 32830 
32428 33123 32665 32628 
32712 33458 32922 32479 
32974 33702 33138 32302 
33236 33863 33337 32172 
33422 33869 33462 32059 
33520 33742 33471 31986 
33499 33479 33361 31963 
33411 33158 33210 32020 
33221 32767 32973 32131 
32986 32341 32712 32302 
32728 31968 32470 32551 
32431 31639 32244 32793 
32150 31428 32049 33043 
31938 31354 31938 33301 
31839 31458 31924 33549 
31841 31712 31998 33710 
31957 32084 32159 33792 
32202 32563 32410 33787 
32461 33035 32660 33590 
32779 33515 32941 33331 
33054 33858 33170 32937 
33305 34074 33371 32507 
33494 34139 33527 32038 
33565 34015 33554 31617 
33501 33731 33482 31319 
33339 33330 33315 31155 
33119 32862 33098 31192 
32853 32379 32829 31413 
32612 31975 32578 31834 
32386 31651 32340 32354 
32220 31467 32141 32928 
32120 31428 31984 33494 
32128 31572 31931 33984 
32228 31876 32009 34330 
32385 32241 32161 34461 
32503 32608 32316 34322 
32660 33032 32586 34021 
32765 33372 32822 33503 
32808 33580 33022 32855 
32832 33675 33174 32224 
32817 33638 33260 31685 
32769 33439 33230 31280 
32780 33192 33162 31141 
32747 32858 32979 31199 
32768 32545 32789 31497 
32836 32305 32638 31997 
32875 32129 32500 32538 
32953 32096 32481 33091 
32958 32120 32500 33490 
32964 32284 32611 33752 
32927 32503 32757 33805 
32848 32712 32892 33639 
32696 32870 32958 33298 
32566 32997 32977 32882 
32429 33044 32916 32440 
32365 33046 32809 32134 
32354 32964 32650 31946 
32352 32818 32449 31929 
32439 32676 32308 32081 
32557 32564 32235 32392 
32699 32484 32238 32764 
32836 32462 32320 33126 
32957 32506 32490 33404 
33055 32596 32696 33529 
33082 32733 32896 33502 
33082 32868 33110 33325 
33020 32971 33255 33003 
32912 33048 33328 32608 
32788 33070 33322 32201 
32669 33032 33238 31887 
32520 32893 33045 31677 
32407 32691 32792 31643 
32341 32494 32532 31820 
32337 32327 32316 32161 
32362 32187 32131 32585 
32414 32111 32016 33045 
32516 32123 32023 33488 
32661 32254 32147 33842 
32820 32468 32366 34001 
32974 32719 32637 33958 
33107 33020 32958 33708 
33127 33221 33182 33236 
33116 33373 33354 32674 
33090 33488 33478 32139 
32964 33453 33436 31621 
32833 33341 33317 31312 
32661 33114 33085 31193 
32520 32853 32801 31326 
32417 32598 32540 31716 
32391 32367 32317 32295 
32422 32213 32181 32911 
32431 32059 32081 33440 
32518 32017 32100 33889 
32625 32067 32202 34143 
32718 32179 32361 34167 
32812 32328 32550 33949 
32900 32575 32785 33583 
32945 32797 32971 33078 
32937 32975 33089 32513 
32926 33179 33189 32019 
32901 33318 33245 31627 
32816 33332 33185 31405 
32706 33244 33044 31375 
32609 33117 32879 31586 
32501 32904 32646 31942 
32407 32663 32448 32395 
32384 32462 32309 32919 
32341 32253 32196 33384 
32352 32118 32160 33725 
32462 32126 32281 33938 
32617 32238 32481 33958 
32801 32444 32740 33772 
32997 32695 32991 33408 
33186 32981 33216 32960 
33298 33196 33335 32412 
33423 33421 33428 31952 
33401 33466 33365 31557 
33293 33403 33200 31352 
33062 33182 32934 31318 
32817 32919 32662 31542 
32528 32595 32393 31946 
32247 32275 32165 32449 
32015 32017 32016 33000 
31863 31856 31968 33528 
31805 31807 32012 33903 
31955 31989 32237 34165 
32119 32177 32441 34121 
32393 32475 32698 33897 
32697 32786 32942 33510 
32946 33018 33075 33002 
33160 33227 33155 32483 
33326 33364 33182 32052 
33394 33412 33134 31722 
33349 33350 33020 31566 
33251 33243 32927 31604 
33084 33063 32811 31776 
32912 32893 32758 32068 
32741 32711 32749 32381 
32634 32599 32807 32715 
32543 32484 32832 32932 
32474 32385 32839 33041 
32508 32382 32877 33097 
32528 32367 32808 33040 
32570 32381 32692 32950 
32609 32419 32540 32892 
32601 32443 32357 32850 
32555 32457 32164 32860 
32471 32466 32028 32915 
32421 32525 32005 33036 
32418 32635 32131 33187 
32433 32743 32332 33250 
32505 32881 32633 33254 
32633 33010 32953 33120 
32793 33146 33263 32909 
33010 33275 33540 32644 
33218 33344 33708 32324 
33355 33338 33723 32001 
33436 33244 33592 31727 
33373 33050 33298 31532 
33256 32830 32970 31524 
33056 32569 32613 31663 
32801 32319 32277 31963 
32518 32103 32017 32362 
32207 31912 31817 32813 
31959 31805 31736 33281 
31790 31814 31779 33717 
31763 31967 31944 34082 
31872 32205 32194 34272 
32086 32514 32482 34269 
32405 32871 32814 34081 
32754 33218 33110 33688 
33102 33527 33366 33161 
33405 33722 33539 32529 
33625 33826 33644 31944 
33711 33756 33646 31407 
33643 33531 33512 31028 
33430 33178 33274 30834 
33150 32801 33000 30905 
32833 32418 32716 31226 
32536 32083 32429 31766 
32285 31837 32206 32416 
32094 31712 32031 33076 
31986 31730 31932 33667 
31983 31877 31916 34123 
32096 32145 32026 34394 
32271 32465 32191 34406 
32501 32824 32420 34232 
32699 33097 32625 33809 
32902 33350 32855 33322 
33045 33482 33047 32742 
33171 33528 33227 32225 
33203 33436 33305 31761 
33183 33286 33348 31476 
33077 33046 33294 31358 
32931 32762 33181 31436 
32740 32457 32984 31661 
32522 32190 32746 32008 
32374 32023 32544 32449 
32295 31968 32387 32926 
32259 31973 32275 33321 
32322 32103 32255 33610 
32478 32337 32319 33767 
32680 32652 32474 33760 
32894 32939 32642 33590 
33090 33223 32829 33283 
33217 33418 32955 32879 
33249 33509 33013 32468 
33200 33489 33019 32186 
33039 33346 32935 32077 
32602 32875 32717 32332 
32372 32574 32594 32336 
32205 32287 32518 32046 
32124 32074 32472 31528 
32113 31908 32465 30966 
32228 31888 32524 30774 
32451 32021 32655 31272 
32669 32220 32801 32474 
32842 32432 32897 34116 
33032 32716 32989 35818 
33267 33053 33043 37093 
33504 33420 33013 37530 
33754 33808 32916 37032 
33948 34151 32779 35727 
33798 34275 32591 33876 
33147 34043 32399 31711 
32070 33355 32278 29565 
30773 32062 32224 27593 
29848 30326 32245 26148 
29756 28549 32392 25496 
30699 27490 32613 25941 
32221 27975 32869 27492 
33628 30419 33120 30112 
34323 34589 33319 33425 
34156 39486 33446 37084 
33637 43226 33452 40278 
33567 44220 33342 42476 
34530 41554 33112 43189 
36483 35373 32793 42136 
38409 27817 32514 39442 
39032 20955 32229 35439 
37399 16792 31994 30713 
33264 16550 31863 25942 
27937 20169 31901 22347 
22828 26441 32043 20366 
19468 33919 32283 20369 
18845 41262 32577 22428 
21131 47464 32892 26198 
25701 51724 33144 31053 
31645 53415 33354 36336 
37828 51926 33422 40893 
43444 47091 33410 44151 
47711 39087 33243 45556 
50063 28434 32980 44860 
50073 17236 32736 42304 
47520 7274 32465 38239 
42608 812 32297 33441 
35644 76 32200 28523 
27780 6733 32221 24542 
20092 14166 32359 21958 
13695 28854 32593 21163 
9997 45356 32817 22224 
9865 60491 33006 24811 
13434 65356 33164 28492 
20292 65495 33239 32645 
29085 65518 33187 36417 
38628 65526 33022 39368 
47373 57127 32785 41085 
54175 39980 32537 41418 
57723 21295 32342 40432 
57572 5587 32168 38346 
53698 165 32098 35626 
46289 46 32148 32665 
36934 69 32289 30144 
26694 11572 32497 28287 
17332 24206 32747 27343 
10531 37475 32991 27382 
7392 49060 33144 28160 
8462 57118 33291 29563 
13456 60320 33357 31273 
20950 57923 33282 32872 
29605 50537 33154 34129 
38119 39366 32995 34912 
44999 26859 32803 35139 
49765 15459 32619 34895 
52123 7455 32452 34300 
51954 4473 32314 33509 
49455 7022 32188 32766 
45039 14158 32138 32248 
39202 24163 32152 32026 
32527 35283 32204 32096 
26311 45248 32312 32435 
21367 52764 32522 32922 
18317 56823 32742 33404 
17394 56947 32937 33696 
18556 53321 33165 33762 
21155 46628 33331 33507 
24684 38118 33469 33000 
28632 29175 33476 32301 
32736 21464 33439 31614 
36731 16294 33252 30999 
40431 14585 33032 30663 
43247 16353 32729 30608 
44847 20803 32433 30931 
44943 26680 32164 31586 
43438 32588 31959 32456 
40657 37058 31899 33402 
36953 39445 31902 34216 
32845 39722 32040 34820 
28687 38219 32246 35111 
25039 35751 32489 35030 
22331 33092 32740 34609 
21015 30936 32954 33898 
21429 29733 33108 33046 
23550 29786 33195 32239 
26976 31054 33221 31549 
31059 33345 33168 31097 
35013 36223 33064 30878 
38320 39173 33001 30992 
40575 41405 32932 31296 
41738 42203 32855 31729 
41900 41092 32832 32217 
41066 37973 32824 32657 
39270 33112 32805 32991 
36535 27211 32753 33203 
33136 21498 32698 33296 
29481 17290 32589 33285 
26163 15770 32484 33244 
23692 17551 32320 33137 
22749 22431 32198 33086 
23541 29300 32099 33066 
26058 36621 32064 33078 
29947 42813 32146 33150 
34329 46612 32304 33210 
38251 47809 32534 33198 
40847 46791 32839 33144 
41481 44022 33099 32932 
40265 40251 33330 32651 
37846 35897 33546 32364 
34863 31007 33611 32015 
32256 26276 33580 31752 
30254 22285 33431 31551 
28838 20041 33231 31538 
27711 20260 32914 31622 
26901 23182 32603 31884 
26642 28268 32337 32272 
27245 34082 32072 32679 
29052 39268 31858 33146 
31863 42259 31745 33564 
35224 42454 31800 33970 
38335 39662 31899 34149 
40413 34840 32123 34206 
41109 29210 32443 34078 
40377 24298 32798 33772 
38384 21486 33122 33281 
35502 21742 33423 32708 
32080 25249 33672 32160 
28356 31413 33759 31602 
25035 38654 33727 31215 
22579 45295 33538 30991 
21659 49897 33287 31039 
22593 51208 32928 31277 
25389 48801 32563 31727 
29642 43114 32267 32320 
34625 34933 32021 32936 
39664 25388 31866 33490 
43994 16429 31855 33961 
46964 9415 31965 34233 
47913 5748 32108 34240 
46382 6606 32335 34062 
42245 12410 32602 33718 
35758 22497 32793 33204 
27802 35484 32963 32638 
20387 48724 33136 32157 
15002 59744 33235 31776 
12874 65295 33255 31525 
14615 65485 33252 31523 
19532 63178 33125 31659 
26550 51040 33004 31970 
34282 37125 32814 32349 
41865 21751 32659 32801 
47730 8685 32489 33184 
51495 462 32337 33451 
52711 77 32307 33626 
50937 52 32322 33596 
46223 8247 32411 33439 
39025 20572 32553 33166 
30206 35144 32687 32775 
21173 49750 32866 32407 
13863 61180 32974 32056 
9598 65374 33055 31841 
9366 65489 33084 31774 
13310 65455 33020 31825 
20672 53159 32913 32014 
30162 39317 32756 32312 
40227 24151 32606 32668 
48847 10711 32516 33081 
54708 992 32419 33388 
56890 94 32397 33630 
55097 59 32471 33783 
49629 5797 32587 33747 
41413 16897 32649 33561 
31728 31014 32764 33279 
22561 45063 32805 32891 
15321 56845 32825 32511 
11148 64270 32812 32188 
10669 65449 32774 31922 
13761 64995 32726 31805 
19676 54974 32703 31825 
27281 44028 32708 31935 
35574 31475 32729 32147 
43055 19583 32814 32407 
48834 9612 32902 32649 
52120 2854 32986 32858 
52301 320 33020 32983 
49339 2479 33023 33044 
43590 9211 32968 33050 
35849 19600 32828 32980 
27376 32312 32665 32908 
19977 44949 32516 32901 
14863 55664 32345 32891 
13011 62870 32196 32881 
14890 65371 32155 32958 
19954 63305 32187 33021 
27176 57150 32298 33069 
35361 47831 32503 33091 
43039 36154 32712 32991 
48553 23963 32924 32830 
51036 12516 33129 32591 
50040 3496 33259 32303 
45785 154 33323 32040 
39422 67 33306 31823 
32274 5346 33208 31713 
25638 14544 33018 31729 
20751 27937 32815 31902 
18461 41204 32619 32210 
18591 52657 32398 32556 
20953 60655 32260 33006 
24978 64176 32128 33403 
29787 63143 32073 33740 
34567 58404 32092 33967 
38665 50432 32188 33999 
41405 40220 32365 33894 
42475 29005 32599 33643 
41950 17885 32827 33266 
40121 8247 33047 32780 
37609 2282 33281 32327 
34771 1015 33426 31869 
32080 4994 33503 31504 
29862 13898 33484 31295 
28458 25779 33381 31249 
27921 38536 33183 31344 
28203 49981 32924 31622 
29094 58334 32640 32054 
30230 62047 32393 32580 
31069 60909 32177 33104 
31367 55451 31990 33570 
31183 46482 31924 33960 
30779 35808 31963 34175 
30583 24687 32059 34182 
31047 14903 32221 34005 
32482 7902 32427 33674 
34686 5114 32601 33224 
37361 6987 32779 32721 
39861 13358 32944 32267 
41490 23261 33062 31888 
41594 34739 33152 31662 
39973 45788 33238 31634 
36746 54551 33315 31736 
32320 59393 33354 31951 
27639 59247 33374 32251 
23425 54223 33312 32501 
20515 45284 33210 32723 
19438 33929 33028 32842 
20553 22816 32788 32884 
23697 13884 32507 32830 
28470 8807 32267 32792 
34337 8415 32002 32722 
40100 12652 31810 32699 
44777 20150 31727 32757 
47638 29242 31776 32889 
48144 38221 31902 33060 
46090 45774 32156 33276 
41918 50303 32526 33494 
36232 51621 32902 33590 
29980 49857 33254 33556 
24066 45553 33528 33355 
19706 39815 33717 33031 
17463 33549 33765 32611 
17695 27694 33683 32121 
20333 22954 33476 31670 
24720 20114 33151 31332 
30147 19473 32841 31177 
35593 21014 32507 31226 
40401 24474 32197 31487 
43706 28932 31992 31940 
45211 33356 31871 32471 
44802 36738 31840 33073 
42546 38332 31882 33638 
38998 38105 32045 34127 
34661 36565 32271 34412 
30311 34582 32534 34486 
26672 33091 32802 34312 
24564 32808 33053 33920 
24176 33731 33264 33353 
25373 35481 33396 32701 
27762 37495 33507 32053 
30370 38800 33483 31466 
32626 38854 33382 31053 
34145 37313 33222 30865 
34787 34122 32986 30888 
34781 29965 32743 31170 
34559 25751 32540 31701 
34307 22392 32326 32304 
34235 20847 32160 32957 
34282 21585 32051 33540 
34370 24396 32039 34039 
34380 28548 32121 34350 
34202 33124 32254 34427 
33848 37097 32397 34240 
33439 40119 32603 33893 
33048 42019 32829 33416 
32620 42820 33008 32801 
32202 42553 33151 32201 
31784 41173 33267 31713 
31268 38497 33269 31330 
30789 34715 33205 31189 
30365 30520 33055 31241 
30179 26951 32884 31535 
30176 24899 32648 31963 
30399 24971 32448 32514 
30741 26860 32301 33081 
31306 29585 32216 33565 
32246 31903 32229 33923 
33699 32716 32341 34071 
35517 31859 32552 34006 
37297 30081 32794 33714 
38398 28517 33012 33258 
38318 28259 33204 32709 
36988 29771 33344 32196 
34761 32663 33351 31722 
32528 36175 33256 31443 
31001 39395 33014 31338 
30578 41623 32715 31457 
30901 42730 32444 31823 
31190 42751 32210 32289 
30703 41868 32023 32817 
29273 40188 31992 33330 
27282 37488 32044 33714 
25600 33626 32215 33954 
25124 28292 32461 33971 
26460 22296 32728 33805 
29507 16298 32944 33469 
33809 11635 33082 33028 
38763 9789 33159 32588 
43144 12084 33222 32274 
46223 18670 33178 32024 
47269 28901 33106 31893 
45762 41305 32984 31885 
41883 53166 32911 32030 
36182 62253 32852 32215 
29491 65407 32796 32395 
23105 65490 32765 32566 
18160 57330 32708 32664 
15247 45401 32642 32721 
14694 31211 32563 32725 
16556 17470 32479 32729 
20714 6624 32400 32740 
26875 604 32330 32790 
34762 82 32313 32884 
42821 3991 32285 33008 
49894 12361 32383 33209 
54721 23308 32497 33362 
56107 35609 32651 33466 
53426 47230 32817 33489 
47113 56854 32951 33354 
38325 63022 33121 33193 
28365 64152 33189 32860 
19319 60045 33261 32496 
12479 51058 33251 32088 
8878 38713 33157 31707 
9116 24930 33075 31503 
13018 12862 32866 31398 
20031 4678 32659 31474 
29006 1924 32471 31780 
38811 5020 32264 32205 
47384 13175 32102 32707 
53460 24775 32006 33234 
55795 37662 32033 33741 
53769 49658 32151 34116 
47908 58092 32375 34293 
39479 61501 32668 34229 
30241 59184 32967 33945 
22065 51466 33227 33436 
16854 40206 33458 32851 
15179 27676 33562 32215 
16961 16481 33578 31659 
21405 8759 33417 31222 
27311 6276 33155 31008 
33546 9008 32839 31063 
39103 16107 32505 31359 
43186 26052 32200 31861 
45088 36578 31982 32473 
44573 46016 31887 33089 
41662 52887 31930 33655 
36701 56148 32111 34079 
30834 55247 32386 34273 
25118 50479 32650 34200 
20923 42652 32928 33949 
19252 32728 33097 33487 
20816 22698 33151 32987 
25385 14073 33118 32482 
32120 8491 33002 32052 
39838 7243 32850 31778 
46292 10913 32727 31684 
50077 18899 32628 31751 
50102 29844 32620 31935 
46096 41677 32687 32195 
38777 52176 32795 32436 
29645 59236 32927 32630 
20533 61427 33076 32779 
13849 58231 33143 32842 
10869 50356 33151 32851 
12233 39362 33049 32820 
17714 26867 32854 32800 
25913 15549 32575 32792 
35384 7085 32304 32873 
44491 2843 32023 32984 
51762 3558 31859 33151 
55985 9064 31786 33291 
56378 18670 31905 33418 
52511 31004 32149 33450 
44914 43648 32530 33388 
34617 54657 32913 33154 
23386 62211 33310 32841 
13293 64939 33644 32467 
6989 62340 33844 32076 
5774 55117 33870 31725 
9867 44350 33727 31490 
18527 31294 33445 31425 
29558 18293 33068 31523 
40913 7040 32631 31782 
50606 367 32247 32185 
57140 82 31893 32642 
59231 55 31677 33132 
56687 9164 31574 33559 
49923 21940 31689 33964 
39886 36966 31891 34156 
27998 52093 32185 34177 
16973 63860 32575 34069 
8686 65435 32949 33755 
4780 65492 33273 33318 
6089 65499 33566 32799 
12197 58058 33748 32299 
21746 45113 33770 31780 
32932 30204 33661 31394 
44121 15930 33438 31160 
53351 4472 33146 31150 
59038 185 32766 31272 
60624 81 32454 31637 
57766 65 32134 32100 
50924 7735 31921 32614 
41260 19124 31821 33134 
30120 32893 31816 33564 
19237 47042 31946 33906 
10842 58674 32210 34111 
6037 65186 32504 34134 
5414 65467 32795 33973 
8980 65469 33048 33651 
15870 55173 33258 33287 
24758 43128 33387 32853 
34583 29464 33397 32379 
43676 17004 33382 32029 
51193 7257 33221 31702 
56321 1675 33035 31541 
58435 920 32784 31541 
57101 5137 32521 31649 
52475 13319 32328 31929 
44984 24043 32175 32266 
35416 35881 32129 32687 
25404 46595 32160 33083 
16426 54947 32285 33432 
9955 59870 32513 33697 
6952 60649 32757 33808 
7917 57273 32986 33710 
12328 50323 33158 33477 
19303 40862 33276 33132 
27741 30066 33285 32694 
36152 20129 33249 32310 
43745 12527 33074 31939 
49948 8700 32853 31702 
54240 9309 32630 31662 
56148 14109 32473 31832 
55124 21905 32311 32081 
50965 31122 32228 32456 
43990 39403 32213 32869 
34936 45177 32253 33230 
25273 47596 32370 33522 
16620 46714 32560 33692 
10835 43510 32790 33704 
8570 39243 32957 33485 
10042 35169 33116 33191 
14790 31856 33162 32762 
21846 29602 33169 32380 
29973 28052 33081 32047 
38213 27018 32918 31834 
45597 26528 32664 31770 
50950 26898 32490 31939 
53537 28239 32345 32226 
52940 30381 32265 32588 
49406 32897 32323 32997 
43415 35040 32398 33271 
36006 36419 32602 33481 
28230 36807 32871 33531 
21518 36386 33080 33371 
16780 35628 33252 33092 
14715 34812 33332 32726 
15723 34057 33340 32359 
19557 33250 33213 32056 
25437 32211 32934 31817 
32556 31013 32682 31842 
39138 29779 32389 31980 
44265 28853 32152 32251 
47007 28495 31969 32583 
47094 28819 31964 33037 
44546 29546 32047 33380 
40008 30492 32246 33643 
34323 31443 32528 33755 
28419 32571 32858 33699 
23620 34099 33129 33444 
20735 36412 33330 33072 
20285 39526 33447 32652 
22290 42967 33439 32244 
26085 45290 33273 31878 
30921 45242 33000 31663 
36081 41850 32714 31651 
40616 35067 32410 31822 
43872 26112 32212 32166 
45189 17173 32098 32575 
44171 10689 32135 33019 
40736 8727 32239 33351 
35482 11861 32489 33580 
29410 19214 32766 33634 
23897 29217 33041 33489 
20435 39295 33224 33148 
19655 47849 33315 32732 
21555 53809 33338 32344 
25406 56578 33216 31987 
