32971 33019 32740 32143 
32971 33019 32740 32143 
33015 32721 32737 32403 
33092 32474 32821 32677 
33129 32278 32887 32877 
33126 32169 32952 33000 
33025 32115 32951 33023 
32933 32166 32944 33035 
32743 32260 32853 33007 
32541 32373 32711 32970 
32312 32468 32508 32958 
32125 32531 32308 32962 
31997 32570 32148 32999 
31956 32594 32051 33033 
32001 32629 32050 33054 
32160 32674 32164 33033 
32392 32750 32363 32967 
32701 32877 32660 32859 
32983 33015 32930 32665 
33236 33154 33199 32422 
33487 33334 33451 32230 
33623 33444 33578 32048 
33663 33484 33608 31955 
33569 33400 33505 31915 
33377 33214 33298 31968 
33104 32928 33035 32123 
32772 32602 32737 32360 
32427 32251 32434 32650 
32081 31908 32143 32956 
31783 31626 31900 33229 
31624 31528 31783 33479 
31611 31581 31774 33667 
31734 31771 31874 33748 
31982 32079 32071 33741 
32360 32521 32384 33623 
32750 32957 32717 33379 
33158 33372 33052 33042 
33487 33705 33327 32634 
33760 33959 33601 32222 
33866 34012 33729 31830 
33792 33883 33715 31499 
33609 33645 33623 31357 
33290 33265 33384 31329 
32889 32808 33054 31448 
32539 32400 32748 31791 
32234 32060 32447 32233 
31959 31752 32144 32682 
31831 31614 31933 33207 
31802 31606 31794 33641 
31912 31776 31798 34004 
32173 32075 31952 34245 
32434 32403 32144 34245 
32735 32796 32434 34091 
32983 33137 32741 33735 
33142 33373 32981 33231 
33228 33505 33197 32660 
33254 33515 33346 32095 
33165 33372 33380 31586 
32996 33096 33278 31238 
32806 32802 33131 31152 
32628 32487 32919 31275 
32492 32261 32718 31633 
32422 32148 32551 32149 
32431 32142 32437 32687 
32520 32288 32419 33232 
32616 32493 32461 33620 
32799 32814 32627 33906 
32930 33058 32765 33889 
33035 33258 32901 33702 
33062 33343 32993 33355 
33058 33326 33020 32932 
32918 33130 32931 32443 
32759 32866 32793 32065 
32539 32527 32589 31806 
32384 32262 32428 31792 
32199 31991 32237 31894 
32112 31865 32134 32174 
32150 31909 32151 32568 
32272 32085 32264 32971 
32461 32354 32420 33306 
32726 32725 32679 33544 
33004 33104 32949 33625 
33226 33396 33169 33470 
33417 33632 33361 33213 
33486 33694 33473 32846 
33457 33619 33485 32447 
33320 33396 33401 32082 
33036 33002 33168 31785 
32698 32574 32877 31653 
32388 32178 32563 31765 
32078 31836 32245 32013 
31842 31607 31962 32378 
31737 31589 31780 32833 
31776 31731 31726 33287 
31973 32057 31860 33667 
32296 32485 32125 33899 
32661 32911 32453 33873 
33041 33322 32856 33664 
33348 33618 33191 33263 
33570 33782 33488 32782 
33663 33797 33691 32268 
33652 33654 33764 31833 
33451 33356 33639 31479 
33192 32986 33405 31374 
32866 32602 33082 31463 
32541 32226 32713 31737 
32271 31951 32358 32157 
32070 31780 32084 32663 
31947 31728 31881 33166 
31934 31807 31797 33578 
32065 32037 31883 33900 
32255 32335 32066 34014 
32490 32682 32311 33930 
32749 33044 32625 33685 
32959 33323 32885 33285 
33094 33507 33099 32814 
33172 33558 33231 32331 
33201 33518 33310 31955 
33076 33300 33217 31646 
32917 33016 33069 31574 
32729 32683 32877 31655 
32549 32373 32692 31920 
32412 32102 32537 32264 
32402 31977 32485 32711 
32428 31958 32475 33081 
32521 32044 32540 33360 
32705 32279 32703 33539 
32908 32575 32886 33567 
33038 32833 32988 33387 
33111 33061 33039 33062 
33146 33283 33047 32742 
33080 33386 32970 32415 
32920 33359 32810 32138 
32692 33240 32600 31973 
32427 32999 32369 31937 
32199 32744 32182 32086 
32092 32533 32102 32365 
32096 32385 32132 32718 
32166 32272 32204 33068 
32365 32255 32399 33345 
32619 32306 32642 33524 
32887 32425 32907 33561 
33153 32586 33162 33443 
33341 32744 33370 33190 
33436 32855 33473 32819 
33416 32947 33480 32431 
33302 32992 33394 32071 
33063 32951 33179 31792 
32795 32880 32918 31675 
32474 32745 32596 31721 
32237 32641 32318 31983 
32046 32513 32062 32348 
31929 32419 31889 32766 
31927 32382 31818 33193 
32028 32379 31874 33543 
32276 32518 32100 33843 
32566 32665 32394 33886 
32910 32899 32780 33804 
33196 33087 33125 33499 
33403 33232 33406 33057 
33504 33311 33588 32541 
33546 33336 33698 32067 
33399 33206 33592 31637 
33179 33003 33381 31368 
32879 32717 33073 31290 
32595 32439 32743 31461 
32313 32162 32404 31798 
32120 31961 32157 32267 
32022 31882 31999 32800 
32002 31877 31924 33301 
32121 32050 31996 33752 
32312 32329 32159 34038 
32570 32694 32413 34147 
32800 33042 32652 34025 
33023 33380 32870 33728 
33179 33614 33033 33293 
33299 33755 33174 32836 
33298 33715 33211 32343 
33231 33534 33207 31916 
33058 33203 33118 31580 
32859 32794 32990 31437 
32618 32329 32808 31450 
32404 31933 32649 31643 
32244 31624 32491 31991 
32129 31475 32374 32417 
32103 31508 32312 32861 
32187 31733 32333 33291 
32338 32103 32406 33609 
32554 32561 32550 33813 
32828 33078 32757 33829 
33035 33532 32911 33646 
33214 33877 33058 33343 
33348 34081 33164 32973 
33365 34051 33185 32558 
33334 33870 33165 32193 
33150 33470 32997 31868 
32918 32971 32789 31691 
32659 32461 32572 31702 
32446 31998 32398 31904 
32278 31638 32282 32209 
32143 31424 32204 32553 
32128 31427 32236 32929 
32161 31571 32313 33236 
32291 31906 32490 33484 
32466 32331 32698 33612 
32671 32815 32926 33609 
32816 33217 33066 33403 
32950 33561 33157 33114 
33075 33831 33234 32810 
33136 33893 33198 32434 
33142 33796 33107 32113 
33099 33550 32947 31890 
33016 33201 32748 31806 
32763 32346 32342 32060 
32611 31952 32189 32368 
32490 31683 32117 32741 
32380 31567 32130 33111 
32343 31646 32268 33456 
32340 31863 32466 33653 
32389 32170 32720 33679 
32465 32555 32967 33552 
32597 32968 33220 33279 
32695 33298 33335 32843 
32833 33603 33413 32410 
32972 33799 33402 32046 
33059 33823 33276 31783 
33086 33673 33051 31721 
33045 33411 32750 31942 
33010 33106 32509 32401 
32937 32726 32287 32875 
32836 32351 32130 33150 
32717 32013 32057 32992 
32611 31764 32074 32440 
32539 31660 32192 31698 
32470 31703 32365 31133 
32499 31926 32610 31174 
32500 32202 32839 31908 
32532 32547 33055 33230 
32589 32893 33202 34782 
32623 33162 33219 36038 
32763 33456 33188 36731 
32959 33695 33056 36644 
33177 33874 32876 35880 
33223 33896 32647 34514 
32963 33750 32476 32781 
32320 33296 32341 30857 
31563 32489 32357 28971 
30989 31222 32415 27271 
31090 29808 32578 26174 
32010 28764 32794 25912 
33335 28889 33006 26754 
34430 30676 33143 28712 
34787 34061 33250 31657 
34214 38119 33237 35117 
33143 41445 33107 38587 
32434 42283 32879 41283 
32746 39873 32621 42804 
34109 34479 32360 42714 
35840 27477 32132 40849 
36755 21262 32005 37464 
35909 17954 32000 33151 
33116 18377 32086 28523 
29083 22379 32292 24433 
25108 28911 32593 21582 
22658 36114 32880 20585 
22493 42594 33114 21523 
24770 47538 33335 24371 
28863 50359 33463 28617 
33861 50648 33456 33606 
38618 48230 33364 38363 
42582 43208 33233 42184 
45105 35814 32997 44400 
45913 26872 32754 44713 
44882 17503 32542 43048 
42101 9655 32363 39774 
37782 4822 32189 35429 
32355 4392 32049 30762 
26486 9100 32011 26549 
21100 18647 32028 23543 
17169 31333 32105 22207 
15450 45302 32267 22632 
16411 58167 32495 24669 
20153 65284 32792 27953 
26033 65479 33071 31756 
32985 65510 33342 35417 
39947 65460 33550 38354 
45866 49799 33671 40162 
49873 32459 33640 40603 
51326 15753 33537 39729 
50063 2646 33304 37790 
46315 108 32990 35186 
40469 49 32607 32347 
33380 6335 32323 29921 
26099 14721 32012 28192 
19832 27282 31846 27440 
15638 39747 31772 27665 
14299 50292 31852 28762 
16057 56978 32026 30426 
20393 59220 32301 32315 
26278 56727 32620 34029 
32496 49937 32910 35301 
38092 39925 33187 35969 
42123 28889 33368 35904 
44495 18895 33465 35258 
45247 11871 33423 34175 
44672 9213 33288 32918 
42928 11348 33021 31729 
40367 17360 32753 30896 
37077 25681 32487 30555 
33422 34504 32320 30709 
29723 42354 32218 31304 
26623 47884 32259 32190 
24554 50406 32426 33131 
23521 49813 32604 33875 
23547 46510 32848 34359 
24302 41118 33072 34435 
25629 34508 33216 34111 
27356 28157 33259 33490 
29588 23091 33170 32677 
32392 20386 33009 31897 
35610 20481 32753 31239 
38863 23344 32470 30903 
41479 27953 32238 30945 
43012 33019 32057 31300 
43179 37351 32002 31937 
41952 39907 32085 32717 
39415 40149 32285 33495 
36025 38252 32557 34135 
32106 34936 32845 34496 
28060 31105 33047 34500 
24425 27695 33224 34258 
21891 25462 33278 33745 
21024 24849 33201 33099 
22045 25969 33056 32445 
24758 28640 32888 31885 
28689 32548 32691 31469 
32972 37029 32593 31342 
36867 41287 32525 31388 
40001 44491 32573 31653 
42146 45777 32677 32033 
43054 44551 32809 32423 
42721 40936 32945 32788 
41031 35324 32970 33006 
38096 28683 32937 33150 
34130 22168 32862 33225 
29651 17298 32669 33187 
25521 15315 32450 33112 
22422 16714 32238 33039 
21008 21270 32089 32986 
21703 28099 32020 32953 
24621 35509 32085 32971 
29098 41492 32263 33000 
34306 45198 32547 33021 
39051 46377 32891 33014 
42323 45285 33185 32885 
43257 42740 33446 32749 
41956 39416 33607 32554 
39070 35626 33641 32322 
35545 31536 33528 32088 
32190 27365 33284 31864 
29664 23938 33001 31753 
27872 21995 32681 31758 
26604 22250 32366 31881 
25771 24872 32097 32114 
25590 29453 31901 32446 
26506 34659 31831 32906 
28651 38924 31823 33328 
31957 41230 31976 33786 
35830 40707 32147 34059 
39280 37597 32454 34252 
41377 32752 32739 34168 
41838 27515 33042 33908 
40644 23350 33308 33448 
38160 21543 33529 32874 
34751 22863 33656 32216 
30998 27266 33680 31604 
27320 33818 33591 31112 
24280 41006 33414 30825 
22382 47162 33126 30752 
22146 50772 32786 30952 
23843 50772 32466 31443 
27221 47093 32178 32121 
31764 40326 31942 32870 
36771 31276 31803 33643 
41235 21934 31795 34280 
44498 13874 31882 34673 
46201 8338 32080 34797 
45865 6476 32308 34614 
43202 9160 32579 34152 
38217 16534 32821 33494 
31622 27417 33004 32761 
24397 40219 33143 32059 
18209 52526 33246 31513 
14483 62047 33278 31163 
14418 65406 33269 31059 
17924 65484 33231 31202 
24177 56795 33189 31573 
31817 44971 33133 32039 
39523 30555 33047 32516 
45844 16653 32963 32946 
50091 5402 32821 33218 
51907 221 32687 33384 
51020 66 32542 33397 
47444 746 32381 33301 
41346 12709 32205 33107 
33426 25948 32058 32909 
24756 40450 31979 32743 
16514 54389 31991 32686 
10800 64109 32046 32678 
8646 65445 32225 32800 
10523 65496 32423 32910 
16354 63728 32724 33062 
25286 49519 33016 33148 
35495 35106 33259 33101 
45392 20463 33453 32980 
53319 7925 33559 32771 
57929 405 33599 32501 
58354 78 33495 32173 
54532 56 33299 31865 
47331 8418 33061 31669 
37760 20332 32772 31609 
27522 34246 32511 31726 
18160 48000 32299 31984 
11502 58766 32118 32351 
8405 64716 32014 32818 
9185 65452 31917 33241 
13582 60231 31899 33623 
20862 51138 32010 33972 
29436 39801 32151 34095 
38169 27772 32390 34090 
45775 16766 32658 33877 
51380 8188 32944 33516 
54184 2967 33203 33027 
53683 2107 33449 32524 
49922 5631 33639 32024 
43416 13201 33699 31587 
34840 24099 33630 31274 
25809 36574 33472 31159 
18081 48404 33167 31191 
12977 58013 32867 31483 
11374 63750 32480 31852 
13617 64782 32164 32367 
19403 61214 31931 32923 
27369 53833 31766 33434 
36179 43598 31740 33846 
44222 31852 31857 34108 
50145 19748 32073 34198 
52584 9198 32374 34143 
51285 1565 32708 33893 
46531 110 32999 33499 
39468 64 33200 32997 
31232 6876 33365 32473 
24156 18032 33475 32034 
19060 31382 33414 31607 
16734 44852 33317 31394 
17255 56224 33105 31280 
20368 63496 32844 31371 
25239 65419 32630 31686 
30918 63271 32413 32091 
36440 56946 32270 32584 
40868 47648 32185 33082 
43429 36489 32150 33512 
43956 25043 32235 33875 
42591 14341 32367 34001 
39901 5901 32567 33977 
36391 1034 32779 33734 
32760 1144 32959 33324 
29735 6547 33090 32805 
27615 16329 33175 32302 
26649 28750 33219 31865 
26857 41675 33153 31513 
28112 52994 33022 31383 
30016 60438 32859 31478 
32033 63109 32680 31773 
33512 60913 32545 32216 
33944 54281 32369 32679 
33353 44743 32331 33208 
32004 33580 32301 33608 
30585 22409 32362 33868 
29791 12925 32445 33926 
30212 6564 32542 33794 
31977 4573 32604 33502 
34830 7266 32661 33119 
38070 14236 32688 32696 
40854 24587 32752 32335 
42249 36409 32805 32045 
41706 47301 32848 31873 
39191 55654 32932 31827 
35051 59920 33038 31907 
29973 59240 33167 32104 
24904 53632 33239 32308 
20910 44329 33263 32506 
18639 33060 33213 32671 
18588 21886 33059 32794 
20894 13013 32828 32852 
25415 8035 32553 32909 
31352 7891 32280 32965 
37864 12214 32021 33001 
43834 19872 31838 33028 
48338 29391 31786 33100 
50381 38791 31853 33146 
49595 46251 32072 33224 
46002 50883 32357 33218 
40152 52281 32725 33180 
32884 50496 33122 33073 
25426 46069 33401 32835 
19270 40173 33611 32568 
15313 33765 33707 32301 
14171 27664 33637 32009 
16092 22667 33475 31792 
20623 19473 33169 31642 
26816 18564 32838 31647 
33653 19926 32504 31771 
40022 23250 32219 32002 
45025 27881 31995 32353 
48010 32801 31854 32748 
48514 36804 31843 33205 
46626 39120 31916 33627 
42689 39555 32108 33978 
37117 38324 32362 34174 
31139 36261 32630 34170 
25988 34450 32926 34010 
22421 33437 33137 33600 
21036 33570 33315 33085 
21894 34567 33427 32499 
24601 35947 33465 31885 
28112 36906 33383 31326 
31602 36965 33234 30948 
34465 35734 33040 30805 
36344 33165 32831 30932 
37146 29666 32592 31284 
37158 26151 32410 31850 
36720 23515 32303 32549 
35963 22529 32182 33227 
35100 23636 32139 33867 
34260 26632 32201 34351 
33453 30620 32302 34594 
32730 34542 32427 34570 
32140 37619 32571 34294 
31688 39474 32654 33766 
31525 40199 32756 33173 
31565 40047 32810 32550 
31736 39341 32852 31995 
31888 38071 32825 31537 
31991 36142 32835 31324 
31966 33578 32862 31328 
31788 30797 32915 31503 
31605 28563 33034 31865 
31390 27519 33090 32198 
31219 28169 33172 32564 
31130 30138 33234 32875 
31214 32419 33188 33040 
31799 33906 33093 33150 
32970 33649 32908 33137 
34724 31593 32654 33067 
36602 28713 32435 33036 
37848 26193 32162 32948 
37931 25285 31938 32920 
36608 26600 31814 32958 
34337 29784 31808 33031 
31996 33981 31952 33127 
30432 38130 32165 33171 
30047 41467 32471 33170 
30593 43659 32825 33085 
31209 44523 33149 32871 
31156 44202 33400 32583 
30131 42739 33590 32271 
28362 39889 33645 31955 
26770 35614 33570 31706 
26262 29946 33413 31597 
27414 23333 33193 31636 
30302 16559 32922 31824 
34341 11314 32663 32126 
38819 8954 32447 32559 
42795 10591 32246 32987 
45478 16805 32086 33389 
46076 26978 31979 33737 
44278 39131 31961 33955 
40219 51153 32004 34020 
34506 60634 32113 33919 
28049 65239 32269 33656 
22255 65391 32473 33306 
17979 57526 32716 32876 
15820 46263 32972 32393 
16016 32672 33238 31984 
18450 18966 33456 31624 
22858 8297 33604 31412 
28867 2116 33645 31331 
35921 1144 33560 31405 
43363 5175 33411 31679 
49923 13245 33161 32080 
54155 23656 32812 32485 
55170 35085 32495 32966 
52434 46153 32197 33416 
46032 55516 31938 33760 
37079 61516 31799 33987 
27453 62871 31833 34080 
18625 59177 31924 33961 
12074 50782 32116 33678 
8813 38969 32427 33332 
9355 25231 32716 32847 
13582 13359 33008 32409 
20714 5075 33218 31968 
29716 2028 33280 31634 
39400 4843 33314 31502 
47904 12749 33216 31526 
53845 24203 33041 31719 
56083 37076 32869 32068 
53974 49294 32671 32448 
47925 58270 32581 32914 
39337 62084 32548 33312 
29938 60151 32601 33596 
21722 52858 32699 33712 
16201 41509 32814 33659 
14499 28511 32937 33433 
16512 16927 33009 33109 
21220 8841 32973 32684 
27556 5773 32909 32312 
34313 8040 32776 32003 
40006 14757 32563 31809 
44004 24426 32366 31779 
45696 35014 32195 31914 
44760 44940 32090 32191 
41389 52210 32110 32589 
36069 55943 32194 32999 
29837 55692 32369 33391 
23834 51468 32620 33684 
19617 43986 32911 33836 
18250 34605 33160 33761 
20222 24728 33344 33516 
25356 15894 33449 33140 
32940 9660 33486 32700 
41195 7507 33405 32221 
48174 10071 33219 31796 
52316 17071 32982 31536 
52401 27363 32737 31427 
47963 39321 32523 31548 
39829 50175 32379 31838 
29600 57941 32281 32218 
19483 61060 32235 32667 
11567 58829 32252 33144 
7809 51586 32229 33515 
9000 41031 32256 33797 
14737 29003 32324 33930 
23775 17555 32372 33902 
34519 8388 32430 33705 
44964 3365 32524 33425 
53297 3251 32673 33089 
58324 7962 32835 32687 
59198 16938 33087 32350 
55442 28984 33329 32030 
47088 42196 33523 31762 
36138 53687 33700 31657 
24050 62019 33743 31664 
13166 65329 33658 31763 
5834 65135 33440 31934 
4019 56741 33083 32160 
7977 46006 32640 32428 
16647 32885 32195 32747 
27983 19313 31789 33036 
40009 7145 31495 33312 
50144 318 31391 33539 
56990 79 31490 33681 
59411 52 31714 33729 
57044 8044 32074 33677 
50252 20870 32518 33563 
40328 36087 32923 33367 
28823 51185 33243 33060 
17853 63443 33480 32778 
9631 65427 33651 32541 
5746 65497 33697 32323 
7073 65505 33588 32114 
13113 57769 33418 31956 
22549 45663 33219 31872 
33511 30340 33004 31827 
44363 15699 32806 31832 
53230 3811 32643 31892 
58386 164 32534 32024 
59358 78 32443 32179 
56015 64 32379 32379 
48687 8497 32308 32608 
38791 20506 32285 32952 
28086 34569 32260 33301 
18196 48484 32250 33650 
10767 59900 32245 33905 
7034 65337 32286 34049 
7465 65481 32425 34104 
11742 65414 32565 33933 
18787 53630 32750 33651 
27352 40664 32887 33186 
36216 26838 33041 32680 
44484 13982 33175 32165 
50832 4806 33254 31749 
54698 538 33229 31424 
55878 1944 33168 31294 
54108 6878 33067 31350 
49445 16465 32966 31600 
42524 27954 32835 31937 
34095 39698 32759 32345 
25282 49979 32705 32749 
17391 57303 32646 33077 
11668 60857 32650 33336 
9375 59935 32625 33459 
10565 55010 32611 33466 
14817 46907 32554 33382 
21395 36604 32511 33265 
29130 25550 32402 33088 
36554 16236 32338 32982 
43176 9890 32305 32913 
48519 7646 32277 32845 
52335 10067 32344 32857 
53980 16635 32463 32834 
53015 25683 32637 32813 
49305 35334 32879 32755 
42848 43487 33086 32623 
34488 48507 33299 32458 
25274 49634 33455 32262 
17242 47199 33486 32058 
11779 42524 33460 31908 
9709 37169 33313 31815 
11312 32410 33114 31858 
16234 29044 32817 31987 
23192 27267 32549 32229 
31266 26511 32290 32563 
39327 26377 32079 32946 
46299 26732 31902 33301 
51356 27763 31836 33655 
53423 29419 31852 33905 
52289 31593 31964 34009 
48186 33825 32160 33992 
41779 35542 32423 33827 
33902 36462 32763 33531 
26174 36447 33096 33131 
19666 35910 33402 32687 
15415 35256 33667 32214 
14049 34707 33797 31761 
15898 34282 33824 31403 
20548 33755 33668 31126 
27241 33014 33421 31058 
34707 31916 33086 31152 
41658 30614 32706 31454 
46757 29454 32336 31936 
49070 28705 32011 32471 
48415 28418 31781 33063 
44924 28475 31657 33633 
39205 28830 31705 34130 
32459 29473 31879 34459 
25899 30651 32159 34601 
20705 32652 32452 34484 
17912 35846 32768 34170 
18011 40065 33027 33637 
20855 44364 33192 33027 
25745 47417 33276 32388 
31695 47703 33308 31828 
37862 44044 33256 31397 
43092 36459 33134 31152 
46546 26603 33029 31134 
47694 16792 32954 31334 
46082 9617 32851 31617 
41779 7177 32830 32051 
35474 10152 32821 32455 
28460 17651 32819 32836 
22315 27728 32759 33080 
18446 38491 32729 33298 
17755 47915 32615 33372 
20073 54298 32510 33397 
24437 57411 32373 33341 
29733 57093 32238 33276 
