33088 32627 32683 32944 
33088 32627 32683 32944 
33225 32937 32894 32754 
33304 33200 33089 32547 
33347 33440 33277 32365 
33355 33595 33410 32215 
33314 33664 33469 32100 
33222 33615 33446 32030 
33099 33477 33343 32045 
32902 33223 33131 32075 
32662 32901 32844 32181 
32417 32558 32543 32350 
32244 32288 32308 32643 
32020 31989 32044 32880 
31856 31768 31846 33127 
31799 31679 31781 33373 
31846 31745 31846 33603 
32001 31904 32005 33723 
32260 32178 32277 33754 
32592 32516 32594 33670 
32983 32930 32967 33490 
33268 33218 33206 33124 
33539 33491 33437 32746 
33720 33677 33583 32343 
33751 33714 33610 31979 
33617 33592 33511 31646 
33393 33370 33327 31454 
33092 33084 33090 31408 
32751 32756 32806 31507 
32445 32484 32559 31787 
32224 32283 32366 32175 
32080 32153 32217 32616 
32021 32069 32129 33056 
32061 32078 32114 33472 
32173 32154 32183 33790 
32329 32285 32303 33962 
32518 32474 32483 33995 
32649 32606 32604 33810 
32812 32797 32781 33552 
32876 32916 32890 33155 
32915 33001 32964 32742 
32943 33076 33007 32360 
32962 33114 33030 32043 
32957 33128 33025 31846 
32931 33066 32953 31731 
32899 32987 32868 31740 
32875 32901 32804 31859 
32872 32804 32762 32098 
32845 32700 32741 32354 
32843 32617 32756 32652 
32798 32513 32758 32912 
32734 32402 32740 33111 
32671 32343 32736 33259 
32619 32334 32710 33317 
32605 32416 32710 33343 
32578 32502 32664 33258 
32588 32637 32613 33134 
32610 32815 32583 32985 
32631 32952 32538 32804 
32621 33030 32494 32625 
32611 33081 32481 32492 
32548 33016 32445 32394 
32498 32919 32456 32384 
32444 32754 32483 32408 
32430 32591 32560 32497 
32492 32485 32695 32641 
32600 32428 32843 32784 
32739 32402 32995 32862 
32948 32472 33187 32942 
33147 32584 33330 32945 
33328 32710 33438 32858 
33452 32846 33447 32744 
33471 32953 33359 32541 
33393 33024 33178 32336 
33180 33031 32867 32125 
32897 33000 32525 32024 
32592 32946 32198 32060 
32259 32837 31915 32210 
31982 32699 31743 32497 
31781 32570 31709 32856 
31712 32456 31817 33264 
31790 32391 32052 33626 
32027 32401 32426 33909 
32349 32478 32815 33973 
32706 32558 33161 33824 
33084 32690 33458 33520 
33407 32810 33629 33045 
33640 32920 33672 32506 
33724 32985 33564 31966 
33682 33030 33378 31513 
33494 32992 33095 31232 
33220 32932 32815 31161 
32880 32790 32540 31301 
32550 32682 32347 31677 
32226 32538 32204 32203 
31962 32400 32106 32760 
31824 32319 32100 33335 
31815 32303 32143 33842 
31935 32365 32221 34181 
32439 32666 32484 34267 
32786 32872 32662 33987 
33072 33045 32818 33521 
33300 33165 32990 32940 
33428 33236 33138 32364 
33427 33198 33265 31806 
33333 33080 33360 31370 
33143 32902 33372 31118 
32947 32721 33355 31111 
32726 32536 33249 31303 
32540 32395 33063 31665 
32425 32336 32828 32191 
32354 32307 32519 32717 
32417 32441 32315 33300 
32494 32547 32109 33744 
32560 32672 31960 34031 
32640 32804 31898 34133 
32722 32929 31983 34050 
32735 32978 32140 33783 
32711 32963 32378 33382 
32671 32885 32671 32909 
32637 32774 32986 32419 
32585 32618 33218 31977 
32572 32470 33385 31662 
32586 32344 33442 31514 
32619 32293 33365 31567 
32705 32322 33187 31788 
32777 32423 32919 32129 
32891 32623 32677 32574 
32971 32841 32460 33021 
32996 33045 32306 33387 
33014 33241 32298 33642 
32966 33343 32384 33711 
32919 33407 32600 33644 
32820 33321 32808 33373 
32703 33131 32981 32955 
32602 32882 33082 32487 
32544 32623 33114 32083 
32538 32398 33059 31795 
32562 32218 32903 31679 
32558 32063 32635 31716 
32599 32021 32396 31968 
32645 32095 32201 32365 
32699 32271 32105 32839 
32706 32440 32096 33257 
32693 32637 32181 33593 
32710 32852 32416 33821 
32685 33016 32685 33814 
32670 33110 32964 33606 
32648 33153 33220 33291 
32672 33133 33428 32844 
32721 33070 33518 32376 
32798 33013 33505 31969 
32861 32932 33350 31635 
32972 32876 33114 31543 
33018 32813 32806 31608 
33024 32728 32452 31832 
33005 32662 32162 32237 
32884 32554 31935 32718 
32718 32443 31821 33203 
32494 32297 31815 33603 
32298 32204 31963 33904 
32154 32156 32228 33984 
32112 32218 32582 33878 
32211 32373 32976 33584 
32343 32538 33276 33082 
32582 32784 33528 32518 
32865 33047 33656 31983 
33126 33270 33667 31545 
33299 33376 33470 31252 
33404 33416 33207 31209 
33401 33340 32863 31400 
33293 33178 32523 31812 
33108 32970 32242 32369 
32804 32664 31996 32938 
32504 32395 31904 33549 
32288 32225 31982 34062 
32111 32094 32143 34312 
32040 32081 32367 34337 
32056 32127 32634 34088 
32214 32311 32868 33649 
32422 32520 33024 33071 
32683 32791 33139 32462 
32965 33045 33169 31881 
33146 33237 33115 31428 
33249 33314 33014 31172 
33236 33263 32894 31136 
33113 33090 32771 31305 
32934 32852 32699 31672 
32724 32565 32653 32173 
32534 32307 32624 32713 
32372 32094 32575 33239 
32305 32009 32549 33713 
32311 32040 32512 34028 
32388 32192 32477 34158 
32530 32467 32458 34119 
32734 32828 32501 33939 
32891 33149 32540 33553 
33035 33483 32647 33093 
33122 33676 32797 32605 
33150 33740 32958 32112 
33071 33607 33095 31657 
32956 33355 33213 31378 
32764 32960 33232 31205 
32571 32503 33164 31202 
32459 32127 33076 31445 
32356 31778 32851 31802 
32348 31613 32622 32294 
32410 31634 32409 32853 
32493 31775 32204 33381 
32626 32070 32101 33877 
32757 32438 32097 34185 
32833 32817 32170 34278 
32867 33159 32319 34159 
32892 33458 32530 33876 
32823 33586 32706 33391 
32769 33606 32878 32900 
32660 33452 32962 32359 
32584 33215 33026 31928 
32502 32867 33027 31593 
32482 32531 33002 31480 
32531 32258 32994 31546 
32633 32101 32997 31771 
32745 32041 32976 32058 
32882 32119 32952 32372 
33014 32308 32934 32667 
33132 32579 32916 32922 
33141 32814 32820 33052 
33082 33017 32701 33118 
32995 33183 32610 33250 
32813 33201 32462 33388 
32615 33155 32352 33520 
32414 32994 32243 33435 
32242 32788 32182 33044 
32143 32552 32188 32302 
32133 32355 32301 31384 
32170 32180 32408 30636 
32302 32128 32593 30511 
32469 32153 32796 31149 
32608 32205 32972 32497 
32789 32383 33132 34239 
33018 32642 33235 35773 
33336 33026 33270 36748 
33751 33546 33247 36883 
34176 34141 33180 36184 
34359 34566 33048 34744 
34058 34671 32897 32910 
33163 34256 32747 30892 
31800 33134 32582 28890 
30379 31320 32440 27145 
29539 29222 32326 26049 
29645 27444 32226 25860 
30626 26854 32156 26781 
32034 28198 32148 28943 
33162 31512 32192 32047 
33678 36109 32286 35611 
33720 40528 32452 39141 
33839 43157 32641 41979 
34689 42643 32881 43457 
36342 38819 33099 43155 
38252 32773 33327 41075 
39305 26282 33483 37367 
38425 21272 33551 32519 
35280 19331 33540 27519 
30286 20630 33370 23053 
24811 24777 33130 19972 
20508 30516 32791 18935 
18793 36533 32481 20231 
20034 42026 32200 23616 
23866 46303 31971 28504 
29560 48884 31870 34287 
35870 49122 31878 39749 
41831 46692 32013 44168 
46650 41406 32249 46749 
49524 33572 32470 47074 
50018 24243 32705 45160 
48013 15061 32933 41363 
43361 7683 33030 36127 
36740 4241 33108 30536 
29109 5812 33071 25476 
21528 12607 33029 21778 
15215 23752 32980 19889 
11235 37626 32912 20050 
10653 51563 32904 22157 
13632 63190 32931 25737 
19728 65416 32984 30089 
28156 65497 33034 34621 
37451 65515 33053 38468 
45979 56969 33020 41059 
52555 42935 32911 42187 
56203 25453 32732 41799 
56296 9354 32507 40067 
52747 332 32266 37401 
46246 63 32055 34378 
37633 49 31861 31449 
28097 7703 31792 29133 
19132 19363 31894 27701 
12490 32297 32079 27248 
9204 44417 32405 27727 
9772 53853 32786 28881 
14038 59194 33152 30442 
20895 59493 33496 32049 
29040 54849 33752 33421 
36939 46129 33827 34345 
43634 34806 33785 34751 
48101 23454 33565 34608 
50314 14249 33315 34150 
50265 8910 32959 33457 
48166 8452 32560 32749 
44289 12894 32211 32242 
39271 20493 31896 32013 
33629 29684 31710 32134 
28081 38612 31597 32488 
23389 45981 31651 33044 
20309 50539 31812 33628 
19089 51951 32081 34076 
19648 50204 32449 34293 
21569 45562 32839 34146 
24452 38818 33210 33665 
27681 31659 33547 32972 
31116 25150 33778 32160 
34632 20553 33856 31334 
38141 18779 33803 30691 
41179 20070 33606 30331 
43431 23817 33297 30333 
44479 28965 32940 30703 
44034 34146 32516 31372 
42157 38218 32193 32314 
39111 40127 31930 33243 
35235 39775 31754 34064 
31077 37609 31765 34697 
26954 34252 31870 35002 
23564 30775 32085 34993 
21374 27971 32380 34669 
20769 26404 32667 34084 
22029 26400 32942 33338 
24877 27928 33152 32553 
28861 30797 33313 31888 
33164 34491 33360 31358 
37114 38416 33298 31041 
40095 41746 33204 31028 
41896 43743 33019 31202 
42467 43836 32785 31556 
41870 41712 32586 32065 
40092 37432 32420 32598 
37352 31676 32334 33089 
33826 25363 32294 33475 
30057 19894 32364 33747 
26490 16459 32461 33821 
23970 16262 32663 33743 
22873 19389 32838 33523 
23474 25186 32973 33149 
25895 32465 33095 32751 
29646 39241 33191 32410 
34017 44272 33148 32077 
38073 46861 33042 31844 
40965 47052 32875 31782 
41801 45156 32636 31850 
40643 41945 32446 32090 
37984 37778 32275 32426 
34680 33005 32171 32827 
31511 27878 32132 33174 
29195 23349 32224 33496 
27742 20191 32388 33640 
26987 19377 32609 33672 
26685 21367 32823 33473 
26893 25854 32995 33159 
27828 31763 33084 32759 
29726 37701 33157 32410 
32491 42173 33101 32088 
35632 43885 32984 31880 
38501 42632 32816 31809 
40458 38802 32710 31945 
41020 33230 32627 32208 
40148 27553 32605 32497 
38158 23204 32658 32809 
35386 21382 32760 33066 
32139 22723 32862 33224 
28894 26954 32961 33247 
25902 33085 32977 33141 
23664 39672 32936 32946 
22587 45265 32801 32709 
23211 48414 32655 32509 
25451 48234 32471 32384 
28961 44814 32252 32308 
33242 38752 32098 32352 
37718 30834 32019 32487 
41697 22631 32087 32750 
44628 15422 32247 33014 
46002 10570 32482 33240 
45310 9376 32799 33393 
42256 12733 33127 33400 
37137 20320 33378 33258 
30603 30943 33575 33024 
23975 42819 33673 32713 
18596 53657 33598 32323 
15963 60902 33394 31968 
16518 63097 33109 31723 
20042 59830 32800 31637 
25736 51349 32443 31701 
32305 39597 32197 31952 
38648 26388 31987 32260 
43981 14103 31923 32663 
47744 4599 31910 33068 
49281 288 31930 33362 
48528 68 32092 33650 
45251 6955 32269 33801 
39612 17990 32537 33867 
32122 32005 32752 33724 
24499 45925 32958 33508 
17854 57858 33132 33191 
13555 65090 33318 32863 
12581 65467 33462 32499 
15252 65492 33527 32130 
21117 56042 33501 31801 
29140 43548 33435 31563 
37995 29172 33279 31462 
45784 15716 33050 31436 
51427 4966 32781 31585 
53898 207 32505 31841 
52756 68 32220 32179 
48321 985 31988 32592 
41362 12593 31858 33063 
33027 25422 31805 33489 
24631 39605 31882 33884 
17914 52151 32068 34111 
13775 61154 32295 34188 
12834 65051 32582 34096 
15171 63681 32861 33804 
20081 57524 33020 33349 
26631 47952 33124 32832 
33853 36528 33192 32347 
40758 24699 33219 31927 
46182 14388 33175 31612 
49569 6730 33120 31477 
50383 2785 33044 31499 
48403 3217 33008 31677 
43759 8209 32973 31964 
37266 17003 32946 32287 
29938 28299 32917 32587 
23076 40299 32878 32862 
17828 51283 32758 33023 
15441 59176 32658 33131 
16188 62948 32498 33141 
19902 62247 32332 33107 
25865 57478 32182 33072 
32910 49346 32010 32986 
39848 39064 31948 33008 
45418 27437 31957 33019 
48357 16428 32099 33130 
48218 7234 32299 33186 
45187 1465 32613 33244 
39899 113 32906 33174 
33535 4251 33213 33030 
27636 12954 33471 32776 
23207 24888 33661 32482 
20807 37817 33680 32087 
20680 49806 33633 31760 
22542 58468 33449 31506 
25882 62994 33215 31430 
29980 62990 32907 31510 
34128 59147 32583 31768 
37665 52185 32291 32183 
40012 42860 32013 32644 
40917 32081 31855 33223 
40265 21057 31756 33745 
38453 11427 31786 34149 
36005 4508 31929 34374 
33394 1717 32129 34374 
31107 3936 32411 34156 
29501 10972 32708 33715 
28786 21687 33032 33137 
28929 34007 33304 32469 
29829 46029 33551 31822 
31123 55286 33708 31314 
32400 60521 33736 30962 
33235 61141 33671 30846 
33315 57241 33494 31013 
32612 49815 33207 31380 
31414 40049 32849 31908 
30263 29408 32478 32546 
29721 19237 32173 33232 
30157 11441 31895 33797 
31747 7113 31740 34211 
34210 7042 31696 34369 
37133 11489 31836 34363 
39626 19501 32057 34088 
41006 29732 32315 33648 
40781 40375 32593 33096 
38789 49749 32863 32552 
35241 55807 33088 32059 
30843 57395 33199 31712 
26386 54383 33244 31553 
22714 47444 33245 31594 
20482 37652 33199 31782 
20284 27357 33123 32046 
22206 18462 33047 32351 
26016 12675 32981 32648 
31389 10968 32955 32882 
37110 13518 32882 32956 
42402 19468 32872 33000 
46248 27311 32797 32938 
48026 35577 32733 32868 
47286 42585 32572 32744 
44192 47332 32431 32691 
39112 49237 32258 32695 
33027 48205 32122 32776 
26882 44803 32015 32908 
21718 39894 32003 33104 
18273 34250 32056 33254 
17259 29031 32219 33342 
18702 24841 32492 33380 
22235 22152 32797 33267 
27261 21317 33100 33027 
32924 22521 33404 32722 
38089 25310 33600 32344 
42203 29206 33695 31993 
44735 33263 33683 31706 
45363 36556 33501 31527 
44087 38118 33253 31530 
41219 37854 32918 31659 
37272 36173 32571 31966 
32807 33793 32240 32364 
28764 31810 31940 32819 
25824 31010 31756 33295 
24436 31681 31694 33727 
24647 33543 31740 34036 
26202 36011 31910 34163 
28446 38207 32224 34133 
30664 39353 32559 33902 
32402 38971 32935 33519 
33438 36766 33258 32979 
33880 33205 33530 32442 
34029 28959 33709 31909 
34200 25068 33769 31509 
34519 22389 33655 31222 
34979 21731 33408 31117 
35463 23189 33102 31229 
35761 26289 32735 31508 
35758 30297 32401 31953 
35373 34181 32099 32451 
34663 37421 31873 32951 
33781 39826 31772 33441 
32862 41365 31824 33840 
31926 41994 31990 34084 
31023 41631 32250 34189 
30199 40079 32544 34091 
29509 37216 32889 33843 
29019 33335 33104 33363 
28992 29634 33295 32884 
29421 26924 33386 32388 
30187 25942 33343 31934 
31098 26731 33178 31552 
32046 28690 32924 31368 
33084 30721 32677 31398 
34334 31724 32478 31654 
35748 31203 32312 32023 
37201 29581 32287 32479 
38201 27870 32374 32954 
38234 27155 32503 33322 
37091 28330 32751 33621 
34980 31171 32971 33711 
32609 35040 33139 33608 
30769 38906 33211 33327 
30073 42080 33215 32962 
30367 43745 33090 32562 
31046 44090 32872 32201 
31295 43240 32602 31935 
30614 41354 32353 31832 
29045 38513 32146 31894 
27239 34607 32018 32112 
26083 29652 32024 32454 
26284 23713 32139 32864 
28153 17743 32344 33235 
31486 12745 32621 33525 
35763 10102 32923 33669 
40274 11037 33212 33661 
43903 16116 33411 33443 
46011 25031 33513 33092 
45953 36500 33449 32648 
43506 48683 33294 32217 
39012 58797 33037 31890 
33123 64709 32690 31668 
26925 65460 32356 31663 
21440 59891 32098 31881 
17485 49714 31957 32230 
15530 36530 31936 32654 
15852 22766 32096 33121 
18514 10788 32339 33477 
23374 3138 32668 33712 
30041 482 33008 33710 
37677 2946 33273 33491 
45493 9816 33463 33127 
51786 19565 33525 32668 
55344 30851 33447 32218 
55215 42331 33228 31842 
51131 52631 32891 31599 
43913 60018 32567 31653 
34662 63274 32272 31900 
25103 61577 32083 32323 
16563 54690 31969 32815 
10721 43892 31965 33268 
8378 30868 32110 33676 
9869 18157 32381 33943 
15034 8022 32659 33946 
22954 2862 32913 33723 
32462 3343 33112 33307 
42043 9224 33250 32813 
50253 19521 33298 32267 
55315 31894 33283 31835 
56265 44206 33183 31516 
52935 54258 33032 31393 
45886 60192 32839 31452 
36461 60523 32679 31754 
27286 55399 32601 32224 
19741 45769 32469 32682 
15262 33732 32383 33182 
14408 21541 32339 33627 
16896 12120 32318 33943 
21836 7035 32339 34059 
28071 7092 32378 33984 
34540 11943 32442 33721 
40360 20588 32575 33372 
44412 30949 32726 32935 
46180 41211 32868 32451 
45317 49665 33034 32012 
41816 55113 33202 31652 
36404 56531 33316 31443 
30165 53924 33361 31394 
24385 47666 33311 31488 
20433 38659 33231 31794 
19391 28591 33011 32140 
21637 18956 32753 32576 
26781 11503 32509 33037 
33740 7580 32253 33428 
40959 8208 32082 33745 
46668 13447 31992 33909 
49427 22467 32008 33909 
48212 34105 32117 33752 
43042 45470 32251 33449 
35166 54480 32470 33127 
26258 59469 32686 32786 
18325 59522 32902 32491 
13034 54464 33040 32236 
11829 45600 33145 32079 
14774 34404 33199 31999 
21260 22945 33197 31987 
30162 12986 33176 32054 
39819 6367 33135 32146 
48173 4518 33094 32242 
54114 7366 33000 32302 
56651 14613 32942 32381 
55032 25282 32842 32456 
49286 37211 32725 32543 
40171 48641 32625 32711 
29107 57585 32487 32899 
17877 62536 32331 33107 
9236 62413 32236 33385 
5206 57379 32120 33579 
6633 48349 32101 33734 
13105 36686 32130 33800 
23372 23774 32268 33702 
34930 11991 32428 33464 
45835 2935 32621 33067 
54297 138 32837 32605 
59054 61 33072 32093 
59044 5722 33282 31688 
54420 17051 33404 31372 
45945 31599 33472 31234 
34897 46934 33488 31322 
23258 60286 33428 31591 
13216 65352 33293 32019 
6658 65486 33109 32549 
5042 65502 32836 33048 
8423 65464 32543 33505 
16045 51281 32243 33843 
26493 35945 31957 34000 
37514 21011 31741 33972 
47643 8228 31674 33838 
55227 396 31708 33581 
59203 89 31886 33241 
58713 66 32186 32894 
54051 4815 32508 32491 
46023 15130 32954 32182 
35686 28692 33363 31890 
25119 42854 33728 31721 
15916 55349 33930 31626 
9595 64079 34036 31677 
7005 65446 33903 31752 
8527 65488 33629 31952 
13533 57960 33238 32189 
21008 46375 32742 32486 
30027 32826 32291 32878 
38814 19754 31869 33199 
46635 9100 31605 33547 
52581 2401 31496 33806 
56026 522 31587 33939 
56282 3872 31807 33897 
53351 11443 32137 33725 
47453 21953 32492 33430 
39005 34108 32834 33037 
29767 45102 33109 32619 
20900 53898 33304 32223 
13781 59225 33391 31907 
9535 60468 33381 31719 
8910 57401 33285 31654 
11813 50775 33179 31767 
17467 41657 33075 31965 
24777 31285 32948 32190 
32896 21242 32902 32490 
40451 13574 32853 32756 
46939 9380 32820 32968 
51815 9425 32751 33084 
54604 13640 32694 33155 
54823 21032 32576 33136 
52119 30029 32436 33061 
46443 38573 32296 32981 
38248 45000 32142 32900 
28820 48036 32067 32883 
19924 47484 32041 32874 
13085 44247 32107 32911 
9494 39650 32278 32981 
9618 34842 32534 33032 
13338 31104 32804 33020 
19612 28672 33055 32921 
27465 27346 33315 32805 
35807 26720 33472 32560 
43575 26737 33567 32333 
49817 27447 33576 32113 
53337 28889 33457 31903 
53735 30992 33264 31776 
50938 33354 32999 31751 
45382 35445 32718 31884 
37894 36642 32433 32136 
29952 36734 32199 32504 
22607 35972 31990 32899 
17030 34843 31851 33323 
14037 33791 31809 33724 
14169 32996 31838 33995 
17391 32500 31997 34121 
23129 32079 32264 34082 
30615 31531 32609 33878 
37953 30772 32933 33414 
43939 30113 33227 32880 
47721 29705 33493 32273 
48767 29747 33707 31722 
46883 30078 33751 31272 
42628 30581 33688 31016 
36764 31105 33509 30961 
30341 31717 33192 31116 
24514 32850 32888 31572 
20389 34777 32513 32151 
18979 37655 32251 32853 
20151 41064 31999 33465 
23517 44011 31829 33975 
28499 45209 31783 34322 
33977 43371 31879 34457 
39125 38074 32012 34306 
43215 30128 32246 33967 
45513 21114 32521 33402 
45458 13808 32806 32784 
42906 10099 33059 32157 
38211 11096 33264 31645 
32123 16660 33373 31314 
26000 25478 33378 31189 
21626 35008 33279 31327 
19701 43748 33122 31694 
20409 50409 32916 32210 
23404 54380 32728 32780 
