31663 31785 32057 33818 
31663 31785 32057 33818 
31854 32003 32221 33915 
32140 32305 32458 33889 
32504 32688 32732 33715 
32896 33087 33005 33430 
33289 33496 33274 33032 
33595 33813 33475 32594 
33851 34054 33628 32202 
33909 34101 33649 31809 
33796 33933 33518 31495 
33526 33611 33278 31355 
33188 33174 32985 31377 
32777 32655 32654 31565 
32457 32214 32394 31971 
32114 31743 32136 32371 
31894 31449 31973 32834 
31762 31303 31881 33255 
31784 31386 31949 33643 
31912 31629 32092 33899 
32127 32033 32284 33985 
32380 32495 32526 33909 
32678 32997 32777 33709 
32888 33401 32937 33328 
33097 33741 33077 32902 
33273 33968 33192 32504 
33391 34002 33270 32117 
33408 33826 33265 31809 
33332 33503 33191 31631 
33180 33062 33060 31612 
32957 32544 32859 31728 
32716 32070 32682 32019 
32508 31729 32536 32420 
32312 31507 32396 32811 
32202 31511 32329 33219 
32152 31675 32305 33541 
32217 32027 32390 33738 
32332 32441 32509 33747 
32498 32868 32657 33552 
32685 33271 32816 33218 
32850 33577 32941 32759 
33046 33813 33081 32315 
33173 33827 33120 31898 
33216 33699 33093 31625 
33177 33453 32994 31546 
33074 33103 32823 31662 
32955 32739 32677 32008 
32814 32383 32535 32462 
32692 32113 32449 32985 
32527 31872 32356 33419 
32459 31826 32379 33821 
32435 31890 32464 34003 
32407 32031 32538 33942 
32414 32250 32647 33699 
32389 32457 32711 33288 
32403 32684 32774 32829 
32391 32821 32782 32329 
32421 32955 32788 31929 
32473 33015 32772 31661 
32596 33108 32804 31638 
32782 33162 32856 31770 
33013 33227 32952 32030 
33222 33254 33012 32340 
33386 33254 33059 32649 
33519 33241 33125 32950 
33486 33112 33078 33089 
33375 32977 33007 33165 
33168 32807 32879 33129 
32864 32567 32662 33007 
32562 32395 32499 32908 
32222 32188 32269 32767 
31968 32068 32138 32708 
31788 31989 32037 32686 
31744 31999 32052 32750 
31803 32066 32158 32865 
31985 32217 32326 32993 
32289 32438 32584 33100 
32635 32696 32846 33136 
32982 32928 33069 33033 
33311 33159 33265 32887 
33535 33327 33370 32621 
33703 33478 33447 32372 
33698 33491 33409 32080 
33565 33402 33270 31847 
33324 33246 33108 31709 
33011 33037 32889 31724 
32665 32781 32640 31884 
32358 32562 32433 32209 
32076 32341 32226 32584 
31879 32181 32066 33039 
31781 32076 31976 33502 
31763 32000 31943 33865 
31925 32077 32055 34147 
32149 32182 32241 34218 
32408 32299 32444 34051 
32799 32571 32788 33772 
33109 32751 33041 33224 
33429 32987 33320 32650 
33643 33186 33517 32022 
33746 33353 33625 31472 
33698 33409 33599 31032 
33527 33396 33462 30827 
33251 33295 33218 30861 
32906 33159 32919 31172 
32546 32961 32580 31686 
32226 32755 32269 32364 
32018 32580 32063 33092 
31871 32394 31922 33755 
31863 32263 31917 34291 
31968 32176 32031 34600 
32142 32122 32229 34657 
32359 32099 32437 34427 
32592 32156 32669 34013 
32794 32246 32850 33457 
32930 32352 32950 32819 
33018 32515 33003 32219 
33080 32725 33021 31757 
33083 32926 32990 31444 
33037 33085 32947 31298 
32994 33247 32916 31331 
32956 33364 32923 31516 
32965 33430 32971 31791 
32974 33436 33034 32095 
32996 33364 33079 32390 
32995 33213 33077 32652 
32948 33004 33019 32872 
32824 32725 32881 33044 
32692 32462 32724 33233 
32514 32204 32524 33406 
32314 31998 32321 33547 
32118 31832 32117 33618 
31974 31769 31965 33636 
31939 31856 31937 33624 
31997 32038 31996 33492 
32203 32358 32204 33322 
32486 32698 32475 33042 
32802 33033 32790 32693 
33124 33356 33088 32286 
33418 33585 33334 31893 
33632 33714 33526 31584 
33716 33705 33589 31387 
33688 33605 33558 31357 
33503 33348 33399 31475 
33201 32991 33139 31735 
32809 32564 32810 32107 
32409 32164 32481 32600 
32036 31812 32191 33123 
31730 31547 31949 33620 
31592 31482 31835 33994 
31631 31609 31868 34213 
31823 31926 32019 34249 
32167 32394 32314 34113 
32566 32923 32653 33739 
32987 33425 32999 33271 
33308 33794 33260 32668 
33593 34024 33475 32093 
33713 34017 33545 31570 
33670 33791 33457 31213 
33458 33366 33240 31024 
33184 32890 32970 31099 
32855 32371 32657 31369 
32568 31938 32409 31894 
32289 31608 32206 32475 
32115 31482 32112 33065 
32026 31537 32106 33588 
32058 31812 32228 34023 
32205 32230 32434 34245 
32375 32672 32638 34214 
32611 33156 32881 34011 
32773 33487 33001 33559 
32924 33691 33084 33056 
33038 33765 33119 32528 
33072 33629 33054 32027 
33082 33382 32979 31668 
32970 32977 32791 31428 
32867 32604 32650 31438 
32803 32294 32550 31662 
32696 32051 32446 31990 
32613 31929 32400 32404 
32543 31945 32395 32845 
32508 32074 32453 33268 
32523 32299 32564 33616 
32571 32574 32738 33803 
32628 32821 32892 33780 
32665 32978 33003 33550 
32738 33113 33100 33250 
32777 33145 33141 32806 
32815 33118 33108 32360 
32841 33034 33021 31978 
32829 32899 32871 31705 
32801 32765 32697 31626 
32808 32700 32551 31772 
32807 32662 32436 32027 
32780 32643 32333 32379 
32770 32689 32307 32807 
32749 32748 32332 33226 
32735 32817 32429 33564 
32719 32840 32542 33741 
32668 32804 32686 33758 
32634 32723 32830 33615 
32562 32556 32926 33276 
32528 32398 33011 32874 
32519 32275 33043 32442 
32553 32235 33063 32076 
32596 32255 33002 31771 
32670 32357 32896 31617 
32769 32557 32791 31696 
32836 32752 32642 31915 
32871 32958 32514 32261 
32888 33145 32413 32688 
32825 33242 32318 33111 
32772 33268 32300 33489 
32687 33220 32358 33721 
32653 33141 32519 33805 
32661 33022 32726 33716 
32620 32811 32916 33394 
32653 32628 33121 33007 
32689 32446 33253 32529 
32780 32352 33339 32124 
32822 32258 33296 31745 
32900 32279 33168 31574 
32926 32340 32955 31577 
32918 32437 32687 31756 
32899 32606 32454 32098 
32837 32745 32241 32515 
32584 32920 32034 33332 
32462 32947 32088 33654 
32379 32953 32245 33897 
32358 32918 32451 34033 
32385 32878 32697 34058 
32501 32851 32960 33826 
32602 32770 33133 33182 
32725 32676 33242 32137 
32848 32598 33293 30848 
32917 32482 33204 29645 
32907 32386 33016 29100 
32857 32330 32799 29529 
32754 32317 32594 30960 
32601 32294 32381 33058 
32504 32377 32256 35382 
32588 32617 32261 37292 
32808 32959 32327 38308 
33216 33451 32501 38254 
33635 33965 32693 37165 
33853 34375 32961 35300 
33485 34358 33127 32813 
32662 33826 33268 30167 
31529 32591 33252 27584 
30667 30844 33164 25520 
30471 28984 32985 24363 
31094 27757 32709 24447 
32230 28073 32466 26009 
33120 30257 32222 28826 
33438 34122 32088 32676 
33091 38550 32036 36857 
32621 41993 32092 40780 
32879 42798 32268 43572 
34289 40274 32506 44707 
36577 34837 32778 43857 
38771 27997 33019 41062 
39570 21787 33210 36583 
38040 18339 33351 31343 
34125 18413 33371 26090 
28719 21811 33250 21753 
23398 27587 33051 19132 
19667 34600 32806 18783 
18670 41316 32527 20815 
20631 46830 32301 24844 
24949 50520 32158 30180 
30700 51846 32114 35892 
36925 50338 32202 41076 
42902 45603 32370 44910 
47667 37831 32656 46701 
50449 28016 32933 46132 
50876 17479 33148 43381 
48641 8142 33290 38961 
43594 1932 33307 33449 
36399 963 33194 28042 
28180 5801 32967 23651 
20037 15981 32748 20950 
13243 29868 32492 20195 
9177 45286 32304 21478 
8686 59985 32166 24541 
12111 65341 32172 28683 
18893 65489 32263 33230 
27985 65515 32400 37373 
37912 65523 32575 40484 
47406 55908 32814 42218 
54605 38517 32955 42213 
58659 20311 33081 40748 
58898 5054 33163 38182 
55070 151 33150 34852 
47688 46 33068 31472 
37960 68 32949 28680 
27340 11276 32806 26840 
17426 23687 32629 26107 
9931 37063 32477 26577 
6356 48625 32315 27956 
7186 56780 32270 29982 
11954 60252 32278 32248 
19539 58381 32335 34265 
28634 51496 32457 35802 
37417 41029 32637 36574 
44929 28944 32859 36553 
50268 17657 33054 35824 
53100 9306 33217 34573 
53194 5826 33329 33123 
50752 7632 33323 31770 
46179 13941 33247 30765 
39985 23124 33052 30234 
32818 33840 32798 30264 
26065 43406 32477 30768 
20825 50682 32270 31711 
17590 54769 32095 32775 
16585 55260 32010 33750 
17680 52262 32041 34503 
20503 46074 32221 34891 
24196 38218 32405 34796 
28361 29953 32656 34351 
32697 22750 32922 33612 
36959 17779 33087 32671 
40782 16146 33210 31796 
43644 17782 33247 31083 
45213 21905 33195 30669 
45243 27341 33088 30589 
43633 32962 32955 30859 
40732 37049 32824 31409 
36933 39185 32669 32101 
32746 39311 32579 32858 
28503 37734 32475 33526 
24835 35247 32392 34016 
22160 32629 32363 34308 
20958 30520 32368 34390 
21428 29333 32366 34217 
23635 29373 32396 33898 
27094 30639 32465 33475 
31172 32882 32551 33017 
35105 35747 32654 32547 
38452 38840 32844 32180 
40633 41143 32994 31823 
41756 42147 33162 31603 
41827 41303 33268 31501 
40883 38406 33330 31507 
38992 33816 33335 31642 
36220 28143 33237 31828 
32822 22536 33043 32075 
29264 18325 32804 32387 
26031 16633 32532 32747 
23858 18150 32291 33105 
23102 22628 32099 33434 
24052 29085 31987 33686 
26686 36096 31996 33859 
30487 41783 32081 33865 
34684 45382 32241 33753 
38317 46563 32409 33517 
40603 45689 32623 33236 
40998 43204 32800 32863 
39635 39793 32948 32528 
37094 35704 33055 32212 
34223 31237 33130 32000 
31681 26675 33175 31865 
29795 22841 33165 31797 
28587 20801 33171 31861 
27749 21126 33117 31943 
27250 24058 33093 32097 
27259 29028 33014 32246 
28145 34710 32926 32419 
30056 39644 32833 32639 
32817 42510 32688 32792 
35966 42586 32537 32975 
38770 39784 32381 33161 
40475 34889 32221 33305 
40824 29151 32118 33438 
39785 24063 32052 33490 
37557 21015 32080 33507 
34556 21052 32161 33436 
31081 24295 32325 33292 
27558 30097 32553 33085 
24413 37168 32777 32782 
22250 44076 33020 32452 
21700 48965 33269 32191 
22969 50833 33438 31951 
26005 49191 33520 31785 
30292 44202 33482 31679 
35262 36691 33364 31756 
40173 27775 33149 31930 
44297 18877 32878 32194 
46997 11509 32513 32495 
47787 7220 32249 32906 
46037 7249 32003 33232 
41785 12140 31909 33544 
35344 21359 31944 33730 
27610 33704 32100 33767 
20414 46447 32363 33673 
15281 57339 32706 33458 
13300 64081 33005 33110 
14975 65451 33261 32700 
19791 60279 33424 32303 
26610 50591 33464 31980 
34149 37701 33342 31747 
41268 23679 33124 31674 
47072 11013 32848 31772 
50892 1904 32585 32005 
52219 106 32340 32331 
50702 57 32185 32684 
46200 7334 32114 33006 
39358 19154 32185 33308 
30954 33500 32352 33498 
22333 47872 32558 33533 
14996 60063 32817 33470 
10675 65359 33017 33265 
10079 65481 33124 32959 
13491 65497 33203 32668 
20436 55954 33229 32402 
29337 42575 33105 32177 
38820 27852 32922 32048 
47180 13943 32699 32052 
53114 3087 32496 32195 
55593 130 32294 32420 
54146 61 32147 32687 
49240 5935 32133 33018 
41720 13933 32162 33236 
32566 27675 32334 33406 
23667 42178 32585 33411 
16894 54305 32879 33332 
12951 62541 33165 33083 
12390 65369 33408 32771 
15212 63142 33598 32427 
20732 55974 33612 32066 
27702 45710 33495 31795 
35079 33845 33286 31676 
41851 21979 32939 31713 
47197 11521 32561 31939 
50236 4179 32239 32333 
50411 1081 31962 32764 
47727 2606 31775 33200 
42513 8720 31763 33614 
35456 18866 31896 33909 
27898 31089 32118 33982 
21206 43604 32434 33877 
16592 54414 32776 33607 
14866 61907 33049 33186 
16443 64745 33255 32703 
20954 63064 33389 32274 
27523 57367 33395 31902 
35101 48181 33291 31677 
42169 36853 33152 31655 
47224 24836 32947 31774 
49592 13528 32807 32042 
48761 4446 32689 32333 
45054 224 32632 32648 
39132 71 32605 32893 
32578 6378 32657 33071 
26530 13801 32690 33104 
22018 26309 32724 33055 
19616 39711 32755 32979 
19514 51476 32694 32860 
21486 59696 32613 32774 
25032 63689 32523 32774 
29452 63282 32417 32843 
34041 59057 32315 32944 
37940 51808 32281 33083 
40694 42248 32317 33215 
41956 31393 32419 33273 
41689 20330 32579 33225 
40181 10592 32785 33068 
37833 3856 32996 32803 
35086 1456 33172 32460 
32388 4162 33315 32105 
30092 12022 33420 31825 
28586 22986 33389 31617 
27969 35335 33300 31594 
28175 46809 33138 31722 
28999 55679 32878 31965 
30098 60184 32587 32322 
31004 59964 32381 32816 
31398 55484 32153 33235 
31314 47736 31971 33613 
31019 37742 31882 33893 
30931 27139 31925 34041 
31439 17743 32067 34016 
32756 10797 32277 33832 
34842 7581 32603 33527 
37345 8651 32890 33101 
39643 14097 33164 32617 
41076 22775 33431 32167 
41115 33215 33568 31732 
39530 43523 33603 31393 
36419 52039 33575 31254 
32222 56771 33421 31278 
27791 56859 33167 31451 
23894 52466 32902 31802 
21157 44369 32567 32223 
20207 34053 32333 32776 
21251 23836 32113 33289 
24244 15614 32004 33761 
28658 10882 31953 34051 
34041 10461 32007 34176 
39396 14304 32134 34092 
43735 21101 32275 33801 
46420 29518 32468 33428 
46951 37847 32612 33003 
45170 44764 32761 32572 
41334 49085 32923 32253 
36163 50292 33033 32033 
30507 48674 33124 31920 
25270 44784 33223 31931 
21210 39359 33306 32005 
19173 33526 33368 32129 
19298 28042 33365 32222 
21556 23696 33348 32331 
25352 20983 33233 32384 
30150 20267 33017 32390 
34925 21681 32794 32424 
39080 24781 32511 32480 
42060 28948 32251 32603 
43515 33170 32049 32818 
43250 36433 31866 33043 
41548 38061 31835 33364 
38607 37938 31886 33647 
34964 36534 32053 33848 
31141 34615 32299 33917 
27973 33177 32611 33842 
26000 32776 32874 33543 
25522 33576 33132 33146 
26410 35188 33328 32630 
28249 37046 33473 32113 
30387 38391 33494 31606 
32191 38544 33431 31247 
33389 37217 33328 31118 
33815 34318 33090 31100 
33799 30348 32849 31384 
33632 26154 32592 31853 
33628 22864 32373 32442 
33864 21251 32187 33073 
34248 21784 32058 33683 
34672 24394 32045 34172 
34923 28417 32139 34438 
34933 32809 32322 34466 
34634 36778 32537 34180 
34162 39905 32814 33733 
33548 41968 33043 33085 
32883 42903 33200 32382 
32248 42763 33319 31796 
31605 41421 33347 31355 
30896 38727 33186 31076 
30284 34919 32989 31079 
29827 30608 32736 31327 
29701 26988 32515 31803 
29935 24928 32351 32383 
30349 24874 32210 32937 
30924 26636 32173 33450 
31747 29420 32292 33889 
32769 31721 32440 34075 
34139 32660 32651 34051 
35776 32006 32875 33856 
37315 30279 33039 33439 
38229 28724 33163 32988 
37981 28346 33196 32484 
36583 29656 33187 32080 
34363 32342 33057 31750 
32198 35735 32921 31637 
30689 38943 32674 31655 
30317 41285 32468 31900 
30658 42468 32280 32202 
31050 42611 32161 32596 
30811 41877 32122 32999 
29602 40242 32142 33332 
27890 37709 32311 33593 
26370 34005 32529 33676 
25879 29136 32780 33600 
26998 23256 33044 33357 
29867 17364 33305 33007 
33866 12782 33471 32595 
38392 10859 33570 32213 
42571 12607 33535 31885 
45613 18632 33384 31675 
46655 28313 33094 31634 
45345 39779 32779 31793 
41668 51115 32409 32048 
36197 60016 32101 32424 
29759 64489 31860 32856 
23645 63207 31754 33271 
18762 56607 31818 33638 
15776 45689 32005 33854 
15021 32405 32278 33876 
16667 19093 32621 33742 
20499 8643 32915 33457 
26314 2454 33132 33049 
33520 1270 33279 32626 
41299 4810 33309 32221 
48590 12410 33254 31941 
53695 22478 33105 31765 
55667 33727 32937 31758 
53854 44877 32781 31881 
48315 54593 32709 32132 
40058 61115 32699 32425 
30690 63100 32750 32700 
21631 60076 32826 32903 
14359 52257 32883 33008 
10004 40925 32901 33024 
9217 27820 32910 33025 
12120 15861 32808 32940 
18175 7137 32611 32807 
26486 3375 32400 32751 
35976 5151 32195 32743 
44901 12112 32028 32784 
51653 22757 31918 32848 
54899 34880 31990 33009 
54113 46348 32163 33140 
49439 55066 32475 33251 
41949 59340 32839 33256 
32977 58222 33193 33127 
24823 51990 33505 32896 
18930 42026 33709 32600 
16242 30490 33784 32268 
16883 19548 33697 31962 
20402 11615 33417 31674 
25561 8631 33090 31575 
31410 10495 32692 31581 
36971 16555 32345 31789 
41414 25450 32043 32102 
43971 35332 31833 32516 
44227 44178 31757 33000 
42123 50695 31808 33482 
37978 53956 31933 33901 
32454 53407 32130 34145 
26832 49182 32407 34263 
22469 42105 32694 34173 
20378 33241 32989 33883 
21214 23952 33211 33408 
25157 15765 33429 32866 
31426 10437 33575 32261 
38475 9160 33584 31656 
44696 12246 33470 31142 
48734 19459 33343 30876 
49228 29877 33098 30793 
45546 41262 32766 30966 
38728 51035 32508 31409 
30142 57568 32291 32047 
21574 59525 32108 32746 
14982 56537 32012 33460 
11800 48869 32005 34097 
12956 38569 32119 34553 
17918 27140 32238 34703 
25688 16641 32438 34648 
34943 8648 32640 34287 
43937 4781 32814 33707 
51035 5607 32956 33020 
55235 10909 33036 32281 
55824 20019 33158 31671 
52165 31524 33189 31170 
44482 43698 33174 30874 
34493 53795 33114 30873 
23580 60531 33028 31113 
13877 62756 32895 31590 
7530 60132 32732 32199 
6106 52913 32567 32864 
9946 42596 32405 33490 
18054 30530 32268 33980 
28728 18472 32219 34302 
39962 8201 32220 34335 
49866 1320 32309 34157 
56524 96 32457 33754 
59088 214 32647 33205 
57153 10885 32890 32622 
50612 24070 33139 32028 
40764 39013 33325 31548 
29399 53151 33412 31284 
18398 64031 33412 31270 
9880 65440 33313 31455 
5478 65491 33069 31790 
6144 65497 32808 32309 
11545 55967 32504 32824 
20454 42219 32216 33300 
31180 27853 31997 33680 
42191 14410 31914 33899 
51482 3958 31973 33910 
57512 173 32089 33696 
59632 82 32312 33370 
57481 72 32561 32961 
51377 9197 32799 32545 
42111 20997 33007 32192 
31517 34616 33131 31964 
21037 48040 33189 31883 
12554 59169 33208 31988 
7410 65212 33171 32190 
6326 65468 33125 32479 
9348 65399 33059 32745 
15666 54785 32971 32937 
24125 43011 32892 33047 
33455 29994 32839 33036 
42633 17623 32780 32925 
50392 7809 32684 32720 
55564 2472 32595 32520 
57711 1799 32457 32337 
56515 5694 32313 32227 
52041 13422 32184 32243 
44551 23852 32086 32383 
35235 35176 32089 32666 
25494 45486 32160 32973 
16805 53523 32325 33288 
10608 58322 32591 33571 
7794 59217 32865 33684 
8723 56154 33115 33614 
13074 49707 33353 33419 
19878 40901 33504 33094 
27865 31033 33522 32668 
36034 21683 33468 32230 
43572 14377 33284 31816 
49601 10721 33053 31549 
53705 11107 32781 31429 
55385 15339 32501 31488 
54273 22428 32277 31731 
50030 31005 32132 32152 
42954 38672 32013 32611 
34227 43847 31998 33124 
24997 45918 32000 33552 
16955 45087 32126 33917 
11502 42175 32304 34096 
9451 38315 32514 34075 
11110 34736 32791 33893 
15786 31992 33002 33481 
22594 30146 33225 32999 
30531 28888 33401 32469 
38463 28079 33520 31950 
45548 27712 33557 31554 
50640 28040 33488 31332 
52929 29167 33313 31295 
52192 30997 33077 31463 
48535 33065 32759 31786 
42578 34830 32464 32241 
35272 35775 32198 32728 
27743 35803 31981 33178 
21380 35251 31871 33543 
16968 34543 31880 33814 
15141 33893 31969 33906 
16230 33359 32127 33809 
20128 32894 32365 33593 
25928 32269 32621 33281 
32642 31473 32937 32984 
38948 30512 33111 32547 
43930 29861 33329 32234 
46697 29614 33452 31964 
46809 29828 33465 31790 
44481 30332 33380 31746 
40161 30884 33191 31811 
34675 31437 32948 31991 
28872 32078 32640 32235 
24118 33272 32410 32584 
21132 35331 32199 32907 
20503 38329 32120 33251 
22136 41574 32078 33428 
25772 44166 32230 33603 
30449 44482 32429 33598 
35481 41636 32689 33457 
40036 35532 32900 33169 
43367 27288 33064 32812 
44933 18842 33185 32439 
44191 12866 33204 32132 
41109 10935 33126 31910 
36120 13597 32982 31808 
30165 20272 32778 31858 
24759 29202 32578 32054 
21247 38293 32450 32385 
20197 45950 32355 32747 
21599 51317 32332 33099 
24829 53889 32369 33363 
