32773 33062 32892 33394 
32773 33062 32892 33394 
32961 33454 33059 32992 
33143 33743 33184 32567 
33304 33923 33288 32189 
33382 33903 33279 31875 
33336 33688 33159 31661 
33245 33384 32980 31652 
33079 32997 32749 31797 
32904 32633 32557 32089 
32719 32306 32391 32497 
32531 32035 32255 32901 
32376 31866 32188 33272 
32254 31809 32204 33549 
32250 31921 32341 33739 
32247 32095 32502 33728 
32291 32320 32693 33572 
32384 32577 32897 33288 
32481 32800 33034 32909 
32568 32957 33085 32487 
32691 33081 33094 32140 
32779 33117 32993 31884 
32856 33100 32839 31774 
32935 33069 32670 31843 
32988 32979 32507 32052 
32998 32887 32395 32347 
33010 32830 32369 32719 
32987 32796 32427 33049 
32953 32786 32582 33307 
32899 32810 32785 33466 
32825 32809 32992 33431 
32759 32797 33171 33270 
32691 32747 33266 32985 
32641 32680 33296 32653 
32654 32633 33266 32363 
32596 32482 33065 32056 
32563 32353 32797 31884 
32552 32294 32521 31885 
32557 32293 32264 32062 
32538 32321 32037 32314 
32563 32450 31933 32694 
32587 32619 31941 33077 
32602 32801 32065 33397 
32627 32971 32274 33614 
32695 33157 32597 33708 
32740 33247 32894 33614 
32761 33230 33139 33354 
32807 33166 33325 33025 
32809 33015 33397 32657 
32801 32807 33344 32291 
32785 32570 33196 31999 
32802 32395 33029 31859 
32811 32289 32830 31873 
32807 32223 32622 31975 
32827 32280 32510 32216 
32848 32406 32470 32486 
32884 32608 32512 32775 
32874 32790 32601 32988 
32832 32945 32682 33103 
32774 33060 32757 33132 
32712 33122 32807 33071 
32615 33090 32777 32932 
32533 33009 32705 32785 
32448 32868 32585 32634 
32420 32721 32474 32570 
32414 32573 32389 32581 
32445 32462 32350 32662 
32473 32374 32357 32783 
32548 32352 32445 32932 
32641 32395 32599 33067 
32785 32513 32815 33184 
32892 32623 32994 33148 
32999 32751 33144 33036 
33105 32880 33267 32839 
33141 32953 33273 32559 
33175 33014 33248 32284 
33138 33009 33127 32039 
33060 32985 32980 31864 
32897 32879 32757 31778 
32740 32792 32574 31868 
32538 32681 32391 32056 
32358 32589 32266 32366 
32204 32500 32174 32733 
32060 32410 32090 33099 
31985 32365 32105 33458 
32031 32375 32175 33742 
32178 32460 32333 33930 
32406 32562 32532 33931 
32673 32694 32753 33777 
32928 32790 32961 33439 
33195 32919 33183 33012 
33402 33003 33359 32511 
33532 33080 33498 32020 
33554 33080 33538 31600 
33478 33031 33488 31340 
33298 32949 33328 31272 
33030 32797 33065 31378 
32739 32675 32769 31697 
32444 32566 32449 32167 
32219 32529 32194 32723 
32042 32481 31972 33228 
31922 32446 31815 33622 
31978 32521 31861 33935 
32095 32576 31978 34003 
32503 32699 32465 33633 
32715 32720 32732 33245 
32932 32769 32994 32827 
33087 32763 33183 32394 
33239 32806 33365 32075 
33297 32820 33420 31861 
33283 32818 33386 31772 
33199 32806 33277 31822 
33047 32769 33101 31993 
32846 32707 32853 32231 
32654 32676 32625 32564 
32466 32618 32429 32861 
32314 32561 32269 33117 
32215 32530 32193 33299 
32187 32517 32179 33390 
32258 32571 32283 33390 
32390 32658 32452 33293 
32579 32787 32658 33131 
32771 32889 32838 32881 
32901 32965 32964 32578 
33070 33076 33099 32369 
33173 33130 33165 32169 
33168 33080 33123 32014 
33127 32992 33051 31982 
32999 32833 32897 32021 
32858 32644 32738 32184 
32701 32457 32578 32426 
32583 32337 32474 32730 
32453 32209 32365 32986 
32386 32168 32315 33229 
32402 32245 32360 33442 
32463 32413 32471 33556 
32589 32655 32644 33584 
32683 32882 32797 33461 
32737 33043 32892 33173 
32778 33170 32979 32838 
32770 33202 32987 32476 
32741 33134 32930 32136 
32684 32967 32825 31890 
32621 32745 32691 31768 
32577 32523 32549 31795 
32578 32333 32464 31988 
32576 32198 32404 32266 
32675 32210 32469 32660 
32776 32310 32603 33032 
32913 32511 32790 33342 
33040 32776 32994 33541 
33135 33050 33183 33576 
33199 33307 33314 33471 
33190 33448 33345 33204 
33074 33438 33235 32803 
32941 33328 33058 32431 
32732 33065 32768 32074 
32510 32728 32465 31851 
32311 32398 32193 31815 
32150 32099 31987 31962 
32015 31851 31855 32213 
31995 31791 31889 32605 
32079 31894 32069 33039 
32227 32107 32332 33414 
32447 32420 32671 33661 
32739 32778 33017 33724 
32988 33082 33272 33572 
33242 33365 33457 33296 
33461 33545 33536 32915 
33585 33614 33510 32477 
33613 33546 33362 32086 
33516 33361 33136 31782 
33322 33082 32886 31624 
33034 32768 32619 31650 
32697 32440 32382 31850 
32343 32159 32222 32156 
32026 31960 32110 32567 
31775 31845 32063 32968 
31631 31825 32068 33357 
31633 31924 32137 33664 
31812 32145 32289 33873 
32096 32431 32483 33920 
32457 32746 32685 33780 
32848 33054 32896 33501 
33219 33310 33082 33085 
33558 33528 33266 32614 
33745 33646 33394 32130 
33843 33667 33473 31743 
33749 33550 33453 31417 
33527 33322 33356 31264 
33183 32996 33151 31272 
32818 32647 32917 31479 
32457 32326 32655 31887 
32174 32057 32410 32408 
31958 31841 32169 32948 
31871 31746 32006 33493 
31929 31821 31937 33983 
32096 31997 31982 34286 
32289 32232 32078 34351 
32534 32537 32271 34239 
32749 32849 32485 33935 
32854 33059 32659 33413 
32953 33264 32863 32891 
32923 33319 32979 32293 
32924 33342 33106 31844 
32878 33277 33187 31506 
32837 33158 33228 31343 
32831 33029 33249 31369 
32838 32876 33237 31528 
32871 32723 33198 31798 
32957 32655 33163 32163 
33042 32608 33093 32525 
33061 32553 32956 32832 
33032 32512 32767 33080 
32977 32509 32594 33298 
32852 32491 32385 33420 
32666 32453 32168 33463 
32442 32416 31996 33430 
32250 32383 31892 33360 
32141 32403 31921 33304 
32060 32424 32009 33221 
32088 32496 32196 33155 
32209 32613 32463 33131 
32428 32781 32791 33130 
32648 32924 33058 33038 
32915 33100 33316 32896 
33159 33246 33508 32614 
33356 33361 33596 32191 
33458 33371 33570 31610 
33448 33315 33445 31058 
33352 33171 33262 30570 
33148 32948 33004 30267 
32902 32673 32740 30281 
32616 32394 32495 30750 
32381 32142 32283 31651 
32143 31910 32096 32872 
31967 31747 31931 34270 
31934 31752 31905 35714 
32008 31889 31945 36929 
32176 32144 32070 37639 
32407 32493 32272 37694 
32674 32863 32532 36981 
32928 33218 32787 35489 
33145 33511 33047 33473 
33333 33735 33292 31203 
33443 33817 33489 28982 
33454 33758 33624 27130 
33333 33531 33600 25969 
33161 33234 33511 25776 
32934 32886 33342 26566 
32689 32510 33088 28243 
32459 32172 32789 30637 
32301 31940 32505 33330 
32188 31775 32217 35950 
32193 31762 32019 38126 
32258 31864 31883 39565 
32399 32067 31860 40018 
32600 32367 31967 39474 
32792 32703 32164 38011 
32928 33014 32413 35854 
33020 33299 32727 33250 
33024 33474 32997 30712 
32947 33494 33196 28608 
32859 33464 33367 27232 
32741 33292 33411 26665 
32605 33035 33329 26985 
32500 32720 33148 28088 
32472 32433 32931 29720 
32537 32237 32750 31664 
32643 32142 32591 33578 
32814 32175 32520 35223 
32979 32302 32526 36292 
33122 32543 32616 36744 
33207 32811 32752 36542 
33184 33047 32863 35759 
33122 33273 32973 34664 
32964 33354 32994 33421 
32797 33354 32963 32304 
32637 33259 32874 31449 
32450 33018 32694 30931 
32334 32763 32520 30852 
32310 32500 32385 31148 
32316 32248 32247 31650 
32369 32063 32187 32272 
32509 32037 32264 32886 
32632 32095 32407 33336 
32799 32276 32640 33565 
32945 32530 32906 33571 
33055 32817 33173 33318 
33121 33075 33383 32903 
33146 33292 33518 32441 
33162 33487 33569 32036 
33121 33560 33492 31755 
33032 33511 33304 31667 
32900 33346 32998 31774 
32778 33137 32688 32130 
32604 32838 32327 32601 
32461 32541 32039 33201 
32352 32270 31857 33757 
32283 32076 31820 34182 
32305 31998 31947 34430 
32379 32002 32174 34397 
32538 32134 32547 34177 
32719 32327 32928 33691 
32893 32547 33276 33037 
33066 32789 33567 32334 
33213 33042 33743 31644 
33259 33228 33730 31107 
33242 33361 33577 30785 
33152 33427 33312 30730 
32989 33421 32966 30983 
32816 33352 32625 31514 
32622 33200 32313 32166 
32466 32998 32085 32902 
32345 32766 31966 33601 
32345 32558 31998 34223 
32420 32382 32143 34617 
32546 32266 32345 34727 
32722 32233 32613 34598 
32878 32243 32843 34189 
33009 32322 33048 33569 
33116 32492 33223 32909 
33184 32694 33329 32272 
33181 32903 33377 31720 
33058 33024 33283 31278 
32899 33135 33169 31105 
32660 33122 32962 31128 
32404 33019 32712 31367 
32229 32898 32529 31835 
32106 32719 32352 32382 
32083 32543 32256 33004 
32157 32410 32215 33550 
32354 32374 32272 33970 
32663 32443 32427 34191 
33021 32626 32649 34203 
33367 32846 32869 33983 
33643 33073 33090 33545 
33802 33298 33250 33008 
33793 33429 33349 32462 
33669 33500 33397 31976 
33311 33360 33265 31549 
32890 33123 33106 31377 
32435 32823 32890 31444 
32006 32477 32653 31711 
31719 32193 32473 32190 
31548 31917 32288 32665 
31594 31804 32218 33190 
31793 31813 32200 33622 
32175 31992 32292 33940 
32621 32287 32442 34044 
33106 32661 32633 33945 
33515 33059 32818 33643 
33780 33385 32946 33204 
33905 33634 33059 32723 
33869 33790 33153 32275 
33657 33750 33177 31875 
33289 33559 33137 31591 
32872 33257 33053 31509 
32406 32860 32901 31596 
32025 32455 32760 31871 
31806 32133 32631 32303 
31714 31897 32516 32793 
31775 31778 32408 33270 
31975 31807 32380 33699 
32288 31983 32415 33997 
32651 32251 32506 34082 
32992 32586 32648 33972 
33303 32949 32825 33664 
33479 33199 32958 33166 
33555 33440 33088 32619 
33533 33591 33176 32077 
33412 33636 33215 31588 
33192 33556 33146 31274 
32953 33384 33032 31185 
32692 33133 32855 31336 
32469 32857 32657 31707 
32301 32564 32476 32294 
32249 32327 32362 32946 
32218 32107 32278 33549 
32291 31989 32284 34070 
32397 31934 32347 34352 
32532 31985 32480 34396 
32680 32131 32666 34193 
32835 32360 32867 33785 
32912 32594 33007 33158 
32987 32875 33132 32536 
32981 33105 33162 31879 
32918 33297 33112 31388 
32830 33401 32991 31141 
32709 33386 32791 31121 
32616 33319 32615 31398 
32592 33207 32490 31915 
32600 33033 32404 32504 
32670 32858 32423 33117 
32806 32689 32526 33664 
32957 32560 32699 34027 
33085 32448 32895 34123 
33166 32393 33078 33973 
33184 32378 33203 33596 
33079 32363 33218 33073 
32906 32393 33132 32506 
32694 32455 32990 32017 
32453 32535 32765 31666 
32253 32607 32517 31541 
32109 32699 32301 31657 
32042 32775 32148 31956 
32098 32850 32100 32387 
32259 32923 32161 32886 
32507 32983 32320 33332 
32805 33032 32556 33680 
33125 33091 32852 33870 
33352 33059 33074 33778 
33485 32977 33228 33484 
33527 32918 33350 33102 
33464 32846 33378 32661 
33279 32736 33298 32187 
33006 32629 33123 31813 
32717 32548 32903 31608 
32378 32452 32624 31592 
32147 32415 32395 31801 
31971 32396 32206 32162 
31845 32363 32054 32590 
31907 32407 32055 33108 
32014 32430 32117 33541 
32240 32502 32293 33857 
32556 32599 32563 33981 
32878 32707 32860 33885 
33185 32828 33133 33570 
33435 32945 33352 33090 
33597 33070 33480 32546 
33658 33207 33515 32027 
33588 33291 33408 31579 
33394 33335 33199 31325 
33105 33316 32915 31289 
32763 33192 32587 31484 
32447 33029 32333 31916 
32184 32807 32150 32465 
31977 32517 32033 33046 
31908 32252 32060 33612 
31941 32005 32164 34008 
32086 31862 32342 34208 
32293 31823 32542 34157 
32538 31916 32749 33900 
32776 32107 32908 33419 
33007 32419 33054 32912 
33160 32764 33138 32352 
33264 33094 33178 31850 
33284 33388 33160 31496 
33214 33550 33072 31299 
33099 33601 32948 31346 
32908 33466 32753 31542 
32731 33272 32597 31955 
32544 32970 32435 32435 
32398 32657 32337 32966 
32320 32379 32307 33489 
32301 32168 32340 33869 
32370 32088 32455 34069 
32485 32118 32622 34063 
32661 32252 32831 33851 
32812 32440 32995 33418 
32935 32665 33129 32925 
33035 32884 33232 32414 
33058 33033 33207 31906 
33028 33132 33131 31537 
32893 33096 32943 31325 
32770 33020 32732 31359 
32602 32875 32491 31544 
32475 32688 32278 31903 
32414 32541 32158 32385 
32397 32425 32115 32900 
32406 32316 32116 33351 
32526 32350 32269 33737 
32681 32448 32489 33982 
32811 32571 32712 33975 
32970 32773 32983 33838 
33025 32928 33154 33472 
33011 33020 33248 33033 
32970 33104 33281 32574 
32864 33117 33235 32178 
32668 32995 33049 31838 
32468 32819 32792 31654 
32309 32605 32561 31676 
32248 32429 32394 31895 
32245 32280 32265 32202 
32342 32191 32234 32572 
32515 32202 32284 32919 
32752 32322 32443 33218 
32986 32496 32631 33358 
33205 32739 32845 33362 
33341 32966 33034 33212 
33341 33147 33123 32890 
33256 33271 33173 32566 
33092 33333 33120 32277 
32859 33276 32985 32041 
32569 33102 32778 31943 
32346 32917 32575 32043 
32193 32687 32404 32282 
32116 32469 32288 32644 
32137 32279 32250 33034 
32222 32148 32285 33379 
32379 32089 32402 33632 
32546 32115 32556 33712 
32706 32199 32727 33607 
32839 32345 32861 33359 
32884 32478 32908 32916 
32882 32629 32889 32462 
32838 32772 32843 32065 
32764 32890 32748 31762 
32735 33037 32689 31664 
32723 33138 32633 31732 
32751 33216 32636 31931 
32832 33254 32704 32242 
32908 33241 32803 32582 
33012 33199 32949 32905 
33042 33038 33025 33102 
33058 32885 33098 33210 
32974 32649 33071 33165 
32871 32447 33006 33069 
32653 32195 32815 32864 
32429 32002 32580 32662 
32282 31964 32389 32577 
32132 31954 32171 32519 
32051 32046 32026 32578 
32066 32241 31987 32723 
32137 32481 32029 32893 
32307 32765 32191 33083 
32537 33043 32442 33212 
32760 33257 32703 33212 
32977 33386 32974 33090 
33199 33447 33221 32867 
33330 33367 33370 32515 
33430 33250 33477 32177 
33409 33022 33433 31831 
33341 32795 33324 31591 
33191 32571 33157 31515 
32972 32377 32914 31603 
32694 32219 32645 31858 
32429 32166 32426 32282 
32153 32157 32210 32786 
31881 32156 31993 33270 
31720 32227 31899 33756 
31685 32308 31877 34127 
31803 32435 31978 34328 
32014 32524 32141 34274 
32353 32655 32407 34037 
32757 32777 32711 33577 
33131 32886 32987 32971 
33485 33007 33248 32290 
33770 33174 33481 31639 
33905 33321 33619 31124 
33842 33417 33618 30785 
33603 33437 33497 30684 
33258 33361 33262 30824 
32804 33179 32945 31196 
32350 32932 32610 31804 
31969 32623 32290 32531 
31720 32319 32065 33309 
31560 31960 31865 33954 
31559 31649 31766 34420 
31761 31540 31849 34714 
32059 31547 32017 34715 
32435 31726 32282 34481 
32813 32029 32557 33986 
33191 32465 32883 33367 
33420 32898 33071 32626 
33568 33364 33252 31963 
33616 33766 33350 31380 
33527 34048 33375 31005 
33350 34106 33317 30839 
33076 33947 33170 30879 
32779 33623 33004 31172 
32460 33149 32787 31594 
32196 32625 32586 32167 
32038 32125 32425 32810 
31896 31637 32238 33354 
31867 31317 32110 33833 
31956 31196 32087 34180 
32116 31258 32105 34329 
32344 31526 32205 34274 
32607 31940 32370 34039 
32890 32432 32586 33629 
33151 32975 32834 33120 
33335 33458 33030 32518 
33490 33911 33251 31960 
33510 34142 33356 31431 
33444 34223 33419 31148 
33282 34086 33373 31032 
33025 33768 33214 31119 
32724 33319 32975 31432 
32451 32819 32721 31948 
32223 32314 32440 32518 
32085 31895 32225 33129 
31993 31524 32019 33619 
32050 31380 31970 34032 
32137 31340 31982 34138 
32311 31492 32118 34085 
32487 31762 32312 33838 
32661 32096 32549 33448 
32772 32437 32744 32988 
32842 32787 32917 32512 
32877 33115 33049 32145 
32884 33393 33109 31879 
32892 33604 33134 31764 
32921 33749 33129 31808 
32951 33788 33090 31948 
32993 33738 33034 32162 
33048 33604 32973 32393 
33100 33395 32927 32606 
33071 33072 32839 32693 
32977 32697 32719 32731 
32890 32357 32658 32754 
32699 31995 32549 32692 
32520 31696 32458 32655 
32327 31532 32360 32656 
32179 31494 32302 32709 
32106 31620 32274 32862 
32082 31841 32274 33037 
32151 32168 32337 33253 
32303 32553 32426 33434 
32534 32988 32591 33581 
32764 33364 32743 33563 
33008 33671 32914 33396 
33198 33850 33060 33084 
33340 33870 33199 32689 
33368 33730 33240 32214 
33256 33424 33174 31733 
33091 33041 33055 31390 
32854 32617 32873 31249 
32594 32213 32658 31343 
32349 31907 32460 31669 
32164 31721 32302 32175 
32068 31707 32224 32762 
32077 31845 32236 33387 
32206 32095 32358 33898 
32406 32422 32550 34175 
32672 32768 32789 34220 
32901 33046 32997 33956 
33092 33250 33152 33438 
33235 33346 33230 32843 
33298 33326 33217 32201 
33245 33197 33084 31629 
33098 32989 32855 31265 
32892 32757 32566 31154 
32682 32585 32327 31377 
32498 32489 32159 31850 
32322 32421 32041 32432 
32231 32452 32053 33080 
32204 32527 32190 33689 
32270 32652 32435 34124 
32385 32748 32723 34249 
32529 32798 32995 34098 
32684 32782 33227 33672 
32850 32763 33401 33111 
33000 32704 33460 32479 
33088 32631 33394 31883 
33138 32589 33238 31435 
33089 32527 32967 31176 
33022 32548 32694 31214 
32926 32606 32449 31491 
32800 32687 32256 31953 
32662 32771 32110 32503 
32497 32817 32039 33066 
32364 32855 32050 33582 
32298 32881 32165 33970 
32266 32851 32311 34145 
32313 32822 32518 34134 
32423 32804 32749 33938 
32537 32719 32941 33537 
32689 32660 33136 33073 
32817 32592 33244 32528 
32962 32586 33347 32048 
33062 32584 33369 31636 
33119 32586 33302 31352 
33130 32623 33204 31272 
33074 32658 33024 31331 
32994 32722 32838 31611 
32900 32790 32625 32016 
32786 32858 32449 32487 
32654 32892 32277 32963 
32549 32909 32172 33418 
32499 32943 32148 33819 
32450 32905 32145 33999 
32476 32882 32254 34064 
32474 32783 32358 33892 
32556 32726 32556 33628 
32597 32634 32731 33231 
32639 32549 32901 32791 
32642 32460 33013 32336 
32634 32394 33090 31959 
32651 32401 33129 31735 
32625 32395 33087 31623 
32625 32441 33006 31723 
32625 32478 32871 31902 
32674 32567 32766 32209 
32775 32682 32686 32575 
32901 32813 32653 32909 
33023 32938 32662 33176 
33126 33043 32697 33322 
33210 33154 32772 33371 
33210 33212 32829 33286 
33153 33239 32877 33121 
32991 33187 32854 32871 
32801 33103 32801 32638 
32580 32974 32725 32446 
32370 32809 32600 32333 
32231 32628 32506 32332 
32110 32398 32378 32369 
32089 32212 32317 32511 
32170 32073 32322 32703 
32318 32016 32384 32909 
32490 32020 32490 33056 
32702 32119 32642 33142 
32912 32324 32829 33153 
33061 32562 32991 33054 
33212 32896 33168 32928 
33244 33163 33261 32704 
33273 33446 33337 32503 
33213 33612 33301 32283 
33095 33659 33195 32150 
32943 33534 32997 32080 
32756 33302 32737 32113 
32601 32990 32482 32297 
32433 32607 32217 32544 
32319 32260 32047 32862 
32233 31962 31953 33158 
32189 31749 31957 33382 
32236 31729 32132 33540 
32342 31858 32392 33552 
32528 32120 32761 33443 
32682 32427 33071 33157 
32891 32824 33380 32833 
33034 33131 33540 32413 
33212 33462 33638 32107 
33271 33633 33536 31833 
33272 33693 33333 31727 
33195 33616 33028 31798 
33060 33402 32689 31996 
32890 33125 32390 32313 
32702 32802 32151 32696 
32516 32458 32003 33080 
32372 32170 31987 33390 
32250 31952 32063 33568 
32241 31869 32239 33642 
32251 31872 32447 33528 
32366 32028 32704 33326 
32513 32270 32932 33021 
32697 32564 33128 32704 
32869 32869 33245 32373 
33007 33130 33285 32107 
33124 33360 33257 31985 
33145 33439 33136 31936 
33142 33443 32990 32072 
33032 33303 32770 32269 
32889 33087 32577 32582 
32685 32784 32379 32901 
32480 32469 32264 33163 
32349 32236 32252 33395 
32246 32051 32282 33455 
32273 32035 32453 33430 
32356 32133 32639 33266 
32537 32346 32862 33002 
32734 32614 33049 32643 
32992 32956 33226 32332 
33172 33213 33292 32003 
33349 33451 33304 31831 
33386 33535 33195 31769 
33343 33481 33002 31858 
33179 33287 32723 32087 
