32542 32628 32845 32357 
32542 32628 32845 32357 
32364 32407 32476 32906 
32246 32235 32121 33413 
32164 32109 31822 33788 
32156 32080 31653 34006 
32236 32163 31677 34056 
32326 32267 31818 33887 
32459 32440 32086 33598 
32554 32569 32382 33162 
32639 32698 32704 32706 
32727 32821 33012 32288 
32790 32895 33212 31944 
32841 32943 33342 31744 
32898 33019 33386 31735 
32928 33029 33331 31829 
33003 33098 33272 32098 
33021 33097 33138 32373 
33082 33098 33051 32691 
33103 33059 32957 32937 
33094 32971 32854 33081 
33041 32869 32770 33115 
32958 32739 32689 33054 
32841 32601 32617 32920 
32655 32440 32520 32751 
32457 32291 32404 32595 
32273 32169 32294 32512 
32084 32065 32165 32475 
31982 32044 32092 32559 
31997 32137 32104 32712 
32096 32296 32157 32902 
32309 32559 32312 33114 
32577 32814 32504 33236 
32879 33071 32746 33286 
33183 33337 33029 33257 
33379 33462 33232 33066 
33504 33522 33415 32830 
33536 33488 33533 32534 
33461 33380 33559 32249 
33271 33192 33473 32013 
33008 32943 33285 31841 
32725 32672 33047 31807 
32476 32403 32790 31889 
32228 32143 32511 32069 
32055 31937 32254 32340 
31952 31779 32037 32629 
31956 31745 31899 32967 
32029 31806 31836 33282 
32172 31963 31850 33526 
32415 32264 32000 33735 
32661 32627 32234 33843 
32895 32994 32505 33762 
33077 33340 32788 33564 
33230 33623 33108 33260 
33327 33810 33383 32880 
33353 33824 33584 32450 
33330 33727 33676 32015 
33248 33515 33661 31655 
33082 33165 33488 31361 
32926 32790 33275 31263 
32748 32409 32997 31337 
32540 32062 32679 31577 
32406 31841 32416 32024 
32251 31714 32160 32501 
32164 31730 31974 33023 
32112 31873 31882 33527 
32172 32142 31914 33994 
32279 32449 32030 34248 
32437 32772 32224 34328 
32593 33028 32445 34155 
32777 33263 32715 33821 
32911 33371 32953 33280 
33017 33380 33140 32659 
33107 33310 33271 32057 
33137 33166 33300 31527 
33109 32977 33235 31205 
33008 32731 33046 31059 
32950 32581 32904 31275 
32834 32409 32694 31660 
32730 32335 32567 32233 
32638 32308 32487 32875 
32533 32325 32464 33445 
32503 32446 32560 33924 
32518 32591 32729 34159 
32543 32747 32891 34117 
32544 32861 33001 33796 
32573 32945 33068 33273 
32599 32972 33025 32644 
32672 33015 32945 32093 
32702 32941 32738 31572 
32738 32856 32513 31324 
32800 32767 32321 31348 
32844 32655 32151 31604 
32872 32559 32066 32076 
32915 32531 32122 32680 
32887 32497 32251 33288 
32856 32511 32476 33823 
32813 32567 32765 34165 
32740 32625 33048 34244 
32644 32692 33271 34040 
32581 32776 33436 33610 
32572 32884 33512 33048 
32572 32939 33456 32382 
32629 33001 33326 31790 
32690 33003 33096 31323 
32723 32918 32774 31070 
32763 32814 32475 31127 
32761 32647 32191 31422 
32732 32485 31973 31942 
32649 32318 31824 32543 
32606 32264 31854 33221 
32528 32251 31964 33773 
32509 32329 32194 34167 
32544 32515 32534 34338 
32657 32767 32931 34288 
32742 32953 33233 33895 
32870 33130 33483 33352 
33006 33264 33643 32737 
33130 33345 33679 32124 
33225 33343 33588 31626 
33188 33200 33334 31285 
33055 32951 32992 31166 
32863 32667 32620 31302 
32653 32404 32309 31703 
32404 32121 32032 32204 
32173 31920 31838 32716 
32061 31852 31829 33239 
32044 31940 31937 33667 
32144 32158 32146 33937 
32371 32500 32448 34007 
32643 32889 32745 33867 
32923 33262 33017 33553 
33120 33535 33177 33129 
33309 33723 33307 32695 
33397 33785 33374 32308 
33357 33623 33314 31937 
33229 33351 33210 31745 
32991 32922 33018 31655 
32706 32432 32783 31750 
32470 32015 32613 32003 
32247 31645 32432 32340 
32054 31377 32265 32687 
32010 31371 32210 33071 
32027 31502 32174 33357 
32201 31895 32274 33595 
32455 32410 32429 33671 
32735 33013 32616 33616 
33013 33601 32800 33391 
33286 34102 33014 33101 
33470 34407 33159 32738 
33545 34477 33287 32377 
33524 34281 33339 32067 
33331 33784 33245 31795 
33077 33141 33107 31675 
32768 32409 32905 31727 
32491 31753 32689 31916 
32246 31247 32491 32220 
32057 30957 32302 32589 
31963 30942 32196 32965 
31947 31179 32141 33312 
32082 31703 32223 33613 
32257 32327 32348 33754 
32507 32981 32524 33763 
32726 33548 32679 33621 
32944 33969 32821 33364 
33077 34106 32893 33000 
33184 34029 32925 32654 
33232 33776 32960 32381 
33142 33328 32889 32099 
33057 32853 32863 31952 
32923 32375 32820 31888 
32824 32055 32856 31951 
32735 31876 32890 32050 
32675 31888 32949 32183 
32638 32046 32984 32331 
32643 32329 33012 32499 
32672 32651 32994 32663 
32679 32936 32922 32829 
32647 33074 32751 32933 
32605 33151 32582 33093 
32551 33113 32401 33248 
32461 32951 32225 33323 
32382 32756 32110 33374 
32357 32564 32093 33382 
32383 32416 32155 33298 
32438 32328 32294 33136 
32572 32352 32506 32929 
32768 32469 32759 32694 
32985 32658 33019 32443 
33188 32851 33209 32207 
33377 33068 33376 32037 
33470 33231 33442 31932 
33476 33329 33435 31948 
33349 33301 33335 32024 
33073 33121 33120 32169 
32679 32830 32829 32370 
32302 32517 32571 32633 
31952 32213 32314 32909 
31561 31815 31944 33351 
31649 31829 31923 33481 
31928 32008 32012 33512 
32348 32329 32237 33472 
32819 32700 32526 33315 
33314 33113 32868 33092 
33658 33412 33128 32754 
33916 33688 33407 32455 
33975 33817 33555 32192 
33846 33759 33590 31982 
33521 33552 33476 31857 
33107 33238 33244 31852 
32634 32827 32930 31956 
32211 32428 32625 32167 
31884 32063 32352 32460 
31671 31774 32109 32756 
31645 31642 31987 33053 
31760 31658 31953 33260 
31997 31843 32050 33405 
32364 32181 32273 33486 
32734 32566 32531 33460 
33088 32984 32797 33338 
33303 33296 33005 33102 
33457 33538 33179 32874 
33474 33635 33279 32602 
33389 33600 33289 32366 
33236 33442 33225 32189 
32987 33140 33050 32051 
32730 32797 32818 32080 
32505 32469 32602 32318 
32350 32200 32410 32753 
32230 31991 32256 33135 
32188 31880 32185 33267 
32197 31884 32202 32962 
32293 32018 32340 32274 
32471 32267 32573 31409 
32645 32557 32803 30693 
32787 32857 33006 30604 
32906 33124 33197 31282 
33004 33347 33326 32693 
33070 33501 33377 34404 
33103 33543 33288 35920 
33225 33611 33148 36875 
33381 33651 32907 37018 
33556 33699 32630 36364 
33574 33679 32376 35066 
33175 33458 32137 33244 
32327 32884 31987 31172 
31285 31887 31958 29117 
30457 30468 32059 27334 
30273 28848 32221 26110 
30974 27657 32441 25745 
32384 27768 32756 26601 
33638 29698 32997 28577 
34239 33487 33237 31556 
33892 38237 33360 35102 
33041 42360 33401 38602 
32452 44094 33277 41424 
32991 42322 33100 42979 
34716 37078 32828 42864 
36937 29719 32579 41001 
38469 22486 32398 37639 
38062 17499 32294 33136 
35230 16366 32260 28292 
30722 19285 32360 24112 
25785 25265 32526 21177 
21975 32792 32712 20074 
20398 40504 32904 21056 
21588 47088 33053 24041 
25009 51593 33114 28412 
29887 53540 33083 33495 
35289 52450 32981 38478 
40513 48074 32807 42525 
44900 40328 32632 45032 
47714 30208 32444 45519 
48643 18975 32332 44003 
47387 8559 32260 40744 
43848 1157 32274 36308 
38209 87 32383 31362 
31307 52 32538 26863 
23960 10595 32723 23431 
17347 24430 32916 21581 
12618 40965 33108 21539 
10927 57276 33236 23249 
12738 65258 33295 26290 
17784 65480 33271 30072 
25227 65514 33126 33951 
34252 65528 32942 37443 
43111 65401 32667 39921 
50477 45907 32434 41115 
55291 26820 32196 40950 
56862 9797 32040 39612 
54883 324 32006 37395 
49403 54 32070 34706 
41300 44 32221 32058 
31657 8405 32493 29846 
22026 20381 32788 28282 
14086 33657 33083 27556 
9180 46172 33324 27646 
8388 55393 33543 28446 
11500 60073 33634 29701 
17639 59359 33559 31114 
25511 53454 33374 32519 
33910 43116 33080 33680 
41232 30701 32725 34441 
46923 18599 32401 34855 
50464 9219 32106 34886 
51724 4433 31897 34636 
50606 5342 31811 34179 
47428 11289 31868 33702 
42438 20703 32014 33256 
36364 31687 32251 32927 
29993 42255 32528 32728 
24202 50864 32844 32675 
19898 56080 33033 32629 
17712 57414 33198 32660 
17538 54892 33288 32659 
19083 49094 33295 32589 
21995 40896 33265 32460 
25702 31769 33137 32206 
29905 23599 33056 31972 
34335 17653 32951 31735 
38657 14956 32846 31559 
42406 15797 32772 31529 
45104 19687 32708 31643 
46157 25252 32648 31920 
45456 31159 32581 32289 
43134 36071 32533 32790 
39499 38953 32410 33256 
35027 39650 32302 33711 
30449 38472 32238 34092 
26165 36117 32222 34302 
22680 33385 32248 34312 
20510 30991 32316 34094 
20251 29626 32505 33767 
21834 29444 32650 33252 
25065 30569 32880 32724 
29292 32737 33075 32170 
33653 35631 33230 31685 
37493 38764 33329 31347 
40259 41243 33360 31187 
41829 42437 33321 31208 
42297 41787 33210 31414 
41739 39084 33046 31743 
40157 34460 32840 32163 
37585 28573 32613 32593 
34296 22722 32428 33030 
30572 18044 32209 33338 
26999 15805 32056 33567 
24155 16853 31981 33731 
22632 21196 31948 33768 
22903 27829 32035 33738 
24994 35213 32222 33666 
28526 41670 32426 33486 
32915 46005 32714 33304 
37259 47711 33026 33048 
40381 46890 33279 32730 
41694 44325 33496 32379 
41075 40675 33619 32021 
38920 36400 33612 31679 
35974 31722 33489 31409 
33170 27129 33261 31231 
30891 23169 32948 31221 
29205 20688 32624 31397 
27923 20516 32338 31773 
26858 23032 32109 32284 
26210 27720 31945 32867 
26351 33425 31859 33451 
27740 38760 31903 33988 
30467 42288 32081 34399 
34067 42887 32315 34565 
37646 40482 32592 34502 
40466 35703 32837 34164 
41899 29760 33068 33612 
41696 24117 33220 32928 
39870 20466 33277 32199 
36891 20084 33233 31552 
33099 23139 33106 31114 
28944 29152 32916 30919 
24950 36768 32707 30980 
21801 44448 32542 31341 
20286 50124 32438 31871 
20798 52618 32401 32456 
23498 51311 32472 33051 
27986 46277 32608 33528 
33590 38207 32790 33843 
39362 28651 32982 33936 
44447 18955 33100 33765 
48153 10803 33154 33486 
49735 5700 33102 33091 
48602 4955 32958 32678 
44530 9269 32720 32304 
37829 18303 32446 32058 
29394 30652 32195 31977 
20899 44181 32017 32059 
14099 56625 31960 32276 
10769 64801 32018 32562 
11649 65465 32230 32884 
16304 65497 32500 33109 
23674 55577 32817 33254 
32458 42113 33136 33248 
40857 27298 33362 33102 
47975 13381 33553 32921 
52885 2636 33567 32648 
55016 122 33474 32376 
53806 56 33227 32091 
49250 4993 32931 31938 
41884 16051 32666 31970 
32514 30053 32413 32109 
22614 44631 32205 32328 
13778 57467 32051 32632 
8051 65081 31978 32937 
6459 65469 31980 33240 
9459 65497 32071 33482 
16504 56503 32237 33650 
26498 43359 32428 33648 
37335 28730 32653 33544 
47413 14836 32895 33336 
54977 3824 33082 32999 
58812 152 33244 32614 
58335 62 33389 32226 
53604 2840 33444 31876 
45570 13524 33429 31605 
35637 26816 33342 31453 
25464 41176 33185 31470 
16631 54254 32962 31646 
10833 63392 32725 31986 
8957 65426 32499 32408 
10940 65481 32302 32888 
16232 58697 32122 33359 
23887 47999 32002 33746 
32503 35314 31983 34021 
40643 22727 32044 34091 
47363 11747 32186 34006 
51700 3593 32330 33701 
53049 183 32540 33326 
50930 76 32706 32834 
45784 5725 32820 32346 
38391 15466 32974 31971 
29970 27846 33057 31684 
22017 41070 33121 31578 
15978 53336 33178 31622 
13229 62241 33249 31830 
14122 65385 33307 32092 
18408 65465 33313 32388 
25221 59480 33278 32657 
33661 52625 33161 32853 
41525 41238 32996 33009 
47652 28426 32758 33058 
50933 15827 32553 33101 
50678 5055 32281 33044 
46984 199 32037 33002 
40665 71 31843 32946 
33337 63 31777 32948 
26333 10095 31817 32982 
20961 22291 31960 33027 
17988 35896 32212 33086 
17673 48999 32507 33072 
19924 58664 32876 33090 
23966 63969 33179 32962 
29068 64698 33424 32779 
34482 60858 33606 32541 
39085 53589 33680 32275 
42158 43718 33600 31982 
43422 32260 33418 31748 
42925 20517 33213 31656 
40905 9941 32885 31647 
37902 2191 32545 31817 
34651 120 32255 32140 
31552 73 31996 32551 
29093 9239 31883 33070 
27506 20900 31859 33581 
26963 34717 31936 33982 
27476 47658 32159 34251 
28760 57934 32451 34301 
30373 63786 32738 34105 
31766 64495 33012 33669 
32538 59922 33219 33031 
32559 51392 33395 32385 
31960 40317 33435 31703 
31240 28232 33385 31193 
30959 16839 33225 30857 
31558 7973 33010 30815 
33269 3043 32774 31076 
35788 3242 32547 31605 
38500 8423 32366 32302 
40674 17774 32256 33049 
41628 29607 32218 33754 
40841 42188 32245 34279 
38212 52940 32347 34554 
34224 59872 32516 34549 
29475 61832 32667 34223 
24843 58533 32817 33695 
21193 50642 32898 33008 
19196 39411 32950 32278 
19441 27375 33010 31681 
21854 16736 32951 31233 
26151 9496 32887 31059 
31719 6860 32791 31147 
37859 9163 32673 31491 
43287 15505 32553 32013 
47212 24373 32487 32637 
48879 33926 32430 33210 
48014 42464 32406 33707 
44589 48777 32479 34048 
39319 51837 32626 34153 
32896 51539 32767 33970 
26474 48370 32943 33608 
21055 43128 33083 33089 
17532 36700 33202 32521 
16607 30268 33286 31991 
18281 24804 33253 31557 
22103 20906 33103 31288 
27414 19183 32917 31283 
33380 19831 32684 31509 
38909 22683 32451 31947 
43172 27122 32240 32474 
45554 31939 32085 33028 
45942 36084 32051 33581 
44355 38636 32097 33969 
41036 39190 32234 34148 
36568 37963 32460 34099 
31848 35777 32739 33874 
27518 33561 32918 33405 
24458 32248 33075 32872 
23133 32204 33121 32316 
23801 33402 33135 31894 
25871 35158 33034 31592 
28708 36847 32899 31528 
31562 37742 32765 31643 
33862 37380 32663 31930 
35330 35505 32643 32317 
35931 32403 32671 32704 
35963 28740 32778 33068 
35689 25372 32851 33259 
35385 23254 32966 33339 
35050 23094 33020 33267 
34666 24893 33026 33068 
34168 28112 32947 32815 
33545 31834 32791 32538 
32871 35345 32609 32345 
32199 37980 32389 32262 
31723 39546 32187 32309 
31454 40261 32041 32450 
31410 40279 32003 32719 
31502 39570 32075 33025 
31648 37940 32229 33285 
31772 35428 32474 33488 
31799 32303 32778 33561 
31821 29342 33117 33502 
31772 27358 33342 33230 
31707 27112 33552 32890 
31538 28563 33605 32449 
31441 30952 33573 32063 
31590 33034 33409 31711 
32261 33708 33139 31494 
33597 32570 32850 31465 
35310 30146 32583 31621 
36821 27571 32334 31915 
37508 26169 32153 32297 
36997 26654 32052 32731 
35374 29189 32028 33182 
33363 32897 32038 33565 
31773 36836 32114 33846 
31112 40150 32229 33993 
31324 42407 32398 34030 
31734 43492 32565 33916 
31567 43480 32735 33656 
30363 42488 32905 33319 
28348 40421 33085 32915 
26249 37038 33226 32459 
25079 32167 33382 32026 
25651 26180 33506 31652 
28043 19638 33516 31350 
32036 13803 33465 31190 
36971 10085 33327 31187 
41839 10082 33120 31364 
45519 14410 32822 31662 
47381 22976 32564 32144 
46760 34373 32255 32661 
43494 46812 31994 33235 
37960 57606 31787 33743 
31363 64300 31741 34188 
24661 65454 31808 34411 
19101 60878 32007 34467 
15443 50921 32261 34289 
14216 37538 32513 33857 
15558 23565 32790 33344 
19212 11436 33033 32759 
24895 3237 33185 32189 
32089 255 33265 31682 
40114 2317 33283 31373 
47796 9059 33298 31292 
53552 18840 33221 31340 
56326 30367 33163 31570 
55322 42125 33130 31939 
50231 52797 33087 32306 
42228 60530 33075 32675 
32564 63953 33004 32983 
22856 62232 32878 33177 
14829 55472 32736 33290 
9655 44277 32538 33332 
8254 31084 32325 33309 
10664 18078 32092 33232 
16461 7807 31855 33104 
24933 2321 31729 33034 
34658 2809 31729 32985 
43844 8840 31853 32948 
51184 19158 32099 32934 
55294 31816 32497 32960 
55217 44390 32897 32895 
50922 54868 33304 32808 
43479 60838 33663 32680 
34354 61258 33907 32506 
25561 56031 33964 32293 
18887 46181 33868 32105 
15508 33603 33618 31916 
15888 21060 33248 31809 
19355 11477 32841 31791 
24873 6467 32445 31874 
31161 6846 32081 32089 
37102 12132 31803 32383 
41827 21160 31654 32776 
44475 31753 31618 33192 
44847 42041 31769 33661 
42741 50280 31978 33996 
38481 55246 32247 34191 
32773 56285 32614 34255 
26899 53206 32951 34088 
22030 46638 33220 33686 
19408 37660 33454 33187 
19813 27391 33562 32514 
23624 17642 33597 31847 
29831 10555 33500 31249 
37363 7234 33334 30838 
44592 8495 33129 30681 
49753 14379 32882 30778 
51470 24224 32647 31158 
48968 35893 32469 31820 
42635 47330 32344 32577 
33628 56377 32225 33332 
23844 61126 32173 34046 
15339 60569 32167 34578 
10373 54909 32237 34859 
9756 45229 32321 34823 
13595 33302 32431 34499 
21045 21242 32555 33902 
30833 10971 32693 33111 
40989 4396 32801 32284 
49616 2650 32908 31566 
55539 5790 32969 31040 
57745 13386 32995 30774 
55623 24497 32995 30845 
49026 37426 32967 31230 
39387 49374 32926 31820 
27996 58820 32936 32542 
16987 64065 32933 33257 
8534 64064 32890 33800 
4942 59051 32904 34143 
6980 49944 32911 34191 
14000 37992 32881 33958 
24358 24923 32793 33469 
36225 12450 32708 32881 
46992 2915 32591 32282 
55107 138 32495 31815 
59200 64 32345 31467 
58686 5866 32248 31386 
53492 15329 32190 31588 
44566 29526 32218 32014 
33389 44803 32345 32580 
21771 58378 32519 33160 
11846 65316 32729 33690 
5835 65481 32926 34038 
4931 65499 33089 34114 
9089 65404 33215 33972 
17379 51172 33294 33594 
28326 36551 33284 33084 
39740 21920 33212 32482 
49678 9484 33072 31894 
56839 765 32897 31459 
60084 105 32658 31182 
58945 73 32468 31215 
53368 5419 32270 31447 
44649 13926 32163 31951 
34068 26796 32110 32526 
23254 40946 32153 33146 
13993 53866 32239 33696 
7750 63578 32433 34127 
5730 65431 32700 34325 
7810 65486 32944 34249 
13446 61697 33140 33887 
21734 50218 33297 33330 
31180 36875 33387 32701 
40370 23500 33386 32076 
48279 11990 33261 31531 
54158 3956 33072 31198 
57298 496 32790 31070 
57330 2006 32502 31216 
54089 8080 32281 31620 
47845 17568 32144 32208 
39308 28761 32033 32786 
29656 40102 32085 33372 
20120 50012 32229 33858 
12599 56867 32450 34142 
8199 60013 32737 34222 
7472 59013 32972 34046 
10465 54050 33157 33666 
16542 45865 33274 33174 
24265 35943 33278 32601 
32585 25792 33215 32094 
40480 17058 33061 31676 
47223 11341 32837 31423 
52436 9703 32603 31391 
55366 12409 32380 31552 
55656 18684 32208 31879 
52930 27041 32116 32305 
47110 35694 32113 32796 
38670 42477 32200 33239 
29169 46060 32392 33616 
20010 46345 32652 33851 
12954 43955 32954 33895 
9120 39990 33160 33692 
9153 35754 33356 33366 
12732 32445 33432 32929 
19032 30221 33414 32467 
26948 28866 33281 32063 
35353 28060 33063 31721 
43314 27661 32774 31562 
49545 27865 32527 31646 
53251 28806 32315 31891 
53794 30503 32157 32218 
51074 32650 32087 32631 
45581 34677 32131 33078 
38275 35889 32196 33399 
30387 36200 32376 33646 
23041 35701 32565 33733 
17246 34816 32765 33649 
14243 33945 32920 33388 
14392 33287 33040 33042 
17571 32799 33119 32662 
23219 32294 33174 32319 
30334 31568 33154 32014 
37638 30658 33068 31825 
43641 29821 32948 31771 
47436 29381 32792 31874 
48439 29443 32621 32100 
46660 29931 32491 32440 
42363 30567 32366 32808 
36556 31238 32319 33191 
30224 31949 32329 33488 
24533 32978 32393 33660 
20514 34842 32524 33679 
19088 37789 32730 33551 
20363 41322 32918 33279 
23852 44481 33066 32853 
28832 45903 33197 32439 
34397 44226 33260 32026 
39663 38752 33205 31679 
43692 30414 33091 31527 
45847 20946 32899 31566 
45675 12895 32665 31777 
42905 8590 32461 32159 
37816 9460 32249 32626 
31494 15138 32096 33068 
25324 24245 32083 33519 
20764 34563 32159 33821 
18803 44304 32312 33926 
19865 51728 32542 33838 
23237 55999 32781 33601 
27955 56949 32958 33198 
