32700 32915 32904 34087 
32700 32915 32904 34087 
32820 33052 33174 33524 
32891 33086 33343 32818 
32930 33037 33431 32098 
32927 32908 33418 31480 
32864 32697 33261 31001 
32830 32518 33087 30855 
32774 32396 32851 30997 
32733 32315 32593 31385 
32741 32398 32409 32023 
32771 32575 32269 32742 
32828 32829 32220 33450 
32821 33046 32183 33984 
32829 33291 32282 34350 
32828 33452 32448 34442 
32748 33428 32610 34218 
32656 33296 32794 33785 
32508 32981 32935 33149 
32363 32580 32996 32462 
32299 32211 33027 31902 
32288 31865 32974 31475 
32284 31585 32810 31245 
32376 31523 32660 31322 
32529 31659 32517 31650 
32735 31979 32434 32157 
32931 32397 32425 32692 
33138 32941 32523 33253 
33243 33416 32636 33630 
33322 33834 32838 33838 
33331 34081 33076 33803 
33226 34111 33253 33530 
33038 33908 33324 33089 
32829 33558 33322 32605 
32625 33127 33224 32152 
32398 32586 32964 31756 
32274 32115 32684 31588 
32187 31716 32359 31615 
32200 31501 32097 31890 
32267 31465 31921 32306 
32364 31574 31870 32793 
32491 31838 31943 33315 
32608 32183 32143 33739 
32715 32560 32423 33997 
32795 32939 32732 33997 
32871 33291 33034 33773 
32936 33558 33286 33351 
33011 33739 33445 32846 
33077 33781 33504 32305 
33090 33670 33415 31787 
33139 33518 33313 31475 
33087 33198 33076 31282 
33012 32872 32831 31342 
32903 32518 32610 31607 
32752 32211 32417 32071 
32558 31930 32264 32578 
32371 31733 32159 33105 
32196 31652 32105 33571 
32055 31669 32110 33928 
32013 31844 32214 34124 
32037 32093 32353 34132 
32156 32415 32531 33942 
32610 33196 32915 33127 
32903 33543 33083 32595 
33237 33859 33272 32115 
33506 33985 33363 31661 
33678 33954 33396 31366 
33727 33759 33350 31216 
33624 33407 33205 31238 
33407 32976 33019 31454 
33057 32467 32739 31791 
32733 32070 32539 32327 
32345 31723 32298 32847 
31999 31506 32097 33322 
31797 31516 32025 33773 
31738 31701 32063 34086 
31794 32014 32164 34193 
31962 32367 32328 34099 
32223 32754 32549 33859 
32495 33078 32735 33469 
32764 33309 32883 32993 
32955 33396 32944 32510 
33157 33410 33015 32122 
33262 33304 33029 31837 
33298 33119 33003 31678 
33245 32876 32940 31674 
33145 32648 32891 31783 
33068 32519 32907 32001 
32991 32481 32940 32250 
32887 32486 32953 32459 
32838 32622 33002 32655 
32798 32787 33011 32786 
32727 32928 32964 32839 
32644 33040 32845 32869 
32560 33083 32713 32907 
32444 32997 32511 32941 
32284 32786 32293 32984 
32168 32514 32117 33071 
32113 32244 32026 33211 
32091 31982 31979 33311 
32173 31853 32063 33409 
32326 31842 32218 33414 
32561 32003 32477 33346 
32844 32312 32806 33171 
33112 32697 33097 32878 
33331 33086 33346 32508 
33507 33477 33533 32116 
33563 33762 33583 31735 
33523 33941 33534 31485 
33375 33873 33381 31377 
33157 33666 33162 31457 
32845 33298 32881 31691 
32517 32837 32578 32069 
32229 32339 32327 32564 
31987 31882 32109 33066 
31818 31502 31934 33521 
31774 31337 31856 33901 
31848 31367 31899 34141 
32076 31649 32060 34241 
32343 32058 32268 34103 
32690 32577 32566 33851 
32993 33091 32869 33413 
33206 33531 33127 32864 
33379 33854 33357 32308 
33515 34036 33567 31820 
33513 33985 33628 31396 
33414 33746 33548 31118 
33289 33395 33400 31053 
33079 32925 33116 31142 
32893 32483 32822 31461 
32703 32112 32531 31945 
32530 31854 32276 32503 
32381 31737 32098 33116 
32200 31730 31929 33625 
32118 31912 31949 34042 
32103 32173 32061 34293 
32145 32497 32260 34354 
32185 32776 32465 34178 
32253 32983 32674 33802 
32365 33116 32846 33342 
32497 33141 32972 32836 
32635 33073 33010 32330 
32837 32994 33031 31948 
33040 32911 33025 31696 
33238 32822 33001 31603 
33386 32762 32959 31628 
33498 32742 32950 31781 
33521 32768 32960 31987 
33426 32786 32946 32191 
33285 32842 32977 32426 
33036 32868 32959 32610 
32736 32858 32900 32741 
32441 32821 32821 32840 
32152 32722 32664 32899 
31946 32642 32506 33010 
31822 32506 32321 33083 
31848 32422 32211 33216 
31910 32310 32091 33311 
32125 32285 32090 33442 
32390 32305 32162 33501 
32684 32365 32313 33487 
33007 32545 32573 33419 
33268 32718 32837 33233 
33429 32880 33059 32918 
33500 33037 33256 32529 
33506 33197 33415 32158 
33397 33259 33454 31809 
33203 33242 33389 31517 
32974 33159 33231 31385 
32731 33036 33020 31410 
32494 32859 32770 31551 
32327 32691 32543 31883 
32215 32532 32360 32297 
32144 32369 32205 32747 
32105 32241 32101 33212 
32126 32158 32086 33641 
32239 32193 32177 34031 
32338 32239 32285 34233 
32529 32381 32475 34298 
32677 32529 32651 34148 
32880 32746 32869 33898 
33001 32889 33002 33417 
33117 33031 33111 32862 
33208 33177 33218 32277 
33254 33257 33254 31686 
33203 33247 33200 31174 
33137 33195 33129 30846 
33053 33102 33015 30726 
32933 32970 32872 30853 
32784 32802 32705 31199 
32646 32630 32538 31773 
32567 32515 32459 32496 
32448 32367 32361 33265 
32341 32242 32303 33976 
32301 32195 32325 34512 
32276 32214 32405 34824 
32291 32281 32486 34876 
32334 32394 32557 34631 
32383 32530 32608 34126 
32460 32649 32631 33445 
32589 32784 32661 32729 
32688 32856 32654 32004 
32847 32941 32714 31445 
32971 32958 32774 31054 
33093 32975 32891 30907 
33190 32997 33024 30983 
33262 33045 33189 31286 
33308 33108 33349 31726 
33247 33124 33405 32188 
33181 33150 33418 32685 
33043 33135 33305 33131 
32839 33043 33087 33474 
32620 32907 32805 33705 
32414 32709 32475 33815 
32253 32503 32182 33813 
32133 32260 31902 33677 
32036 32042 31724 33485 
32044 31883 31687 33226 
32124 31821 31806 32984 
32269 31851 32034 32695 
32480 32028 32380 32499 
32691 32266 32728 32284 
32930 32616 33102 32171 
33109 32965 33378 32053 
33258 33350 33584 32018 
33383 33702 33699 32060 
33434 33939 33681 32149 
33376 33978 33528 32313 
33245 33844 33277 32594 
33047 33555 32979 32963 
32772 33120 32623 33239 
32495 32618 32298 33263 
32239 32077 32046 32897 
32055 31632 31897 32172 
31946 31348 31845 31347 
31914 31229 31885 30801 
32032 31386 32079 30975 
32211 31724 32356 31967 
32445 32189 32664 33533 
32730 32697 32962 35270 
33042 33247 33219 36676 
33418 33809 33417 37326 
33851 34305 33524 37072 
34163 34656 33497 35945 
34200 34776 33374 34169 
33771 34571 33183 32038 
32853 33917 32950 29789 
31621 32676 32657 27675 
30596 30984 32423 26071 
30253 29120 32235 25223 
30835 27691 32100 25472 
32080 27694 32085 26970 
33297 29585 32174 29620 
33845 33235 32279 33081 
33577 37817 32438 36965 
32880 41564 32586 40512 
32545 42775 32713 43030 
33261 40620 32827 44077 
34962 35279 32854 43266 
36956 28175 32851 40611 
38016 21862 32903 36553 
37108 18135 32901 31602 
34102 18169 32961 26625 
29611 21942 33045 22382 
25200 28200 33143 19800 
22228 35454 33209 19220 
21617 42298 33232 20806 
23606 47782 33175 24411 
27581 51103 33103 29318 
32553 51815 32910 34743 
37561 49605 32629 39738 
42028 44360 32341 43691 
45114 36539 32090 45799 
46469 26841 31874 45785 
45940 16680 31750 43725 
43421 7740 31778 39964 
39198 2311 31963 35284 
33620 1648 32197 30334 
27473 6480 32534 25994 
21581 16760 32952 22905 
16952 30790 33266 21463 
14673 46072 33553 21970 
15187 60157 33731 24057 
18536 65345 33757 27323 
24429 65491 33669 31286 
31551 65514 33442 35058 
39021 65521 33118 38127 
45621 55080 32789 40085 
50409 37333 32458 40722 
52545 19216 32200 40021 
51867 4335 32030 38248 
48336 139 31947 35756 
42374 47 31963 33037 
34764 141 32039 30567 
26766 12332 32166 28826 
19538 24801 32330 27970 
14386 37615 32482 28037 
12242 48807 32626 28940 
13547 56256 32781 30432 
17783 59044 32904 32077 
24020 56883 33045 33609 
30962 50116 33175 34772 
37557 39725 33267 35303 
42752 28175 33385 35223 
46197 17648 33462 34621 
47790 10227 33425 33558 
47687 7488 33346 32400 
46033 9905 33187 31372 
43008 16521 32931 30669 
38873 25671 32626 30420 
34010 35643 32323 30716 
29106 44462 32051 31458 
24936 50568 31835 32500 
22001 53430 31749 33598 
20562 52809 31777 34557 
20573 48899 31910 35191 
21813 42623 32177 35428 
23858 34989 32470 35138 
26527 27357 32778 34456 
29777 21023 33051 33423 
33576 17375 33262 32285 
37396 17179 33369 31276 
40949 20092 33402 30541 
43626 25208 33353 30162 
44937 31340 33225 30186 
44648 36803 33114 30654 
42776 40407 32981 31350 
39636 41608 32863 32217 
35538 40376 32750 33037 
30999 37315 32712 33769 
26702 33476 32632 34184 
23130 29814 32592 34304 
20882 27091 32559 34165 
20383 25791 32480 33789 
21823 26193 32366 33311 
24917 28237 32290 32861 
29046 31576 32223 32497 
33468 35772 32193 32265 
37314 39841 32220 32222 
40247 43035 32322 32345 
42052 44483 32479 32565 
42711 43662 32671 32828 
42169 40422 32886 33008 
40403 35236 33049 33045 
37586 28946 33254 33015 
33847 22686 33356 32782 
29828 17943 33438 32469 
26100 15857 33432 32110 
23350 17072 33312 31774 
22172 21617 33152 31571 
22923 28226 32954 31567 
25596 35374 32740 31771 
29740 41502 32559 32145 
34535 45450 32378 32628 
38738 46739 32217 33152 
41472 45822 32101 33664 
42124 43316 32028 34061 
40763 39866 32036 34298 
37841 35693 32037 34288 
34461 31247 32115 34086 
31464 26853 32281 33731 
29193 23094 32455 33192 
27741 20995 32709 32647 
26841 21233 32985 32085 
26330 24006 33209 31539 
26454 28977 33482 31219 
27523 34673 33670 31041 
29794 39598 33782 31083 
33028 42477 33778 31301 
36694 42460 33633 31657 
39835 39614 33368 32132 
41771 34661 33015 32641 
42018 28898 32581 33150 
40587 23764 32139 33607 
37895 20973 31798 33993 
34336 21247 31533 34162 
30393 24792 31434 34178 
26481 31049 31494 34025 
23293 38367 31737 33748 
21253 45034 32043 33333 
20942 49556 32426 32898 
22641 50757 32807 32454 
26170 48247 33156 32080 
30915 42444 33387 31776 
36220 34374 33521 31621 
41286 25165 33561 31619 
45298 16690 33540 31763 
47703 10262 33433 31967 
48013 7250 33316 32220 
45761 8609 33166 32476 
41005 14648 33019 32697 
34210 24702 32871 32868 
26419 37097 32699 32968 
19123 49860 32575 33059 
14258 59919 32423 33082 
12890 65101 32289 33100 
15243 65448 32136 33070 
20886 57843 31993 33046 
28327 46735 31931 33038 
36165 33009 31948 33071 
43184 18945 32025 33053 
48638 6936 32206 33052 
51694 343 32434 33025 
52075 74 32701 32921 
49620 66 32960 32771 
44318 10884 33237 32587 
36904 23817 33478 32385 
28226 38445 33668 32211 
19728 52370 33720 32019 
12864 63319 33671 31885 
9368 65429 33524 31892 
9930 65494 33218 31936 
14574 65460 32868 32141 
22542 52564 32496 32436 
32518 37993 32099 32757 
42409 23058 31801 33146 
50735 9840 31623 33485 
56086 723 31613 33751 
57463 86 31762 33872 
54427 57 32062 33805 
47895 7039 32422 33569 
38904 18490 32834 33242 
28997 32237 33218 32775 
19765 46126 33552 32303 
12939 57459 33758 31877 
9673 64080 33780 31549 
10227 65439 33650 31410 
14384 60897 33408 31498 
21362 52439 33054 31725 
29663 41480 32668 32116 
38073 29559 32307 32567 
45435 18402 32062 33059 
50827 9161 31865 33445 
53384 3486 31849 33737 
52697 1807 31937 33849 
48873 4571 32139 33788 
42164 11686 32366 33537 
33888 22039 32627 33253 
25230 34174 32838 32879 
17605 46473 32967 32493 
12738 56914 33094 32238 
11687 63233 33135 32058 
14440 64980 33160 32019 
20446 62137 33123 32064 
28705 55268 33059 32159 
37564 45608 33020 32324 
45470 34080 32966 32473 
50946 22082 32927 32603 
53007 10615 32896 32700 
51031 2096 32808 32709 
45771 123 32731 32705 
38319 66 32620 32687 
30351 5502 32535 32744 
23190 16314 32378 32774 
18373 29538 32264 32883 
16368 43080 32182 33030 
17217 54628 32155 33196 
20604 62583 32217 33348 
25609 65352 32339 33420 
31303 64810 32541 33432 
36768 58341 32781 33294 
41010 49543 32971 33010 
43421 38849 33151 32651 
43849 27215 33336 32303 
42432 15914 33429 31955 
39695 6497 33413 31690 
36179 721 33295 31547 
32764 82 33120 31572 
29855 4404 32887 31758 
27854 13749 32626 32059 
26970 26455 32386 32481 
27270 40023 32185 32965 
28493 51777 32037 33397 
30252 60080 31979 33786 
32000 63610 32014 34007 
33230 62016 32176 34087 
33449 55955 32373 33970 
32748 46574 32641 33674 
31467 35331 32893 33244 
30243 23579 33148 32705 
29813 13437 33343 32156 
30601 6638 33445 31673 
32646 4178 33400 31299 
35658 6578 33311 31144 
38931 13647 33137 31207 
41436 23874 32907 31465 
42486 35597 32672 31898 
41635 46857 32477 32468 
38714 55643 32313 33046 
34297 60059 32228 33580 
29127 59424 32204 33989 
24129 53905 32257 34200 
20181 44326 32353 34196 
18145 32662 32465 33974 
18550 21415 32628 33600 
21339 12589 32734 33092 
26213 7874 32859 32586 
32552 8014 32980 32106 
39126 12715 33024 31699 
44962 20749 33034 31459 
49008 30354 33020 31424 
50515 39759 32939 31548 
49053 47212 32822 31842 
44861 51492 32681 32224 
38643 52338 32549 32668 
31381 50031 32469 33144 
24228 45206 32386 33505 
18491 38973 32392 33788 
15133 32383 32507 33904 
14680 26291 32661 33846 
17167 21734 32844 33616 
22002 19123 33005 33232 
28273 18815 33144 32772 
35075 20863 33246 32299 
41222 24849 33272 31882 
45680 29771 33166 31563 
47999 34602 33001 31440 
47864 38187 32703 31450 
45452 39932 32448 31722 
41153 39503 32166 32069 
35804 37587 32048 32578 
30189 34947 31951 33041 
25297 32709 32028 33519 
22302 31756 32202 33843 
21487 32218 32472 33986 
22726 33716 32734 33923 
25609 35739 32988 33693 
29020 37334 33160 33366 
32227 37830 33226 32951 
34640 36836 33221 32558 
36061 34250 33134 32221 
36490 30607 32972 31953 
36349 26771 32834 31840 
35916 23688 32691 31814 
35473 22331 32655 31940 
35052 23120 32652 32109 
34667 25853 32721 32310 
34234 29699 32819 32488 
33745 33846 32918 32647 
33229 37307 32959 32773 
32732 39638 32932 32833 
32271 40860 32799 32869 
31944 41200 32661 32951 
31590 40688 32420 32999 
31303 39358 32211 33096 
31020 37072 32066 33192 
30713 33890 31983 33280 
30457 30296 32039 33347 
30383 27277 32213 33360 
30489 25814 32462 33266 
30755 26282 32769 33077 
31170 28473 33097 32808 
31766 31245 33364 32461 
32748 33429 33593 32151 
34147 33892 33655 31843 
35939 32499 33608 31628 
37663 30114 33478 31585 
38643 27929 33218 31650 
38366 27135 32932 31894 
36604 28238 32555 32193 
33976 31075 32254 32639 
31374 34652 31961 33047 
29700 38064 31743 33432 
29311 40672 31647 33729 
29937 42300 31713 33955 
30662 42837 31887 33965 
30748 42528 32182 33850 
29852 41278 32528 33561 
28273 38884 32942 33185 
26838 35040 33295 32715 
26565 29891 33641 32299 
27842 23686 33848 31880 
30739 17351 33904 31573 
34856 12177 33789 31417 
39253 9853 33531 31421 
43155 11494 33172 31592 
45732 17537 32745 31879 
46356 27591 32355 32310 
44549 39634 31983 32712 
40484 51573 31730 33106 
34747 60923 31624 33422 
28260 65290 31731 33693 
22298 65375 31930 33787 
17779 57068 32227 33735 
15317 45543 32547 33595 
15177 31328 32862 33352 
17336 17722 33066 33048 
21647 6989 33203 32801 
27748 997 33216 32569 
35249 91 33155 32398 
43063 4673 33061 32319 
50052 13033 32955 32273 
54851 23955 32851 32244 
56318 36133 32829 32229 
53799 47649 32869 32233 
47519 57216 32920 32176 
38634 63263 32995 32137 
28530 64330 33044 32115 
18925 59859 32997 32111 
11956 50556 32897 32187 
8247 37884 32703 32349 
8417 24002 32479 32613 
12575 11214 32250 32977 
19719 2973 31980 33281 
28902 379 31862 33648 
38720 3882 31832 33891 
47740 12858 31976 34039 
54040 25251 32214 34004 
56499 38863 32537 33806 
54688 51241 32955 33491 
48678 60204 33262 32951 
40075 63636 33572 32429 
30608 61054 33798 31922 
22218 53008 33865 31486 
16492 40775 33721 31164 
14577 27320 33448 31054 
16264 15183 33060 31136 
20706 6861 32603 31441 
27062 3857 32160 31943 
33515 6607 31798 32526 
39228 14135 31596 33149 
43284 24600 31549 33715 
45149 36548 31710 34192 
44414 46944 32045 34457 
41298 54637 32506 34505 
36224 58415 32942 34248 
30156 57791 33382 33794 
24534 52880 33682 33165 
20578 44603 33836 32509 
19338 34195 33807 31870 
21372 23072 33574 31312 
26425 13533 33226 30995 
33499 7054 32796 30922 
41183 5084 32392 31110 
47792 8263 32051 31548 
51365 16298 31813 32123 
50832 27547 31761 32780 
46055 40074 31857 33389 
37819 51453 32077 33882 
27626 59640 32377 34179 
18129 62651 32741 34289 
11227 60162 33059 34149 
8492 52663 33301 33792 
10634 41541 33491 33327 
17184 28755 33508 32762 
26589 16910 33421 32234 
37064 7754 33241 31803 
46927 2672 32973 31481 
54656 2618 32644 31365 
58761 7642 32380 31488 
58553 16917 32161 31754 
53854 28976 32003 32131 
45098 41861 31935 32557 
33471 53671 32031 33036 
21331 61919 32210 33436 
10903 65258 32473 33731 
4500 63360 32795 33886 
3639 56599 33091 33846 
8445 45933 33338 33658 
17832 32903 33491 33310 
30138 18993 33553 32904 
42155 7303 33478 32446 
52235 352 33329 32079 
58686 79 33064 31733 
60519 51 32733 31525 
57232 9273 32429 31536 
49676 22281 32200 31740 
39030 37615 32029 32038 
27071 52733 31995 32459 
15825 64520 32016 32867 
7876 65448 32156 33304 
4576 65499 32385 33656 
6466 65503 32618 33846 
13035 57874 32868 33857 
23071 44039 33034 33639 
34341 28650 33158 33359 
44989 14320 33169 32984 
53518 2916 33097 32582 
58667 140 32978 32254 
59440 74 32803 32008 
55879 63 32661 31929 
48600 8957 32547 31967 
38708 21265 32528 32166 
27879 35801 32584 32423 
18147 49840 32713 32681 
10938 61151 32868 32864 
7408 65370 33023 32967 
7957 65484 33152 32977 
12325 65482 33196 32894 
19388 54025 33140 32737 
27890 40692 32955 32527 
36552 26515 32701 32384 
44525 13448 32416 32321 
50627 3987 32143 32367 
54457 184 31941 32528 
55587 71 31850 32738 
53780 5253 31950 33086 
49109 14819 32129 33354 
42176 26720 32433 33581 
33724 39033 32794 33677 
24690 50072 33132 33592 
16889 57930 33447 33378 
11490 61836 33668 33043 
9311 61332 33763 32614 
10658 56534 33678 32138 
15102 48353 33475 31718 
21654 37937 33135 31432 
29151 26843 32733 31331 
36798 16741 32346 31462 
43439 9748 31983 31770 
48877 6986 31755 32257 
52617 8921 31668 32821 
54217 15328 31668 33330 
53191 24435 31896 33823 
49382 34310 32247 34158 
42766 42769 32607 34199 
34062 48286 33050 34055 
24886 49774 33395 33654 
16783 47702 33646 33113 
11290 43234 33772 32522 
9261 37810 33762 31951 
10980 32910 33581 31495 
15854 29388 33263 31262 
22910 27249 32893 31270 
31121 26139 32458 31480 
39547 25856 32116 31949 
46763 26268 31889 32477 
51894 27482 31788 33039 
54122 29486 31800 33507 
52948 32124 31957 33831 
48758 34716 32274 33992 
42151 36603 32589 33923 
34246 37438 32921 33682 
26061 37131 33150 33262 
19268 36123 33321 32805 
14775 34902 33403 32364 
13221 33762 33364 31964 
14944 32834 33208 31693 
19635 32041 33009 31595 
26408 31237 32762 31671 
34044 30391 32551 31942 
41255 29554 32348 32284 
46591 29088 32228 32693 
49240 29118 32199 33092 
48865 29595 32248 33434 
45548 30358 32398 33664 
40098 31126 32609 33760 
33464 31830 32811 33646 
26862 32685 32996 33388 
21491 34183 33130 33010 
18567 36588 33193 32582 
18516 39910 33220 32218 
21110 43390 33124 31886 
25856 45795 32996 31692 
31724 45405 32780 31637 
37540 41452 32612 31805 
42470 34041 32441 32051 
45750 24634 32322 32401 
46769 15537 32271 32795 
45187 9328 32291 33196 
40951 7785 32325 33469 
34862 11499 32452 33668 
27967 19624 32590 33713 
22197 29913 32749 33610 
18730 40294 32867 33347 
18240 49015 32936 32991 
20688 55076 32988 32625 
25125 57685 32973 32270 
