32350 32100 31961 33407 
32350 32100 31961 33407 
32229 32041 31813 33673 
32185 32069 31816 33860 
32201 32143 31913 33881 
32298 32279 32113 33760 
32431 32456 32366 33527 
32607 32648 32656 33210 
32795 32844 32926 32845 
32922 32981 33129 32457 
32997 33098 33266 32128 
33023 33176 33341 31911 
33016 33220 33362 31801 
32937 33208 33290 31811 
32881 33195 33215 31936 
32807 33140 33089 32102 
32768 33074 32962 32297 
32796 33013 32884 32518 
32810 32898 32781 32669 
32839 32766 32699 32796 
32836 32594 32612 32867 
32800 32398 32493 32898 
32738 32230 32391 32942 
32634 32060 32278 32956 
32540 31988 32202 33026 
32429 31961 32132 33074 
32356 32032 32128 33144 
32320 32185 32176 33193 
32329 32415 32298 33218 
32433 32717 32513 33223 
32543 32996 32733 33140 
32644 33227 32923 32942 
32796 33437 33143 32726 
32959 33602 33330 32476 
33093 33651 33469 32216 
33180 33590 33504 31963 
33188 33412 33441 31783 
33154 33154 33319 31717 
33033 32794 33072 31745 
32867 32405 32787 31889 
32683 32047 32489 32169 
32479 31741 32184 32524 
32314 31564 31940 32934 
32225 31559 31815 33369 
32217 31737 31818 33751 
32254 32011 31926 33992 
32389 32398 32177 34087 
32564 32836 32514 33984 
32718 33214 32844 33655 
32864 33524 33161 33191 
32985 33714 33407 32637 
33083 33797 33580 32088 
33111 33711 33610 31584 
33063 33511 33496 31228 
32973 33198 33258 31073 
32852 32849 32955 31182 
32741 32496 32655 31523 
32669 32238 32398 32077 
32598 32039 32197 32698 
32551 31924 32067 33299 
32525 31901 32034 33822 
32556 32024 32132 34174 
32577 32189 32273 34285 
32649 32431 32495 34172 
32675 32644 32704 33824 
32723 32852 32914 33331 
32717 32985 33044 32716 
32724 33078 33124 32113 
32738 33145 33168 31658 
32711 33109 33094 31335 
32705 33053 32991 31259 
32679 32957 32823 31385 
32620 32822 32628 31722 
32586 32702 32456 32252 
32607 32645 32395 32856 
32598 32571 32359 33404 
32631 32559 32406 33856 
32699 32593 32528 34119 
32808 32670 32705 34153 
32934 32775 32900 33942 
33032 32848 33054 33511 
33102 32882 33155 32934 
33131 32875 33190 32327 
33121 32831 33162 31793 
32995 32680 33005 31328 
32834 32520 32802 31127 
32671 32403 32617 31203 
32460 32287 32400 31482 
32315 32265 32271 32008 
32253 32346 32218 32643 
32194 32453 32208 33243 
32192 32623 32272 33790 
32309 32873 32458 34205 
32441 33088 32634 34353 
32599 33261 32818 34253 
32770 33364 32974 33907 
32948 33401 33094 33372 
33113 33365 33188 32766 
33259 33238 33205 32157 
33325 33027 33171 31616 
33234 32443 32907 31141 
33066 32137 32727 31258 
32844 31879 32534 31613 
32553 31696 32327 32126 
32306 31686 32200 32729 
32090 31804 32127 33298 
31982 32049 32157 33793 
31954 32380 32256 34069 
32078 32815 32467 34152 
32251 33216 32679 33956 
32509 33560 32911 33556 
32851 33852 33170 33092 
33144 33957 33347 32522 
33418 33935 33472 32032 
33556 33702 33454 31625 
33572 33356 33342 31424 
33455 32946 33143 31452 
33210 32467 32878 31653 
32905 32048 32603 32065 
32570 31721 32347 32533 
32267 31541 32131 33033 
32032 31510 31992 33480 
31931 31646 31939 33767 
31985 31967 32029 33918 
32180 32379 32225 33854 
32430 32792 32452 33583 
32721 33210 32724 33218 
32959 33512 32958 32719 
33172 33702 33181 32242 
33261 33700 33293 31848 
33245 33562 33321 31621 
33123 33290 33245 31585 
32895 32917 33057 31710 
32654 32533 32847 32059 
32442 32217 32663 32530 
32268 31973 32490 33016 
32160 31837 32363 33428 
32220 31919 32395 33806 
32364 32129 32488 33944 
32572 32416 32617 33829 
32866 32779 32811 33543 
33114 33118 32949 33071 
33325 33395 33039 32494 
33486 33603 33113 31959 
33504 33627 33074 31500 
33400 33498 32946 31253 
33194 33241 32759 31256 
32887 32892 32533 31509 
32544 32515 32329 31983 
32246 32214 32215 32603 
31963 31953 32146 33237 
31806 31840 32190 33798 
31802 31902 32355 34221 
31923 32056 32589 34395 
32131 32270 32813 34293 
32399 32508 33011 33907 
32681 32735 33139 33348 
32947 32952 33195 32745 
33177 33098 33152 32142 
33332 33206 33052 31687 
33413 33241 32913 31408 
33356 33190 32727 31322 
33290 33150 32632 31520 
33152 33066 32584 31834 
33003 32981 32595 32247 
32845 32888 32641 32635 
32700 32797 32721 32950 
32578 32722 32793 33165 
32503 32665 32856 33266 
32450 32591 32863 33211 
32461 32558 32856 33151 
32421 32436 32743 32980 
32419 32338 32631 32869 
32396 32235 32499 32818 
32368 32145 32363 32835 
32378 32130 32288 32928 
32396 32185 32278 33033 
32480 32337 32345 33153 
32566 32538 32458 33181 
32710 32823 32642 33142 
32859 33090 32844 32971 
33008 33349 33037 32693 
33170 33564 33221 32373 
33280 33665 33330 32030 
33348 33653 33357 31730 
33352 33524 33307 31546 
33292 33289 33169 31533 
33177 33011 33000 31711 
32970 32648 32765 32032 
32765 32338 32600 32491 
32511 32018 32425 32973 
32245 31772 32279 33409 
32025 31625 32183 33767 
31841 31606 32097 33967 
31792 31724 32095 34010 
31838 31994 32150 33908 
32035 32331 32274 33695 
32293 32715 32444 33404 
32582 33059 32618 33017 
32906 33400 32836 32626 
33221 33657 33072 32256 
33490 33795 33308 31952 
33711 33828 33510 31742 
33783 33707 33602 31583 
33765 33533 33615 31549 
33625 33277 33512 31598 
33347 32927 33280 31712 
33028 32603 32998 31942 
32643 32290 32660 32220 
32270 32039 32342 32568 
31922 31825 32039 32927 
31670 31732 31831 33303 
31568 31757 31741 33653 
31644 31895 31813 33934 
31860 32119 31995 34105 
32153 32368 32250 34120 
32498 32642 32526 33958 
32918 32934 32855 33706 
33170 33080 33038 33254 
33396 33221 33189 32775 
33515 33299 33270 32308 
33518 33320 33254 31880 
33404 33296 33184 31550 
33217 33247 33088 31397 
32985 33153 32993 31390 
32721 33038 32886 31512 
32527 32930 32856 31796 
32371 32786 32831 32182 
32302 32638 32828 32694 
32337 32533 32850 33240 
32389 32368 32781 33551 
32526 32265 32712 33526 
32651 32169 32595 33021 
32741 32099 32441 32147 
32788 32101 32289 31300 
32785 32153 32149 30890 
32744 32288 32088 31253 
32637 32426 32084 32396 
32541 32637 32201 34122 
32499 32871 32380 35842 
32580 33168 32624 37106 
32832 33524 32905 37570 
33246 33946 33189 37076 
33665 34271 33415 35688 
33800 34417 33566 33725 
33434 34201 33584 31408 
32590 33484 33489 28989 
31537 32155 33298 26777 
30817 30356 33048 25172 
30833 28528 32732 24497 
31653 27466 32467 25068 
32787 27943 32227 26930 
33571 30388 32050 30002 
33520 34587 31946 33920 
32718 39221 31934 38008 
31871 42697 32014 41641 
31877 43362 32144 44164 
33320 40449 32341 44996 
35990 34346 32601 43856 
38682 26835 32850 40710 
39908 20420 33080 36115 
38696 16959 33262 30711 
34961 17401 33390 25381 
29491 21644 33463 20974 
24130 28314 33460 18421 
20330 35937 33374 18107 
19125 43187 33221 20126 
20708 49073 33008 24148 
24681 52872 32755 29655 
30041 53860 32525 35611 
35933 51622 32304 41048 
41602 45997 32137 45128 
46366 37274 32086 47289 
49558 26072 32061 47095 
50508 14087 32117 44538 
48903 4216 32274 40310 
44657 176 32422 35000 
38153 59 32568 29494 
30187 4627 32733 24718 
21704 15169 32837 21357 
14261 30679 32889 19943 
9440 47370 32932 20622 
8148 62843 32989 23162 
10743 65398 33017 26976 
17232 65501 33037 31573 
26362 65525 33118 35964 
36448 65529 33166 39363 
46161 57205 33190 41475 
54103 39717 33192 42057 
58982 20617 33111 41094 
60063 4311 32978 38878 
56926 134 32761 35913 
50133 43 32556 32806 
40446 58 32311 29987 
29388 11406 32119 27952 
18558 24493 31974 26933 
10286 38069 31919 27012 
5777 50010 31970 28046 
5700 58352 32109 29694 
9853 61671 32343 31639 
17368 59257 32654 33602 
26412 51583 32922 35018 
35583 40023 33187 35841 
43731 26849 33410 35970 
49888 14575 33523 35414 
53610 5644 33557 34413 
54482 2115 33478 33203 
52651 4319 33282 32021 
48346 11460 33051 31136 
41805 22270 32707 30645 
34312 34160 32412 30714 
27086 44976 32141 31210 
21055 53424 31952 32033 
17069 58394 31882 32977 
15488 59316 31931 33875 
16257 56039 32107 34490 
18829 49359 32351 34716 
22668 40541 32670 34565 
27243 31022 32995 34030 
32088 22432 33233 33184 
36940 16289 33423 32242 
41334 13813 33553 31407 
44556 14942 33501 30783 
46312 19007 33363 30505 
46297 24658 33116 30587 
44531 30497 32816 31001 
41304 35334 32525 31756 
37137 38285 32286 32683 
32650 39089 32101 33545 
28282 38206 31973 34209 
24508 36322 31980 34625 
21816 34151 32096 34753 
20621 32233 32302 34530 
21243 31114 32564 34050 
23574 30998 32807 33391 
27137 31956 33021 32661 
31288 33859 33179 32009 
35304 36456 33293 31505 
38454 39122 33321 31266 
40523 41195 33295 31236 
41509 41917 33182 31443 
41505 40762 33015 31788 
40571 37544 32821 32223 
38627 32359 32568 32649 
35967 26455 32401 33079 
32628 20737 32191 33339 
29122 16667 32064 33515 
25954 15363 32006 33537 
23763 17525 32089 33519 
23025 22776 32191 33323 
24122 29940 32421 33146 
26868 37271 32692 32933 
30887 43313 32981 32734 
35331 47007 33237 32522 
39282 48154 33473 32367 
41646 46981 33596 32224 
41927 44199 33575 32124 
40370 40400 33464 32091 
37510 35849 33214 32067 
34200 30792 32904 32148 
31267 25775 32550 32276 
28987 21606 32226 32466 
27424 19503 31983 32693 
26330 20077 31876 32929 
25619 23349 31850 33117 
25663 28763 31979 33284 
26820 34964 32187 33369 
29311 40160 32419 33355 
32841 42950 32689 33312 
36716 42693 32894 33187 
40105 39466 33025 33001 
42310 34145 33103 32844 
42851 27971 33119 32659 
41742 22886 33108 32541 
39169 20175 33066 32442 
35525 20767 33022 32352 
31239 24792 32979 32266 
26756 31614 32960 32194 
22828 39642 32944 32132 
20242 46851 32928 32084 
19536 51706 32917 32077 
21018 53047 32816 32088 
24650 50513 32723 32193 
29914 44219 32557 32366 
35910 35222 32415 32646 
41733 24864 32244 32966 
46434 15084 32077 33267 
49420 7484 32028 33592 
49967 3527 32052 33827 
47629 4427 32154 33912 
42236 10770 32352 33841 
34637 21633 32612 33624 
25940 35236 32902 33270 
17933 49217 33161 32817 
12431 60924 33394 32326 
10718 65372 33561 31899 
13251 65491 33619 31556 
19188 65505 33529 31363 
27263 54972 33346 31326 
36016 40634 33115 31508 
43985 25064 32827 31828 
50227 10838 32492 32193 
54059 707 32216 32686 
54669 84 31937 33116 
51978 52 31773 33506 
46065 6244 31723 33801 
37592 17854 31779 33913 
27769 32040 31934 33893 
18117 46653 32264 33776 
10679 58525 32622 33515 
6915 65142 33014 33194 
7566 65473 33347 32774 
12665 65089 33656 32385 
21507 52564 33857 32025 
32286 39032 33874 31707 
42930 24514 33719 31516 
51885 11231 33481 31495 
57644 1377 33107 31586 
59219 97 32651 31796 
56466 55 32284 32172 
49735 6120 31968 32598 
40394 17569 31699 32992 
30025 31711 31622 33372 
20337 46198 31744 33714 
12895 58323 31949 33881 
8872 65219 32241 33872 
8921 65466 32529 33708 
12705 65486 32835 33453 
19370 57896 33066 33134 
27637 46272 33172 32721 
36439 32901 33240 32383 
44269 19612 33210 32110 
50082 8475 33161 31971 
53205 879 33068 31929 
53161 98 32965 31974 
49918 67 32905 32086 
43753 6788 32883 32266 
35636 17794 32901 32433 
27121 30857 32861 32547 
19688 44286 32856 32655 
14628 55742 32798 32693 
12874 63587 32691 32709 
14842 65426 32552 32758 
19968 65470 32418 32828 
27174 58662 32239 32883 
35249 48997 32113 32980 
42699 37063 32051 33120 
48203 23964 32078 33259 
50597 11734 32201 33369 
49516 2329 32381 33390 
45398 124 32638 33343 
39177 63 32876 33191 
32211 5380 33094 32924 
25857 14947 33352 32677 
21327 28088 33504 32353 
19068 41528 33550 32003 
19246 53195 33532 31769 
21513 61220 33367 31572 
25433 64633 33142 31582 
30129 63271 32807 31686 
34676 58082 32477 31991 
38435 49707 32172 32377 
40892 39171 31946 32874 
41743 27253 31804 33348 
41109 15686 31805 33789 
39362 6303 31945 34071 
36960 728 32172 34143 
34377 80 32459 33996 
31946 4837 32793 33629 
30023 14688 33116 33139 
28839 27441 33338 32525 
28509 40974 33508 31962 
28852 52842 33530 31455 
29725 61160 33434 31155 
30759 64590 33244 31085 
31454 62549 33008 31307 
31519 55935 32704 31707 
31102 46023 32489 32319 
30515 34270 32331 32984 
30129 22311 32191 33561 
30589 12010 32189 34076 
32068 4860 32236 34347 
34490 2442 32309 34323 
37380 5137 32445 34089 
40052 12448 32569 33585 
41758 23213 32701 32975 
41921 35613 32835 32333 
40211 47671 32958 31718 
36842 56846 33024 31284 
32374 61724 33086 31117 
27536 61310 33050 31163 
23203 55812 32927 31440 
20215 46186 32792 31934 
19134 34109 32637 32546 
20308 22292 32529 33223 
23492 12754 32417 33774 
28321 7310 32375 34124 
34112 6827 32479 34325 
39867 11013 32610 34218 
44817 18952 32793 33874 
47871 28802 32983 33310 
48566 38417 33170 32716 
46761 46259 33286 32089 
42706 51213 33298 31556 
37016 52733 33198 31225 
30325 50743 32946 31075 
24237 46097 32711 31270 
19500 39608 32446 31686 
17087 32771 32171 32205 
17223 26513 31999 32798 
19753 21641 31901 33332 
24171 18857 31959 33789 
29636 18496 32112 34053 
35414 20642 32383 34135 
40361 24726 32715 34007 
43880 29840 33036 33689 
45597 34801 33329 33256 
45332 38486 33511 32745 
43240 40277 33669 32307 
39599 39808 33638 31901 
35099 37694 33452 31614 
30523 34954 33165 31510 
26635 32582 32794 31575 
24177 31383 32403 31821 
23482 31592 32057 32177 
24525 32940 31761 32555 
26857 34890 31655 33013 
29621 36589 31676 33348 
32241 37455 31909 33637 
34184 36985 32281 33787 
35242 34985 32676 33679 
35653 31807 33127 33477 
35625 28221 33515 33137 
35410 25120 33755 32701 
35212 23440 33869 32290 
35003 23628 33788 31941 
34654 25623 33527 31680 
34150 28891 33136 31615 
33528 32491 32702 31751 
32890 35751 32326 32067 
32260 38216 31975 32454 
31796 39811 31767 32877 
31527 40650 31705 33294 
31477 40710 31824 33628 
31549 39887 32064 33817 
31627 37979 32364 33800 
31642 35012 32662 33594 
31585 31458 32918 33305 
31521 28272 33094 32899 
31454 26470 33171 32515 
31375 26533 33210 32200 
31232 28166 33128 31929 
31254 30572 33055 31815 
31658 32506 32972 31836 
32683 32954 32921 31973 
34233 31765 32885 32167 
35997 29671 32903 32427 
37353 27842 32932 32693 
37717 27323 32940 32900 
36801 28696 32903 33024 
35034 31641 32818 33097 
33101 35303 32644 33094 
31813 38729 32454 33054 
31471 41281 32269 33022 
31712 42639 32057 32933 
31821 42893 31935 32892 
31082 42233 31936 32876 
29317 40697 32031 32862 
27032 38229 32289 32912 
25055 34508 32600 32898 
24404 29533 32960 32875 
25672 23441 33279 32782 
28999 17132 33542 32657 
33641 12277 33675 32498 
38830 10108 33698 32340 
43543 11755 33581 32177 
46898 17672 33349 32057 
48076 27503 33048 31995 
46445 39827 32671 31998 
42344 51646 32390 32182 
36283 60884 32128 32393 
29313 65224 31926 32692 
22629 65354 31824 33018 
17289 57221 31817 33348 
14234 45697 31926 33650 
13780 31965 32096 33800 
15915 18533 32373 33854 
20367 7813 32640 33723 
26804 1552 32943 33485 
34768 220 33201 33088 
43046 4545 33421 32615 
50346 12541 33589 32183 
55362 23150 33659 31783 
56911 34887 33630 31492 
54494 46315 33507 31369 
48196 56019 33280 31387 
39316 62222 33014 31613 
29301 63719 32700 31967 
19908 60078 32391 32402 
12615 51595 32103 32883 
8512 39340 31872 33324 
8332 25987 31769 33706 
11914 13905 31789 33952 
18661 5398 31904 34015 
27562 2116 32074 33928 
37415 4674 32323 33706 
46256 12289 32570 33365 
52746 23540 32819 32997 
55585 36258 33000 32557 
54261 48169 33180 32224 
48936 57235 33338 31947 
40937 61322 33448 31810 
31932 59756 33495 31770 
23850 52824 33520 31839 
18229 41971 33445 31959 
15998 29183 33298 32141 
17304 17501 33158 32391 
21233 9480 32916 32597 
26689 6396 32643 32781 
32558 8606 32364 32912 
37813 15311 32090 33015 
41816 25124 31898 33112 
43792 35855 31774 33150 
43516 45412 31795 33220 
40943 52391 31864 33202 
36596 55841 32080 33216 
31197 55249 32341 33199 
25835 50729 32676 33152 
21899 43144 32985 33063 
20344 33596 33255 32942 
21740 23637 33462 32774 
26030 14921 33607 32579 
32547 8988 33639 32353 
39672 7273 33516 32089 
45943 10208 33315 31871 
49744 17532 33022 31744 
49922 28000 32703 31730 
46025 39978 32388 31895 
38600 50946 32143 32182 
29457 58512 31979 32562 
20420 61380 31933 32994 
13533 58980 31995 33419 
10352 51812 32187 33767 
11632 40995 32458 33977 
17156 28653 32768 33978 
25543 17243 33036 33752 
35222 8460 33254 33382 
44541 3678 33369 32882 
52012 3642 33371 32350 
56531 8549 33268 31854 
57015 17657 33029 31465 
53333 29229 32769 31316 
45811 41605 32513 31386 
35553 52700 32317 31688 
24229 60644 32206 32135 
13855 64060 32210 32700 
7014 62273 32301 33227 
5134 55827 32455 33662 
8584 45680 32650 33950 
16595 33374 32859 34028 
27569 20404 33002 33860 
39282 8992 33109 33537 
49360 1162 33128 33080 
56397 96 33092 32580 
59317 59 32987 32108 
57677 7892 32841 31722 
51427 20210 32620 31473 
41887 34914 32450 31472 
30510 49781 32309 31685 
19353 62073 32252 32089 
10475 65398 32226 32530 
5643 65489 32335 33092 
5910 65500 32511 33584 
11015 58937 32709 33898 
19828 47104 32935 34007 
30513 32493 33124 33876 
41750 18039 33270 33514 
51144 6403 33331 33008 
57406 296 33305 32452 
59752 90 33181 31913 
57867 68 32983 31487 
52007 6304 32688 31244 
42994 17181 32497 31331 
32497 30481 32281 31604 
21983 44278 32162 32095 
13214 56316 32112 32668 
7631 64445 32172 33255 
5983 65450 32291 33776 
8453 65486 32474 34117 
14355 57663 32681 34226 
22567 46316 32856 34046 
31803 33308 32974 33657 
41026 20364 33074 33127 
49170 9605 33131 32532 
54921 3112 33159 31986 
57890 1204 33112 31523 
57624 4096 33038 31286 
53997 11113 32921 31293 
47144 21234 32753 31496 
38151 32436 32581 31912 
28213 43221 32474 32473 
18684 52024 32335 33028 
11239 57775 32261 33570 
7053 59716 32261 33980 
6887 57519 32339 34181 
10448 51711 32479 34125 
16929 43167 32639 33814 
25167 33237 32851 33358 
34053 23261 33015 32739 
42391 15310 33170 32145 
49258 10831 33236 31601 
54286 10478 33247 31260 
56840 14143 33158 31141 
56434 20905 33002 31284 
52668 29373 32789 31627 
45759 37464 32614 32213 
36608 43184 32434 32816 
26640 45800 32301 33401 
17553 45298 32247 33885 
10988 42486 32240 34162 
8011 38591 32313 34218 
9114 34850 32461 34055 
13614 32152 32592 33664 
20613 30473 32772 33172 
28995 29485 32936 32607 
37575 28886 33068 32078 
45342 28600 33123 31618 
51021 28788 33150 31366 
53907 29639 33099 31316 
53525 31091 32981 31473 
49896 32786 32780 31795 
43727 34195 32589 32272 
36164 34845 32437 32810 
28320 34693 32293 33302 
21388 34024 32231 33718 
16437 33281 32226 33955 
14202 32871 32370 34017 
15201 32788 32544 33831 
19282 32934 32813 33514 
25450 32923 33022 33035 
32660 32652 33237 32536 
39532 32152 33402 32071 
44923 31614 33456 31678 
47916 31289 33364 31427 
48011 31233 33198 31399 
45436 31325 32947 31587 
40698 31330 32630 31900 
34732 31253 32360 32361 
28446 31245 32127 32866 
23128 31811 31960 33347 
19843 33495 31941 33744 
19123 36362 31987 33944 
21010 39979 32216 33991 
24891 43103 32432 33797 
30001 44280 32661 33489 
35598 42107 32852 33037 
40630 36361 33012 32603 
44241 28245 33122 32246 
45894 19667 33164 31964 
45159 13138 33141 31822 
41954 10639 33114 31799 
36622 13063 33081 31920 
30333 19804 33031 32086 
24605 29098 33014 32324 
20827 38670 32980 32534 
19729 46859 32957 32750 
21287 52589 32921 32900 
24808 55307 32799 32966 
