33026 33638 32956 31666 
33026 33638 32956 31666 
32688 33314 32575 32161 
32407 32949 32247 32765 
32149 32514 31943 33354 
31998 32128 31748 33919 
31970 31840 31705 34292 
32025 31650 31786 34448 
32213 31686 32031 34428 
32441 31858 32366 34159 
32689 32109 32734 33673 
32924 32454 33115 33088 
33069 32772 33418 32400 
33193 33101 33642 31783 
33208 33353 33712 31258 
33124 33471 33610 30954 
33015 33502 33418 30904 
32855 33392 33099 31076 
32679 33186 32722 31488 
32573 32989 32412 32101 
32509 32760 32140 32754 
32464 32509 31947 33338 
32505 32346 31907 33868 
32563 32247 31982 34197 
32658 32217 32166 34284 
32748 32271 32413 34165 
32846 32397 32696 33858 
32880 32520 32928 33373 
32893 32683 33129 32833 
32858 32817 33232 32299 
32810 32933 33275 31859 
32708 32972 33209 31520 
32601 32974 33088 31398 
32498 32914 32923 31481 
32394 32766 32705 31706 
32326 32620 32517 32114 
32323 32472 32365 32585 
32353 32360 32245 33038 
32424 32295 32175 33439 
32592 32361 32231 33754 
32767 32474 32341 33847 
33021 32729 32573 33794 
33234 32984 32807 33518 
33367 33222 33021 33111 
33434 33399 33215 32631 
33415 33493 33366 32169 
33283 33452 33412 31780 
33066 33287 33351 31560 
32773 32980 33182 31537 
32412 32558 32887 31660 
32142 32192 32605 32029 
31921 31873 32316 32477 
31816 31674 32078 32968 
31819 31623 31904 33385 
31989 31777 31892 33717 
32259 32060 31983 33853 
32625 32494 32219 33839 
32982 32927 32500 33620 
33249 33326 32788 33244 
33451 33668 33095 32800 
33536 33857 33343 32374 
33514 33864 33522 32039 
33347 33667 33562 31770 
33119 33366 33494 31687 
32794 32905 33271 31716 
32491 32426 32968 31902 
32254 32018 32658 32209 
32092 31711 32343 32573 
32017 31585 32080 32951 
32000 31566 31870 33253 
32145 31774 31841 33535 
32350 32100 31946 33695 
32592 32510 32154 33709 
32832 32930 32462 33589 
33054 33332 32802 33304 
33226 33639 33160 32965 
33298 33770 33421 32535 
33341 33825 33637 32188 
33245 33634 33662 31817 
33093 33356 33550 31573 
32912 33031 33322 31527 
32727 32681 33032 31656 
32542 32334 32660 31913 
32445 32111 32353 32341 
32363 31934 32056 32795 
32346 31881 31899 33252 
32389 31941 31873 33653 
32458 32090 31963 33909 
32561 32317 32184 33975 
32652 32554 32443 33837 
32723 32784 32716 33559 
32694 32907 32883 33124 
32637 32964 32993 32641 
32576 33006 33055 32205 
32561 33019 33071 31891 
32531 32966 33012 31710 
32555 32909 32934 31715 
32681 32919 32911 31901 
32835 32933 32900 32166 
33011 32974 32907 32484 
33217 33065 32963 32795 
33363 33117 33009 33019 
33419 33102 33003 33123 
33377 33035 32991 33139 
33211 32874 32913 33019 
32964 32637 32780 32853 
32653 32369 32612 32698 
32305 32087 32398 32534 
32015 31888 32202 32479 
31767 31734 32013 32469 
31674 31775 31917 32595 
31757 31938 31955 32795 
31944 32206 32081 32993 
32246 32579 32319 33191 
32665 33043 32663 33359 
33046 33428 32990 33359 
33368 33701 33261 33219 
33621 33856 33488 32980 
33728 33834 33595 32657 
33753 33683 33634 32330 
33582 33389 33507 32004 
33321 33008 33285 31751 
33007 32633 33037 31664 
32668 32250 32758 31723 
32333 31965 32481 31952 
32112 31810 32277 32294 
31964 31783 32149 32719 
31926 31864 32066 33139 
31927 31993 31999 33483 
32236 32539 32161 33979 
32458 32812 32317 33978 
32646 33021 32492 33788 
32808 33158 32664 33455 
33011 33307 32924 33078 
33137 33329 33122 32584 
33211 33275 33285 32077 
33275 33205 33428 31647 
33274 33085 33466 31346 
33239 32926 33432 31179 
33218 32830 33363 31276 
33127 32711 33186 31524 
32996 32626 32970 31953 
32819 32533 32694 32445 
32657 32517 32461 33040 
32444 32465 32205 33554 
32246 32421 32024 33959 
32116 32419 31949 34219 
32024 32394 31931 34256 
32016 32394 32020 34102 
32119 32461 32222 33794 
32297 32520 32467 33337 
32527 32621 32748 32800 
32794 32737 33023 32251 
33046 32868 33248 31772 
33242 32972 33389 31400 
33394 33088 33474 31259 
33424 33134 33427 31304 
33348 33120 33281 31535 
33172 33031 33053 31930 
32945 32897 32780 32421 
32671 32725 32505 32948 
32423 32555 32261 33451 
32270 32453 32146 33888 
32198 32391 32111 34098 
32226 32407 32212 34121 
32349 32478 32391 33914 
32545 32627 32659 33548 
32756 32797 32926 33048 
32943 32952 33148 32488 
33070 33053 33295 31944 
33151 33134 33375 31546 
33112 33115 33293 31306 
33017 33013 33125 31294 
32843 32825 32861 31466 
32659 32614 32567 31848 
32509 32434 32327 32369 
32420 32283 32150 32924 
32385 32205 32076 33465 
32423 32226 32090 33858 
32526 32335 32236 34070 
32662 32520 32463 34104 
32804 32747 32712 33943 
32861 32904 32926 33596 
32874 33038 33066 33167 
32869 33125 33167 32741 
32798 33108 33167 32312 
32725 33046 33110 31987 
32642 32916 33009 31765 
32601 32777 32894 31668 
32593 32648 32780 31720 
32636 32548 32692 31868 
32756 32567 32708 32103 
32852 32590 32718 32310 
32944 32641 32747 32536 
33009 32737 32789 32734 
33032 32818 32796 32911 
33002 32887 32775 33066 
32936 32938 32730 33200 
32804 32920 32636 33307 
32690 32874 32550 33418 
32531 32769 32434 33485 
32393 32599 32337 33479 
32299 32446 32282 33426 
32286 32333 32322 33315 
32314 32247 32411 33110 
32394 32236 32540 32826 
32573 32340 32761 32541 
32766 32536 33010 32248 
32909 32713 33163 31938 
33078 32969 33335 31771 
33175 33164 33403 31653 
33193 33322 33372 31688 
33176 33419 33275 31846 
33091 33416 33088 32092 
32970 33335 32864 32426 
32812 33155 32612 32759 
32662 32940 32396 33101 
32516 32657 32222 33375 
32398 32377 32108 33567 
32308 32105 32052 33648 
32237 31878 32049 33611 
32246 31786 32145 33535 
32289 31779 32272 33368 
32384 31911 32450 33176 
32507 32134 32645 32962 
32664 32443 32866 32761 
32805 32769 33038 32541 
32969 33115 33214 32467 
33095 33412 33335 32465 
33208 33667 33420 32530 
33299 33822 33470 32494 
33290 33792 33404 32119 
33217 33644 33282 31399 
33073 33394 33109 30511 
32891 33052 32879 29765 
32671 32647 32587 29580 
32508 32322 32367 30403 
32332 32010 32166 32052 
32185 31774 31988 34217 
32160 31676 31904 36400 
32247 31793 31905 38103 
32524 32108 32035 38870 
32887 32549 32195 38558 
33260 33088 32435 37291 
33324 33490 32644 35236 
32957 33655 32855 32683 
32202 33380 33052 29982 
31276 32512 33172 27404 
30749 31182 33289 25405 
30972 29732 33309 24286 
32018 28918 33323 24434 
33405 29584 33287 25992 
34455 32122 33245 28818 
34631 36020 33173 32531 
34041 40183 33086 36559 
33252 42941 32952 40176 
33035 42733 32749 42739 
33997 39148 32594 43747 
35730 32790 32380 42865 
37351 25526 32194 40199 
37634 19593 32044 36177 
35745 16730 31921 31272 
31798 17892 31901 26489 
27034 22482 31980 22784 
22844 29170 32154 20701 
20614 36498 32398 20626 
21074 43126 32719 22659 
24127 48271 33000 26459 
29052 51179 33235 31453 
34527 51357 33377 36533 
39779 48646 33429 40938 
44105 43073 33402 44013 
46867 34950 33266 45182 
47728 25075 33058 44271 
46542 15403 32884 41508 
43337 7534 32715 37342 
38352 3277 32594 32479 
32203 3933 32539 27746 
25536 10051 32528 23836 
19604 20774 32556 21519 
15310 34543 32612 21010 
13525 48980 32651 22356 
14812 61878 32674 25320 
19080 65397 32632 29324 
25550 65495 32600 33640 
33153 65517 32495 37570 
40734 65388 32412 40566 
47247 47184 32357 42232 
51514 28879 32336 42305 
52978 12145 32409 40987 
51523 633 32545 38538 
47277 71 32692 35390 
40714 46 32919 32069 
32969 6224 33136 29176 
24958 17294 33224 26954 
18238 30237 33344 25884 
13937 42600 33399 25872 
12759 52594 33320 26817 
14971 58399 33187 28514 
19885 59415 33023 30588 
26264 55422 32790 32673 
33034 46986 32546 34507 
39065 35578 32318 35840 
43349 23990 32124 36451 
45898 14260 31978 36463 
46693 8309 31872 35949 
45965 7383 31870 35071 
43865 11550 31967 34085 
40671 19360 32159 33177 
36643 29020 32403 32405 
32337 38719 32765 31932 
28264 46723 33117 31690 
24943 52050 33451 31676 
22924 53882 33706 31774 
22213 52266 33865 31892 
22603 47654 33887 31996 
23800 40776 33729 31994 
25555 32763 33415 31903 
27824 25330 33034 31816 
30545 19670 32584 31717 
33768 16903 32166 31786 
37242 17473 31857 31987 
40482 21091 31604 32304 
42780 26554 31564 32794 
43815 32459 31697 33370 
43322 37395 31913 33905 
41336 40484 32233 34320 
38244 41030 32612 34550 
34473 39416 32953 34514 
30378 36399 33228 34184 
26457 32913 33448 33696 
23180 29664 33527 32980 
21319 27457 33522 32263 
21317 26741 33411 31591 
23090 27512 33185 31090 
26310 29690 32910 30822 
30348 33040 32643 30881 
34403 36854 32368 31190 
37809 40300 32172 31710 
40366 42651 32082 32386 
41881 43196 32076 33027 
42303 41515 32139 33572 
41621 37816 32326 33977 
39746 32532 32556 34111 
36782 26633 32847 34041 
32895 21187 33047 33686 
28808 17771 33220 33251 
25237 17264 33283 32712 
22874 19996 33286 32262 
22233 25349 33218 31944 
23488 32127 32974 31718 
26670 38578 32705 31718 
31075 43192 32481 31918 
35746 45430 32293 32230 
39606 45331 32184 32616 
41758 43406 32152 32979 
41772 40497 32236 33295 
39949 37052 32399 33470 
37020 33267 32573 33469 
33808 29294 32775 33329 
31154 25658 32946 33068 
29200 22962 33083 32732 
27823 22082 33174 32412 
26826 23496 33188 32151 
26208 27285 33120 31925 
26366 32310 32962 31856 
27699 37318 32806 31951 
30242 40868 32586 32162 
33753 41947 32396 32502 
37446 40006 32214 32851 
40275 35800 32160 33256 
41628 30260 32144 33523 
41358 24961 32262 33727 
39586 21351 32463 33773 
36604 20558 32689 33598 
32951 23213 32945 33282 
29157 28798 33174 32856 
25645 36144 33352 32386 
22975 43579 33466 31951 
21675 49483 33463 31582 
22213 52173 33323 31367 
24700 51010 33118 31377 
28762 46191 32836 31562 
33715 38513 32538 31938 
38750 29213 32268 32415 
43190 19604 32060 32964 
46200 11615 31893 33444 
47432 6575 31909 33873 
46369 5623 32010 34079 
42870 9390 32208 34117 
36947 17962 32459 33940 
29398 30046 32717 33601 
21824 43233 32934 33166 
15777 55358 33060 32653 
12814 63905 33184 32237 
13576 65446 33162 31873 
18073 65474 33143 31679 
25043 55192 33062 31636 
33138 42475 32960 31722 
40957 28015 32870 31920 
47495 14051 32845 32198 
51803 3347 32848 32482 
53370 138 32854 32724 
52046 60 32854 32902 
47733 4991 32801 32973 
40714 15638 32784 33060 
31841 29709 32702 33080 
22634 44207 32600 33086 
14479 56885 32422 33034 
9045 64986 32274 33030 
7494 65466 32135 33020 
10375 65499 32066 33036 
17211 57670 32114 33082 
26757 44837 32203 33025 
37414 30346 32423 33016 
47341 16290 32666 32906 
55027 4790 32956 32763 
58832 186 33183 32553 
58385 66 33376 32338 
53768 149 33480 32124 
45760 11998 33492 31958 
35603 25195 33449 31893 
25309 39440 33287 31884 
16482 52521 33113 31998 
10501 62053 32879 32169 
8279 65399 32601 32416 
10122 65479 32378 32769 
15469 58712 32132 33086 
23082 48609 31957 33403 
31776 36521 31847 33652 
40161 24204 31821 33831 
47222 13317 31927 33895 
52049 5032 32099 33785 
53739 830 32314 33509 
52219 964 32646 33183 
47646 5910 33010 32789 
40547 14821 33318 32295 
31989 26914 33642 31865 
23626 39866 33806 31472 
16938 51877 33855 31255 
13168 61047 33797 31227 
12938 65289 33554 31348 
16428 65459 33217 31674 
22736 60959 32777 32118 
30810 52508 32381 32663 
39066 41475 31987 33209 
46004 29061 31658 33667 
50416 16652 31543 34084 
51251 6013 31576 34256 
48477 283 31755 34251 
42855 82 32056 34054 
35573 59 32370 33653 
28032 9068 32707 33148 
21932 21308 33016 32632 
18283 35064 33239 32139 
17375 48162 33375 31764 
19116 58448 33441 31556 
22950 64376 33394 31508 
28205 65437 33306 31614 
33692 62066 33230 31881 
38567 54968 33093 32142 
42078 45317 32996 32447 
43723 34036 32886 32697 
43356 22175 32741 32869 
41357 11612 32653 33018 
38249 3614 32534 33046 
34789 222 32449 33055 
31465 76 32315 33011 
28713 7760 32194 32964 
27020 18549 32106 32981 
26490 31623 32064 33026 
27071 44704 32094 33141 
28540 55438 32175 33215 
30523 62327 32344 33295 
32372 64019 32581 33325 
33500 60764 32833 33229 
33612 53428 33053 32993 
32878 43154 33291 32697 
31657 31277 33496 32362 
30616 19710 33568 31985 
30436 10445 33541 31672 
31499 4764 33396 31492 
33785 3689 33183 31454 
36865 7566 32927 31589 
39891 15907 32655 31901 
41934 26985 32438 32321 
42294 39027 32261 32754 
40679 49943 32157 33220 
37093 57885 32123 33643 
32238 61082 32140 33939 
26992 59175 32214 34093 
22219 52478 32270 34049 
18831 42054 32363 33864 
17595 29996 32441 33538 
18857 18908 32552 33175 
22498 10744 32663 32759 
27980 6977 32824 32381 
34795 8239 33003 32030 
41494 14028 33162 31745 
46980 22681 33312 31585 
50380 32502 33440 31539 
51089 41593 33508 31592 
48801 48601 33463 31712 
43828 52373 33374 31959 
37053 52616 33189 32247 
29518 49708 32894 32545 
22485 44505 32583 32890 
17041 37898 32274 33268 
14286 31180 32004 33599 
14486 25163 31836 33869 
17522 20634 31756 33974 
22765 18205 31812 33947 
29417 18194 31972 33780 
36084 20503 32197 33473 
41886 24726 32498 33103 
46041 29877 32763 32670 
48059 34917 33032 32249 
47588 38513 33167 31864 
44926 40156 33252 31622 
40562 39817 33277 31553 
35179 38014 33237 31624 
29641 35647 33168 31829 
25204 33810 33090 32111 
22550 33049 33033 32427 
22059 33480 33003 32731 
23557 34758 32972 32989 
26477 36225 32931 33169 
29809 37134 32863 33241 
32806 36977 32778 33258 
34944 35380 32612 33172 
36077 32439 32442 33111 
36283 28683 32260 33015 
35886 25113 32080 32939 
35254 22651 31930 32862 
34619 22065 31880 32813 
34077 23681 31974 32815 
33616 27068 32156 32827 
33252 31222 32402 32778 
32986 35241 32725 32725 
32809 38367 33074 32641 
32717 40279 33358 32487 
32778 41153 33613 32342 
32863 41171 33733 32167 
32887 40490 33744 32047 
32797 39022 33631 31977 
32472 36620 33373 31988 
31944 33365 33042 32133 
31236 29797 32598 32357 
30661 27154 32228 32724 
30149 26046 31890 33087 
29801 26753 31659 33445 
29692 28895 31588 33765 
30071 31417 31711 33978 
31124 32987 32001 34022 
32914 32828 32351 33852 
35242 31126 32782 33516 
37488 28790 33169 33060 
38968 27091 33494 32478 
39004 27141 33704 31902 
37550 29154 33752 31412 
35135 32573 33614 31045 
32791 36530 33404 30969 
31180 39980 33011 31046 
30721 42406 32643 31454 
30908 43504 32328 32045 
30953 43476 32077 32711 
30192 42471 31941 33415 
28456 40418 31921 34034 
26382 37190 32030 34452 
24980 32763 32259 34662 
25035 27147 32528 34595 
26954 20824 32785 34255 
30652 14747 32981 33645 
35441 10571 33132 32959 
40380 9681 33209 32254 
44543 12940 33208 31621 
47125 20489 33168 31175 
47399 31377 33071 30922 
45022 43941 32925 30892 
40350 55367 32773 31131 
34099 63508 32653 31576 
27321 65435 32521 32139 
21228 65381 32441 32767 
16692 54778 32351 33356 
14517 42099 32302 33850 
14834 27794 32323 34193 
17518 14515 32385 34326 
22354 4736 32491 34274 
29072 273 32609 33974 
36846 76 32767 33542 
44698 5893 32952 33038 
51409 15006 33098 32475 
55624 26332 33236 31969 
56182 38505 33302 31528 
52707 49692 33342 31325 
45763 58600 33289 31272 
36442 63706 33146 31416 
26284 63760 32914 31712 
17231 58397 32642 32131 
10980 48589 32417 32639 
8190 35671 32192 33097 
9235 21977 32011 33466 
13984 10269 31968 33778 
21761 2726 31997 33881 
31114 1058 32140 33848 
40785 5236 32327 33676 
49104 14402 32565 33425 
54598 26801 32799 33088 
56096 40347 32973 32703 
53194 52126 33140 32422 
46589 60215 33249 32185 
37641 62944 33308 32056 
28172 59791 33311 32019 
20189 51146 33281 32092 
15482 39135 33181 32170 
14601 26010 33051 32284 
17291 14595 32930 32395 
22543 7141 32768 32475 
29241 4987 32607 32519 
35856 8326 32490 32575 
41334 16049 32374 32603 
44901 26374 32285 32647 
46067 37387 32241 32777 
44490 47309 32196 32889 
40450 54303 32237 33115 
34728 57300 32352 33367 
28303 56027 32458 33559 
22513 50782 32602 33689 
18664 42455 32745 33686 
17810 32147 32886 33548 
20427 21830 33018 33271 
26103 13048 33086 32839 
33882 7535 33169 32413 
42122 6422 33232 31990 
49076 10303 33197 31564 
52832 18637 33168 31332 
52331 29980 33070 31248 
47440 42250 32988 31397 
38697 53248 32831 31684 
27935 60586 32638 32114 
18052 62428 32497 32650 
10825 58692 32307 33171 
7884 50238 32128 33635 
9844 38371 31994 34009 
16325 25369 31936 34202 
25710 13783 31990 34235 
36290 5269 32134 34080 
46292 1289 32377 33778 
54258 2537 32685 33303 
58658 9058 33074 32802 
58619 19563 33383 32231 
54124 32454 33699 31766 
45522 45655 33868 31372 
34216 57121 33874 31133 
21942 64717 33726 31082 
11513 65453 33419 31230 
5082 65485 33023 31565 
4140 56446 32552 32018 
8871 44599 32129 32575 
18081 30683 31805 33149 
29874 16361 31537 33621 
41647 4411 31503 34015 
51583 175 31647 34223 
57952 67 31945 34247 
59759 49 32284 34055 
56576 9964 32699 33702 
49165 23237 33045 33289 
38717 38760 33314 32842 
26953 53629 33444 32392 
16061 64741 33499 32061 
8047 65458 33428 31828 
4833 65499 33281 31747 
6811 65503 33115 31759 
13447 56746 32913 31837 
23347 42516 32774 31989 
34923 26939 32691 32169 
45931 12757 32650 32325 
54483 2078 32641 32456 
59502 128 32659 32578 
60123 75 32638 32684 
56317 73 32582 32797 
48616 10103 32508 32972 
38484 22240 32382 33163 
27451 36361 32295 33402 
17296 50179 32245 33633 
9759 61238 32211 33771 
5990 65377 32280 33853 
6637 65485 32432 33769 
11138 65437 32603 33535 
18589 53545 32868 33220 
27566 40405 33055 32731 
37063 26332 33309 32266 
45593 13725 33483 31790 
52108 4720 33567 31418 
56126 459 33523 31183 
57195 127 33376 31128 
55202 6505 33154 31283 
50088 15899 32875 31636 
42508 27174 32551 32127 
33399 38779 32238 32692 
23896 48852 31933 33225 
15597 56143 31752 33732 
9745 59786 31707 34149 
7546 59233 31793 34360 
9097 54859 32013 34363 
13971 47380 32354 34203 
21067 37807 32714 33814 
29439 27496 33119 33294 
37814 18132 33438 32642 
44953 11943 33703 32079 
50587 9649 33808 31575 
54282 11608 33734 31194 
55656 17394 33549 31049 
54169 25828 33227 31096 
49681 34643 32849 31362 
42497 42038 32485 31818 
33443 46503 32198 32388 
23853 47349 31992 32987 
15358 44846 31836 33479 
9907 40482 31885 33925 
8169 35661 32029 34155 
10188 31675 32250 34168 
15418 29142 32472 33964 
23056 28027 32746 33626 
31663 27851 32970 33191 
40148 28108 33101 32688 
47475 28720 33204 32248 
52713 29726 33216 31853 
54898 31238 33200 31647 
53617 33060 33119 31611 
49161 34772 33003 31682 
42322 35896 32879 31899 
34186 36153 32772 32200 
25774 35505 32630 32537 
18560 34378 32510 32889 
13981 33281 32387 33176 
12484 32576 32317 33432 
14323 32216 32315 33597 
19159 32025 32332 33616 
26354 31768 32412 33538 
34281 31330 32572 33378 
41651 30723 32716 33074 
47290 30291 32932 32775 
50158 30127 33086 32412 
49868 30313 33240 32099 
46561 30671 33288 31847 
40962 31107 33298 31753 
33979 31530 33207 31756 
26712 32217 33020 31890 
20893 33553 32734 32102 
17636 36020 32501 32475 
17322 39402 32285 32840 
19838 43046 32111 33192 
24666 45662 32068 33507 
30910 45525 32118 33675 
37110 41689 32258 33719 
42512 34321 32448 33622 
46231 24815 32649 33401 
47626 15356 32832 33080 
46029 8778 32921 32703 
41788 7439 33017 32422 
35482 11299 33017 32161 
28451 19452 32973 31990 
22378 29964 32923 31943 
18630 40869 32930 32044 
18020 49843 32917 32155 
20341 55990 32934 32317 
24730 58739 32956 32484 
