32100 32036 32342 32625 
32100 32036 32342 32625 
31884 31749 32283 32940 
31792 31606 32321 33259 
31800 31591 32376 33448 
31994 31767 32540 33568 
32332 32081 32764 33563 
32674 32405 32936 33349 
33024 32777 33091 33031 
33324 33116 33169 32644 
33534 33401 33202 32263 
33610 33589 33154 31921 
33519 33646 33005 31689 
33300 33574 32799 31653 
33054 33446 32629 31828 
32759 33240 32452 32124 
32478 32976 32328 32534 
32259 32728 32273 32995 
32125 32477 32298 33419 
32105 32282 32388 33742 
32178 32129 32507 33876 
32321 32070 32664 33817 
32523 32091 32836 33584 
32684 32106 32926 33159 
32851 32228 33029 32714 
32984 32381 33090 32259 
33056 32561 33109 31862 
33024 32704 33047 31586 
32961 32849 32959 31536 
32872 32963 32815 31660 
32741 33039 32653 31968 
32657 33116 32512 32404 
32597 33129 32376 32885 
32530 33081 32254 33327 
32538 33027 32218 33720 
32592 32967 32272 33923 
32669 32930 32425 33927 
32763 32875 32622 33713 
32825 32801 32861 33298 
32885 32755 33096 32801 
32896 32679 33301 32241 
32893 32625 33443 31765 
32835 32528 33453 31390 
32761 32448 33347 31251 
32664 32346 33125 31319 
32602 32284 32835 31613 
32548 32273 32518 32105 
32561 32325 32238 32701 
32579 32411 32019 33294 
32646 32572 31939 33821 
32704 32744 31974 34156 
32764 32937 32127 34290 
32809 33097 32355 34178 
32839 33239 32628 33872 
32793 33268 32842 33360 
32718 33198 32999 32789 
32652 33064 33088 32248 
32567 32853 33073 31791 
32514 32614 33027 31489 
32507 32411 32943 31431 
32538 32251 32880 31548 
32576 32145 32816 31772 
32701 32189 32831 32146 
32822 32334 32881 32522 
32955 32562 32955 32881 
33012 32778 32970 33084 
33062 33024 32986 33226 
33082 33228 32953 33250 
32994 33294 32819 33145 
32910 33283 32663 33024 
32790 33155 32476 32915 
32511 32637 32129 32789 
32390 32346 32032 32834 
32316 32142 32038 32927 
32298 32039 32167 33057 
32315 32033 32357 33117 
32387 32168 32631 33126 
32491 32388 32914 33008 
32624 32663 33160 32798 
32798 32989 33401 32542 
32938 33233 33519 32203 
33055 33415 33508 31905 
33145 33461 33399 31688 
33204 33415 33217 31628 
33192 33260 32987 31730 
33114 33008 32714 31942 
32997 32727 32469 32296 
32847 32460 32276 32739 
32634 32199 32108 33174 
32399 31997 31990 33576 
32225 31908 31977 33899 
32101 31946 32040 34067 
32050 32086 32180 34074 
32093 32313 32396 33921 
32245 32596 32653 33613 
32441 32869 32906 33211 
32661 33066 33128 32677 
32921 33260 33347 32157 
33174 33389 33499 31693 
33353 33423 33553 31326 
33482 33399 33538 31150 
33479 33272 33372 31112 
33363 33070 33116 31250 
33212 32908 32847 31639 
32976 32713 32538 32141 
32747 32558 32284 32735 
32508 32440 32083 33348 
32262 32303 31924 33841 
32155 32279 31944 34213 
32086 32258 32032 34365 
32114 32288 32214 34312 
32192 32335 32467 34031 
32297 32361 32698 33579 
32398 32384 32874 33039 
32506 32405 32989 32493 
32628 32450 33055 32018 
32729 32527 33049 31693 
32844 32643 33001 31565 
32944 32784 32933 31577 
33050 32968 32882 31757 
33166 33196 32887 32018 
33290 33448 32955 32343 
33352 33629 33030 32618 
33370 33745 33106 32840 
33268 33681 33101 32920 
33153 33546 33082 32978 
32943 33255 32969 32924 
32666 32835 32764 32826 
32405 32381 32540 32780 
32129 31895 32258 32754 
31950 31532 32036 32837 
31824 31289 31867 32951 
31790 31195 31788 33075 
31887 31326 31862 33248 
32096 31662 32076 33378 
32383 32140 32402 33418 
32750 32718 32801 33361 
33037 33235 33148 33113 
33303 33711 33446 32757 
33540 34097 33676 32394 
33687 34287 33778 32024 
33662 34219 33677 31647 
33557 34026 33488 31472 
33333 33624 33173 31401 
33079 33180 32855 31554 
32749 32681 32517 31837 
32464 32244 32271 32297 
32173 31831 32054 32776 
31931 31508 31914 33250 
31773 31331 31848 33671 
31736 31327 31923 34029 
31815 31465 32064 34176 
31959 31710 32241 34147 
32207 32087 32486 33963 
32543 32523 32776 33637 
32859 32954 33003 33151 
33132 33321 33173 32581 
33429 33709 33363 32083 
33619 33960 33467 31618 
33724 34086 33509 31292 
33715 34053 33473 31143 
33568 33877 33344 31174 
33337 33567 33152 31380 
33057 33199 32922 31769 
32717 32746 32640 32262 
32419 32324 32394 32824 
32140 31918 32163 33329 
31916 31578 31988 33748 
31776 31380 31882 34036 
31788 31388 31940 34171 
31858 31499 32037 34075 
32038 31781 32250 33857 
32254 32102 32462 33450 
32528 32499 32713 33058 
32799 32882 32915 32629 
33016 33210 33050 32254 
33200 33473 33135 31968 
33341 33662 33189 31845 
33371 33712 33164 31810 
33375 33694 33148 31902 
33320 33582 33128 32055 
33200 33393 33071 32211 
33061 33166 33027 32368 
32919 32933 32989 32501 
32763 32674 32934 32575 
32638 32458 32872 32664 
32491 32241 32757 32690 
32360 32049 32600 32737 
32257 31919 32421 32822 
32195 31862 32249 32969 
32119 31846 32058 33119 
32177 31984 32001 33350 
32253 32139 31987 33523 
32355 32351 32055 33615 
32545 32650 32268 33627 
32722 32929 32529 33506 
32884 33170 32795 33210 
33028 33368 33059 32830 
33180 33534 33316 32416 
33269 33610 33490 32012 
33295 33583 33555 31687 
33287 33475 33530 31497 
33165 33240 33367 31404 
33036 32980 33172 31522 
32892 32706 32947 31769 
32723 32448 32724 32126 
32550 32202 32490 32521 
32401 32030 32292 32966 
32256 31908 32123 33337 
32154 31855 31987 33617 
32101 31905 31944 33831 
32107 32034 31959 33900 
32178 32230 32083 33854 
32306 32472 32270 33695 
32502 32749 32537 33480 
32702 32992 32822 33158 
32891 33205 33079 32771 
33142 33427 33376 32429 
33320 33554 33554 32073 
33473 33607 33687 31793 
33495 33541 33647 31593 
33411 33372 33468 31488 
33267 33158 33217 31546 
33026 32882 32897 31703 
32736 32582 32533 31974 
32481 32347 32259 32359 
32258 32132 32022 32778 
32045 31947 31852 33225 
31974 31889 31833 33774 
32030 31960 31957 34286 
32146 32081 32140 34514 
32361 32279 32418 34314 
32629 32534 32731 33552 
32855 32769 33016 32329 
33031 32969 33215 31018 
33164 33159 33365 30112 
33198 33299 33389 29963 
33148 33340 33356 30740 
33008 33275 33192 32257 
32844 33135 32975 34051 
32692 32958 32700 35610 
32676 32836 32464 36669 
32768 32786 32270 36836 
32949 32835 32170 36232 
32995 32915 32173 34970 
32745 32903 32239 33212 
32168 32693 32412 31114 
31554 32141 32673 29027 
31201 31170 32925 27162 
31468 30060 33140 25927 
32411 29388 33288 25678 
33575 29962 33382 26695 
34353 32064 33349 28933 
34271 35449 33203 32143 
33409 39206 32953 35866 
32425 41628 32655 39369 
32089 41427 32389 42080 
32893 38033 32143 43350 
34703 32044 32016 42873 
36461 25392 32007 40558 
37080 20200 32100 36740 
35779 18107 32285 32009 
32543 19837 32566 27101 
28372 24704 32800 23011 
24609 31342 32981 20433 
22576 38239 33117 19876 
22958 44106 33167 21542 
25692 48027 33157 25108 
29941 49691 33057 29985 
34811 48919 32938 35311 
39527 45598 32813 40331 
43198 40001 32760 43995 
45301 32526 32726 45759 
45649 24074 32763 45430 
44073 15715 32786 42904 
40763 9307 32853 38739 
36083 6344 32868 33703 
30528 7735 32830 28609 
24920 13771 32787 24358 
19949 23939 32672 21537 
16697 36316 32488 20651 
15840 49107 32322 21774 
17747 60089 32233 24619 
22111 65351 32143 28577 
28473 65486 32208 33126 
35434 65502 32305 37234 
42089 53822 32533 40432 
47273 39040 32792 42201 
50220 22623 33009 42302 
50552 8439 33234 40914 
48214 349 33331 38275 
43670 63 33403 34990 
37295 50 33319 31495 
30316 9709 33195 28576 
23639 21656 33001 26545 
18401 34646 32789 25680 
15515 46700 32575 26031 
15612 55567 32419 27425 
18471 60260 32268 29522 
23449 60181 32162 31892 
29558 55364 32126 34172 
35367 46598 32123 35897 
39921 35825 32229 36951 
42804 24692 32310 37158 
44060 15490 32486 36670 
43910 9828 32693 35584 
42699 8917 32889 34167 
40748 12497 33057 32645 
38251 19503 33225 31373 
35299 28327 33381 30477 
32237 36863 33464 30072 
29347 43823 33452 30120 
27033 48227 33371 30615 
25511 49650 33216 31392 
24784 48072 32915 32224 
24834 44097 32654 33062 
25386 38319 32357 33704 
26270 32041 32078 34022 
27613 26392 31927 34088 
29523 22390 31853 33864 
32219 20874 31888 33450 
35318 22260 32066 33036 
38479 25920 32290 32633 
41123 30883 32567 32345 
42710 35874 32821 32200 
42876 39504 32981 32196 
41669 41072 33111 32342 
39171 40227 33191 32594 
35787 37375 33195 32869 
31834 33329 33142 33057 
27840 29184 33093 33166 
24339 25797 33054 33151 
22087 23917 33015 32951 
21523 23802 32963 32644 
22798 25518 32932 32289 
25742 28889 32892 31954 
29525 33273 32828 31706 
33509 38009 32699 31604 
37109 42306 32584 31741 
39939 45280 32422 32026 
41655 46006 32277 32478 
42285 44239 32133 32981 
41754 40134 32034 33490 
39932 34132 32000 33918 
37016 27524 32091 34169 
33240 21469 32258 34215 
29179 17336 32492 34040 
25443 16092 32765 33608 
22931 18266 33065 33112 
22029 23274 33286 32491 
23125 30031 33480 31937 
26155 36891 33584 31455 
30563 42207 33559 31162 
35355 45019 33460 31100 
39494 45369 33268 31240 
41990 43784 33018 31576 
42289 40924 32724 32058 
40602 37567 32478 32603 
37571 33905 32235 33127 
34101 30062 31955 33528 
31094 26401 31825 33888 
28971 23627 31781 34066 
27578 22437 31818 34088 
26687 23438 31944 33939 
26238 26774 32195 33662 
26437 31588 32505 33293 
27672 36697 32853 32874 
30047 40550 33197 32403 
33384 42172 33528 32016 
37024 40921 33743 31639 
40023 37237 33865 31465 
41634 31940 33796 31387 
41580 26502 33610 31495 
39838 22230 33289 31741 
36902 20713 32878 32044 
33292 22421 32472 32444 
29472 27115 32113 32882 
25821 33976 31808 33271 
23108 41149 31673 33618 
21757 47079 31684 33830 
22204 50305 31844 33901 
24596 49919 32087 33789 
28542 45943 32360 33555 
33352 39150 32681 33255 
38241 30681 32970 32880 
42470 21813 33184 32462 
45383 14384 33361 32137 
46554 9543 33432 31877 
45656 8279 33390 31718 
42315 11500 33230 31686 
36780 19316 33027 31827 
29970 30165 32790 32061 
22943 42334 32586 32393 
17263 53632 32419 32792 
14297 61799 32292 33139 
15001 64521 32286 33445 
19158 61463 32376 33656 
25673 52994 32450 33621 
33519 40328 32636 33493 
40708 26511 32800 33203 
46418 13610 32922 32826 
50067 3867 33008 32440 
51282 158 33020 32081 
49903 62 32981 31854 
46017 5683 32917 31795 
39804 16526 32786 31848 
31835 30497 32638 32049 
23611 44840 32556 32401 
16295 57400 32478 32782 
11324 65115 32438 33117 
9820 65469 32438 33400 
12355 65496 32500 33586 
18507 58923 32616 33623 
27235 46460 32717 33509 
37211 31684 32812 33244 
46389 17522 32907 32911 
53372 5952 32999 32573 
56959 249 33005 32245 
56504 71 32941 31961 
52151 78 32854 31851 
44614 10624 32718 31875 
35290 22976 32594 32062 
25413 37066 32478 32341 
17118 49940 32415 32671 
11559 59680 32425 33042 
9502 64551 32483 33295 
11315 64003 32645 33497 
16386 58514 32810 33521 
23729 49430 32955 33363 
32092 38296 33098 33102 
40385 26530 33160 32743 
47195 16126 33148 32387 
51788 8148 33065 32052 
53466 3599 32905 31851 
51792 3167 32679 31776 
47089 7113 32477 31908 
40028 14964 32307 32182 
31628 25657 32210 32545 
23119 37779 32208 32978 
16375 49073 32245 33336 
12588 57935 32431 33664 
12388 62959 32639 33826 
15932 63369 32847 33776 
22375 59486 32996 33519 
30608 51952 33121 33145 
39133 41847 33178 32691 
46742 29948 33196 32230 
51350 18498 33132 31839 
52397 8562 33002 31569 
49735 1626 32789 31441 
43893 106 32587 31563 
36293 70 32400 31851 
28504 9050 32258 32272 
21971 20597 32175 32779 
17743 33998 32159 33260 
16362 46877 32214 33695 
17868 57308 32407 34020 
21759 63730 32620 34095 
27120 65359 32874 33961 
33012 62213 33111 33626 
38329 55553 33285 33129 
42319 45970 33389 32561 
44308 34941 33418 31998 
44190 23456 33320 31528 
42243 12949 33136 31246 
38960 4785 32872 31182 
35145 790 32589 31339 
31481 1743 32347 31753 
28454 7761 32148 32272 
26472 18199 32047 32885 
25823 30753 32028 33454 
26480 43470 32112 33921 
28183 54043 32264 34190 
30562 60879 32490 34238 
32830 62700 32727 34070 
34354 59775 32953 33691 
34738 52750 33110 33149 
33995 42776 33244 32578 
32575 31702 33342 32059 
31094 20875 33343 31614 
30259 11995 33240 31341 
30607 6365 33059 31273 
32337 5291 32829 31435 
34981 8855 32565 31762 
37914 16529 32343 32244 
40260 27114 32143 32759 
41219 38510 32045 33282 
40400 48809 32054 33713 
37798 56221 32153 33964 
33699 59408 32365 34032 
29047 57624 32639 33880 
24617 51346 32943 33561 
21201 41733 33187 33105 
19489 30397 33378 32601 
20008 20015 33515 32141 
22664 12317 33494 31757 
27191 8683 33340 31481 
33057 9671 33088 31440 
39148 14794 32788 31594 
44513 22770 32490 31911 
48193 31875 32220 32333 
49535 40524 32036 32824 
48105 46968 31927 33232 
44095 50569 31933 33571 
38030 51014 32081 33776 
31060 48597 32306 33803 
24279 44093 32644 33688 
18774 38305 32917 33389 
15482 32112 33151 32984 
15088 26594 33321 32578 
17481 22303 33376 32218 
22178 19788 33325 31965 
28405 19379 33157 31862 
34871 21099 32892 31898 
40817 24611 32638 32108 
45292 29151 32418 32419 
47739 33703 32271 32743 
47837 37322 32231 33074 
45631 39153 32277 33243 
41607 39276 32483 33317 
36355 38001 32705 33227 
30739 36106 32947 32989 
25969 34522 33143 32667 
22824 33786 33247 32339 
21731 33977 33218 32040 
22742 34893 33097 31878 
25324 35948 32888 31917 
28540 36488 32619 32107 
31617 36072 32358 32442 
34075 34425 32148 32838 
35634 31616 32043 33268 
36340 28281 32060 33639 
36450 25188 32220 33875 
36183 23179 32430 33887 
35785 23060 32746 33750 
35243 24894 32990 33402 
34667 28319 33217 32948 
34068 32411 33367 32445 
33467 36254 33439 31952 
32899 38908 33351 31526 
32440 40250 33180 31284 
32139 40440 32960 31251 
31944 39802 32661 31415 
31824 38635 32399 31821 
31730 37002 32193 32361 
31525 34775 32019 32923 
31227 32093 31958 33502 
30888 29386 32053 33999 
30621 27497 32235 34300 
30473 27024 32488 34321 
30485 28231 32804 34140 
30699 30641 33138 33740 
31204 33066 33348 33130 
32251 34449 33505 32466 
33885 34044 33547 31857 
35901 31872 33429 31324 
37784 28978 33222 31049 
38764 26715 32894 30978 
38410 26158 32587 31202 
36676 27652 32309 31668 
34049 30863 32097 32288 
31539 34879 31980 32940 
30035 38581 31973 33552 
29735 41402 32087 34029 
30242 43085 32290 34286 
30765 43681 32571 34326 
30583 43162 32844 34115 
29454 41501 33052 33668 
27917 38582 33242 33138 
26702 34218 33310 32527 
26715 28471 33354 32004 
28271 21973 33251 31566 
31279 15713 33069 31317 
35283 11141 32846 31298 
39445 9655 32608 31496 
43057 12332 32381 31880 
45216 19319 32233 32369 
45357 29688 32131 32864 
43242 41718 32115 33336 
38934 53558 32248 33736 
33285 62048 32463 33954 
27413 65277 32746 33989 
22223 62837 33005 33794 
18527 54967 33196 33398 
16798 42850 33321 32919 
17252 29184 33370 32441 
19721 16344 33322 32000 
23958 6593 33172 31664 
29968 1447 32954 31507 
36746 1678 32690 31539 
43668 6605 32473 31785 
49624 15102 32290 32121 
53360 26024 32170 32532 
53719 37694 32144 32981 
50409 48499 32192 33371 
43971 57139 32313 33665 
35451 62230 32505 33823 
26194 62548 32718 33778 
18176 57794 32898 33584 
12488 48484 33040 33267 
10027 36251 33140 32885 
11140 22943 33154 32484 
15668 11693 33106 32138 
22838 4382 32984 31884 
31624 2434 32781 31743 
40850 6249 32596 31799 
48578 14860 32444 31996 
53652 26652 32362 32328 
54963 39440 32355 32696 
52150 51078 32442 33055 
45794 58943 32622 33368 
37248 61719 32844 33533 
28260 58750 33031 33516 
20640 50582 33205 33359 
16110 39128 33305 33061 
15157 26594 33286 32691 
17604 15675 33181 32328 
22612 8392 32972 32019 
28818 6266 32643 31792 
35193 9266 32382 31820 
40584 16365 32132 31982 
44260 26202 31971 32312 
45579 36527 31933 32739 
44350 45761 32020 33185 
40767 52485 32203 33572 
35316 55740 32510 33863 
29022 54892 32813 33899 
23425 50344 33097 33742 
19655 42818 33321 33410 
18751 33502 33486 32973 
21201 23586 33507 32422 
26662 15196 33455 31935 
34057 9669 33299 31540 
41756 8156 33059 31313 
48264 11371 32802 31322 
51583 18791 32549 31522 
50826 29191 32325 31939 
45890 40599 32154 32464 
37391 50881 32032 33027 
27453 57627 31988 33569 
18113 59699 32031 33994 
11450 56728 32172 34276 
8891 49172 32370 34322 
11153 38798 32634 34171 
17541 27347 32873 33772 
26698 16755 33080 33218 
37268 8696 33284 32582 
47324 4743 33462 31944 
54666 5632 33527 31402 
58505 11028 33484 31018 
58084 20231 33358 30850 
53028 31952 33155 30955 
44223 43880 32896 31280 
32887 54347 32622 31820 
20971 61501 32415 32529 
10675 63910 32204 33234 
4567 60931 32044 33873 
4418 53520 32048 34386 
9701 42537 32073 34599 
19272 29740 32207 34601 
31279 16640 32374 34312 
42958 5737 32522 33817 
52482 246 32696 33220 
58288 72 32776 32515 
59548 62 32896 31940 
55929 10921 32965 31480 
48194 24360 33003 31249 
37692 39750 33063 31273 
26110 54541 33117 31499 
15489 64990 33160 31842 
8329 65461 33223 32248 
5806 65499 33235 32626 
8376 65501 33220 32952 
15471 56620 33120 33143 
25305 42492 32987 33256 
36158 27287 32735 33204 
46234 13436 32530 33182 
54082 2389 32251 33043 
58187 132 32011 32942 
58113 74 31852 32889 
53867 72 31791 32850 
46032 10209 31887 32914 
36141 22457 32068 32979 
25771 36607 32347 33037 
16636 50325 32708 33089 
10189 61320 33052 33065 
7693 65376 33347 32946 
9223 65485 33581 32745 
14264 64173 33718 32509 
21855 51401 33685 32193 
30399 38251 33526 31907 
38839 24685 33276 31720 
46092 12811 32928 31617 
51460 4509 32602 31727 
54426 807 32236 31930 
54503 2371 31950 32293 
51848 8568 31824 32787 
46522 18205 31762 33238 
39159 29863 31890 33737 
30799 41220 32119 34068 
22562 50893 32435 34221 
15770 57476 32788 34146 
11455 60181 33106 33822 
10552 58712 33420 33381 
12867 53412 33559 32794 
17892 45123 33609 32183 
24687 34893 33507 31637 
31929 24651 33291 31260 
38775 15946 33015 31103 
44701 10205 32692 31170 
49128 8737 32380 31470 
51928 11668 32165 31954 
52647 18289 32026 32497 
50951 27324 32007 33075 
46705 36497 32097 33610 
40071 43833 32257 33960 
31891 48011 32465 34112 
23287 48415 32704 34044 
16225 45626 32930 33802 
11799 40946 33100 33398 
10684 35919 33201 32916 
12997 31674 33215 32404 
18137 29003 33198 32024 
25080 27595 33076 31737 
32884 27033 32881 31590 
40495 27010 32661 31667 
46965 27468 32476 31946 
51383 28475 32318 32292 
53000 30087 32241 32735 
51493 32090 32228 33131 
47096 34040 32285 33431 
40639 35518 32460 33619 
32896 36195 32689 33633 
25388 36062 32936 33464 
19165 35482 33139 33121 
15246 34900 33325 32721 
14229 34452 33429 32298 
16286 34086 33426 31937 
21071 33585 33285 31677 
27883 32784 33037 31603 
35148 31645 32715 31726 
41762 30389 32417 32030 
46523 29323 32143 32442 
48742 28707 31978 32960 
47944 28518 31876 33387 
44511 28716 31937 33748 
39103 29186 32119 33938 
32630 29908 32390 33928 
26298 31100 32672 33708 
21317 33214 32940 33358 
18563 36487 33110 32886 
18668 40558 33209 32451 
21385 44620 33232 32091 
26037 47244 33152 31838 
31755 46902 33031 31721 
37455 42749 32887 31789 
42376 35053 32776 31947 
45748 25072 32711 32212 
46822 15721 32707 32478 
45337 9403 32803 32756 
41206 7789 32836 32896 
35076 11550 32907 33003 
28435 19445 32922 33017 
22720 29598 32842 32931 
19277 39891 32736 32868 
18705 48536 32556 32805 
20874 54472 32391 32799 
24925 57119 32189 32801 
