31964 31829 31790 33624 
31964 31829 31790 33624 
31966 32032 31818 34040 
32066 32306 31949 34239 
32285 32653 32200 34278 
32493 32933 32453 34061 
32747 33186 32777 33664 
32959 33367 33072 33143 
33138 33476 33343 32565 
33297 33520 33582 32018 
33348 33453 33691 31542 
33343 33341 33708 31247 
33255 33158 33574 31127 
33087 32939 33333 31199 
32927 32723 33043 31466 
32727 32507 32687 31882 
32587 32361 32391 32410 
32450 32237 32122 32962 
32320 32126 31901 33450 
32295 32110 31835 33876 
32309 32149 31880 34123 
32348 32223 32017 34183 
32403 32301 32194 34030 
32461 32391 32404 33714 
32534 32514 32638 33328 
32585 32627 32824 32854 
32594 32708 32946 32373 
32645 32857 33065 32028 
32680 32959 33115 31754 
32788 33135 33199 31716 
32879 33251 33216 31782 
32998 33335 33223 31932 
33145 33402 33232 32174 
33240 33363 33193 32399 
33333 33301 33165 32629 
33326 33130 33045 32774 
33213 32889 32874 32833 
33042 32617 32676 32843 
32810 32377 32457 32858 
32521 32150 32244 32848 
32225 31961 32043 32851 
32008 31877 31934 32901 
31870 31903 31898 32997 
31846 32016 31955 33099 
31930 32198 32125 33209 
32124 32449 32365 33270 
32401 32729 32660 33274 
32711 32987 32956 33204 
32999 33184 33191 33003 
33251 33352 33386 32756 
33463 33462 33521 32472 
33558 33455 33550 32150 
33569 33371 33493 31901 
33397 33139 33287 31680 
33148 32888 33031 31630 
32861 32620 32741 31743 
32554 32358 32447 31987 
32263 32142 32183 32343 
32058 32010 31989 32771 
31925 31969 31871 33205 
31950 32061 31889 33587 
32096 32261 32039 33870 
32347 32538 32297 33980 
32624 32825 32591 33883 
32887 33081 32899 33596 
33081 33267 33179 33164 
33235 33393 33404 32687 
33271 33370 33521 32176 
33204 33222 33500 31768 
33074 33008 33380 31518 
32874 32706 33133 31413 
32680 32426 32843 31545 
32497 32212 32532 31837 
32397 32128 32289 32257 
32355 32167 32122 32743 
32352 32309 32037 33192 
32428 32554 32076 33568 
32585 32855 32237 33840 
32723 33085 32420 33856 
32873 33271 32653 33738 
32981 33322 32862 33458 
33047 33234 33019 33066 
33036 32997 33098 32584 
33017 32738 33161 32179 
32918 32410 33126 31806 
32778 32136 33020 31606 
32586 31920 32851 31561 
32401 31847 32665 31729 
32253 31949 32521 32061 
32165 32179 32397 32519 
32165 32528 32359 33020 
32192 32861 32340 33456 
32367 33220 32433 33821 
32607 33522 32594 33993 
32885 33695 32770 33948 
33170 33739 32992 33708 
33377 33593 33119 33237 
33521 33350 33230 32682 
33547 33045 33256 32106 
33438 32700 33184 31560 
33229 32386 33044 31220 
32918 32114 32819 31080 
32579 31918 32560 31178 
32284 31867 32333 31560 
32062 31925 32182 32153 
31921 32051 32083 32811 
31897 32244 32085 33478 
32026 32493 32227 34074 
32498 32960 32680 34549 
32717 33086 32867 34364 
32915 33176 33042 33964 
33049 33180 33114 33380 
33087 33110 33097 32697 
33105 33037 33040 32085 
33070 32942 32926 31586 
33001 32819 32781 31273 
32967 32739 32702 31195 
32899 32672 32637 31310 
32905 32669 32680 31627 
32875 32658 32748 32028 
32863 32698 32865 32459 
32776 32688 32934 32811 
32692 32703 33001 33108 
32588 32716 33014 33311 
32462 32692 32943 33404 
32353 32636 32799 33413 
32277 32546 32610 33365 
32279 32469 32406 33291 
32340 32408 32238 33215 
32451 32358 32105 33133 
32599 32383 32064 33062 
32816 32519 32152 33038 
33029 32719 32347 32990 
33170 32934 32583 32886 
33212 33122 32825 32706 
33202 33328 33092 32504 
33111 33435 33313 32263 
32975 33444 33462 32049 
32767 33306 33480 31836 
32605 33093 33427 31725 
32471 32788 33281 31696 
32425 32464 33085 31823 
32455 32173 32872 32055 
32499 31906 32594 32359 
32617 31807 32376 32772 
32643 31758 32122 33129 
32694 31898 31989 33530 
32704 32130 31912 33850 
32678 32462 31947 34066 
32625 32835 32074 34135 
32566 33173 32265 34030 
32527 33457 32512 33749 
32522 33641 32793 33342 
32614 33705 33090 32839 
32733 33632 33329 32269 
32929 33492 33547 31748 
33092 33239 33645 31296 
33210 32915 33609 30976 
33282 32608 33489 30905 
33257 32315 33255 31039 
33175 32119 32974 31447 
32972 31985 32637 31998 
32755 31963 32335 32655 
32534 32050 32117 33368 
32292 32144 31943 33946 
32175 32352 31938 34412 
32107 32535 31992 34586 
32148 32714 32155 34519 
32248 32856 32342 34168 
32380 32932 32502 33614 
32541 32980 32673 32999 
32686 33005 32809 32379 
32808 33002 32889 31853 
32872 32955 32923 31459 
32924 32946 32976 31350 
32950 32918 33014 31425 
32981 32913 33096 31700 
33007 32916 33174 32065 
33033 32889 33256 32433 
33061 32854 33302 32737 
33084 32835 33325 32975 
33054 32754 33243 33084 
32980 32661 33093 33078 
32901 32586 32884 33029 
32756 32481 32597 32908 
32600 32403 32285 32809 
32428 32338 31982 32748 
32286 32300 31736 32764 
32175 32299 31625 32842 
32126 32358 31656 33000 
32133 32437 31822 33151 
32247 32604 32153 33317 
32388 32767 32541 33381 
32577 32940 32968 33323 
32727 33056 33333 33095 
32932 33195 33664 32787 
33099 33287 33843 32415 
33261 33347 33904 32038 
33341 33297 33757 31692 
33367 33187 33513 31492 
33317 33004 33157 31411 
33218 32795 32787 31540 
33068 32555 32422 31853 
32865 32331 32109 32325 
32591 32101 31852 32860 
32285 31891 31683 33384 
32047 31796 31666 33869 
31885 31819 31791 34212 
31833 31955 32002 34372 
31891 32210 32307 34296 
32065 32518 32632 33962 
32357 32940 33008 33475 
32660 33266 33267 32805 
33003 33590 33493 32122 
33355 33854 33672 31534 
33598 33933 33707 31087 
33721 33833 33619 30841 
33673 33562 33392 30824 
33494 33187 33095 31088 
33215 32737 32757 31571 
32892 32304 32451 32252 
32527 31918 32174 32962 
32190 31655 31984 33625 
31922 31549 31889 34152 
31794 31640 31918 34469 
31810 31877 32041 34529 
31956 32186 32235 34358 
32177 32512 32433 34020 
32465 32843 32634 33657 
32724 33071 32763 33259 
32978 33243 32874 32791 
33129 33267 32924 32082 
33221 33213 32978 31174 
33192 33080 32989 30147 
33117 32944 33038 29308 
32999 32814 33079 29046 
32888 32759 33133 29652 
32805 32775 33185 31157 
32807 32885 33206 33286 
32847 33035 33169 35437 
32883 33177 33081 37162 
32808 33120 32927 38041 
32605 32835 32704 37913 
32246 32440 32479 36872 
31689 32205 32219 35129 
31179 32370 31993 32976 
31337 32606 31826 30636 
32978 32200 31826 28464 
35951 30357 31897 26648 
38988 27634 32095 25603 
39291 26120 32366 25638 
34828 28399 32678 26872 
26073 35429 32998 29263 
16595 45460 33294 32514 
11738 54119 33549 36116 
15719 56249 33681 39438 
28619 48500 33690 41899 
45747 32038 33586 42892 
60823 12261 33399 42158 
65465 341 33102 39692 
65535 0 32773 35872 
53790 0 32440 31294 
35952 16619 32120 26569 
19487 35425 31827 22806 
7893 52539 31717 20734 
1885 63874 31704 20675 
177 65416 31839 22679 
214 65446 32125 26494 
5989 65454 32437 31318 
15304 65474 32844 36698 
28681 54260 33188 41246 
44670 38316 33475 44366 
60573 18114 33697 45535 
65337 742 33726 44537 
65483 131 33657 41628 
65529 30 33444 37287 
65535 0 33150 32276 
65535 0 32807 27326 
54366 16327 32456 23391 
33892 38443 32190 21135 
12847 60979 31993 20889 
313 65376 31908 22515 
0 65535 31948 25726 
0 65535 32101 29859 
9477 65535 32299 34277 
26196 65499 32526 38298 
43137 42196 32722 41093 
57493 17876 32838 42389 
65191 569 32910 42157 
65525 62 32915 40487 
57636 2 32877 37706 
44389 0 32867 34371 
25085 6291 32829 31017 
5510 22880 32934 28351 
172 43146 33000 26512 
40 62982 33120 25786 
20 65416 33231 26158 
34 65535 33301 27506 
12998 65535 33290 29473 
28249 65535 33176 31676 
44656 58110 32989 33740 
59761 36289 32697 35381 
65361 12873 32403 36443 
65504 354 32108 36752 
65525 64 31852 36366 
65523 34 31743 35523 
56123 26 31729 34366 
40877 6273 31894 33198 
23571 19660 32168 32167 
9303 35659 32503 31421 
626 51419 32875 31059 
77 62807 33208 31096 
65 65432 33512 31442 
7896 65507 33725 31935 
17963 58975 33804 32435 
28856 47524 33716 32829 
38876 31884 33464 33018 
46055 17006 33154 33071 
49412 5206 32765 32939 
48857 213 32368 32708 
45376 75 32031 32464 
40195 103 31817 32309 
34679 10737 31711 32242 
30171 22943 31790 32345 
27948 36528 32032 32587 
28413 48755 32348 32866 
31016 57337 32729 33159 
34496 61137 33093 33383 
37268 60026 33373 33475 
38342 54966 33556 33413 
37561 47582 33619 33237 
35528 38853 33483 32916 
33412 29906 33255 32578 
31926 21516 32960 32261 
30798 14426 32632 32040 
29152 10182 32339 31954 
26194 10312 32129 32010 
22098 15709 32022 32220 
18595 25250 32059 32513 
18006 35897 32166 32829 
21773 44425 32346 33101 
29526 48449 32596 33319 
39166 47187 32844 33418 
47724 41767 33048 33343 
52851 34484 33191 33133 
53249 28237 33258 32852 
49142 25098 33255 32534 
41970 25706 33160 32262 
33142 29148 32979 32051 
24466 33723 32734 31941 
17946 37507 32507 32028 
15240 39053 32302 32253 
17461 37751 32169 32558 
23943 34405 32122 32912 
31985 30892 32191 33244 
38946 28742 32372 33524 
42466 28693 32593 33638 
41960 30286 32889 33622 
38668 31976 33137 33425 
34984 32343 33339 33073 
32971 30829 33458 32647 
32846 28424 33456 32207 
33042 27005 33337 31807 
31520 28407 33106 31505 
27383 33250 32786 31391 
21634 40579 32462 31495 
17420 47643 32240 31848 
17828 51248 32014 32250 
24200 49430 31942 32784 
35247 41947 31981 33314 
47899 30301 32115 33742 
58445 17486 32357 34073 
63494 6704 32654 34195 
61008 1302 32886 34078 
51983 2798 33033 33735 
38346 11123 33114 33290 
22943 24685 33105 32766 
8625 40785 33037 32256 
318 56548 32947 31870 
55 65233 32839 31597 
33 65481 32739 31514 
8537 65509 32709 31596 
21799 65512 32764 31832 
36859 56430 32884 32131 
50882 40285 32969 32445 
61683 22537 33054 32739 
65373 6103 33084 32982 
65462 215 33004 33116 
65488 71 32842 33168 
64958 30 32606 33159 
49116 76 32366 33130 
31916 15861 32090 33028 
12958 34036 31907 32985 
425 53521 31798 32929 
33 65181 31879 32963 
0 65516 32089 32994 
1623 65535 32390 32978 
17990 65535 32792 32988 
34046 62131 33186 32911 
48096 40032 33498 32776 
57475 19017 33730 32588 
60788 1584 33821 32402 
58752 100 33721 32180 
52906 49 33465 31986 
44327 41 33136 31855 
33788 8088 32756 31834 
22268 21055 32422 31939 
10984 36930 32123 32140 
2342 52702 31890 32394 
108 64834 31773 32731 
52 65457 31794 33132 
7275 65509 31859 33428 
19333 65527 32062 33726 
33840 63138 32346 33915 
48424 43545 32635 33935 
61120 23171 32934 33797 
65383 4201 33187 33521 
65488 141 33364 33094 
65500 39 33501 32658 
65385 36 33591 32220 
50563 6069 33573 31822 
36729 17383 33447 31489 
23631 30558 33246 31335 
13707 42889 33039 31361 
7912 52713 32755 31532 
6145 59026 32481 31841 
7535 61551 32267 32257 
11182 59959 32104 32733 
16396 54228 31957 33156 
22737 44838 31911 33547 
30023 32731 31994 33880 
37315 19866 32120 33990 
43651 8967 32291 33965 
48247 1993 32524 33826 
50353 126 32707 33512 
49931 3244 32867 33169 
47334 10438 32997 32810 
43049 20314 33072 32461 
37849 31136 33164 32201 
32245 41863 33193 32012 
26826 51823 33221 31920 
22236 60325 33218 31884 
19231 65283 33229 31931 
18538 65448 33215 32013 
20539 65496 33152 32097 
24947 65446 33052 32204 
30886 49975 32902 32333 
36843 32354 32692 32489 
41489 14771 32460 32672 
44319 1096 32239 32892 
45094 93 32000 33097 
43867 67 31841 33310 
40746 83 31774 33500 
35903 8117 31820 33653 
30038 17417 32002 33713 
24351 28444 32279 33694 
20262 40290 32635 33564 
18615 51964 33001 33298 
19619 61724 33320 32939 
22783 65385 33622 32563 
27293 65497 33788 32182 
32563 63910 33820 31807 
38051 48855 33684 31526 
43255 32985 33451 31414 
47639 16880 33116 31404 
50100 3817 32750 31556 
49629 133 32436 31882 
45514 44 32158 32265 
38193 7131 31948 32694 
29307 16510 31813 33117 
21206 31160 31788 33499 
15675 45772 31854 33799 
13712 57214 32031 34024 
15234 63128 32268 34086 
19523 62591 32563 34046 
25512 56314 32835 33794 
32160 46149 33080 33442 
38554 34253 33316 32996 
43551 23397 33497 32515 
46723 14538 33609 32046 
47558 8454 33599 31600 
45963 5637 33477 31249 
42345 6631 33294 31078 
37243 12211 33023 31100 
31835 22045 32717 31326 
26959 35056 32458 31786 
23271 48676 32189 32314 
21311 60241 32077 32983 
21253 65374 31967 33543 
23364 65514 32002 34071 
27425 57755 32145 34411 
32557 43448 32277 34446 
37672 27015 32503 34301 
41439 12794 32708 33919 
42970 3842 32861 33368 
41948 1905 33014 32773 
38596 6696 33092 32154 
33887 16422 33144 31639 
28932 28457 33152 31295 
25192 39813 33094 31152 
23714 48212 32994 31237 
24706 52654 32899 31550 
27599 52927 32757 32007 
31416 49709 32620 32530 
35087 44098 32511 33071 
37831 37106 32449 33567 
39194 29633 32403 33886 
39350 23076 32467 34027 
38560 17987 32564 33951 
37086 15392 32704 33679 
35028 16162 32817 33241 
32480 20678 32937 32714 
29810 28180 33020 32206 
27540 36492 33062 31785 
26232 43601 33031 31533 
26267 47700 32919 31477 
27724 47912 32762 31606 
30195 44729 32618 31967 
32937 39501 32478 32428 
35022 34078 32365 32940 
35961 29919 32304 33392 
35867 27347 32337 33738 
35105 26059 32434 33921 
34131 25570 32589 33874 
33166 25710 32745 33626 
32370 26714 32882 33222 
31837 28895 32977 32774 
31760 32073 33009 32343 
32317 35405 32949 31982 
33562 37751 32861 31777 
35152 37936 32744 31724 
36491 35585 32661 31893 
36864 31471 32646 32199 
35866 27416 32630 32510 
33749 25418 32699 32811 
31022 26749 32777 33043 
28392 31340 32864 33150 
26409 37688 32924 33134 
25348 43549 32989 33016 
25301 46426 32954 32791 
26493 45009 32893 32586 
29055 39819 32767 32418 
33126 32471 32624 32379 
38139 25292 32471 32439 
42805 20267 32319 32584 
45700 18595 32246 32841 
45471 20127 32190 33078 
41980 23982 32273 33352 
36271 28618 32425 33498 
29918 33100 32617 33487 
24575 36977 32821 33311 
21291 40105 33016 32991 
20373 42446 33163 32582 
21609 43889 33295 32187 
24371 43815 33316 31768 
28088 41835 33293 31522 
32045 37894 33177 31444 
35967 32548 33011 31563 
39621 26856 32814 31864 
42755 22083 32591 32269 
45046 19437 32416 32853 
45581 19439 32172 33344 
43854 22047 32045 33815 
39553 26459 31997 34148 
33052 31643 31987 34230 
25766 36841 32096 34158 
19577 41291 32286 33882 
16357 44681 32595 33462 
17093 46401 32902 32898 
21238 46033 33190 32296 
27234 43255 33462 31738 
33231 38027 33634 31296 
38024 31028 33713 31044 
41366 23491 33657 30997 
43634 17519 33461 31188 
45195 14783 33153 31545 
45772 16104 32806 32091 
44449 20961 32443 32690 
40482 28056 32096 33283 
34092 35623 31855 33830 
26667 42117 31737 34204 
20202 46467 31727 34364 
16982 48165 31915 34332 
17716 47255 32168 34084 
21561 44169 32460 33628 
26910 39675 32763 33111 
32016 34548 33002 32539 
35756 29664 33171 32036 
38050 25556 33260 31663 
39213 22768 33258 31478 
39756 21465 33190 31505 
39833 21635 33080 31708 
39327 23105 32965 32015 
38205 25678 32875 32377 
36641 28816 32808 32686 
34961 32104 32794 32965 
33367 34919 32824 33121 
31734 37076 32813 33111 
30021 38842 32862 33074 
28156 40357 32844 32940 
26681 41654 32788 32792 
26254 42229 32629 32617 
27382 41407 32466 32569 
29650 38590 32277 32579 
31919 34180 32124 32697 
33033 29218 31988 32821 
32735 25446 31963 33006 
31603 24173 32033 33159 
30979 25685 32257 33291 
31964 28899 32550 33310 
34731 31800 32889 33206 
38435 32533 33196 32956 
41664 30586 33483 32687 
43007 27023 33688 32383 
41670 24159 33747 32077 
37737 24477 33700 31857 
32325 29015 33505 31732 
26825 36797 33208 31735 
22602 45097 32870 31879 
20732 50918 32529 32154 
21556 51951 32199 32489 
24663 47604 31894 32795 
29072 39693 31685 33084 
33691 30797 31626 33338 
37566 23405 31688 33545 
40048 19043 31859 33661 
41016 17873 32137 33702 
40605 19117 32480 33660 
39139 21703 32861 33550 
36915 24747 33244 33363 
34234 27926 33505 33049 
31522 31542 33728 32721 
29122 35806 33818 32350 
27352 40535 33790 31945 
26438 45009 33596 31542 
26644 47888 33313 31265 
28065 47906 32986 31144 
30556 44480 32605 31189 
33851 38109 32279 31456 
37136 30154 31994 31884 
39561 22593 31798 32452 
40084 17713 31751 33110 
38258 16760 31821 33748 
34553 19729 31960 34230 
30059 25669 32222 34563 
25993 33009 32496 34637 
23390 40029 32709 34410 
22984 45296 32948 34038 
24791 47397 33018 33369 
28705 45876 33129 32772 
33891 40858 33138 32121 
39372 33595 33147 31622 
43806 25811 33102 31259 
45936 19567 33092 31129 
44788 16590 33068 31175 
40721 17481 33038 31398 
34898 21802 33041 31755 
28796 28460 33004 32130 
23873 36104 32917 32504 
21040 43284 32837 32856 
20562 48593 32642 33105 
22576 50693 32512 33352 
26605 49030 32322 33501 
31912 43882 32162 33572 
37378 36294 32015 33574 
41728 27893 31988 33588 
43367 20631 31986 33499 
41956 16182 32140 33425 
38236 14963 32350 33307 
33807 16832 32619 33104 
30263 21140 32863 32815 
28389 27255 33157 32522 
27642 34578 33400 32204 
27039 42020 33511 31865 
26037 48908 33588 31630 
25048 53951 33541 31493 
25462 55674 33392 31455 
28716 52641 33155 31554 
35060 44343 32917 31820 
42910 31632 32631 32148 
49416 17370 32382 32597 
52002 4990 32130 33047 
49110 151 31939 33490 
41290 14 31818 33887 
30447 9320 31784 34151 
20092 25012 31883 34267 
13301 41874 32061 34209 
11463 55881 32316 33967 
14359 63907 32677 33597 
20354 65058 33004 33068 
27633 59809 33340 32454 
34506 51445 33645 31866 
39904 41825 33798 31314 
43786 32339 33839 30974 
46471 23001 33776 30845 
47930 13826 33485 30869 
47965 5835 33148 31203 
45921 786 32704 31707 
41608 245 32301 32392 
35509 7642 31938 33073 
28622 19771 31660 33687 
22535 34913 31605 34242 
18371 49736 31668 34511 
16961 61082 31923 34594 
18223 65399 32266 34425 
21313 65481 32614 34008 
25442 58070 32898 33434 
30026 48078 33133 32806 
34600 36643 33250 32205 
38825 25396 33275 31737 
41937 16174 33169 31403 
43288 10542 33055 31331 
42603 9040 32926 31424 
40318 11676 32814 31665 
37499 17578 32815 32025 
35161 25135 32819 32361 
34171 32418 32884 32686 
34260 37734 32968 32939 
34421 40712 33006 33074 
33620 41680 33036 33169 
31240 41395 32937 33134 
27583 40646 32743 33051 
24144 40009 32555 33042 
22096 39372 32305 32994 
21943 38573 32044 32965 
23480 37483 31877 33006 
26004 36096 31809 33055 
29063 34499 31900 33135 
32697 32684 32098 33147 
37045 30658 32425 33117 
41943 28291 32795 32975 
46293 25798 33182 32774 
48458 23680 33521 32504 
47128 22578 33743 32189 
42409 22999 33826 31927 
35986 24812 33772 31739 
30052 27360 33537 31605 
26525 30016 33267 31698 
25433 32309 32893 31907 
25470 34494 32523 32218 
24775 37159 32175 32608 
22785 40891 31902 33021 
20653 45355 31712 33422 
20613 49290 31651 33740 
24433 50829 31744 33976 
31829 48212 31954 34038 
40363 40918 32199 33916 
46791 30445 32533 33665 
48805 19742 32892 33303 
46185 12375 33212 32844 
40698 10440 33475 32345 
34735 14250 33674 31902 
30069 22038 33746 31539 
27339 30954 33689 31298 
26295 38331 33516 31247 
26485 42048 33248 31386 
27584 41925 32877 31654 
29453 39397 32527 32101 
31645 36418 32233 32638 
33330 34561 31962 33135 
33972 34459 31809 33612 
33548 35452 31784 33974 
32809 36121 31865 34131 
32832 35102 32055 34101 
34143 32102 32330 33894 
36157 28221 32644 33543 
37554 25265 32955 33103 
36941 25098 33154 32561 
