33681 33432 33696 32059 
33681 33432 33696 32059 
33835 33579 33821 31490 
33836 33635 33790 31113 
33654 33524 33577 30955 
33391 33332 33271 31069 
33035 33053 32897 31421 
32646 32721 32505 31967 
32301 32418 32202 32625 
31985 32133 31963 33261 
31778 31936 31842 33785 
31703 31864 31865 34116 
31814 31936 32026 34242 
32007 32126 32271 34137 
32318 32403 32591 33850 
32645 32705 32873 33392 
32938 32946 33106 32839 
33223 33183 33290 32353 
33447 33353 33400 31953 
33513 33345 33333 31643 
33478 33267 33200 31554 
33292 33042 32928 31596 
33058 32806 32660 31840 
32769 32571 32420 32162 
32482 32370 32228 32546 
32195 32208 32088 32879 
32023 32165 32103 33190 
31998 32259 32238 33439 
32103 32446 32483 33559 
32305 32669 32783 33541 
32599 32904 33084 33426 
32878 33085 33327 33195 
33172 33240 33513 32937 
33340 33257 33523 32627 
33431 33228 33434 32360 
33209 32909 32899 31942 
32938 32669 32535 31863 
32674 32471 32228 31904 
32377 32247 31936 32009 
32199 32143 31818 32245 
32123 32135 31843 32538 
32177 32231 32014 32887 
32265 32351 32246 33194 
32458 32550 32575 33473 
32657 32771 32888 33658 
32768 32895 33087 33664 
32880 33030 33246 33599 
32909 33088 33296 33417 
32872 33069 33237 33132 
32784 32957 33077 32791 
32710 32835 32900 32465 
32665 32722 32752 32221 
32671 32612 32647 32029 
32743 32583 32647 31954 
32838 32576 32679 31940 
32948 32653 32767 31993 
33054 32746 32869 32089 
33090 32833 32931 32198 
33085 32937 32970 32367 
33015 32985 32923 32517 
32870 32986 32795 32675 
32667 32925 32604 32836 
32461 32787 32392 33002 
32276 32595 32180 33178 
32142 32395 32022 33333 
32116 32266 31997 33502 
32149 32155 32045 33578 
32275 32143 32216 33596 
32449 32219 32500 33501 
32655 32381 32812 33306 
32881 32621 33152 33026 
33084 32894 33443 32701 
33243 33143 33656 32310 
33312 33328 33715 31929 
33336 33441 33662 31644 
33279 33451 33473 31475 
33145 33330 33159 31436 
32987 33127 32815 31558 
32817 32886 32469 31838 
32628 32604 32158 32201 
32448 32335 31900 32637 
32292 32151 31758 33096 
32154 32023 31728 33528 
32057 31994 31798 33851 
32053 32091 31995 34069 
32076 32249 32236 34099 
32153 32433 32508 33949 
32363 32698 32890 33696 
32585 32881 33186 33280 
32846 33036 33442 32817 
33144 33172 33650 32344 
33404 33217 33739 31892 
33584 33217 33704 31535 
33640 33158 33544 31318 
33596 33072 33307 31292 
33429 32951 33003 31424 
33132 32804 32637 31683 
32813 32669 32318 32105 
32506 32571 32073 32603 
32222 32475 31904 33101 
31986 32357 31792 33521 
31852 32285 31820 33822 
31905 32330 31991 34022 
31979 32340 32162 33979 
32173 32446 32442 33805 
32423 32593 32734 33522 
32665 32752 33007 33113 
32881 32908 33219 32664 
33103 33087 33405 32287 
33305 33250 33529 31996 
33324 33225 33456 31718 
33347 33183 33360 31680 
33268 33031 33172 31751 
33134 32806 32926 31975 
32927 32512 32616 32239 
32723 32256 32367 32606 
32534 32075 32188 32971 
32325 31931 32049 33242 
32203 31964 32036 33456 
32158 32134 32139 33556 
32230 32474 32368 33563 
32343 32834 32604 33362 
32521 33200 32867 33077 
32716 33494 33089 32705 
32929 33713 33284 32357 
33098 33774 33380 32041 
33194 33645 33345 31799 
33232 33387 33241 31737 
33133 32969 32991 31782 
33028 32586 32764 32049 
32887 32209 32535 32435 
32704 31890 32318 32849 
32512 31685 32155 33272 
32379 31668 32101 33615 
32325 31818 32160 33824 
32341 32056 32309 33824 
32415 32365 32510 33658 
32499 32665 32697 33333 
32572 32935 32850 32920 
32625 33110 32933 32452 
32688 33234 32995 32055 
32716 33263 32975 31778 
32727 33254 32933 31690 
32703 33170 32846 31759 
32730 33129 32819 32004 
32763 33066 32799 32310 
32819 33019 32814 32678 
32909 32971 32866 32998 
33000 32906 32918 33210 
33107 32829 32965 33327 
33205 32720 32996 33309 
33196 32547 32937 33153 
33145 32371 32856 32938 
32964 32138 32680 32652 
32784 32025 32543 32492 
32519 31916 32378 32370 
32218 31873 32200 32324 
31988 31965 32110 32423 
31835 32163 32101 32578 
31806 32477 32173 32796 
31939 32842 32342 32991 
32171 33217 32552 33131 
32519 33582 32825 33209 
32881 33828 33061 33154 
33256 33951 33298 33043 
33568 33896 33449 32836 
33738 33671 33494 32577 
33793 33367 33467 32369 
33688 32928 33323 32159 
33468 32469 33128 32044 
33173 32054 32902 32043 
32826 31736 32664 32133 
32477 31572 32427 32297 
32188 31570 32253 32539 
31934 31693 32097 32778 
31758 31922 31996 32991 
31688 32208 31958 33205 
31754 32560 32006 33373 
31934 32904 32142 33486 
32148 33171 32302 33505 
32452 33372 32528 33431 
32763 33482 32776 33276 
33071 33509 33034 33045 
33365 33476 33295 32771 
33594 33395 33527 32464 
33714 33260 33668 32147 
33731 33115 33703 31903 
33660 32950 33651 31732 
33448 32723 33443 31609 
33211 32543 33190 31691 
32904 32354 32828 31890 
32580 32176 32453 32148 
32284 32052 32092 32494 
32021 31973 31805 32871 
31856 31980 31638 33253 
31753 32031 31599 33581 
31830 32231 31773 33870 
31929 32417 32001 33933 
32130 32661 32324 33893 
32352 32877 32652 33695 
32597 33044 32956 33394 
32806 33151 33173 32992 
32998 33221 33331 32580 
33188 33268 33411 32237 
33288 33243 33386 31921 
33334 33184 33304 31734 
33326 33115 33191 31665 
33291 33047 33086 31737 
33198 32939 32980 31862 
33082 32795 32882 32056 
32992 32688 32840 32313 
32859 32531 32765 32544 
32741 32404 32701 32782 
32603 32252 32585 32977 
32427 32106 32416 33100 
32302 32038 32267 33235 
32221 32072 32150 33344 
32136 32163 32052 33386 
32126 32349 32029 33400 
32151 32580 32094 33365 
32199 32841 32219 33283 
32337 33126 32438 33159 
32505 33351 32694 32991 
32748 33541 33011 32819 
32964 33583 33270 32573 
33213 33550 33521 32363 
33405 33384 33655 32147 
33542 33123 33677 31958 
33567 32793 33575 31844 
33495 32456 33360 31810 
33330 32162 33077 31875 
33053 31917 32698 32035 
32686 31771 32309 32286 
32309 31749 31979 32609 
31946 31825 31710 32943 
31690 32036 31614 33280 
31625 32342 31716 33597 
31726 32718 31960 33824 
31991 33088 32288 33881 
32336 33416 32690 33793 
32792 33708 33113 33622 
33182 33809 33434 33376 
33564 33820 33686 33170 
33782 33671 33777 32919 
33804 33388 33698 32465 
33642 32982 33464 31717 
33323 32512 33106 30707 
32921 32086 32747 29732 
32527 31766 32411 29138 
32161 31584 32124 29297 
31875 31553 31898 30375 
31838 31795 31881 32385 
32004 32180 31977 34805 
32231 32591 32138 37013 
32513 33004 32423 38569 
32666 33179 32685 39006 
32694 33172 32946 38357 
32516 33131 33107 36666 
32255 33401 33254 34342 
32210 33861 33263 31592 
33070 33982 33222 28799 
35208 32907 33127 26290 
38011 30413 32953 24464 
39399 27775 32766 23810 
37055 27364 32566 24549 
30296 31068 32399 26765 
21130 38657 32290 30235 
13902 47175 32231 34433 
13438 52212 32252 38786 
21973 49342 32339 42424 
36478 37986 32511 44615 
51984 21100 32750 44961 
62692 4487 32970 43214 
63941 88 33154 39577 
55552 0 33292 34454 
40859 10477 33339 28679 
25530 28288 33315 23515 
13611 45979 33158 19796 
6569 59810 32987 18169 
3733 65339 32687 18862 
4024 65446 32446 21929 
7201 65451 32246 26875 
13711 65469 32085 32739 
23954 58514 32059 38614 
37178 46336 32107 43494 
51810 29201 32243 46671 
64692 8500 32463 47582 
65427 284 32685 46010 
65502 76 32899 42382 
65535 6 33036 37277 
65535 0 33116 31580 
65421 7460 33081 26217 
43662 25989 33047 22074 
22885 47536 32946 19849 
2540 64794 32820 19723 
65 65470 32762 21665 
0 65535 32720 25188 
12 65535 32741 29676 
14746 65535 32805 34428 
31022 53238 32884 38478 
46526 31069 32949 41251 
58357 7124 32979 42481 
63832 201 32942 42055 
61579 36 32854 40244 
51824 4 32678 37377 
36110 0 32489 34053 
18205 12412 32269 30899 
1540 30117 32134 28469 
104 49671 32057 27003 
35 64842 32079 26679 
25 65469 32216 27433 
7165 65535 32487 29039 
20468 65535 32735 30972 
36324 65535 33046 32945 
52255 50546 33289 34550 
64761 29567 33467 35551 
65455 7917 33519 35838 
65510 216 33463 35417 
65520 57 33286 34471 
65511 38 33079 33304 
53096 36 32821 32122 
36868 10138 32563 31175 
20671 24003 32388 30731 
8106 39319 32225 30757 
947 53112 32128 31278 
86 62364 32096 32155 
3348 65383 32162 33168 
10450 62020 32243 34127 
20063 53134 32375 34813 
30229 40546 32557 35154 
39005 26987 32741 35001 
44887 15269 32921 34425 
47416 7016 33080 33493 
46699 3135 33193 32397 
43665 3932 33323 31384 
39178 9224 33349 30492 
34643 18330 33287 29937 
31356 29502 33196 29830 
30040 41008 33052 30169 
30878 50632 32863 30877 
33265 56597 32653 31881 
36064 58107 32499 33021 
37767 55098 32270 34009 
37825 49257 32213 34841 
36254 41853 32158 35289 
33925 34054 32178 35372 
31813 26557 32253 35085 
30360 19709 32390 34475 
29274 14438 32541 33615 
27725 12384 32701 32756 
25103 14439 32861 31933 
21864 20799 33012 31294 
19555 30004 33106 30902 
20146 39505 33183 30809 
24773 46149 33194 30974 
32486 47966 33140 31345 
41111 44996 33026 31860 
48201 38800 32882 32418 
51846 31776 32717 32956 
51262 26233 32544 33408 
46724 24005 32390 33699 
39633 25393 32325 33854 
31308 29323 32330 33807 
23567 34014 32415 33633 
18256 37644 32534 33323 
16927 39133 32734 33004 
20062 38053 32889 32617 
26580 35306 33031 32288 
33904 32465 33130 32075 
39512 30776 33157 31962 
41597 30657 33073 31941 
40027 31516 32938 32086 
36549 31935 32751 32303 
33499 30835 32541 32567 
32396 28414 32394 32860 
32640 25921 32284 33095 
32574 25304 32283 33283 
30441 27925 32316 33358 
25946 33954 32440 33345 
20700 41753 32557 33193 
18060 48193 32711 33032 
20222 50833 32823 32812 
27702 48150 32895 32582 
38784 40314 32947 32416 
50476 28860 32943 32287 
59114 16951 32976 32280 
61775 7874 32959 32314 
57661 4242 32979 32419 
47807 6971 32956 32487 
34385 15775 32964 32570 
20029 28841 32953 32647 
7180 43897 32905 32654 
273 57780 32823 32664 
54 65238 32738 32673 
55 65480 32620 32694 
11895 65506 32495 32751 
25193 60594 32353 32799 
39335 47160 32244 32883 
52179 31023 32184 32981 
61655 15002 32254 33136 
65368 1176 32346 33211 
65460 127 32508 33226 
65490 60 32672 33140 
57899 27 32858 32995 
44123 7464 33023 32781 
26944 22964 33141 32532 
9320 41816 33226 32313 
268 60362 33239 32094 
24 65383 33209 31964 
0 65529 33137 31916 
8059 65535 33028 31985 
22819 65535 32853 32127 
38001 54272 32652 32344 
50294 35118 32484 32655 
57712 15802 32326 32989 
59769 965 32144 33260 
57338 92 32044 33522 
51380 50 32043 33696 
42817 50 32143 33752 
32736 10759 32314 33684 
22005 24160 32591 33489 
12179 39271 32867 33154 
5099 53740 33120 32730 
2406 64650 33366 32293 
4935 65455 33566 31909 
12433 65508 33607 31577 
23469 65522 33504 31386 
36303 54981 33300 31360 
48822 37588 33060 31554 
58972 18775 32738 31873 
64735 2057 32456 32365 
65439 104 32186 32866 
59198 42 32001 33349 
49878 46 31954 33802 
38266 9239 31968 34047 
26701 21086 32092 34143 
17092 34022 32252 34035 
11124 45604 32413 33715 
9111 54515 32623 33337 
10304 60037 32782 32871 
13827 61718 32923 32431 
18830 59325 33040 32047 
24858 52764 33118 31769 
31416 42690 33204 31651 
37886 30749 33260 31687 
43777 18738 33312 31849 
48239 8923 33317 32034 
50550 3188 33289 32275 
50356 2370 33210 32526 
47718 6246 33014 32696 
43373 13457 32796 32840 
38011 22498 32545 32954 
32272 32126 32283 33035 
26658 41581 32069 33105 
21618 50389 31883 33144 
17758 58222 31815 33207 
15950 63879 31874 33265 
16697 65421 32011 33299 
20185 65275 32263 33330 
25844 55098 32561 33260 
32517 42048 32823 33086 
39102 26248 33109 32856 
44248 11637 33339 32589 
47434 1269 33538 32347 
48287 95 33563 32048 
46912 77 33544 31832 
43296 4298 33404 31678 
37762 12284 33221 31681 
31313 21969 32969 31796 
25180 32971 32719 32030 
20639 44665 32477 32369 
18435 55740 32223 32736 
18728 64439 32038 33154 
21107 65450 31926 33533 
24875 65503 31905 33824 
29620 62352 31970 33966 
35054 47953 32129 33950 
40672 32219 32362 33796 
45671 16568 32639 33466 
48649 4308 32894 33006 
48543 154 33169 32534 
45010 49 33403 32082 
38595 5230 33518 31624 
30935 15877 33578 31389 
23910 29497 33536 31309 
19084 43106 33346 31358 
17441 53549 33075 31589 
18768 58783 32787 31993 
22316 58491 32512 32480 
27156 53458 32289 33007 
32468 45237 32095 33479 
37537 35657 32039 33877 
41567 26483 32054 34085 
43918 19010 32144 34090 
44330 13677 32262 33928 
42824 11009 32435 33631 
39678 11639 32558 33222 
35452 16226 32670 32778 
30994 24673 32767 32341 
27045 35667 32825 31997 
24119 47239 32878 31759 
22720 56641 32980 31691 
23127 61186 33069 31740 
25540 59155 33187 31896 
29551 50608 33296 32126 
34256 37853 33375 32351 
38593 23879 33398 32584 
41526 12262 33321 32769 
42285 5746 33157 32906 
40621 5619 32887 32989 
37049 11317 32558 33012 
32511 20890 32255 33064 
28163 31789 31946 33076 
25180 41651 31744 33112 
24280 48752 31655 33111 
25656 52278 31737 33165 
28699 51940 31945 33183 
32345 48548 32254 33200 
35588 43115 32625 33151 
37780 36569 32990 33027 
38692 29734 33291 32826 
38520 23315 33560 32573 
37543 18360 33714 32296 
35897 15881 33678 31964 
33896 16789 33560 31728 
31575 21029 33312 31550 
29310 27799 33042 31552 
27533 35297 32732 31696 
26723 41674 32406 31956 
27367 45263 32165 32394 
29229 45403 31989 32893 
31747 42713 31849 33350 
34183 38663 31869 33842 
35796 34640 31998 34211 
36226 31469 32170 34365 
35634 29558 32436 34323 
34524 28492 32696 34048 
33343 27876 32981 33584 
32307 27669 33199 32940 
31567 28236 33394 32264 
31215 29841 33513 31604 
31405 32384 33506 31031 
32353 35036 33435 30715 
33838 36674 33256 30623 
35506 36386 33032 30839 
36713 33922 32774 31308 
36839 30024 32514 32012 
35643 26408 32298 32800 
33404 24924 32113 33540 
30753 26639 32029 34180 
28353 31351 32067 34648 
26572 37468 32145 34788 
25623 42808 32263 34628 
25663 45451 32443 34251 
26884 44062 32576 33607 
29605 39187 32725 32947 
33644 32577 32807 32268 
38431 26366 32891 31722 
42613 22279 32905 31313 
44908 21258 32978 31188 
44252 22936 33006 31235 
40705 26331 33095 31509 
35373 30025 33169 31877 
29704 33331 33233 32275 
25095 36012 33246 32631 
22342 38231 33209 32952 
21675 39976 33070 33123 
22841 41145 32887 33254 
25289 41221 32626 33240 
28558 39759 32369 33220 
32095 36603 32155 33191 
35618 32047 31944 33092 
38939 27253 31838 33039 
41740 23476 31852 32987 
43666 21612 31962 32962 
44130 22096 32177 32931 
42526 24669 32475 32894 
38609 28660 32795 32809 
32710 33145 33091 32670 
26395 37297 33346 32513 
21284 40687 33534 32342 
18862 43031 33609 32171 
19744 44080 33558 32015 
23391 43437 33377 31919 
28387 40717 33089 31901 
33086 36018 32788 32038 
36742 29840 32451 32250 
39338 23510 32189 32578 
41305 18602 31984 32934 
42841 16538 31876 33276 
43497 18177 31919 33581 
42363 22986 32114 33793 
38821 29637 32339 33774 
33329 36568 32652 33644 
27199 42285 32951 33347 
22294 45943 33189 32914 
20295 47134 33392 32473 
21524 45963 33498 32059 
24976 42920 33456 31723 
29244 38708 33291 31528 
32995 34125 33073 31563 
35443 29643 32759 31729 
36759 25942 32466 32050 
37368 23346 32230 32455 
37724 21977 32084 32903 
37832 21898 32009 33283 
37561 23173 32075 33577 
36805 25662 32223 33718 
35711 28736 32410 33671 
34518 31962 32634 33508 
33211 34729 32805 33203 
31751 36950 32915 32859 
30049 38821 32977 32536 
28376 40475 33017 32316 
27269 41735 32979 32167 
27306 42148 32899 32111 
28689 41086 32850 32176 
30811 38152 32825 32309 
32732 33689 32848 32491 
33435 28980 32865 32648 
32962 25712 32927 32748 
32060 24959 32951 32740 
31870 26678 32932 32678 
33126 29643 32874 32570 
35742 32033 32791 32462 
38740 32276 32645 32377 
40748 29997 32469 32346 
40698 26781 32312 32460 
38383 24730 32196 32638 
34267 25777 32133 32888 
29401 30441 32158 33181 
24991 37487 32263 33463 
22220 44585 32463 33687 
21849 48775 32682 33751 
23867 48538 32891 33638 
27638 44147 33076 33345 
32205 37210 33211 32936 
36444 29962 33273 32433 
39615 24480 33298 31963 
41251 21629 33234 31546 
41304 21354 33112 31263 
40146 22718 32956 31198 
38105 24753 32777 31342 
35447 26873 32605 31690 
32445 29033 32427 32184 
29495 31652 32294 32786 
27007 35022 32173 33392 
25522 38796 32117 33912 
25223 42306 32139 34278 
26204 44404 32219 34429 
28420 44053 32353 34316 
31705 40794 32560 34020 
35428 35119 32760 33459 
38741 28572 32971 32808 
40696 23173 33171 32116 
40663 20365 33337 31504 
38479 20852 33433 31072 
34589 24495 33416 30824 
30179 30265 33345 30883 
26385 36619 33141 31160 
24216 42029 32900 31688 
24046 45385 32632 32364 
25894 45794 32399 33062 
29441 42947 32174 33711 
34205 37216 32042 34240 
38966 29890 31985 34488 
42475 23046 32077 34511 
43668 18265 32237 34293 
42028 16642 32403 33797 
38021 18510 32610 33197 
32657 23410 32775 32529 
27478 30273 32911 31936 
23737 37514 32974 31510 
22020 44007 33000 31316 
22584 48414 32995 31346 
25353 49767 33002 31608 
29962 47451 32978 31994 
35296 42030 33003 32443 
40163 34585 33016 32842 
42912 27261 33033 33124 
42883 21431 33048 33291 
40097 18150 33002 33263 
35698 17705 32884 33095 
31281 19853 32741 32867 
28343 23888 32579 32662 
27028 29192 32405 32525 
26620 35235 32231 32472 
26167 41369 32047 32510 
25517 46925 31978 32672 
25448 50612 32013 32942 
27167 51069 32148 33201 
31498 47366 32349 33388 
38028 39332 32637 33489 
44918 28090 32922 33418 
49817 15958 33189 33180 
50419 6824 33413 32848 
46063 3568 33522 32414 
37748 7692 33537 31979 
27879 18495 33492 31669 
19019 33517 33295 31451 
14175 47885 33060 31441 
14033 58069 32796 31616 
17768 61859 32530 31959 
23728 59614 32319 32435 
30119 53040 32123 32935 
35666 44470 31960 33422 
39910 35638 31906 33865 
42876 26988 31926 34141 
44712 18812 32041 34218 
45486 11451 32209 34104 
44972 5799 32461 33817 
42801 3592 32758 33385 
38900 6361 33047 32851 
33621 14825 33333 32274 
28130 27634 33586 31775 
23665 41625 33721 31364 
21013 53900 33727 31137 
20524 61808 33600 31125 
21913 63899 33372 31306 
24539 60496 33047 31673 
27854 52752 32648 32142 
31453 42531 32290 32705 
34970 31842 31971 33216 
37995 22048 31729 33648 
40029 14578 31681 33991 
40570 10509 31752 34144 
39556 10441 31978 34144 
37472 14204 32237 33931 
35436 20593 32572 33605 
34249 27968 32898 33173 
34208 34579 33202 32726 
34834 39236 33438 32254 
35125 41598 33594 31863 
34064 41962 33572 31533 
31479 41206 33469 31428 
28081 40085 33244 31444 
25037 39029 32938 31639 
23369 38103 32594 31952 
23478 37178 32313 32368 
24930 36065 32041 32786 
27156 34799 31889 33221 
29863 33413 31875 33570 
33170 31957 32027 33818 
37317 30255 32310 33896 
41795 28294 32615 33765 
45426 26360 32965 33518 
46657 24885 33265 33119 
44473 24445 33489 32665 
39640 25237 33620 32255 
33801 26873 33575 31907 
29116 28797 33377 31661 
26731 30514 33080 31591 
26286 32035 32718 31708 
26256 33849 32386 32005 
25217 36552 32082 32344 
23238 40441 31883 32738 
21838 44911 31848 33124 
22950 48391 31926 33429 
27728 49112 32152 33660 
35113 45441 32417 33671 
42157 37950 32720 33601 
46421 28317 32980 33397 
46544 19345 33146 33097 
42974 13858 33208 32770 
37458 13485 33222 32490 
32111 18022 33133 32258 
28436 25326 33072 32149 
26568 32827 32951 32091 
