32625 32810 32739 33467 
32625 32810 32739 33467 
32334 32637 32501 33420 
32034 32406 32215 33294 
31836 32221 32001 33190 
31714 32054 31836 33060 
31751 31987 31793 32966 
31884 32000 31875 32882 
32129 32125 32081 32803 
32459 32338 32389 32695 
32853 32628 32764 32584 
33204 32897 33106 32419 
33471 33105 33362 32237 
33663 33282 33548 32067 
33788 33413 33664 32002 
33750 33412 33638 31950 
33589 33324 33490 31984 
33333 33166 33276 32098 
32983 32956 32994 32256 
32601 32771 32705 32485 
32281 32632 32469 32815 
31954 32467 32214 33085 
31725 32345 32027 33352 
31627 32268 31913 33580 
31665 32235 31891 33738 
31816 32216 31948 33797 
32071 32229 32079 33711 
32424 32325 32329 33562 
32809 32437 32604 33282 
33187 32586 32903 32924 
33516 32753 33186 32499 
33719 32907 33399 32046 
33810 33091 33556 31656 
33738 33222 33608 31385 
33524 33310 33533 31282 
33199 33317 33354 31347 
32843 33271 33112 31618 
32475 33132 32813 31998 
32168 32958 32531 32490 
31948 32736 32256 33003 
31870 32499 32063 33511 
31911 32300 31972 33913 
32040 32137 31954 34115 
32264 32044 32040 34127 
32534 32088 32232 33997 
32762 32176 32416 33642 
32977 32380 32649 33205 
33139 32640 32878 32713 
33212 32910 33084 32236 
33207 33124 33209 31815 
33122 33285 33273 31538 
32973 33339 33242 31429 
32793 33285 33157 31494 
32641 33133 33036 31766 
32465 32852 32823 32085 
32356 32544 32606 32519 
32380 32331 32490 33039 
32423 32121 32376 33431 
32516 32005 32326 33698 
32678 32063 32382 33863 
32869 32262 32539 33842 
33016 32521 32699 33615 
33140 32867 32886 33280 
33141 33154 32991 32803 
33121 33434 33091 32382 
33022 33628 33129 32003 
32815 33625 33033 31707 
32590 33480 32878 31589 
32369 33198 32666 31639 
32225 32845 32472 31889 
32141 32431 32298 32217 
32153 32068 32204 32616 
32253 31795 32189 33035 
32450 31656 32281 33389 
32663 31693 32427 33640 
32902 31896 32648 33749 
33136 32238 32915 33724 
33270 32616 33124 33531 
33352 33039 33291 33237 
33334 33424 33380 32883 
33209 33671 33339 32479 
33048 33834 33243 32153 
32786 33723 33015 31868 
32507 33435 32723 31703 
32275 33067 32445 31736 
32070 32597 32178 31864 
31988 32153 31997 32116 
31987 31790 31909 32430 
32102 31601 31947 32825 
32270 31583 32070 33131 
32543 31828 32328 33425 
32833 32205 32669 33602 
33097 32665 33014 33643 
33292 33119 33299 33505 
33405 33538 33541 33272 
33450 33847 33688 32963 
33399 33943 33703 32611 
33269 33826 33569 32276 
33064 33512 33309 31994 
32812 33056 32943 31810 
32583 32568 32568 31802 
32385 32097 32221 31915 
32205 31703 31917 32157 
32118 31507 31750 32473 
32119 31535 31740 32816 
32162 31738 31845 33102 
32292 32122 32080 33336 
32457 32571 32388 33465 
32632 33042 32718 33495 
32751 33409 32976 33376 
32808 33598 33136 33152 
32859 33655 33260 32937 
32872 33516 33249 32714 
32861 33264 33183 32541 
32855 32934 33078 32415 
32857 32591 32947 32344 
32896 32317 32852 32324 
32935 32138 32781 32323 
33009 32103 32775 32348 
33048 32163 32782 32325 
33088 32361 32825 32336 
33060 32599 32848 32343 
32997 32857 32862 32382 
32858 33041 32804 32441 
32668 33136 32679 32553 
32469 33146 32544 32733 
32268 33032 32353 32949 
32077 32829 32176 33154 
31979 32624 32080 33376 
31977 32444 32068 33509 
32087 32341 32140 33564 
32294 32326 32316 33498 
32541 32392 32546 33284 
32860 32549 32823 33006 
33127 32704 33054 32611 
33393 32919 33315 32274 
33547 33065 33477 31964 
33604 33169 33563 31765 
33540 33187 33556 31684 
33374 33127 33446 31767 
33166 33036 33291 31985 
32847 32840 33016 32246 
32495 32598 32698 32560 
32254 32438 32453 32967 
31987 32241 32147 33249 
31783 32073 31880 33447 
31767 32082 31754 33631 
31868 32154 31748 33665 
32061 32314 31826 33574 
32345 32531 32018 33393 
32684 32788 32319 33160 
32989 33032 32661 32855 
33259 33246 33042 32562 
33442 33383 33372 32248 
33560 33465 33671 32007 
33566 33442 33850 31850 
33444 33304 33865 31753 
33294 33133 33759 31778 
33027 32852 33481 31868 
32761 32542 33118 32039 
32550 32307 32741 32331 
32364 32096 32325 32661 
32241 31992 31979 33004 
32154 31943 31700 33278 
32184 32082 31637 33572 
32283 32312 31760 33795 
32413 32599 31983 33874 
32491 32848 32244 33801 
32530 33021 32509 33573 
32568 33140 32770 33283 
32572 33148 32971 32919 
32569 33063 33086 32509 
32676 32771 33156 31844 
32781 32617 33128 31631 
32939 32537 33100 31581 
33104 32504 33070 31646 
33281 32553 33065 31823 
33418 32659 33078 32078 
33467 32778 33064 32375 
33421 32890 33032 32692 
33285 32989 32973 32989 
33053 33028 32847 33239 
32737 33020 32671 33447 
32421 32965 32470 33578 
32089 32818 32225 33593 
31823 32642 32015 33530 
31689 32492 31892 33436 
31675 32349 31831 33233 
31803 32277 31910 33018 
32030 32240 32073 32773 
32347 32286 32359 32511 
32775 32440 32748 32312 
33147 32603 33111 32121 
33448 32732 33414 31964 
33668 32896 33644 31907 
33758 33016 33753 31894 
33725 33099 33726 31954 
33570 33168 33595 32114 
33312 33173 33355 32308 
33028 33159 33084 32565 
32683 33045 32729 32799 
32347 32917 32411 33036 
32060 32738 32103 33257 
31845 32517 31871 33426 
31779 32358 31758 33551 
31793 32196 31733 33591 
31902 32094 31817 33543 
32148 32103 32008 33454 
32433 32187 32281 33281 
32769 32360 32618 33051 
33062 32581 32968 32763 
33303 32815 33287 32425 
33474 33076 33592 32118 
33487 33237 33718 31774 
33452 33386 33788 31594 
33286 33411 33674 31471 
33086 33381 33466 31533 
32852 33228 33147 31687 
32616 32996 32768 32003 
32446 32758 32401 32428 
32357 32512 32112 32910 
32314 32293 31903 33386 
32357 32148 31820 33798 
32422 32082 31855 34052 
32516 32123 32008 34129 
32616 32254 32248 34030 
32682 32431 32508 33765 
32765 32675 32818 33504 
32775 32863 33055 33213 
32792 33049 33240 32953 
32721 33084 33281 32536 
32690 33109 33294 31959 
32628 33007 33167 31061 
32565 32834 32972 30047 
32524 32640 32744 29276 
32593 32539 32596 29202 
32686 32482 32474 30004 
32806 32498 32417 31638 
33041 32679 32474 33949 
33251 32900 32583 36215 
33348 33085 32722 37906 
33290 33155 32888 38655 
33015 32968 32991 38303 
32562 32768 33078 37027 
31903 32745 33067 35000 
31317 33054 32976 32472 
31568 33304 32812 29759 
33329 32619 32634 27275 
36347 30476 32455 25356 
38957 27655 32292 24374 
38616 26329 32189 24624 
33525 28856 32113 26250 
24159 36393 32168 29329 
15091 46200 32312 33301 
11742 53629 32443 37517 
17998 53597 32665 41376 
32510 43466 32895 43969 
49204 26323 33102 44694 
62655 7501 33310 43462 
65506 162 33415 40270 
65424 0 33472 35627 
48799 7461 33446 30124 
31861 21983 33348 24818 
16853 40807 33130 20616 
7101 56510 32925 18438 
2283 65160 32706 18582 
1086 65441 32440 21027 
2947 65449 32212 25425 
8467 65462 32058 31204 
18327 65329 31979 37267 
31959 51755 31973 42572 
47387 34801 32051 46203 
62621 13920 32177 47649 
65380 477 32345 46731 
65492 104 32560 43657 
65535 18 32756 38873 
65535 0 32972 33160 
65535 112 33127 27492 
50291 20227 33258 22938 
30577 41813 33360 20113 
9661 63510 33387 19313 
198 65424 33349 20628 
0 65535 33272 23741 
0 65535 33136 28072 
11581 65535 32965 32862 
27708 62421 32751 37198 
44224 38255 32543 40561 
57829 13863 32391 42483 
65054 379 32233 42750 
65516 49 32080 41435 
55875 0 32027 38919 
40156 0 32088 35687 
21452 8025 32204 32404 
2746 25059 32358 29525 
130 45224 32524 27462 
37 64009 32749 26526 
21 65443 32955 26657 
883 65535 33107 27751 
15871 65535 33229 29453 
31586 65535 33295 31440 
48192 54490 33296 33302 
62932 33667 33235 34740 
65420 10734 33097 35546 
65509 288 32948 35710 
65525 59 32758 35262 
65519 34 32625 34459 
55992 28 32488 33429 
39795 7912 32363 32449 
23024 21338 32372 31786 
9189 37215 32385 31421 
888 52096 32430 31477 
83 62730 32478 31853 
69 65430 32589 32455 
8255 65505 32688 33086 
18201 57320 32771 33590 
29002 44184 32813 33873 
38769 29049 32843 33817 
45303 15622 32846 33505 
48240 5490 32818 33011 
47670 360 32734 32381 
44404 80 32688 31844 
39572 4183 32565 31394 
34523 13237 32565 31329 
30604 25527 32551 31453 
28920 38736 32602 31866 
29758 50118 32684 32385 
32466 57995 32849 33000 
35722 61066 32990 33489 
38150 59486 33150 33861 
38792 54188 33268 33970 
37518 46469 33244 33768 
35225 37686 33209 33436 
32977 28927 33030 32915 
31354 20660 32789 32403 
30039 13849 32531 31953 
28150 10033 32270 31667 
25009 10684 32038 31598 
20988 16522 31918 31770 
17907 26142 31899 32115 
18061 36478 32039 32620 
22530 44458 32256 33136 
30749 47844 32536 33580 
40390 46188 32861 33902 
48661 40631 33133 33942 
53193 33738 33369 33761 
53054 28182 33476 33355 
48820 25719 33545 32864 
41542 26642 33441 32253 
32751 30217 33265 31710 
24283 34597 32998 31338 
17923 37990 32673 31174 
15642 39052 32389 31325 
18130 37451 32158 31733 
24355 34110 31991 32299 
32125 30631 31955 32981 
38641 28546 31999 33636 
41789 28553 32189 34186 
41039 30108 32470 34491 
37759 31678 32771 34466 
34481 31897 33060 34142 
32891 30384 33287 33548 
32987 28144 33452 32833 
33162 27010 33458 32028 
31449 28929 33384 31332 
27061 34238 33163 30839 
21461 41540 32882 30667 
17719 48038 32560 30800 
18665 51122 32343 31319 
25311 48846 32176 32035 
36305 41091 32099 32848 
48653 29237 32118 33632 
58556 16542 32254 34291 
62669 6618 32469 34688 
59858 2018 32702 34762 
50699 4093 32905 34510 
37404 12762 33057 33967 
22110 26642 33137 33224 
8181 42771 33147 32410 
336 57565 33128 31699 
55 65292 33012 31113 
37 65486 32853 30818 
9411 65510 32686 30830 
22817 65512 32517 31144 
37571 53143 32349 31701 
50801 36674 32264 32433 
60931 19451 32255 33187 
65355 3586 32276 33823 
65459 165 32416 34313 
65489 65 32615 34521 
58716 28 32842 34437 
46632 7843 33065 34046 
29821 18864 33248 33436 
11562 37550 33346 32711 
366 56892 33441 32057 
31 65290 33397 31454 
0 65526 33219 31042 
7192 65535 32964 30891 
20247 65535 32701 31043 
35960 57581 32451 31489 
49288 37791 32199 32072 
57757 17410 32034 32779 
60620 902 31960 33478 
58467 88 31972 34033 
52746 48 32083 34343 
44354 42 32287 34443 
34031 9037 32540 34277 
22684 22258 32755 33850 
11873 37678 32960 33273 
3404 53159 33087 32646 
170 64808 33203 32114 
70 65456 33201 31649 
8799 65507 33166 31448 
20429 65525 33119 31460 
34276 58162 33070 31664 
48233 41481 33018 32002 
60284 21437 32983 32412 
65363 3155 32935 32788 
65485 124 32866 33059 
65499 40 32769 33201 
58396 39 32685 33245 
46347 7172 32498 33075 
32456 19244 32370 32912 
20260 32350 32206 32661 
11559 44366 32120 32511 
7077 53576 32053 32411 
6442 59483 32086 32461 
8766 61537 32204 32636 
13195 59502 32378 32876 
19212 53262 32644 33174 
26249 43388 32952 33466 
33549 31340 33206 33568 
40670 18981 33421 33566 
46634 8637 33587 33410 
50477 2223 33584 33039 
51704 970 33502 32589 
50122 4844 33305 32108 
46432 12345 33014 31659 
41366 21966 32676 31359 
35564 32248 32398 31296 
29592 42298 32143 31406 
23941 51794 32019 31732 
19357 60016 31972 32150 
16784 65205 32087 32691 
16771 65448 32261 33200 
19598 65497 32447 33639 
24812 58663 32649 33964 
31494 45528 32800 34106 
37998 28227 32839 34012 
43083 11771 32892 33871 
46139 550 32839 33561 
47006 80 32807 33219 
45662 69 32772 32821 
42046 2641 32791 32444 
36688 10884 32854 32093 
30316 20808 32949 31796 
24399 32035 33073 31603 
20099 43870 33184 31514 
18290 55215 33242 31518 
19179 64084 33297 31666 
22191 65443 33189 31839 
26615 65507 33010 32119 
31920 58844 32713 32444 
37579 46440 32415 32835 
43002 30026 32114 33222 
47422 14051 31836 33555 
49751 1739 31694 33853 
48877 92 31674 34018 
44367 42 31814 34034 
36972 5935 32100 33931 
28516 18054 32486 33653 
21044 32644 32919 33269 
16276 46700 33336 32807 
14970 57254 33675 32309 
16957 62264 33901 31909 
21430 60827 33878 31508 
27259 54207 33712 31362 
33440 44139 33364 31330 
39179 33001 32954 31544 
43613 22521 32480 31867 
46231 13997 32092 32335 
46530 8417 31851 32849 
44487 6286 31696 33236 
40682 8110 31780 33546 
35900 14271 32046 33756 
30892 24404 32382 33719 
26353 37535 32752 33529 
23102 50878 33097 33219 
21481 61624 33345 32854 
21812 65408 33468 32504 
24173 65518 33471 32260 
28296 55980 33317 32116 
33354 41107 33033 32099 
38123 24853 32698 32196 
41552 10925 32419 32427 
42767 2537 32219 32694 
41434 1195 32082 32915 
37921 6651 32099 33105 
33187 16989 32234 33175 
28609 29073 32442 33138 
25370 40394 32719 32995 
24311 48906 32977 32805 
25560 53530 33205 32559 
28630 53993 33340 32326 
32378 50781 33330 32130 
35761 45038 33225 32080 
38003 37941 33002 32120 
38910 30348 32700 32267 
38743 23202 32445 32565 
37668 17408 32172 32843 
35937 14185 31994 33144 
33745 14704 31945 33385 
31315 19165 32078 33562 
28890 26582 32329 33621 
26983 35055 32650 33513 
26109 42465 32979 33254 
26677 47025 33263 32861 
28721 47834 33507 32463 
31557 45385 33623 32091 
34346 41058 33588 31785 
36246 36367 33388 31586 
36961 32463 33108 31615 
36548 29593 32756 31764 
35448 27515 32378 32070 
34133 25966 32081 32466 
32888 25070 31874 32910 
31867 25296 31820 33326 
31187 27002 31909 33646 
31075 30038 32110 33832 
31717 33499 32406 33835 
33083 36177 32727 33660 
34745 36794 33036 33360 
36019 35061 33271 32984 
36314 31816 33407 32552 
35393 28736 33498 32218 
33360 27534 33434 31923 
30794 29387 33277 31781 
28373 33984 33020 31750 
26591 39629 32688 31864 
25760 44097 32429 32142 
25868 45479 32180 32462 
27128 43036 32016 32788 
29860 37365 31967 33089 
34051 30007 32036 33309 
39125 23490 32295 33490 
43604 19579 32583 33506 
45924 19109 32915 33415 
45106 21534 33175 33199 
41251 25750 33413 32967 
35347 30416 33503 32679 
28951 34743 33503 32428 
23740 38157 33343 32193 
20775 40660 33103 32054 
20098 42332 32795 32004 
21440 43041 32495 32062 
24291 42446 32261 32227 
27997 40154 32081 32424 
32166 36156 32001 32660 
36358 31093 32068 32923 
40158 26097 32196 33123 
43390 22256 32389 33252 
45634 20550 32654 33341 
46134 21309 32936 33337 
44105 24238 33115 33190 
39386 28591 33207 33009 
32676 33319 33224 32787 
25357 37710 33110 32546 
19414 41306 32951 32398 
16525 43732 32755 32294 
17360 44679 32548 32281 
21476 43776 32406 32359 
27224 40615 32341 32482 
32818 35443 32382 32636 
37265 28927 32515 32765 
40568 22501 32732 32872 
43050 17829 32930 32900 
44964 16306 33113 32869 
45830 18544 33258 32778 
44466 23982 33271 32612 
40433 31018 33205 32497 
33994 38036 33005 32371 
26746 43572 32724 32321 
20813 46872 32445 32393 
17940 47559 32181 32532 
18751 45755 31996 32725 
22545 42000 31904 32939 
27617 37135 31968 33155 
32214 32120 32148 33324 
35539 27701 32433 33403 
37569 24362 32764 33365 
38700 22413 33072 33221 
39294 21889 33331 32987 
39397 22707 33501 32672 
38904 24764 33566 32371 
37802 27590 33511 32098 
36289 30720 33316 31890 
34755 33671 33109 31835 
33198 35939 32805 31858 
31569 37564 32528 32002 
29747 38806 32307 32267 
27903 39840 32142 32584 
26578 40689 32032 32900 
26467 40866 31984 33189 
27843 39732 32021 33435 
30245 36839 32152 33631 
32424 32509 32302 33682 
33390 28155 32524 33648 
32950 25247 32743 33471 
31866 24930 32976 33223 
31361 27121 33170 32872 
32467 30609 33360 32514 
35266 33399 33528 32175 
38807 33603 33529 31800 
41486 31045 33477 31588 
42194 27167 33346 31539 
40396 24364 33131 31600 
36352 24869 32823 31785 
31143 29525 32526 32102 
25963 37217 32235 32509 
22350 44791 31958 32877 
21123 49597 31813 33292 
22448 49799 31771 33621 
25806 45389 31887 33863 
30305 37766 32077 33898 
34770 29580 32329 33774 
38217 23335 32625 33552 
40217 19982 32880 33249 
40709 19417 33056 32863 
39973 20824 33181 32524 
38341 23196 33258 32250 
36002 25903 33240 32020 
33363 28810 33206 31922 
30823 32141 33138 31897 
28743 36127 33103 31962 
27361 40553 33046 32075 
26891 44633 33011 32213 
27433 47087 32945 32338 
29090 46758 32884 32469 
31737 43025 32788 32601 
34895 36421 32633 32698 
37794 28760 32464 32835 
39556 21926 32281 32977 
39447 17808 32126 33149 
37166 17397 31997 33279 
33179 20795 31924 33410 
28685 27025 31982 33514 
24889 34576 32120 33523 
22987 41258 32342 33423 
23333 45981 32661 33285 
25888 47542 32991 33022 
30200 45406 33253 32654 
35741 39935 33522 32324 
41217 32363 33664 31985 
45157 24685 33709 31724 
46263 19024 33583 31556 
44211 16663 33395 31552 
39409 17981 33122 31670 
33128 22481 32782 31894 
27020 29181 32462 32226 
22271 36813 32129 32593 
19911 43616 31900 33004 
20049 48322 31724 33369 
22670 49871 31708 33695 
27301 47768 31786 33908 
33247 42290 31986 33984 
38981 34697 32260 33909 
42973 26933 32594 33720 
44126 20538 32943 33404 
42219 16790 33259 32975 
38216 16156 33525 32534 
33776 18501 33775 32129 
30356 23103 33822 31711 
28497 29334 33743 31437 
27491 36311 33522 31282 
26413 43378 33207 31283 
25022 49670 32851 31465 
24057 53834 32444 31773 
25104 54481 32113 32230 
29263 50190 31820 32692 
36226 41091 31725 33258 
44021 28196 31719 33688 
50061 14397 31876 34069 
51777 3377 32151 34262 
47862 96 32440 34248 
39201 18 32704 34001 
28660 12932 32979 33675 
19147 28954 33127 33202 
13328 45319 33218 32706 
12337 58073 33242 32278 
15784 64461 33184 31872 
21981 63746 33074 31604 
29014 57887 32977 31510 
35342 49384 32913 31569 
40330 40024 32844 31697 
44035 30671 32859 31951 
46620 21394 32905 32228 
47994 12274 32905 32464 
47680 4615 32902 32696 
45208 915 32830 32902 
40514 2690 32710 33054 
34203 10616 32559 33214 
27395 23493 32378 33327 
21448 38839 32206 33442 
17778 52762 32066 33505 
16925 62079 32004 33537 
18587 65238 32056 33505 
22009 62400 32204 33412 
26361 54932 32447 33236 
31216 44459 32752 32971 
36016 33051 33051 32643 
40237 22349 33355 32291 
42975 14418 33582 31978 
43637 10230 33644 31664 
42301 10197 33602 31500 
39633 14063 33458 31495 
36652 20545 33181 31595 
34490 28137 32855 31872 
33639 34746 32500 32245 
33661 39120 32175 32675 
33518 41196 31953 33148 
32232 41371 31813 33544 
29663 40638 31823 33904 
26368 39673 31962 34065 
23591 38840 32190 34046 
22565 38221 32509 33884 
23310 37533 32837 33544 
25319 36674 33092 33082 
27926 35619 33286 32587 
30873 34448 33449 32140 
34387 32884 33442 31693 
38615 30877 33353 31390 
43112 28518 33246 31361 
46560 25974 33037 31431 
47473 23930 32837 31696 
44910 22979 32616 32057 
39436 23542 32452 32529 
32958 25318 32319 33014 
27938 27562 32196 33409 
25559 29791 32143 33752 
25347 31778 32138 33968 
25603 33970 32158 33973 
24816 37146 32235 33824 
22873 41576 32375 33551 
21419 46647 32559 33175 
22789 50403 32801 32780 
27836 51045 33037 32344 
35471 47314 33295 31990 
43100 39258 33492 31707 
47838 28520 33604 31532 
47936 18516 33630 31512 
43909 12390 33514 31625 
37948 11871 33287 31854 
32284 16489 32988 32190 
28216 24128 32597 32530 
26141 32058 32269 32973 
25604 37802 31955 33341 
26261 40200 31714 33625 
27923 39516 31669 33842 
30265 37302 31787 33909 
32586 35318 31976 33811 
34145 34826 32271 33598 
34484 35933 32638 33343 
33796 37481 32948 32929 
33067 37961 33189 32495 
33392 36358 33391 32154 
34901 32727 33497 31881 
36759 28364 33486 31699 
37554 25273 33375 31659 
36100 25419 33190 31730 
