32476 32738 31997 33161 
32476 32738 31997 33161 
32276 32963 31946 33396 
32102 33112 31993 33604 
32018 33208 32128 33739 
32044 33239 32358 33764 
32186 33203 32667 33617 
32413 33100 32966 33291 
32719 32997 33249 32863 
32991 32849 33442 32318 
33275 32757 33576 31806 
33500 32704 33609 31387 
33611 32678 33527 31158 
33584 32665 33340 31107 
33466 32691 33119 31303 
33235 32673 32843 31663 
32918 32612 32558 32168 
32594 32525 32315 32750 
32280 32424 32123 33323 
31956 32227 31926 33781 
31740 32086 31835 34101 
31695 32062 31870 34277 
31785 32126 31984 34230 
31984 32314 32184 34012 
32300 32624 32467 33662 
32675 32996 32780 33232 
33042 33365 33085 32717 
33400 33721 33388 32223 
33597 33897 33578 31751 
33708 33930 33696 31437 
33618 33732 33659 31241 
33428 33398 33518 31210 
33120 32922 33240 31331 
32804 32428 32922 31635 
32510 31972 32599 32090 
32241 31600 32290 32587 
32076 31425 32051 33116 
32017 31422 31904 33563 
32054 31599 31875 33921 
32202 31946 31966 34142 
32385 32354 32114 34148 
32632 32831 32363 33995 
32861 33286 32631 33682 
33031 33643 32857 33249 
33151 33860 33061 32759 
33227 33926 33229 32292 
33199 33816 33329 31869 
33066 33507 33321 31530 
32875 33116 33215 31378 
32663 32674 33063 31432 
32457 32234 32855 31642 
32303 31891 32662 32025 
32217 31670 32466 32476 
32204 31629 32332 32954 
32303 31759 32288 33406 
32469 32028 32332 33747 
32668 32373 32444 33907 
32880 32749 32607 33855 
33101 33160 32824 33634 
33213 33421 32942 33210 
33332 33641 33108 32774 
33329 33700 33159 32302 
33248 33620 33139 31914 
33069 33373 33022 31622 
32813 33038 32838 31540 
32579 32677 32643 31670 
32366 32373 32478 32005 
32176 32102 32320 32394 
32076 31954 32233 32847 
32066 31923 32220 33277 
32155 32038 32295 33646 
32381 32292 32511 33893 
32619 32566 32718 33896 
32858 32816 32951 33707 
33031 32989 33092 33322 
33147 33115 33193 32844 
33201 33167 33222 32359 
33181 33150 33165 31948 
33065 33016 32991 31620 
32880 32842 32745 31514 
32710 32676 32522 31642 
32563 32545 32350 31985 
32424 32404 32201 32383 
32362 32344 32173 32842 
32379 32365 32247 33269 
32471 32477 32459 33590 
32631 32651 32738 33730 
32769 32830 32998 33638 
32891 32998 33224 33362 
32961 33125 33362 32965 
32961 33194 33393 32553 
32924 33176 33318 32169 
32827 33084 33106 31890 
32674 32897 32800 31761 
32540 32673 32462 31839 
32504 32525 32247 32140 
32486 32363 32050 32495 
32507 32256 31984 32877 
32555 32181 32013 33221 
32666 32195 32180 33486 
32773 32265 32421 33611 
32890 32394 32704 33557 
32951 32543 32975 33343 
32996 32731 33186 33014 
32978 32900 33306 32619 
32972 33118 33389 32290 
32910 33300 33363 32016 
32822 33409 33243 31858 
32691 33402 33029 31846 
32574 33309 32796 31996 
32439 33102 32557 32267 
32318 32801 32322 32616 
32222 32452 32136 32953 
32211 32134 32042 33281 
32312 31966 32078 33541 
32467 31882 32203 33625 
32669 31954 32408 33564 
32914 32175 32679 33369 
33152 32498 32962 33088 
33297 32816 33175 32704 
33393 33169 33372 32342 
33389 33446 33471 32044 
33264 33606 33443 31834 
33057 33606 33303 31770 
32821 33466 33093 31838 
32552 33172 32796 32005 
32342 32828 32525 32293 
32196 32465 32287 32648 
32132 32136 32127 32994 
32143 31888 32022 33264 
32264 31822 32083 33486 
32456 31924 32223 33611 
32664 32139 32406 33591 
32893 32489 32656 33486 
33054 32828 32858 33224 
33147 33124 33033 32912 
33148 33337 33146 32582 
33080 33445 33206 32282 
32945 33414 33177 32077 
32723 33219 33051 31945 
32515 32951 32861 31946 
32340 32629 32634 32050 
32300 32409 32492 32321 
32311 32228 32384 32612 
32411 32160 32336 32905 
32585 32198 32410 33165 
32818 32351 32583 33347 
33035 32550 32791 33384 
33176 32755 32981 33268 
33266 32959 33153 33044 
33265 33122 33265 32751 
33192 33250 33282 32439 
33035 33280 33194 32173 
32797 33212 32986 31969 
32503 33024 32682 31885 
32286 32833 32408 32027 
32119 32600 32165 32268 
32020 32368 31977 32614 
32032 32176 31892 32985 
32168 32106 31954 33378 
32392 32130 32142 33668 
32690 32251 32447 33813 
32981 32437 32787 33755 
33190 32612 33088 33508 
33355 32826 33359 33143 
33430 33020 33550 32698 
33401 33181 33632 32224 
33264 33272 33566 31822 
33095 33336 33432 31559 
32865 33302 33184 31446 
32379 33034 32535 31758 
32237 32862 32265 32182 
32110 32608 31997 32611 
32060 32357 31840 33080 
32068 32104 31761 33485 
32162 31958 31836 33825 
32315 31882 32003 33991 
32529 31953 32290 34009 
32742 32097 32605 33823 
32970 32346 32959 33506 
33135 32631 33258 33068 
33284 32968 33520 32599 
33378 33299 33681 32111 
33433 33580 33761 31738 
33344 33693 33643 31426 
33243 33725 33464 31352 
33068 33616 33184 31430 
32821 33367 32823 31655 
32614 33064 32488 32048 
32388 32675 32164 32470 
32267 32324 31956 32975 
32133 31973 31781 33372 
32117 31763 31793 33708 
32158 31678 31906 33910 
32240 31746 32092 33949 
32373 31946 32352 33852 
32467 32191 32590 33586 
32610 32527 32843 33307 
32699 32823 33026 32974 
32742 33034 33105 32604 
32830 33240 33180 32313 
32922 33338 33210 32088 
33004 33349 33188 31918 
33138 33332 33189 31869 
33235 33245 33163 31854 
33303 33140 33136 31907 
33320 33003 33084 31980 
33298 32888 33033 32103 
33164 32733 32921 32237 
32965 32623 32792 32439 
32713 32507 32613 32630 
32425 32385 32410 32841 
32139 32298 32191 33092 
31912 32247 32022 33333 
31786 32230 31915 33581 
31766 32255 31893 33765 
31882 32315 32000 33856 
32113 32428 32212 33840 
32423 32561 32492 33660 
32780 32727 32813 33375 
33131 32876 33109 32960 
33388 32998 33336 32452 
33656 33182 33557 32007 
33767 33300 33636 31596 
33704 33313 33564 31309 
33576 33304 33438 31220 
33313 33199 33197 31291 
32986 33051 32943 31602 
32636 32850 32651 32160 
32308 32645 32415 32891 
32018 32403 32189 33583 
31825 32190 32040 34001 
31740 32021 31975 33904 
31751 31902 31984 33283 
31860 31861 32059 32382 
32075 31951 32216 31572 
32344 32148 32403 31258 
32701 32484 32684 31742 
33061 32870 32910 32830 
33441 33293 33128 34251 
33733 33696 33318 35538 
33865 33936 33452 36326 
33766 33879 33533 36335 
33373 33508 33471 35507 
32700 33160 33327 34062 
31872 33122 33118 32249 
31395 33266 32832 30275 
32093 32997 32533 28416 
34379 31531 32296 26928 
37428 28782 32102 26058 
39044 26220 31988 26096 
36600 26408 31967 27261 
29316 31416 32097 29639 
19511 40580 32255 32885 
12456 50020 32433 36453 
13003 54902 32615 39816 
22800 51183 32786 42424 
38642 38240 32886 43598 
55292 19235 32945 43055 
65159 1425 32984 40711 
65535 24 33007 36794 
57820 0 32998 31965 
41988 11046 33005 26992 
25372 29183 33039 22703 
12253 47450 33095 19852 
4413 61475 33106 18961 
1219 65387 33114 20304 
1513 65453 33067 23808 
4981 65453 32963 28688 
12235 65475 32801 34245 
23512 59690 32582 39559 
38007 46415 32388 43864 
53576 27672 32199 46418 
65050 5366 32054 46813 
65447 226 31955 44931 
65512 61 31975 41256 
65535 0 32110 36353 
65535 0 32319 31029 
64984 8421 32616 26170 
42611 28107 32884 22358 
20967 51333 33167 20355 
1307 65122 33410 20442 
35 65502 33556 22327 
0 65535 33629 25685 
330 65535 33524 29792 
18165 65535 33345 34168 
35306 50449 33056 37973 
51079 27541 32720 40649 
62391 3156 32387 41960 
65455 138 32074 41781 
65407 21 31873 40338 
51223 0 31787 37915 
33504 0 31878 34956 
13470 15365 32108 31932 
456 34493 32426 29489 
67 54975 32755 27768 
27 65219 33119 27007 
21 65507 33386 27138 
7834 65535 33570 28070 
22051 65535 33623 29522 
38581 65535 33512 31224 
54510 46365 33291 32814 
65086 23601 33024 34151 
65473 1927 32662 34944 
65518 124 32367 35357 
65526 43 32132 35275 
65446 29 31990 34852 
48356 52 31998 34250 
31149 13024 32089 33568 
15587 27896 32273 32967 
4292 43617 32543 32545 
161 57459 32840 32307 
65 65181 33067 32171 
6980 65489 33255 32181 
13183 65430 33330 32213 
23862 52558 33347 32271 
34268 38236 33246 32306 
42756 22997 33021 32254 
47853 9991 32759 32240 
49046 1284 32500 32239 
46900 100 32263 32291 
42512 67 32139 32397 
37171 6991 32096 32589 
32273 17828 32177 32822 
28991 31058 32349 33054 
28327 44521 32637 33293 
30112 54809 32938 33446 
33307 60733 33213 33439 
36500 61625 33447 33328 
38286 57961 33514 33046 
38200 51208 33493 32722 
36530 42657 33348 32383 
34203 33361 33057 32062 
32367 24559 32722 31887 
31101 16700 32398 31909 
29767 11016 32102 32052 
27445 9184 31915 32349 
23740 12432 31843 32723 
19788 20593 31920 33093 
17793 31213 32121 33418 
19654 41162 32418 33609 
25818 47407 32735 33630 
34874 48423 33051 33494 
44242 44412 33238 33183 
50965 37458 33340 32810 
53299 30491 33330 32438 
51121 25824 33207 32163 
45271 24691 32979 31942 
37102 27066 32748 31898 
28324 31584 32575 32016 
20718 36340 32478 32238 
16339 39304 32452 32473 
16542 39643 32544 32731 
21167 37477 32705 32935 
28684 33958 32866 33027 
36446 30748 32998 33035 
41792 29197 33109 32989 
42902 29487 33090 32858 
40379 30643 32968 32727 
36277 31193 32777 32641 
32917 30173 32505 32583 
31593 27803 32239 32608 
31691 25605 32053 32733 
31248 25653 31948 32869 
28699 29218 31965 33010 
24059 36095 32162 33152 
19294 44148 32441 33218 
17449 50550 32797 33176 
20954 52519 33116 33017 
30157 48395 33396 32789 
42340 38955 33613 32530 
54248 26277 33670 32246 
62276 13698 33554 31986 
63667 4582 33348 31833 
57814 1498 33060 31764 
45687 5780 32688 31822 
30721 16429 32408 32056 
15377 31179 32142 32335 
2576 47197 31978 32706 
109 61242 31883 33048 
40 65388 31892 33397 
181 65500 32023 33701 
14263 65513 32243 33939 
28451 65432 32502 34000 
42970 49166 32793 33932 
55480 32108 33058 33704 
64344 14465 33254 33330 
65429 682 33398 32855 
65472 110 33452 32317 
65501 50 33436 31810 
56521 18 33347 31353 
41555 8031 33168 31038 
23395 23927 32963 30946 
4695 43631 32733 31078 
131 62668 32545 31457 
3 65435 32379 32033 
0 65535 32282 32714 
10829 65535 32208 33387 
26368 65535 32227 33987 
41721 50513 32283 34410 
53604 30065 32406 34637 
59912 10277 32506 34578 
60560 296 32609 34261 
56565 63 32648 33711 
49376 44 32701 33100 
39806 106 32691 32440 
28645 13034 32704 31854 
17168 27438 32727 31419 
7104 43367 32798 31223 
601 58390 32874 31189 
72 65301 33013 31403 
115 65487 33181 31774 
12052 65518 33345 32197 
25131 65531 33449 32620 
39778 54702 33455 32982 
53665 36312 33367 33269 
64403 15938 33145 33416 
65453 652 32857 33481 
65499 72 32459 33372 
65500 37 32090 33242 
56472 41 31736 33042 
43088 9991 31537 32888 
29521 22223 31493 32793 
17904 35335 31641 32745 
10102 47065 31952 32751 
6515 55872 32344 32750 
6665 61015 32829 32791 
9495 62109 33298 32803 
14149 58872 33656 32732 
20142 51544 33916 32629 
27169 40470 33988 32491 
34645 27406 33894 32352 
41642 14629 33630 32189 
47147 4868 33254 32072 
50393 275 32807 31976 
51049 76 32412 32026 
49202 5121 32050 32142 
45325 13954 31804 32381 
40139 24677 31684 32685 
34303 35880 31675 33005 
28533 46398 31813 33355 
23269 55906 32054 33677 
19189 63729 32332 33870 
17165 65397 32650 33942 
17903 65476 32997 33880 
21517 65512 33255 33611 
27228 57625 33467 33221 
33835 43227 33594 32732 
39845 25239 33608 32191 
44302 8747 33556 31703 
46604 290 33384 31325 
46607 70 33124 31092 
44293 74 32809 31078 
39869 4417 32489 31279 
34007 11961 32268 31757 
27605 21881 32097 32341 
21929 33119 31953 32916 
18335 44985 31924 33503 
17526 55974 32018 34012 
19435 64198 32205 34317 
23399 65455 32450 34403 
28542 65504 32688 34231 
34151 54765 32896 33828 
39958 40692 33075 33290 
45406 24838 33227 32736 
49531 10375 33286 32177 
51137 614 33289 31717 
49076 68 33168 31403 
43310 40 33008 31305 
35012 10047 32776 31385 
26084 23548 32600 31736 
18662 38494 32409 32163 
14341 51915 32319 32674 
13720 61291 32254 33157 
16535 63973 32288 33552 
21765 60336 32403 33767 
28167 52023 32572 33801 
34844 41172 32826 33672 
40820 29823 32997 33334 
45345 19796 33174 32953 
47702 11934 33244 32500 
47518 7158 33269 32137 
44823 5960 33137 31832 
40427 8799 32967 31726 
35088 15938 32740 31803 
29695 26821 32525 32033 
25085 39963 32331 32365 
21839 52722 32178 32730 
20463 62310 32107 33094 
21358 65424 32130 33385 
24447 61148 32254 33567 
29158 50458 32441 33596 
34593 35790 32651 33455 
39493 20718 32885 33238 
42670 9010 33042 32878 
43369 3395 33210 32537 
41351 4970 33332 32240 
37226 12366 33307 31983 
32171 23320 33270 31905 
27440 34897 33086 31865 
24360 44726 32857 31994 
23629 51205 32595 32240 
25366 53404 32357 32584 
28699 51622 32179 32942 
32522 46836 32037 33237 
35872 40323 32014 33474 
38183 33111 32119 33633 
39235 25987 32285 33595 
39267 19786 32570 33464 
38404 15565 32867 33174 
36837 14421 33135 32799 
34656 16946 33373 32393 
32001 22916 33514 32008 
29265 31100 33519 31720 
27032 39447 33399 31559 
25919 45929 33181 31574 
26300 48767 32872 31749 
28132 47672 32537 32064 
30720 43713 32264 32490 
33279 38499 32063 32955 
35055 33612 31949 33400 
35796 29939 31958 33745 
35683 27585 32121 33972 
35075 26143 32334 33984 
34342 25337 32602 33824 
33563 25189 32790 33452 
32867 26167 32944 33035 
32368 28438 33027 32593 
32322 31693 33056 32214 
32886 34930 32989 31873 
33987 36750 32879 31659 
35258 36271 32838 31679 
35918 33612 32798 31800 
35572 30048 32824 32008 
34103 27375 32881 32262 
31861 27317 32961 32524 
29445 30455 33013 32733 
27423 36103 33037 32887 
26238 42192 33015 33007 
25924 46229 32904 33035 
26602 46553 32766 33079 
28400 42779 32568 33098 
31520 35921 32334 33109 
35880 28048 32151 33143 
40542 21432 31997 33165 
44234 17755 31932 33159 
45435 17790 31996 33159 
43434 20736 32128 33054 
38727 25416 32370 32925 
32633 30522 32681 32711 
26811 35166 33002 32475 
22551 38969 33240 32155 
20617 42026 33494 31921 
20994 44060 33628 31750 
23185 44819 33702 31740 
26484 43804 33615 31802 
30313 40819 33441 32001 
34192 36015 33145 32266 
37932 30107 32823 32630 
41254 24468 32445 33015 
43827 20460 32083 33367 
45197 18909 31770 33652 
44717 20080 31598 33835 
41838 23522 31539 33854 
36444 28516 31656 33753 
29322 33991 31907 33523 
22596 38857 32262 33200 
17961 42789 32695 32831 
16773 45356 33157 32427 
19204 46127 33546 32018 
24368 44690 33849 31709 
30316 40662 33952 31485 
35533 34421 33894 31435 
39256 27183 33658 31528 
41811 20548 33335 31774 
43698 16253 32936 32121 
44964 15497 32490 32513 
44992 18692 32135 33000 
42548 25015 31821 33400 
37554 32441 31682 33735 
30695 39415 31692 33926 
23873 44712 31840 33945 
19139 47547 32076 33809 
17886 47737 32376 33532 
20287 45376 32675 33134 
24886 41328 32996 32742 
29934 36319 33207 32300 
34052 31264 33392 31959 
36689 26869 33436 31680 
38100 23674 33384 31560 
38826 21905 33249 31606 
39079 21625 33011 31774 
38902 22703 32766 32054 
38189 24948 32529 32443 
36973 27859 32323 32834 
35550 30959 32179 33200 
34123 33835 32139 33508 
32711 36072 32210 33705 
31140 37749 32352 33738 
29341 39231 32570 33637 
27638 40630 32824 33389 
26656 41664 33001 33014 
27085 41729 33140 32573 
28983 40126 33252 32180 
31386 36643 33246 31834 
33140 31994 33142 31618 
33437 27616 32939 31550 
32508 25092 32710 31685 
31370 25241 32488 31996 
31299 27635 32271 32371 
33093 30707 32164 32847 
36291 32273 32114 33276 
39653 31245 32194 33618 
41769 28000 32356 33825 
41574 24423 32564 33810 
38856 23070 32795 33641 
34206 25709 32959 33317 
28747 32438 33075 32938 
24090 41004 33109 32549 
21394 48462 33077 32226 
21252 52060 32965 31991 
23615 50562 32825 31905 
27680 44604 32687 31940 
32558 36127 32617 32116 
36941 27853 32560 32301 
40046 22028 32597 32532 
41551 19242 32693 32715 
41485 19100 32791 32813 
40180 20618 32894 32834 
37917 22980 32953 32803 
35045 25711 32973 32750 
31952 28844 32930 32701 
29112 32610 32794 32656 
26910 37078 32629 32680 
25621 41824 32448 32768 
25445 45753 32287 32901 
26553 47574 32208 33085 
28890 46150 32173 33241 
32312 41357 32251 33354 
36086 34123 32391 33380 
39251 26516 32603 33284 
40899 20481 32833 33082 
40274 17594 33013 32734 
37467 18618 33202 32386 
33067 23208 33316 32022 
28445 30077 33367 31746 
24851 37423 33300 31542 
23228 43632 33167 31515 
23911 47143 32985 31656 
26747 47158 32770 31945 
31307 43501 32539 32342 
36651 36900 32349 32832 
41492 28855 32145 33297 
44574 21381 32026 33729 
44697 16594 32000 34073 
41723 15607 32048 34204 
36490 18402 32196 34146 
30467 24191 32381 33871 
25214 31799 32642 33457 
21754 39706 32893 32918 
20666 46576 33157 32316 
22159 50734 33394 31750 
25907 51192 33577 31314 
31103 47764 33603 31031 
36902 41258 33558 31015 
41795 33059 33373 31204 
44367 24971 33083 31575 
43815 18749 32749 32134 
40288 15430 32411 32777 
35213 15397 32123 33395 
30570 18164 31876 33880 
27558 23143 31779 34207 
26219 29703 31850 34343 
25620 37072 32003 34220 
24913 44626 32231 33889 
24148 50992 32500 33411 
24362 54645 32764 32881 
26911 54239 32946 32353 
32491 48772 33077 31919 
40225 38546 33177 31678 
47812 25149 33179 31580 
52551 11521 33147 31678 
52049 1953 33106 31915 
45815 58 33059 32205 
35829 6152 33012 32466 
24914 19371 32998 32731 
16229 35659 32982 32907 
11946 50788 32946 32975 
12652 61018 32885 32959 
17436 64386 32815 32898 
24236 61138 32664 32813 
31095 53868 32498 32752 
36909 44663 32296 32706 
41266 35277 32122 32757 
44280 26068 31960 32825 
46230 17124 31897 32965 
47020 8751 31950 33123 
46163 2621 32122 33253 
43169 807 32349 33256 
38257 4970 32664 33200 
32142 15061 33001 33018 
26064 29279 33296 32763 
21368 44537 33567 32488 
18953 57322 33695 32168 
19107 64896 33731 31933 
21350 65470 33629 31789 
24876 58689 33422 31733 
28837 52727 33128 31830 
32909 41524 32798 32048 
36685 29894 32453 32366 
39725 19640 32145 32760 
41364 12118 31841 33090 
41226 8465 31663 33443 
39402 9279 31626 33716 
36725 14148 31736 33878 
34491 21352 31970 33864 
33556 28969 32271 33687 
33983 35434 32678 33438 
34859 39708 33038 33034 
35116 41793 33409 32596 
33803 42217 33686 32123 
30887 41833 33847 31704 
27376 41226 33858 31433 
24496 40572 33704 31311 
23191 39782 33461 31405 
23558 38649 33085 31646 
25111 37093 32648 32057 
27377 35281 32279 32586 
30292 33206 31975 33149 
33896 30927 31731 33587 
38473 28436 31695 33925 
43248 25849 31820 34098 
46646 23500 32005 34000 
47094 22094 32309 33766 
43864 22178 32604 33354 
38069 23799 32855 32859 
32129 26406 33052 32392 
27953 29258 33158 32026 
26288 31824 33190 31790 
26201 34063 33154 31724 
25907 36506 33069 31834 
24356 39828 32993 32056 
21902 44255 32901 32332 
20883 48624 32917 32686 
23289 51083 32923 32916 
29479 49877 32969 33069 
37633 44154 32979 33085 
44838 34699 32971 33001 
48410 23861 32926 32859 
47404 14860 32822 32697 
42621 10476 32650 32541 
36415 12026 32429 32457 
31039 18352 32201 32462 
27458 26902 31998 32568 
25805 34894 31912 32764 
25556 40025 31887 32977 
26493 41563 32022 33228 
28347 40121 32234 33375 
30802 37485 32552 33426 
33103 35519 32927 33349 
34363 35197 33261 33124 
34378 36165 33520 32791 
33730 37244 33696 32439 
33397 36982 33761 32081 
34164 34635 33680 31792 
35938 30581 33499 31649 
37563 26492 33192 31626 
37602 24540 32824 31767 
