31432 30963 31764 33688 
31432 30963 31764 33688 
31447 31020 31862 33960 
31628 31307 32087 34062 
31918 31756 32362 33987 
32241 32266 32650 33724 
32601 32821 32906 33396 
32893 33283 33071 32958 
33148 33679 33182 32577 
33356 33961 33246 32274 
33469 34030 33218 32012 
33503 33963 33172 31926 
33483 33755 33100 31893 
33399 33487 33019 31951 
33295 33189 32955 32059 
33147 32863 32908 32186 
32993 32580 32877 32323 
32825 32354 32858 32456 
32590 32139 32756 32524 
32413 32039 32685 32644 
32221 31963 32560 32755 
32050 31927 32395 32853 
31979 31968 32262 33009 
31945 32024 32151 33158 
32047 32187 32126 33361 
32184 32327 32147 33481 
32385 32523 32244 33562 
32616 32731 32426 33547 
32843 32944 32645 33429 
33040 33149 32875 33198 
33183 33325 33070 32858 
33342 33524 33281 32524 
33442 33671 33430 32168 
33484 33715 33479 31866 
33431 33623 33414 31624 
33297 33427 33256 31537 
33090 33116 33013 31577 
32791 32686 32697 31739 
32529 32280 32446 32103 
32217 31849 32179 32489 
31954 31494 31998 32914 
31775 31300 31911 33336 
31737 31308 31973 33701 
31817 31497 32138 33937 
32037 31891 32414 34007 
32358 32402 32744 33897 
32712 32951 33045 33575 
33070 33503 33301 33179 
33355 33946 33452 32678 
33589 34258 33516 32208 
33693 34331 33432 31776 
33675 34199 33254 31496 
33484 33822 32947 31397 
33224 33292 32640 31493 
32875 32710 32358 31793 
32529 32116 32142 32173 
32205 31602 32010 32620 
31974 31272 31997 33078 
31862 31149 32087 33456 
31918 31297 32306 33760 
32113 31644 32570 33874 
32402 32146 32869 33817 
32711 32675 33100 33576 
32989 33185 33286 33244 
33190 33583 33351 32817 
33308 33861 33351 32403 
33299 33916 33250 32057 
33156 33763 33034 31789 
32938 33483 32790 31708 
32656 33092 32532 31777 
32389 32663 32310 31990 
32183 32228 32118 32298 
32088 31934 32051 32671 
32151 31793 32088 33056 
32290 31789 32188 33339 
32567 31992 32425 33563 
32902 32325 32697 33629 
33241 32745 33007 33566 
33443 33099 33237 33308 
33561 33412 33421 32982 
33518 33609 33511 32608 
33307 33614 33470 32228 
32989 33436 33317 31913 
32603 33122 33079 31728 
32222 32705 32756 31690 
31977 32342 32491 31857 
31837 32025 32234 32101 
31846 31848 32046 32461 
32030 31861 31979 32876 
32294 32010 32011 33230 
32633 32320 32157 33544 
32983 32682 32380 33727 
33264 33025 32624 33741 
33404 33277 32817 33595 
33408 33388 32963 33307 
33289 33372 33049 32997 
33059 33191 33043 32654 
32779 32934 32995 32384 
32493 32595 32895 32152 
32264 32297 32820 32034 
32148 32076 32751 32005 
32176 32032 32775 32088 
32314 32153 32834 32203 
32548 32425 32929 32336 
32818 32789 33029 32472 
33055 33192 33096 32590 
33210 33511 33089 32658 
33288 33711 33030 32723 
33257 33704 32892 32783 
33076 33465 32651 32797 
32879 33087 32413 32876 
32597 32569 32155 32949 
32353 32054 31965 33054 
32185 31672 31891 33181 
32070 31456 31906 33268 
32062 31451 32039 33307 
32217 31744 32331 33342 
32422 32165 32672 33260 
32648 32665 33009 33057 
32903 33183 33326 32804 
33124 33633 33557 32499 
33295 33916 33677 32194 
33373 33986 33661 31930 
33365 33834 33517 31744 
33264 33494 33272 31678 
33049 33000 32949 31741 
32813 32509 32642 31911 
32611 32108 32413 32237 
32397 31803 32204 32562 
32237 31683 32088 32901 
32141 31745 32009 33199 
32162 31998 32059 33454 
32234 32301 32117 33590 
32359 32639 32241 33640 
32475 32893 32339 33581 
32617 33087 32472 33486 
32744 33174 32621 33327 
32850 33168 32775 33140 
32901 33072 32917 32900 
32952 32959 33070 32656 
33009 32875 33258 32437 
33008 32785 33381 32169 
33014 32771 33479 31944 
33019 32814 33520 31763 
33004 32855 33481 31627 
32910 32916 33102 31677 
32862 32920 32845 31884 
32772 32832 32498 32169 
32661 32694 32176 32563 
32550 32522 31893 33043 
32433 32346 31711 33505 
32311 32163 31635 33854 
32251 32074 31731 34096 
32222 32048 31922 34161 
32269 32130 32216 34045 
32340 32278 32537 33759 
32495 32540 32905 33390 
32625 32775 33155 32902 
32767 33007 33367 32434 
32906 33219 33493 32014 
33017 33356 33528 31711 
33126 33424 33497 31569 
33169 33385 33387 31568 
33183 33305 33260 31713 
33154 33175 33108 31939 
33080 33018 32949 32180 
32967 32848 32776 32411 
32863 32701 32634 32653 
32745 32555 32500 32835 
32590 32367 32334 32945 
32475 32220 32206 33035 
32384 32111 32092 33101 
32342 32071 32035 33177 
32325 32081 32023 33258 
32321 32138 32031 33316 
32406 32318 32163 33425 
32456 32495 32320 33435 
32552 32731 32558 33428 
32652 32957 32845 33325 
32722 33110 33095 33088 
32811 33251 33343 32805 
32920 33325 33544 32455 
33060 33375 33695 32133 
33135 33299 33692 31773 
33182 33171 33565 31512 
33195 33025 33362 31424 
33139 32843 33079 31458 
33024 32660 32744 31656 
32880 32506 32423 32005 
32700 32373 32126 32427 
32466 32236 31831 32871 
32255 32128 31635 33333 
32109 32093 31578 33754 
32054 32102 31664 34062 
32085 32172 31876 34223 
32211 32305 32186 34226 
32381 32462 32574 34022 
32622 32697 33021 33676 
32808 32903 33398 33152 
33027 33157 33739 32600 
33194 33392 33941 32038 
33315 33574 34006 31529 
33345 33653 33894 31151 
33301 33613 33639 30948 
33182 33439 33252 30968 
32983 33128 32779 31185 
32801 32801 32339 31642 
32642 32443 31957 32237 
32507 32128 31698 32878 
32372 31862 31548 33491 
32352 31767 31615 34029 
32354 31794 31814 34367 
32409 31954 32107 34484 
32461 32164 32442 34344 
32523 32428 32775 34020 
32564 32660 33025 33528 
32562 32835 33185 32963 
32570 32979 33244 32406 
32611 33093 33247 31938 
32663 33141 33178 31628 
32702 33149 33056 31470 
32789 33137 32970 31499 
32881 33124 32911 31648 
32985 33109 32914 31924 
33063 33071 32953 32210 
33126 33045 33008 32481 
33143 32984 33038 32721 
33115 32936 33014 32913 
33017 32819 32903 33013 
32892 32693 32714 33075 
32765 32579 32492 33130 
32587 32378 32198 33097 
32430 32196 31936 33082 
32295 32041 31755 33074 
32214 31944 31702 33094 
32142 31902 31770 33116 
32190 32002 32012 33148 
32241 32179 32345 33158 
32374 32459 32790 33134 
32504 32749 33211 33028 
32685 33066 33605 32939 
32868 33356 33883 32859 
33057 33530 34002 32777 
33223 33613 33931 32623 
33380 33618 33742 32293 
33445 33477 33400 31571 
33413 33248 32976 30623 
33279 32976 32524 29713 
33140 32748 32164 29322 
32906 32515 31839 29772 
32688 32372 31691 31164 
32467 32259 31614 33273 
32309 32249 31681 35646 
32187 32283 31868 37710 
32028 32252 32152 38983 
31827 32054 32446 39102 
31595 31838 32775 38135 
31347 31854 33072 36246 
31180 32343 33296 33710 
31631 33150 33488 30814 
33350 33399 33551 27838 
36388 32339 33593 25475 
39473 30050 33513 23918 
40307 28214 33358 23573 
36801 29330 33203 24724 
28611 34821 32936 27303 
19105 43459 32701 31047 
13149 51498 32475 35396 
15146 54109 32238 39611 
25776 47952 32061 42984 
41545 32981 31903 44841 
56609 13803 31838 44730 
64437 471 31864 42600 
62021 0 31928 38676 
50871 0 32115 33644 
35444 14193 32349 28258 
20100 32833 32729 23451 
9141 50525 33071 20069 
3738 62984 33418 18810 
2474 65406 33714 19826 
4286 65448 33934 22948 
9003 65454 34023 27719 
17173 65477 33920 33186 
29121 56308 33628 38630 
43349 41928 33248 42945 
58116 22977 32750 45514 
65267 2025 32279 46070 
65464 179 31830 44438 
65515 50 31491 40906 
65535 0 31316 36142 
65535 0 31356 31088 
58052 12549 31574 26499 
37619 32636 31934 23139 
16608 54792 32393 21462 
526 65240 32907 21719 
9 65518 33332 23693 
0 65535 33683 26969 
8314 65535 33914 30958 
20041 65535 33921 34889 
36451 47437 33803 38212 
51373 24189 33543 40373 
61847 1252 33210 41145 
64842 101 32780 40450 
59694 18 32471 38677 
47351 0 32200 36098 
30211 71 32018 33195 
11311 17574 31970 30513 
325 37320 32037 28461 
58 57148 32184 27410 
27 65287 32379 27375 
25 65514 32591 28226 
10886 65535 32761 29690 
25574 65535 32875 31465 
42294 65439 32951 33279 
58128 42715 32943 34739 
65297 20202 32921 35606 
65489 1020 32879 35856 
65518 101 32848 35487 
65522 43 32808 34640 
65361 31 32825 33492 
46907 5402 32861 32367 
29533 16048 32927 31475 
14515 30884 32942 30961 
3985 46005 32931 30848 
166 58362 32909 31161 
69 65101 32839 31768 
5259 65488 32804 32584 
14213 59730 32665 33277 
24542 48393 32558 33816 
34500 34593 32505 34127 
42294 20856 32383 34052 
46861 9707 32309 33720 
47824 2590 32261 33226 
45588 479 32270 32674 
41250 3559 32327 32162 
36287 10972 32419 31801 
31974 21773 32579 31648 
29428 34136 32774 31738 
29251 45921 32950 31936 
31428 55243 33185 32300 
34863 60052 33406 32720 
37990 59876 33552 33063 
39550 55574 33605 33268 
39084 48609 33533 33336 
36969 40457 33361 33242 
34164 31948 33094 33060 
31705 23790 32766 32829 
29918 16770 32408 32601 
28215 11860 32078 32432 
25827 10506 31815 32393 
22496 13807 31680 32473 
19035 21563 31652 32611 
17602 31762 31819 32845 
19906 41012 32057 33043 
26324 46767 32397 33193 
35404 47572 32783 33249 
44619 43823 33114 33132 
51490 37373 33440 32937 
54032 30855 33640 32637 
52039 26733 33741 32368 
46223 25974 33693 32089 
38016 28342 33537 31906 
29020 32462 33290 31854 
21167 36503 33004 31947 
16329 38805 32653 32132 
16141 38520 32348 32486 
20381 35916 32076 32827 
27487 32312 31907 33205 
34852 29303 31800 33511 
39876 28163 31832 33761 
41103 28948 31977 33875 
39000 30648 32222 33801 
35691 31648 32504 33560 
33477 31032 32819 33197 
33155 29107 33098 32735 
33795 27342 33360 32262 
33445 27663 33558 31848 
30405 31339 33635 31515 
25071 37896 33560 31345 
19697 45291 33374 31384 
17823 50300 33127 31611 
21364 50785 32837 31993 
30220 45703 32531 32462 
41966 35842 32301 33006 
53230 23511 32097 33454 
60633 11738 32004 33811 
61394 3870 32024 33983 
55285 2507 32116 33977 
43851 7851 32268 33766 
29540 19055 32476 33480 
15170 33841 32709 33096 
3312 49519 32905 32688 
123 62479 33070 32304 
43 65412 33189 32014 
5761 65499 33235 31823 
15797 65509 33192 31706 
30331 60739 33075 31717 
44558 45244 32918 31896 
56476 28036 32729 32118 
64388 11433 32596 32476 
65427 445 32428 32804 
65472 98 32323 33135 
65471 46 32280 33427 
53671 16 32363 33673 
38270 10709 32483 33738 
20482 27393 32628 33648 
3132 46757 32857 33445 
105 64091 33042 33105 
3 65458 33195 32684 
0 65535 33304 32262 
13103 65535 33299 31838 
28675 65532 33226 31596 
43550 47613 32995 31480 
54493 26947 32742 31563 
60001 8365 32512 31894 
60077 237 32264 32302 
55758 60 32083 32803 
48389 46 31990 33281 
38879 7559 32037 33699 
28016 15380 32190 33970 
16997 29782 32408 33992 
7509 45451 32694 33859 
1744 59214 32928 33529 
833 65315 33071 33074 
5458 65486 33182 32626 
14786 65515 33213 32223 
27566 65522 33142 31886 
41540 49908 33008 31712 
54405 30759 32834 31688 
63730 11980 32778 31899 
65440 407 32702 32129 
65494 63 32689 32410 
62902 39 32740 32690 
50166 536 32791 32880 
37291 13083 32836 33003 
24975 25592 32885 33069 
15242 38058 32849 33004 
9288 48718 32766 32938 
7181 56652 32670 32892 
8345 60830 32509 32836 
11835 61050 32325 32812 
16949 57190 32189 32846 
23200 49419 32116 32927 
30334 38342 32120 33009 
37442 26040 32227 33083 
43982 14463 32445 33116 
48916 5888 32717 33075 
51454 1872 32998 32944 
51253 2911 33197 32672 
48745 8374 33424 32439 
44439 16718 33525 32155 
39030 26418 33516 31913 
33088 36286 33420 31763 
27071 45886 33255 31743 
21646 54567 32994 31858 
17676 61598 32709 32077 
15891 65314 32454 32439 
16849 65467 32187 32821 
20597 61221 31933 33154 
26592 50833 31796 33501 
33411 35609 31761 33774 
39641 19294 31840 33928 
44357 5406 32032 33926 
47041 180 32337 33804 
47423 69 32657 33489 
45429 79 33023 33101 
41279 7391 33328 32606 
35574 16262 33655 32164 
29234 26697 33823 31729 
23615 38246 33834 31382 
19881 50166 33692 31224 
18699 60756 33420 31224 
19972 65347 33091 31486 
22951 65487 32695 31862 
27194 65515 32327 32364 
32252 56767 31979 32879 
37929 41299 31741 33387 
43360 24646 31650 33793 
47622 9710 31718 34059 
49399 441 31908 34132 
47741 65 32159 34017 
42329 43 32479 33732 
34602 9337 32810 33345 
26559 22197 33103 32887 
20109 36482 33328 32452 
16641 49203 33496 32057 
16505 57737 33537 31713 
19314 60575 33464 31550 
24176 57535 33313 31538 
29826 50086 33056 31672 
35481 40279 32755 31926 
40428 30147 32497 32305 
43859 21075 32233 32679 
45401 14022 32077 33081 
44718 9736 31987 33394 
42107 8852 32033 33583 
38142 11860 32203 33648 
33505 18933 32429 33525 
28962 29549 32696 33288 
25168 42322 33007 32996 
22709 54243 33199 32605 
22142 62287 33370 32300 
23536 63992 33418 32083 
26793 58605 33317 31946 
31341 47239 33119 31934 
36307 32100 32858 32077 
40416 17045 32576 32332 
42457 6615 32348 32647 
42064 2501 32182 32958 
39302 5072 32056 33173 
34966 13185 32078 33336 
30105 24621 32217 33400 
26125 36183 32400 33313 
24054 45751 32636 33150 
24353 51891 32881 32902 
26732 53962 33063 32596 
30522 52263 33238 32343 
34283 47702 33312 32128 
37220 41294 33277 31978 
38840 34064 33125 31922 
39140 26849 32915 31985 
38373 20375 32648 32178 
36913 15921 32425 32523 
34985 14555 32247 32884 
32642 16760 32077 33177 
30200 22380 32048 33463 
28037 30052 32172 33672 
26623 37942 32388 33729 
26522 43850 32647 33601 
27860 46466 32940 33338 
30300 45740 33196 32926 
33131 42588 33389 32466 
35486 38494 33497 32038 
36692 34634 33450 31660 
36554 31781 33290 31469 
35528 29909 33070 31464 
34064 28443 32730 31608 
32689 27307 32443 31964 
31549 26675 32186 32402 
30805 27108 32003 32885 
30623 28827 31923 33331 
31183 31497 31964 33693 
32582 34162 32114 33929 
34460 35534 32317 33930 
36316 34915 32595 33797 
37329 32316 32851 33498 
36990 29018 33086 33093 
35335 26756 33256 32659 
32778 27093 33368 32251 
29958 30472 33370 31885 
27538 36199 33315 31700 
25883 41961 33144 31630 
25147 45724 32899 31704 
25575 45889 32665 31964 
27356 42106 32417 32271 
30870 35200 32223 32643 
35643 27685 32086 33005 
40686 21875 32073 33292 
44381 19332 32147 33493 
45484 20143 32313 33569 
43479 23453 32583 33531 
38689 27958 32859 33344 
32635 32289 33107 33059 
26883 35875 33305 32729 
22982 38516 33409 32388 
21222 40479 33396 32091 
21565 41843 33309 31915 
23501 42253 33073 31823 
26682 41236 32804 31894 
30415 38401 32502 32089 
34192 34108 32293 32418 
37747 29087 32133 32761 
40952 24490 32053 33082 
43505 21504 32087 33328 
44769 20960 32205 33483 
44080 22867 32357 33494 
41014 26596 32553 33406 
35642 31129 32735 33233 
28943 35622 32870 33002 
22464 39448 32919 32738 
18402 42248 32999 32560 
17704 43762 33001 32391 
20367 43822 32974 32260 
25427 42098 32999 32243 
31065 38230 32985 32191 
35868 32700 33034 32235 
39345 26363 33060 32267 
41826 20714 33065 32283 
43692 17336 33028 32323 
44761 17479 32912 32366 
44241 21085 32759 32455 
41362 27159 32579 32587 
36009 34105 32351 32764 
29270 40266 32142 32939 
22787 44746 31968 33162 
19002 46633 31897 33374 
18795 46038 31964 33534 
21695 43410 32106 33601 
26334 39505 32392 33611 
31032 35029 32738 33494 
34686 30681 33034 33223 
37000 26979 33344 32860 
38225 24327 33549 32430 
38912 22951 33710 32084 
39147 22691 33637 31699 
38927 23624 33476 31467 
38114 25697 33233 31405 
36753 28406 32887 31460 
35217 31279 32558 31682 
33671 33922 32299 32087 
32034 35977 32052 32505 
30260 37636 31886 32942 
28371 39220 31815 33398 
26884 40703 31863 33772 
26393 41705 31986 34039 
27288 41515 32169 34133 
29353 39551 32463 34127 
31641 35638 32760 33919 
33018 30819 33024 33550 
33085 26683 33273 33110 
32305 24649 33453 32551 
31799 25401 33583 32019 
32618 28201 33611 31525 
34970 31125 33533 31179 
38195 32449 33340 30972 
40975 31293 33110 30988 
42093 28324 32829 31223 
40752 25444 32505 31627 
36981 25204 32233 32240 
31892 28791 31994 32830 
26695 35548 31867 33454 
22661 43146 31819 33983 
20879 48782 31919 34365 
21736 50218 32119 34525 
24879 46674 32349 34407 
29375 39657 32615 34101 
34085 31413 32871 33612 
37942 24380 33058 33035 
40401 20161 33173 32454 
41270 19047 33224 31931 
40723 20329 33174 31528 
39140 22826 33080 31308 
36863 25749 32979 31310 
34125 28645 32885 31479 
31240 31774 32809 31773 
28753 35431 32840 32168 
26902 39628 32829 32525 
26215 43591 32904 32873 
26614 46249 32905 33107 
28215 46483 32899 33248 
30809 43598 32805 33291 
34126 37728 32674 33267 
37274 30200 32447 33160 
39498 23136 32256 33061 
39856 18506 32058 32957 
38119 17417 31938 32905 
34605 20026 31916 32901 
30297 25560 32035 32940 
26285 32720 32245 32966 
23812 39730 32579 32998 
23402 44965 32927 32933 
25169 47387 33268 32818 
28811 46330 33540 32611 
33775 41954 33747 32402 
39024 35103 33760 32147 
43419 27349 33632 31904 
45562 20873 33383 31756 
44665 17392 33083 31713 
40833 17368 32671 31766 
35169 20732 32340 31995 
29035 26532 32017 32281 
23863 33735 31823 32724 
20776 40682 31693 33147 
20152 46123 31711 33561 
22043 48930 31862 33935 
26072 48331 32105 34145 
31565 44248 32387 34169 
37345 37606 32729 34006 
41728 30114 33043 33653 
43606 23421 33334 33192 
42462 18941 33550 32624 
38954 17371 33679 32044 
34465 18687 33703 31532 
30763 22309 33565 31128 
28704 27372 33341 30948 
27877 33430 33057 31005 
27298 39819 32726 31294 
26432 45865 32439 31807 
25517 50581 32179 32397 
25789 52507 31971 33021 
28491 50504 31870 33601 
33930 43944 31888 34067 
40919 33303 31999 34346 
47249 20313 32182 34368 
50180 8570 32429 34195 
48128 1948 32672 33806 
41386 2688 32921 33298 
31816 11112 33113 32726 
22261 25081 33272 32168 
15381 41048 33343 31676 
13181 54504 33363 31386 
15553 62090 33302 31300 
21059 62948 33183 31423 
27820 58285 32964 31667 
34120 50254 32701 32054 
39247 41018 32493 32566 
42741 31822 32286 33059 
44931 23054 32182 33515 
45986 14822 32127 33810 
45866 7640 32166 33896 
44191 3078 32294 33834 
40787 3071 32536 33609 
35633 8866 32753 33174 
29703 20177 32972 32662 
24350 34588 33204 32179 
20692 48508 33318 31748 
19380 59165 33397 31539 
20273 64286 33338 31504 
22756 63337 33160 31665 
26258 57291 32899 32019 
30120 47831 32631 32518 
33991 36799 32375 33056 
37438 26255 32157 33506 
40084 17490 32050 33863 
41309 11730 32058 34007 
40807 9802 32166 33917 
38871 12054 32338 33613 
36494 17532 32564 33181 
34641 24695 32776 32658 
33963 31824 32929 32142 
34365 37358 33060 31775 
34887 40572 33091 31554 
34492 41607 33075 31579 
32535 41193 33029 31811 
29342 40259 32958 32168 
25951 39387 32897 32599 
23616 38761 32864 33018 
22985 38151 32813 33300 
24152 37462 32849 33496 
26194 36430 32818 33440 
28747 35111 32798 33243 
31810 33501 32766 32939 
35541 31482 32673 32561 
40090 29098 32599 32271 
44324 26537 32489 32079 
46657 24317 32358 32013 
45942 23053 32271 32154 
41981 23154 32246 32422 
36019 24573 32239 32760 
30395 26808 32323 33141 
26987 29154 32470 33446 
26024 31306 32653 33631 
26350 33518 32928 33704 
26076 36174 33065 33469 
24541 40139 33275 33161 
22609 44806 33365 32702 
22435 48991 33410 32274 
25571 50864 33368 31880 
31893 48783 33188 31558 
39454 42348 33023 31524 
45426 32397 32758 31580 
47438 22058 32574 31912 
45168 14249 32398 32301 
39992 11340 32270 32744 
34107 13884 32167 33155 
29242 20731 32126 33514 
26251 29250 32088 33681 
25325 36291 32179 33788 
