32823 32763 33344 31226 
32823 32763 33344 31226 
32658 32603 33124 31525 
32525 32473 32868 32007 
32401 32347 32568 32539 
32318 32238 32284 33125 
32235 32151 32025 33635 
32225 32120 31867 34057 
32255 32147 31803 34283 
32368 32263 31883 34335 
32532 32431 32075 34165 
32684 32616 32303 33789 
32869 32833 32612 33310 
33020 33037 32914 32763 
33167 33234 33214 32204 
33236 33350 33430 31706 
33240 33401 33570 31390 
33180 33368 33598 31240 
33034 33227 33483 31268 
32852 33016 33259 31498 
32621 32730 32944 31855 
32424 32437 32620 32337 
32301 32200 32346 32883 
32167 31958 32072 33351 
32140 31877 31930 33773 
32201 31927 31907 34011 
32346 32110 32049 34055 
32544 32421 32285 33918 
32781 32788 32599 33598 
32991 33153 32923 33135 
33149 33446 33204 32607 
33277 33662 33425 32104 
33300 33706 33513 31657 
33236 33596 33479 31399 
33109 33349 33309 31344 
32910 32991 33040 31490 
32694 32587 32709 31842 
32525 32241 32430 32330 
32342 31901 32151 32845 
32238 31710 31996 33359 
32199 31654 31938 33731 
32235 31786 32012 33954 
32384 32027 32222 33985 
32533 32346 32450 33780 
32648 32673 32664 33420 
32778 33017 32886 33019 
32823 33235 32986 32520 
32891 33449 33088 32161 
32881 33503 33107 31892 
32880 33483 33112 31803 
32848 33360 33083 31844 
32845 33197 33047 32030 
32848 33007 33024 32303 
32857 32796 32997 32565 
32865 32599 32962 32780 
32880 32440 32915 32933 
32875 32299 32830 32944 
32871 32238 32731 32913 
32813 32192 32573 32795 
32733 32194 32422 32672 
32641 32256 32286 32607 
32543 32351 32170 32612 
32405 32435 32064 32675 
32329 32581 32086 32848 
32271 32717 32162 33052 
32287 32881 32356 33279 
32311 32970 32545 33377 
32461 33099 32838 33435 
32649 33193 33115 33358 
32824 33203 33317 33103 
33057 33199 33481 32783 
33239 33123 33522 32369 
33361 33006 33455 31955 
33434 32900 33313 31652 
33385 32735 33083 31486 
33263 32586 32836 31494 
33041 32435 32584 31692 
32769 32307 32369 32047 
32459 32202 32186 32485 
32127 32087 32020 32942 
31881 32063 31964 33425 
31719 32082 31962 33822 
31712 32189 32045 34064 
31857 32369 32202 34126 
32099 32618 32424 33996 
32449 32911 32683 33685 
32851 33207 32969 33245 
33207 33452 33205 32703 
33560 33663 33447 32205 
33789 33735 33610 31753 
33873 33697 33674 31414 
33732 33473 33567 31233 
33509 33182 33396 31285 
33139 32783 33114 31483 
32719 32385 32781 31864 
32303 32005 32447 32322 
31973 31744 32163 32843 
31735 31595 31913 33308 
31699 31635 31810 33705 
31813 31816 31802 33975 
32060 32106 31921 34047 
32395 32472 32132 33959 
32760 32877 32411 33748 
33097 33230 32714 33409 
33308 33483 32969 32964 
33428 33632 33187 32495 
33444 33677 33386 32082 
33308 33552 33465 31719 
33080 33310 33427 31511 
32801 32999 33308 31469 
32475 32602 33065 31550 
32257 32290 32825 31870 
32118 32026 32577 32265 
32087 31871 32356 32727 
32166 31824 32203 33181 
32316 31901 32119 33552 
32582 32144 32178 33832 
32839 32461 32329 33916 
33122 32861 32573 33846 
33291 33189 32801 33548 
33365 33466 33018 33139 
33353 33614 33179 32640 
33272 33670 33313 32198 
33078 33550 33314 31784 
32843 33322 33228 31506 
32546 32945 32998 31400 
32324 32587 32744 31524 
32190 32292 32507 31879 
32132 32036 32285 32309 
32151 31898 32130 32819 
32230 31867 32038 33292 
32416 32018 32125 33732 
32615 32221 32278 33979 
32822 32485 32504 34040 
32957 32717 32728 33859 
33079 32981 32978 33584 
33079 33092 33096 33143 
33025 33153 33145 32699 
32940 33152 33138 32291 
32814 33070 33067 31969 
32697 32955 32947 31777 
32590 32815 32807 31705 
32555 32702 32706 31803 
32602 32664 32688 32002 
32685 32669 32711 32239 
32786 32689 32752 32466 
32870 32740 32800 32656 
32958 32813 32864 32813 
32971 32832 32878 32908 
32920 32846 32847 32990 
32805 32801 32748 33031 
32658 32729 32618 33083 
32477 32625 32445 33123 
32316 32482 32276 33142 
32190 32373 32166 33178 
32156 32312 32114 33205 
32238 32322 32195 33204 
32369 32376 32330 33147 
32590 32508 32573 33028 
32857 32692 32852 32862 
33082 32873 33116 32610 
33299 33062 33361 32357 
33449 33212 33506 32117 
33457 33254 33534 31884 
33402 33242 33470 31759 
33236 33112 33266 31702 
32993 32912 32991 31788 
32741 32700 32722 31990 
32479 32501 32460 32300 
32227 32334 32223 32664 
32026 32230 32045 33044 
31898 32177 31954 33402 
31862 32222 31933 33706 
31959 32374 32043 33960 
32399 32750 32441 34000 
32674 32904 32674 33775 
32964 33037 32909 33421 
33228 33129 33142 32956 
33404 33126 33301 32415 
33569 33136 33463 31924 
33544 33026 33474 31414 
33454 32923 33431 31102 
33255 32779 33294 30936 
32986 32637 33085 31010 
32713 32529 32860 31331 
32434 32412 32601 31819 
32269 32416 32422 32505 
32105 32378 32215 33155 
32077 32413 32120 33814 
32115 32453 32089 34319 
32258 32548 32135 34639 
32458 32687 32266 34731 
32619 32793 32398 34494 
32785 32916 32568 34048 
32915 33022 32725 33402 
33002 33117 32876 32681 
33046 33178 33004 31945 
33060 33194 33101 31347 
33044 33126 33169 30942 
32969 32955 33154 30757 
32873 32739 33103 30847 
32791 32479 33020 31230 
32649 32179 32845 31772 
32550 31962 32681 32454 
32466 31848 32535 33169 
32399 31849 32410 33814 
32388 32011 32366 34291 
32442 32305 32398 34514 
32526 32694 32506 34469 
32648 33115 32648 34154 
32760 33496 32794 33593 
32881 33784 32938 32927 
32971 33917 33012 32212 
33066 33898 33079 31614 
33098 33688 33041 31186 
33056 33318 32908 31001 
33005 32880 32787 31121 
32858 32349 32587 31438 
32759 31927 32460 32033 
32604 31571 32320 32678 
32466 31389 32266 33303 
32373 31405 32289 33843 
32314 31603 32382 34149 
32309 31974 32538 34239 
32396 32461 32761 34090 
32513 32945 32934 33702 
32633 33370 33061 33163 
32817 33759 33207 32667 
32991 33986 33274 32266 
33104 33999 33233 32027 
33175 33840 33140 31957 
33132 33505 32956 31860 
33011 33051 32718 31607 
32865 32588 32513 31212 
32644 32095 32299 30684 
32432 31681 32130 30349 
32244 31434 32028 30589 
32164 31395 32041 31574 
32212 31603 32159 33262 
32403 32020 32355 35273 
32693 32599 32682 37108 
32938 33140 33006 38191 
33017 33463 33275 38260 
32979 33573 33511 37339 
32717 33603 33628 35575 
32247 33755 33595 33230 
31918 34069 33418 30670 
32486 34055 33149 28171 
34434 32834 32804 26030 
37323 30052 32382 24541 
39287 27081 32098 24236 
37742 26152 31836 25173 
31570 29538 31769 27482 
22281 37367 31827 30897 
13933 47248 32009 35132 
12498 53577 32337 39230 
20136 52139 32659 42602 
34618 41446 32956 44605 
51483 23367 33143 44703 
63503 5026 33294 42852 
65526 97 33292 39184 
57902 0 33229 34299 
43232 7401 32995 28856 
27002 24335 32833 23910 
13546 42897 32703 20208 
5553 57669 32583 18472 
2348 65230 32580 19032 
2561 65439 32637 21779 
5691 65447 32749 26347 
12150 65464 32859 31836 
22488 63439 32960 37427 
36056 50751 32991 42239 
51489 33320 32946 45521 
64756 11828 32786 46680 
65425 389 32621 45669 
65501 89 32380 42633 
65535 9 32167 38147 
65535 0 32045 32944 
65525 6004 31998 27953 
45898 22666 32094 23960 
25343 44442 32289 21510 
4129 64452 32582 20900 
84 65454 32880 22157 
0 65535 33179 24916 
0 65535 33421 28647 
13758 65535 33597 32727 
30393 57119 33655 36521 
46519 34219 33561 39306 
59119 9803 33372 40867 
65067 256 33108 41059 
61138 36 32718 39867 
53097 0 32405 37761 
37273 0 32073 35103 
18585 10704 31855 32446 
1230 28347 31722 30171 
97 48715 31747 28616 
34 64772 31904 27990 
23 65466 32158 28235 
6049 65533 32445 29137 
19224 65535 32819 30567 
35648 65535 33189 32097 
51967 51189 33513 33388 
64760 29890 33689 34256 
65453 7885 33774 34623 
65513 214 33733 34473 
65527 55 33517 33889 
65514 35 33197 33059 
52686 30 32815 32281 
36045 9568 32490 31723 
19502 23602 32151 31489 
6815 39352 31937 31680 
402 53360 31809 32166 
74 63178 31856 32893 
144 65440 31975 33645 
10663 65421 32208 34334 
20874 54558 32495 34720 
31282 41650 32736 34729 
40095 27458 32915 34340 
46027 14354 33053 33665 
48090 5157 33123 32805 
46723 762 33074 31893 
43030 1321 33024 31133 
38206 6761 32976 30677 
33464 16463 32903 30470 
30250 28735 32910 30671 
29333 41158 32916 31097 
30760 51599 32939 31721 
33777 58230 32983 32454 
36949 60111 33019 33110 
38928 57417 32999 33625 
38869 51515 32918 33920 
37018 43864 32784 34016 
34290 35561 32586 33922 
31790 27283 32395 33740 
29977 19478 32193 33509 
28549 13453 31999 33240 
26662 10598 31922 33034 
23746 12256 31934 32879 
20371 18648 32076 32775 
18221 28468 32345 32680 
19428 38395 32703 32616 
24821 45499 33031 32470 
33413 47856 33338 32306 
42815 45314 33573 32094 
50408 39302 33726 31929 
53856 32487 33695 31763 
52746 27342 33571 31698 
47626 25355 33295 31729 
39741 26822 32975 31857 
30529 30753 32589 32113 
22272 35189 32274 32505 
16624 38273 31990 32922 
15108 38914 31782 33381 
18471 36982 31750 33837 
25429 33476 31819 34134 
33374 30229 32012 34297 
39649 28621 32301 34278 
42257 29027 32619 34044 
41050 30721 32939 33606 
37675 32114 33250 33072 
34545 31853 33467 32425 
33285 30015 33639 31854 
33380 27707 33629 31315 
33151 26953 33499 30951 
30776 29421 33291 30829 
25881 35220 33014 30937 
20379 42450 32681 31251 
17258 48550 32413 31808 
19164 50810 32206 32439 
26938 47487 32044 33076 
38479 38956 32018 33675 
50504 27126 32077 34136 
59496 15066 32192 34372 
62547 6039 32371 34420 
58578 2486 32581 34253 
48656 5760 32751 33903 
34937 15326 32935 33452 
20029 29285 33034 32910 
6881 44876 33129 32405 
245 59237 33151 31914 
52 65323 33111 31542 
40 65490 33024 31337 
10955 65509 32871 31290 
24478 65485 32721 31421 
39215 50280 32599 31740 
52686 33083 32447 32122 
62313 16140 32416 32624 
65383 1281 32423 33108 
65464 129 32469 33524 
65491 58 32560 33814 
58384 23 32733 33937 
44794 6740 32919 33942 
27510 21861 33025 33662 
9345 40774 33116 33290 
262 59675 33143 32833 
17 65388 33076 32313 
0 65535 32981 31901 
7886 65535 32846 31636 
22491 65535 32602 31494 
37953 53900 32460 31634 
50767 33568 32308 31917 
58185 13726 32238 32328 
60087 525 32232 32810 
57380 77 32296 33235 
51269 47 32432 33596 
42463 48 32621 33821 
32077 11144 32805 33824 
20885 24960 32913 33616 
10561 40625 33000 33306 
2980 55759 33029 32919 
285 65169 33000 32534 
3134 65473 32904 32198 
11285 65511 32808 31987 
23301 65528 32750 31907 
37506 55756 32720 31978 
51250 37435 32705 32094 
62076 17842 32770 32323 
65402 1152 32838 32523 
65490 93 32940 32730 
65497 38 32980 32818 
55157 40 32952 32846 
42337 8970 32910 32853 
29127 21069 32795 32847 
17792 34033 32614 32809 
9934 45826 32391 32774 
6442 54764 32235 32830 
6688 60175 32104 32893 
9758 61656 32065 33019 
14969 58814 32119 33137 
21440 51918 32324 33250 
28498 41667 32564 33280 
35752 29424 32878 33255 
42508 17144 33117 33064 
47993 7011 33326 32791 
51212 1367 33484 32493 
51644 876 33496 32133 
49589 5387 33408 31839 
45569 13364 33259 31642 
40082 23439 32988 31557 
34118 33959 32725 31668 
28097 44017 32451 31902 
22631 53266 32231 32255 
18339 61100 32057 32681 
16053 65333 31971 33142 
16531 65460 31942 33564 
19901 65502 32031 33926 
25565 57434 32208 34134 
32440 42666 32403 34111 
39011 25485 32687 33976 
43962 9654 32926 33633 
46873 368 33164 33193 
47556 74 33358 32664 
45979 72 33531 32148 
42100 4328 33519 31584 
36610 12310 33478 31224 
30183 22253 33349 31026 
24125 33426 33140 31031 
19682 45350 32847 31222 
17982 56708 32569 31678 
19056 64645 32359 32289 
22189 65455 32176 32925 
26551 65506 32008 33507 
31699 58208 31919 33996 
37417 43979 31984 34334 
42878 27857 32117 34451 
47308 12628 32280 34319 
49570 1417 32486 34005 
48590 85 32640 33488 
43995 43 32792 32937 
36667 7255 32862 32334 
28423 19749 33017 31943 
21189 34252 33068 31598 
16653 48102 33104 31440 
15679 58090 33184 31480 
17886 62138 33252 31655 
22344 60193 33329 31949 
28052 53284 33367 32267 
34118 43153 33321 32552 
39539 32337 33227 32802 
43702 22407 33019 32950 
45951 14440 32724 33025 
46016 9125 32426 33064 
43761 7169 32113 33062 
39816 9116 31846 33038 
34910 15325 31661 33024 
29954 25480 31636 33057 
25572 38420 31737 33113 
22533 51392 31977 33180 
21293 61193 32289 33238 
22109 65162 32702 33287 
24914 61845 33140 33263 
29318 51567 33422 33027 
34463 37175 33683 32796 
39166 21898 33806 32474 
42381 9583 33806 32169 
43213 2966 33618 31849 
41406 3557 33322 31607 
37589 10296 33000 31516 
32753 20976 32667 31562 
28181 32848 32377 31769 
24988 43530 32142 32080 
24115 50896 32024 32516 
25468 54131 31967 32945 
28398 53294 31957 33353 
31977 49097 32014 33716 
35177 42726 32153 34002 
37292 35331 32285 34084 
38323 27840 32487 34081 
38296 21091 32656 33881 
37550 16120 32834 33562 
36141 14016 33041 33137 
34265 15746 33214 32649 
32048 21140 33391 32169 
29774 29040 33522 31703 
27907 37584 33569 31312 
27078 44491 33521 31095 
27643 47758 33402 31041 
29399 47303 33192 31203 
31800 43852 32888 31521 
34075 38868 32551 32016 
35523 33985 32232 32626 
35789 30418 31938 33206 
35209 28147 31736 33755 
34228 26805 31670 34165 
33179 26091 31742 34407 
32282 26065 31913 34416 
31628 27062 32167 34222 
31311 29314 32463 33862 
31537 32431 32771 33387 
32458 35403 33016 32805 
33898 36971 33203 32259 
35467 36363 33369 31845 
36503 33530 33449 31545 
36420 29594 33443 31385 
35136 26413 33429 31433 
32937 25814 33333 31560 
30489 28564 33230 31789 
28379 34017 33100 32071 
26901 40380 32933 32336 
26279 45164 32743 32606 
26563 46474 32574 32869 
27858 43693 32344 33045 
30565 37695 32146 33217 
34613 30189 31944 33330 
39298 23687 31834 33453 
43128 20014 31836 33560 
44715 19536 31922 33608 
43281 21763 32096 33606 
38975 25669 32375 33564 
33066 29970 32709 33398 
27393 33888 33036 33161 
23261 37211 33329 32840 
21344 39998 33561 32464 
21675 42177 33722 32096 
23692 43267 33738 31724 
26804 42810 33605 31408 
30494 40493 33394 31249 
34187 36396 33134 31255 
37667 31082 32791 31410 
40680 25929 32457 31711 
43102 22098 32185 32187 
44434 20397 31939 32704 
44096 21244 31809 33323 
41465 24219 31744 33840 
36546 28561 31821 34292 
30035 33337 31982 34553 
23409 37846 32185 34574 
18497 41735 32505 34412 
17090 44261 32826 33998 
19327 45206 33135 33390 
24256 44166 33425 32686 
30285 40769 33672 31974 
35626 35112 33781 31297 
39429 28254 33760 30791 
41931 21730 33644 30551 
43621 17243 33401 30546 
44690 16146 33068 30848 
44502 18979 32699 31439 
42161 24715 32337 32189 
37305 31817 31991 32958 
30629 38601 31737 33707 
23812 43871 31629 34345 
19128 46735 31695 34743 
17998 46957 31877 34833 
20331 44906 32139 34650 
24891 41165 32439 34209 
30061 36390 32733 33553 
34206 31664 32991 32890 
36825 27497 33171 32219 
38204 24446 33275 31689 
38881 22706 33318 31369 
39135 22385 33311 31277 
38959 23329 33238 31370 
38183 25398 33115 31609 
36889 28293 33041 31955 
35381 31315 32965 32311 
33944 34033 32906 32626 
32605 36080 32853 32838 
31215 37565 32796 32977 
29618 38789 32725 33035 
28065 39897 32641 33070 
27105 40713 32524 33056 
27372 40658 32381 33057 
28872 39036 32195 33035 
31043 35550 32029 33068 
32622 31173 31948 33139 
32877 27191 31946 33206 
31969 25128 32045 33247 
30904 25826 32279 33260 
30957 28725 32572 33149 
32890 32159 32939 32993 
36203 34006 33257 32727 
39791 33116 33535 32412 
42258 29616 33751 32105 
42200 25575 33784 31812 
39543 23699 33694 31619 
34943 25743 33483 31594 
29547 31658 33167 31661 
24744 39827 32829 31899 
21875 46818 32459 32196 
21440 50130 32137 32558 
23418 48625 31901 32990 
27162 42773 31742 33394 
31646 34749 31704 33742 
35712 27300 31762 33972 
38770 22206 31964 34083 
40381 20058 32194 34021 
40600 20419 32479 33802 
39702 22283 32800 33445 
37915 24604 33082 32989 
35568 27093 33362 32496 
32912 29832 33569 31982 
30380 33312 33761 31602 
28260 37413 33746 31283 
26932 41868 33699 31187 
26508 45495 33472 31232 
27219 47021 33163 31436 
29171 45349 32803 31830 
32033 40455 32430 32288 
35308 33367 32115 32825 
38106 25779 31808 33292 
39600 19817 31656 33755 
39039 17221 31661 34051 
36501 18509 31812 34207 
32677 23158 32054 34165 
28625 30022 32363 33942 
25584 37205 32672 33595 
24228 43296 32954 33145 
24811 46865 33120 32653 
27444 47089 33274 32252 
31687 43483 33282 31859 
36556 37187 33250 31669 
40918 29590 33137 31600 
43632 22717 33049 31676 
43721 18275 32942 31843 
40899 17271 32868 32069 
36093 19746 32816 32252 
30678 24954 32816 32458 
26032 31774 32826 32629 
23102 38974 32853 32794 
22342 44954 32793 32866 
23764 48400 32706 32966 
27063 48624 32621 33118 
31600 45376 32445 33205 
36558 39259 32266 33316 
40504 31921 32131 33438 
42300 24961 32043 33503 
41327 19852 32017 33492 
37919 17483 32092 33404 
33471 17989 32298 33222 
29760 20864 32560 32966 
27773 25520 32867 32630 
27353 31378 33173 32277 
27512 38080 33457 31955 
27258 44668 33612 31655 
26667 50116 33700 31520 
26722 53104 33628 31504 
28859 52285 33498 31646 
33801 46491 33230 31889 
40656 36038 32893 32217 
47105 23047 32523 32583 
50654 10598 32233 33039 
49310 2235 31897 33364 
42851 1081 31696 33689 
32978 8247 31599 33907 
22863 21600 31679 33996 
15340 37383 31872 33955 
12314 51686 32179 33794 
13990 60998 32563 33494 
19294 63626 32990 33138 
26078 60151 33340 32646 
32716 52899 33670 32215 
38166 44027 33860 31794 
42211 34678 33867 31435 
44984 25563 33743 31262 
46594 16778 33463 31230 
47001 8759 33088 31377 
45768 3022 32698 31690 
42432 1607 32335 32164 
37218 6177 32031 32670 
31034 16427 31846 33177 
25058 30393 31744 33603 
20667 45040 31840 33963 
18585 57315 32015 34157 
19036 64170 32303 34205 
21391 65350 32594 34045 
24884 60079 32878 33725 
28879 51355 33104 33295 
33092 40338 33286 32808 
36974 29272 33370 32313 
40149 19557 33377 31872 
41879 12599 33260 31520 
41811 9443 33061 31328 
40067 10510 32830 31344 
37493 15223 32610 31544 
35141 22108 32398 31871 
33891 29326 32266 32304 
33855 35395 32238 32805 
34270 39349 32255 33238 
34124 41152 32390 33613 
32642 41575 32629 33882 
29830 41358 32864 33941 
26531 40995 33051 33785 
23978 40572 33196 33476 
23127 39886 33241 33082 
23995 38700 33191 32613 
25985 37041 33061 32206 
28451 35034 32832 31843 
31283 32879 32563 31595 
34897 30655 32373 31617 
39119 28306 32226 31799 
43362 25871 32135 32072 
46303 23742 32206 32505 
46440 22370 32289 32886 
43232 22406 32474 33300 
37733 23953 32704 33615 
31930 26533 32920 33749 
27804 29434 33066 33671 
26191 32160 33204 33475 
26191 34590 33246 33114 
26065 37043 33194 32695 
24659 40189 33048 32283 
22452 44101 32851 31965 
21348 48077 32618 31788 
23605 50159 32416 31818 
29433 48678 32259 32003 
37308 42950 32230 32370 
44220 33631 32253 32727 
47724 22909 32395 33108 
46616 14325 32618 33407 
42109 10659 32873 33550 
36366 12700 33091 33498 
31394 19413 33259 33293 
28153 28366 33329 32958 
26736 36417 33292 32567 
26633 41276 33146 32210 
27420 42408 32904 31898 
28970 40658 32642 31772 
30948 37743 32412 31840 
32736 35383 32190 32027 
33632 34700 32100 32376 
33436 35293 32082 32774 
32750 36034 32185 33175 
32473 35492 32351 33499 
33449 33035 32603 33717 
35446 29280 32824 33732 
37290 25813 33007 33568 
37625 24592 33159 33272 
