33362 33094 33519 31671 
33362 33094 33519 31671 
33227 32992 33382 31302 
33040 32867 33196 31106 
32848 32749 32976 31124 
32688 32661 32753 31365 
32564 32597 32539 31810 
32493 32570 32380 32369 
32402 32492 32225 32907 
32376 32468 32147 33449 
32388 32475 32172 33906 
32397 32478 32225 34126 
32419 32497 32315 34151 
32453 32515 32444 33979 
32498 32571 32598 33638 
32540 32610 32727 33190 
32599 32662 32826 32690 
32692 32751 32936 32253 
32770 32816 33002 31903 
32843 32882 33017 31703 
32936 32952 33029 31684 
33021 33025 33023 31852 
33115 33085 32999 32121 
33144 33071 32949 32406 
33151 33024 32895 32713 
33087 32920 32816 32931 
32976 32738 32726 33052 
32843 32591 32659 33112 
32688 32437 32581 33048 
32508 32307 32509 32906 
32357 32227 32458 32736 
32248 32234 32441 32588 
32214 32341 32477 32512 
32272 32521 32553 32531 
32349 32699 32613 32592 
32488 32904 32692 32737 
32608 33027 32715 32884 
32759 33112 32736 33081 
32836 33069 32697 33184 
32894 32964 32665 33252 
32903 32775 32604 33215 
32902 32598 32615 33130 
32852 32399 32623 32927 
32807 32280 32699 32695 
32767 32254 32826 32407 
32723 32311 32952 32111 
32736 32505 33102 31902 
32806 32789 33244 31802 
32861 33067 33292 31782 
32960 33385 33292 31913 
32987 33559 33162 32096 
32996 33639 32969 32410 
32939 33514 32691 32747 
32817 33244 32384 33100 
32637 32828 32091 33391 
32435 32327 31879 33605 
32275 31936 31820 33750 
32118 31570 31825 33682 
32063 31422 31988 33529 
32107 31460 32249 33260 
32220 31689 32555 32946 
32462 32129 32949 32661 
32759 32638 33302 32383 
33066 33186 33603 32159 
33285 33622 33722 31983 
33457 33950 33723 31899 
33525 34082 33607 31902 
33444 33985 33331 31972 
33228 33676 32938 32070 
32947 33241 32517 32251 
32590 32709 32127 32482 
32258 32164 31823 32746 
31985 31676 31658 32997 
31813 31373 31655 33232 
31836 31348 31847 33467 
32029 31554 32178 33621 
32311 31944 32562 33645 
32708 32479 33011 33582 
33076 33031 33387 33348 
33390 33546 33658 33019 
33555 33897 33757 32583 
33575 34039 33722 32176 
33399 33896 33485 31791 
33130 33563 33159 31558 
32748 33069 32737 31494 
32385 32534 32344 31625 
32097 32031 32028 31960 
31933 31656 31828 32376 
31869 31457 31757 32845 
32029 31532 31869 33350 
32274 31819 32087 33728 
32659 32300 32435 33977 
33024 32823 32791 33978 
33296 33305 33070 33743 
33499 33698 33289 33384 
33557 33925 33418 32908 
33496 33935 33452 32425 
33287 33714 33372 31960 
32961 33267 33176 31572 
32614 32724 32944 31416 
32304 32186 32714 31478 
32058 31726 32492 31724 
31924 31437 32315 32106 
31891 31354 32191 32566 
31966 31508 32115 33049 
32108 31838 32091 33476 
32372 32350 32203 33837 
32661 32918 32366 34019 
32913 33419 32557 33967 
33162 33845 32795 33758 
33300 34051 32987 33367 
33402 34086 33172 32899 
33451 33952 33337 32422 
33396 33621 33417 31945 
33245 33166 33383 31575 
33023 32661 33264 31372 
32810 32180 33090 31356 
32583 31778 32864 31521 
32390 31505 32604 31857 
32256 31438 32372 32287 
32188 31536 32179 32775 
32168 31763 32018 33235 
32242 32104 31977 33633 
32342 32491 32035 33895 
32511 32924 32209 34010 
32643 33263 32431 33907 
32799 33561 32727 33690 
32903 33739 32999 33355 
32938 33748 33199 32894 
32933 33653 33332 32425 
32931 33455 33385 32038 
32865 33142 33284 31720 
32775 32765 33088 31566 
32723 32422 32860 31630 
32667 32083 32594 31836 
32639 31846 32368 32153 
32637 31737 32215 32536 
32687 31794 32189 32945 
32740 31971 32267 33266 
32802 32261 32433 33484 
32871 32640 32683 33562 
32892 33007 32928 33455 
32851 33318 33119 33189 
32793 33532 33244 32859 
32689 33581 33251 32487 
32631 33547 33195 32226 
32542 33322 33010 32029 
32505 33033 32767 31984 
32506 32700 32526 32101 
32576 32402 32330 32368 
32628 32111 32158 32646 
32713 31950 32115 32959 
32752 31890 32134 33234 
32788 31997 32272 33413 
32812 32246 32505 33480 
32780 32539 32730 33371 
32793 32916 33007 33195 
32725 33178 33163 32841 
32733 33428 33307 32499 
32777 33558 33377 32201 
32808 33512 33339 31953 
32822 33285 33165 31800 
32832 32979 32951 31853 
32779 32563 32642 32020 
32756 32235 32397 32381 
32668 31943 32172 32750 
32523 31773 31987 33117 
32434 31778 31961 33441 
32350 31924 32035 33632 
32361 32233 32272 33702 
32443 32622 32589 33600 
32594 33046 32958 33363 
32731 33372 33221 32928 
32929 33646 33459 32510 
33139 33814 33595 32129 
33284 33803 33588 31827 
33318 33620 33403 31644 
33220 33299 33092 31621 
33072 32918 32738 31808 
32811 32462 32369 32091 
32562 32088 32110 32510 
32286 31738 31901 32899 
32093 31563 31862 33294 
32022 31550 31950 33587 
32086 31715 32176 33753 
32243 31991 32452 33750 
32525 32421 32802 33621 
32817 32847 33093 33336 
33071 33250 33291 32954 
33290 33591 33421 32572 
33427 33843 33451 32243 
33405 33862 33333 31943 
33268 33740 33125 31772 
33022 33458 32848 31717 
32720 33053 32537 31824 
32427 32625 32295 32072 
32166 32183 32112 32421 
31964 31813 32014 32782 
31916 31618 32069 33151 
31969 31576 32192 33429 
32151 31752 32427 33622 
32475 32105 32753 33712 
32779 32483 33018 33564 
33114 32927 33263 33331 
33401 33349 33448 32958 
33548 33632 33494 32522 
33526 33757 33296 31814 
33307 33544 33027 31607 
33018 33210 32717 31610 
32685 32803 32388 31768 
32400 32426 32143 32094 
32172 32104 31981 32515 
32010 31864 31902 32952 
31961 31776 31961 33371 
32031 31869 32144 33725 
32178 32063 32393 33887 
32400 32368 32691 33878 
32580 32655 32920 33662 
32745 32917 33094 33323 
32850 33099 33175 32909 
32914 33189 33155 32482 
32946 33198 33080 32137 
32942 33086 32968 31894 
32924 32948 32849 31793 
32920 32776 32766 31828 
32951 32680 32757 32015 
33011 32644 32797 32282 
33042 32666 32853 32613 
33081 32790 32940 33039 
33065 32907 32977 33388 
32990 32998 32966 33509 
32873 33053 32880 33216 
32720 33021 32761 32486 
32512 32887 32570 31469 
32309 32659 32350 30552 
32143 32424 32169 30160 
32028 32184 32005 30599 
32046 32065 31965 31951 
32178 32051 32018 33920 
32412 32186 32191 35965 
32649 32377 32457 37488 
32799 32525 32790 38145 
32852 32576 33145 37783 
32693 32587 33415 36436 
32385 32934 33645 34383 
32092 33574 33709 31836 
32533 34160 33663 29187 
34354 33687 33494 26807 
37320 31648 33225 25014 
39841 28759 32901 24192 
39339 27214 32575 24660 
34007 29437 32270 26519 
24520 36359 31997 29657 
14924 45765 31796 33689 
11001 52958 31684 37887 
16201 53253 31725 41605 
29597 44228 31896 44199 
46433 27640 32123 45039 
60759 8641 32441 43910 
65473 177 32799 40727 
65280 0 33153 36002 
48827 3378 33441 30489 
31721 21437 33677 25015 
16803 40592 33745 20750 
7172 56615 33733 18452 
2549 65197 33627 18445 
1619 65445 33369 20699 
3640 65449 33049 24911 
9044 65462 32698 30398 
18716 65403 32380 36333 
32203 52351 32080 41601 
47461 35825 31874 45367 
62654 15132 31751 47070 
65378 541 31815 46545 
65491 112 31928 43826 
65532 22 32143 39438 
65535 0 32493 34107 
65535 0 32793 28665 
50778 19312 33067 24090 
30586 41364 33311 21156 
9521 63216 33410 20215 
193 65417 33385 21228 
0 65535 33268 24002 
0 65535 33057 27903 
10393 65535 32796 32274 
26754 63546 32647 36542 
43779 38611 32477 39829 
57626 14245 32409 41716 
65089 393 32437 42047 
65521 51 32535 40901 
57507 3 32725 38627 
42446 0 32865 35572 
23132 7888 33028 32299 
3789 25192 33092 29462 
137 45691 33045 27435 
36 64411 32935 26533 
21 65454 32757 26760 
205 65535 32576 27977 
15354 65535 32396 29792 
30902 65535 32249 31854 
47443 53714 32174 33803 
62279 32566 32189 35313 
65412 9754 32304 36227 
65507 258 32512 36381 
65526 59 32757 35870 
65521 34 32973 34830 
55998 30 33171 33585 
39809 8566 33316 32342 
23030 22165 33412 31326 
9380 37667 33423 30738 
942 52138 33300 30549 
84 62813 33080 30806 
67 65436 32799 31432 
8023 65505 32534 32293 
17936 56058 32256 33130 
28626 42919 32058 33835 
38220 28396 31965 34292 
45118 15097 31968 34403 
48488 5264 32105 34209 
48317 370 32361 33755 
45228 78 32669 33111 
40430 5472 32989 32415 
35242 15312 33281 31751 
31230 27824 33483 31297 
29353 40590 33547 31082 
29859 51585 33476 31133 
32189 58810 33292 31421 
35132 61165 33036 31896 
37287 58794 32735 32469 
37734 52580 32438 33074 
36414 44415 32185 33569 
34271 35610 32080 33946 
32314 26886 32076 34124 
31056 18925 32173 34087 
30115 12814 32324 33870 
28504 9865 32548 33540 
25546 11401 32747 33132 
21710 17778 32941 32703 
18719 27565 33072 32300 
18837 38212 33163 31997 
23439 46085 33185 31790 
31611 48922 33150 31730 
41015 46571 33039 31743 
48865 40522 32879 31855 
53012 33288 32724 32063 
52654 27406 32565 32321 
48075 24726 32453 32636 
40413 25805 32335 32917 
31440 29660 32308 33211 
23090 34343 32331 33428 
17289 37978 32472 33616 
15472 39234 32600 33640 
18323 37899 32787 33576 
24871 34758 32973 33380 
33050 31297 33115 33078 
39752 29234 33255 32717 
42672 29185 33291 32339 
41643 30526 33281 32029 
38094 31728 33158 31778 
34496 31586 32953 31676 
32581 29766 32701 31743 
32444 27292 32462 31969 
32471 26210 32265 32324 
30649 28272 32110 32711 
26401 33781 32039 33090 
21093 41311 32070 33415 
17589 48268 32213 33661 
18713 51704 32426 33740 
25515 49641 32603 33633 
37149 41594 32817 33403 
49651 29505 32947 33055 
59435 16565 33083 32740 
63148 6359 33117 32401 
59877 1544 33120 32147 
50256 3502 33069 31973 
36628 12192 33032 31950 
21449 25843 32973 32009 
7450 42089 32929 32140 
258 57473 32910 32345 
51 65302 32906 32573 
35 65487 32908 32752 
10171 65511 32872 32880 
23595 65511 32771 32922 
38204 54599 32681 32994 
51474 38389 32531 32999 
61758 20625 32350 32983 
65376 4089 32186 32994 
65462 168 32033 32975 
65491 64 31999 33001 
58578 26 32016 32997 
46323 3237 32182 33008 
29275 17894 32432 32968 
10861 36399 32715 32861 
298 56516 33092 32756 
22 65290 33375 32565 
0 65530 33628 32379 
6539 65535 33686 32153 
21586 65535 33718 32093 
37431 56325 33587 32066 
50698 37127 33359 32141 
58762 16772 33043 32303 
61058 926 32669 32501 
58319 89 32322 32771 
51755 48 31957 32962 
42531 42 31708 33136 
31818 9460 31600 33271 
20362 22803 31615 33341 
9804 38457 31799 33375 
2105 53670 32077 33317 
111 64889 32443 33206 
60 65459 32836 33026 
9763 65510 33265 32864 
22469 65528 33586 32617 
36956 57100 33818 32402 
50976 40871 33923 32235 
62328 21034 33818 32056 
65409 2936 33559 31922 
65492 121 33213 31877 
65500 40 32817 31921 
58022 39 32429 32100 
45190 7393 32064 32325 
31537 19007 31866 32646 
19676 31851 31799 32995 
11266 43678 31826 33279 
6994 53141 31975 33556 
6593 59334 32237 33737 
9124 61706 32523 33778 
13734 59789 32826 33668 
19642 53560 33045 33415 
26403 43585 33200 33078 
33450 31420 33284 32700 
40324 18919 33350 32356 
45972 8346 33263 31994 
49625 1796 33097 31715 
50746 161 32912 31603 
49348 3871 32688 31626 
45901 11452 32537 31863 
41098 21105 32386 32162 
35587 31616 32277 32527 
29970 42065 32299 32962 
24681 51743 32323 33296 
20406 60349 32491 33615 
17830 65303 32682 33775 
17839 65456 32900 33769 
20650 65500 33045 33549 
25814 65173 33198 33240 
32089 48732 33236 32832 
38194 31449 33194 32400 
42992 14240 33085 32046 
45808 1066 32877 31783 
46449 93 32631 31675 
44925 70 32407 31776 
41283 97 32222 32007 
35957 8490 32116 32358 
29742 17701 32106 32742 
23831 28639 32216 33124 
19545 40616 32387 33421 
17857 52430 32655 33628 
18848 62157 32897 33659 
22102 65402 33098 33513 
26811 65500 33293 33266 
32339 62202 33381 32916 
38014 48134 33351 32522 
43578 32255 33271 32223 
48101 16339 33034 31917 
50539 3604 32783 31793 
49775 123 32521 31820 
45217 44 32257 31981 
37515 5272 32015 32215 
28713 17179 31965 32638 
20767 31851 31985 33018 
15524 46144 32118 33369 
13871 57195 32346 33637 
15760 62813 32661 33763 
20375 61913 33002 33725 
26529 55392 33254 33441 
33103 45524 33490 33092 
39262 34345 33618 32666 
44151 23764 33644 32245 
47006 15007 33510 31853 
47498 8913 33280 31596 
45448 5964 32905 31461 
41322 7094 32539 31575 
36203 12651 32194 31856 
30889 22371 31884 32185 
26184 35074 31739 32647 
22747 48576 31743 33104 
21032 60028 31898 33508 
21441 65334 32171 33800 
24034 65494 32537 33947 
28419 54985 32880 33872 
33595 40742 33128 33619 
38472 25146 33337 33353 
41831 11806 33390 32985 
42873 3837 33305 32622 
41371 2785 33148 32304 
37606 8290 32909 32029 
32701 18451 32700 31889 
28016 30372 32566 31852 
24897 41127 32532 31922 
24078 49113 32589 32047 
25634 53236 32729 32217 
28882 53357 32861 32347 
32823 50130 32993 32502 
36286 44568 33052 32632 
38685 37585 33077 32791 
39549 30040 32895 32867 
39166 22937 32675 32983 
37866 17369 32405 33095 
35905 14329 32136 33193 
33513 14799 31932 33276 
30866 19039 31836 33340 
28330 26234 31924 33385 
26358 34468 32086 33323 
25553 41858 32416 33234 
26307 46384 32798 33052 
28522 47205 33189 32777 
31526 44903 33532 32521 
34456 40887 33759 32243 
36473 36630 33825 31972 
37246 33149 33738 31788 
36877 30631 33494 31667 
35772 28761 33157 31700 
34424 27222 32746 31835 
33122 26163 32367 32081 
32001 26009 32017 32405 
31204 27218 31772 32773 
30975 29688 31637 33138 
31520 32606 31641 33471 
32869 34840 31817 33765 
34484 35163 32049 33905 
35758 33340 32382 33890 
36043 30230 32749 33754 
35075 27603 33117 33502 
33062 27086 33402 33102 
30624 29666 33625 32665 
28402 34854 33753 32198 
26861 40969 33761 31787 
26145 45809 33616 31447 
26382 47203 33359 31256 
27804 44519 33075 31312 
30503 38358 32692 31480 
34580 30664 32346 31866 
39368 23642 32095 32367 
43564 19184 31905 32898 
45633 18123 31768 33388 
44580 20338 31844 33854 
40384 24507 31993 34111 
34349 29224 32218 34158 
28037 33607 32431 33977 
23045 37248 32680 33638 
20192 40063 32848 33192 
19729 42088 32986 32701 
21351 43130 33069 32232 
24538 42746 33091 31889 
28590 40550 33100 31717 
32905 36694 33111 31742 
37121 31727 33117 31879 
41029 26708 33126 32101 
44278 22830 33131 32367 
46399 21060 33152 32649 
46651 21737 33108 32839 
44331 24643 33017 32915 
39364 28877 32860 32894 
32361 33573 32683 32829 
24799 37897 32457 32726 
18684 41371 32261 32644 
15717 43636 32054 32603 
16601 44407 31911 32600 
20850 43318 31858 32724 
26825 39984 31892 32898 
32757 34565 32066 33140 
37407 27958 32307 33359 
40824 21527 32629 33517 
43364 16973 32949 33541 
45252 15681 33206 33404 
46041 18164 33444 33153 
44723 23793 33583 32777 
40628 31354 33660 32355 
34038 38900 33589 31909 
26660 44821 33414 31530 
20827 48195 33222 31356 
18121 48818 32967 31334 
19046 46892 32683 31520 
22827 42977 32412 31913 
27750 37823 32146 32383 
32281 32213 31928 32946 
35452 27157 31774 33518 
37277 23296 31731 34001 
38197 20922 31777 34267 
38626 20280 31937 34311 
38669 21284 32239 34149 
38177 23608 32571 33746 
37201 26885 32979 33232 
35926 30555 33336 32600 
34692 34028 33707 32022 
33468 36806 33929 31486 
32075 38857 33960 31129 
30399 40342 33844 31007 
28589 41508 33572 31133 
27249 42226 33148 31444 
27138 42046 32698 31926 
28463 40390 32292 32551 
30565 36898 31914 33160 
32349 32065 31615 33641 
32977 27218 31523 34028 
32284 24144 31625 34229 
31124 23925 31842 34183 
30897 26341 32165 33944 
32392 29858 32533 33546 
35473 32491 32947 33104 
39048 32636 33270 32571 
41728 30233 33530 32111 
42254 26668 33677 31739 
40052 24484 33634 31491 
35651 25945 33481 31459 
30020 31553 33162 31556 
24920 39714 32839 31860 
21766 46931 32487 32239 
21105 50765 32205 32697 
22967 49769 32012 33137 
26725 44332 31937 33509 
31370 36402 32002 33781 
35908 28334 32209 33877 
39287 22492 32515 33782 
41080 19752 32817 33486 
41303 19739 33090 33062 
40272 21424 33304 32580 
38303 23814 33408 32096 
35721 26366 33404 31707 
32775 29023 33241 31426 
29990 32233 32998 31408 
27688 36209 32737 31601 
26246 40620 32471 32000 
25885 44516 32303 32541 
26672 46497 32156 33087 
28665 45611 32117 33579 
31639 41572 32173 33972 
35154 35092 32313 34132 
38354 27813 32532 34096 
40261 21663 32782 33822 
40008 18504 32984 33342 
37538 19119 33102 32727 
33511 23178 33189 32143 
29072 29460 33172 31630 
25410 36407 33056 31283 
23459 42518 32869 31171 
23746 46238 32651 31316 
26288 46617 32471 31737 
30560 43433 32332 32283 
35825 37338 32299 32935 
40892 29678 32326 33501 
44451 22495 32472 33971 
45328 17621 32681 34195 
42977 16228 32892 34136 
38045 18666 33105 33805 
31936 24258 33255 33282 
26319 31526 33286 32658 
22355 39282 33263 32070 
20566 45845 33082 31541 
21274 49997 32867 31273 
24230 50663 32584 31254 
29082 47551 32349 31538 
34862 41140 32148 32008 
40039 33091 32022 32596 
43333 25108 32032 33220 
43664 18878 32118 33715 
41080 15580 32291 34039 
36724 15522 32545 34139 
32273 18378 32809 33979 
29173 23435 33035 33567 
27720 29915 33230 33054 
27014 37090 33335 32452 
26184 44289 33369 31893 
25061 50490 33336 31489 
24451 54351 33192 31259 
25929 54464 32994 31292 
30485 49560 32748 31538 
37544 39905 32543 32027 
45164 26754 32338 32605 
50531 13100 32148 33178 
51357 2691 32036 33704 
46765 81 31993 34084 
37817 443 32087 34223 
27151 15412 32269 34155 
18133 31925 32532 33821 
13328 47816 32850 33332 
13303 59533 33122 32694 
17373 64625 33401 32108 
23664 62978 33548 31543 
30362 56717 33608 31211 
36344 47624 33517 31067 
40754 38024 33304 31196 
43809 28515 32990 31535 
45789 19355 32662 32096 
46678 10679 32345 32699 
46102 3806 32091 33283 
43545 675 31906 33772 
38992 3244 31847 34087 
32934 12148 31965 34221 
26599 25791 32121 34055 
21602 40882 32361 33748 
18746 54248 32579 33287 
18462 63059 32821 32822 
20332 65433 32975 32344 
23691 62065 33090 31987 
27763 53904 33146 31794 
32043 43122 33135 31755 
36253 31693 33142 31914 
39751 21526 33106 32138 
42019 13913 33067 32387 
42496 9984 33039 32624 
41145 10183 32971 32763 
38660 14212 32922 32825 
36092 20934 32843 32783 
34486 28466 32747 32686 
34163 34938 32647 32612 
34464 39139 32489 32519 
34308 41039 32336 32512 
32823 41226 32211 32606 
29903 40592 32130 32788 
26244 39783 32083 33025 
23246 39170 32135 33298 
22030 38653 32291 33554 
22748 37978 32472 33672 
24840 37046 32699 33648 
27636 35854 32954 33473 
30841 34407 33161 33154 
34650 32637 33322 32717 
39261 30423 33435 32236 
44012 27778 33414 31754 
47494 25156 33347 31419 
48020 23183 33181 31243 
45018 22494 33015 31310 
39259 23258 32795 31542 
32737 25224 32581 31936 
27716 27741 32396 32456 
25288 30196 32238 33006 
24946 32393 32092 33511 
24980 34898 32035 33942 
23955 38269 32012 34180 
22000 42691 32083 34252 
20775 47428 32207 34125 
22494 50914 32398 33797 
28093 51020 32666 33354 
36080 46588 32938 32846 
43794 37984 33193 32300 
48414 27193 33425 31821 
48476 17326 33573 31446 
44497 11458 33626 31248 
38525 11214 33588 31220 
32623 16347 33417 31368 
28451 24642 33164 31694 
26250 32913 32826 32096 
25651 38825 32507 32566 
26231 41250 32225 33056 
27756 40494 31962 33459 
30059 38081 31874 33822 
32367 35850 31863 33987 
33846 35097 31953 33981 
34086 35789 32106 33836 
33406 36851 32276 33558 
32805 36884 32490 33250 
33181 34847 32662 32862 
34799 31012 32858 32556 
36662 26799 32986 32260 
37379 24393 33127 32071 
35867 25431 33235 31956 
