32505 32861 32590 31543 
32505 32861 32590 31543 
32241 32473 32303 31961 
32026 32093 32049 32439 
31910 31791 31882 32971 
31941 31646 31834 33487 
32065 31660 31885 33875 
32277 31863 32065 34102 
32519 32131 32293 34113 
32759 32474 32554 33964 
32915 32774 32775 33624 
32991 33029 32928 33205 
32991 33208 33026 32758 
32961 33324 33103 32367 
32883 33319 33109 32050 
32775 33204 33068 31834 
32712 33047 33025 31773 
32749 32938 33047 31886 
32784 32774 33036 32015 
32895 32681 33050 32198 
33018 32631 33075 32377 
33124 32633 33066 32522 
33181 32695 33019 32634 
33144 32758 32917 32690 
33016 32812 32761 32739 
32809 32811 32554 32776 
32536 32764 32336 32854 
32248 32629 32116 32949 
31998 32457 31935 33086 
31830 32281 31853 33246 
31799 32139 31863 33386 
31931 32089 32020 33493 
32181 32128 32256 33504 
32538 32308 32600 33434 
32944 32581 32972 33248 
33278 32864 33295 32934 
33551 33173 33565 32569 
33723 33451 33758 32187 
33713 33620 33791 31836 
33602 33678 33706 31595 
33361 33595 33493 31480 
33047 33375 33183 31498 
32724 33093 32855 31711 
32389 32724 32475 32003 
32154 32375 32183 32444 
31929 31986 31881 32845 
31798 31704 31691 33263 
31762 31570 31609 33622 
31853 31614 31687 33902 
32030 31815 31891 34041 
32268 32099 32152 34004 
32565 32472 32484 33808 
32895 32887 32864 33494 
33181 33240 33197 33055 
33436 33544 33513 32615 
33621 33742 33740 32161 
33709 33809 33858 31753 
33695 33741 33851 31474 
33505 33507 33648 31290 
33244 33224 33361 31302 
32893 32858 32973 31476 
32538 32497 32561 31812 
32250 32211 32207 32294 
32016 31963 31908 32790 
31881 31789 31706 33259 
31849 31737 31650 33670 
31944 31819 31736 33950 
32156 32009 31964 34073 
32414 32280 32253 34005 
32651 32587 32560 33762 
32857 32900 32851 33424 
32949 33111 33048 32975 
32973 33283 33198 32564 
32958 33382 33272 32228 
32852 33320 33222 31918 
32802 33240 33182 31804 
32758 33085 33093 31789 
32807 32942 33031 31928 
32867 32776 32959 32095 
33012 32683 32940 32325 
33155 32630 32942 32543 
33252 32580 32923 32708 
33293 32582 32887 32821 
33213 32570 32785 32839 
33069 32596 32662 32837 
32849 32630 32525 32845 
32562 32625 32352 32837 
31954 32508 32041 32887 
31735 32410 31979 32966 
31671 32355 32034 33119 
31740 32333 32180 33253 
31936 32362 32404 33350 
32267 32462 32721 33398 
32644 32631 33017 33332 
33016 32804 33253 33128 
33413 33072 33459 32868 
33735 33352 33574 32536 
33946 33590 33613 32199 
33950 33666 33482 31863 
33787 33612 33260 31603 
33509 33432 32991 31480 
33140 33140 32707 31514 
32759 32799 32483 31723 
32344 32382 32289 32052 
32018 32033 32207 32469 
31740 31728 32142 32898 
31582 31535 32116 33305 
31608 31534 32199 33680 
31725 31655 32252 33931 
31966 31935 32351 34050 
32291 32302 32439 34032 
32613 32721 32527 33865 
32951 33150 32630 33599 
33204 33500 32732 33227 
33425 33775 32883 32819 
33543 33897 33058 32378 
33602 33895 33282 31987 
33539 33707 33474 31633 
33387 33425 33603 31385 
33195 33068 33634 31263 
32993 32715 33569 31285 
32797 32378 33382 31472 
32585 32088 33041 31748 
32452 31928 32668 32184 
32322 31840 32236 32661 
32235 31872 31873 33194 
32174 31982 31617 33655 
32178 32186 31532 34035 
32208 32407 31612 34244 
32264 32644 31847 34297 
32329 32825 32154 34172 
32397 32960 32512 33843 
32491 33058 32891 33446 
32551 33031 33146 32937 
32663 33020 33370 32473 
32802 32981 33471 32032 
32950 32956 33480 31695 
33130 32958 33421 31493 
33327 32997 33321 31424 
33463 33033 33163 31462 
33565 33099 33041 31639 
33569 33096 32916 31896 
33453 33023 32803 32164 
33219 32868 32700 32460 
32907 32647 32601 32793 
32551 32409 32515 33106 
32168 32166 32376 33357 
31834 31968 32247 33569 
31593 31876 32114 33679 
31538 31947 32058 33734 
31645 32146 32074 33695 
31908 32435 32151 33570 
32264 32777 32312 33348 
32663 33087 32509 33060 
33090 33349 32741 32732 
33491 33536 33008 32405 
33779 33570 33244 32109 
33910 33481 33430 31891 
33882 33300 33563 31783 
33675 33028 33594 31756 
33321 32692 33497 31807 
32902 32382 33314 31955 
32445 32129 33038 32178 
32039 31973 32718 32442 
31734 31946 32391 32745 
31605 32050 32098 33055 
31631 32220 31877 33316 
31850 32492 31808 33562 
32169 32776 31859 33719 
32554 33019 32042 33758 
32939 33206 32316 33664 
33287 33323 32671 33465 
33546 33347 33024 33161 
33619 33253 33302 32750 
33595 33130 33504 32312 
33400 32921 33537 31873 
33169 32739 33487 31602 
32869 32554 33289 31473 
32599 32437 33053 31540 
32372 32347 32769 31777 
32207 32327 32490 32156 
32151 32373 32295 32636 
32180 32433 32176 33113 
32239 32480 32128 33494 
32388 32572 32201 33781 
32568 32663 32356 33873 
32726 32733 32532 33769 
32850 32786 32704 33515 
32928 32839 32852 33114 
32978 32893 32976 32659 
33001 32972 33055 32236 
33005 33055 33087 31935 
32956 33102 33048 31750 
32884 33093 32953 31739 
32773 33010 32791 31870 
32676 32901 32661 32179 
32579 32716 32510 32579 
32495 32508 32391 32999 
32415 32263 32307 33329 
32424 32110 32333 33580 
32481 32041 32423 33664 
32592 32089 32612 33608 
32727 32236 32825 33369 
32878 32472 33058 33020 
32998 32761 33238 32608 
33108 33086 33388 32216 
33128 33337 33409 31864 
33079 33511 33319 31640 
32962 33572 33128 31603 
32784 33488 32839 31696 
32630 33314 32527 31973 
32513 33085 32262 32377 
32395 32777 32016 32800 
32351 32450 31871 33212 
32381 32190 31884 33590 
32484 32009 32040 33834 
32621 31926 32300 33918 
32752 31924 32605 33795 
32845 32023 32906 33529 
32873 32156 33123 33147 
32836 32346 33257 32732 
32782 32606 33321 32359 
32687 32848 33270 32056 
32514 32983 33059 31822 
32448 33162 32891 31803 
32415 33280 32711 31892 
32492 33352 32584 32097 
32644 33380 32542 32394 
32873 33373 32587 32798 
33115 33311 32683 33216 
33302 33174 32802 33515 
33416 32998 32919 33488 
33417 32780 32998 32989 
33287 32533 33012 32089 
33068 32302 32968 31062 
32733 32073 32786 30266 
32396 31929 32567 30166 
32092 31868 32306 30989 
31932 31969 32111 32689 
31919 32176 31980 34719 
32030 32479 31974 36589 
32180 32748 32107 37811 
32271 32837 32327 38075 
32332 32837 32668 37358 
32221 32891 33014 35742 
32012 33249 33324 33504 
32125 33840 33568 30980 
33270 33982 33720 28472 
35766 32783 33704 26242 
38826 30214 33560 24735 
40342 27654 33317 24329 
37772 27550 32957 25245 
30265 31989 32541 27562 
20491 40276 32214 31027 
12992 49183 31917 35112 
12749 53900 31727 39163 
21616 50356 31660 42486 
36662 37934 31745 44433 
52948 19485 31979 44575 
63803 1789 32294 42662 
65412 39 32602 38968 
55353 0 32957 34066 
40488 10031 33232 28687 
24861 27628 33523 23853 
12561 45752 33677 20295 
5345 60219 33741 18688 
2691 65351 33679 19432 
3277 65447 33464 22322 
6690 65450 33190 26850 
13614 65471 32877 32363 
24412 59695 32572 37874 
38266 48242 32269 42516 
53704 29884 32050 45592 
65038 8007 31889 46498 
65442 284 31843 45218 
65507 74 31891 41991 
65535 3 32057 37459 
65535 0 32245 32295 
65391 6613 32442 27393 
43565 25506 32702 23539 
22741 47513 32897 21361 
2231 64820 33009 21056 
56 65474 33093 22598 
0 65535 33177 25661 
7 65535 33198 29537 
15388 65535 33215 33765 
32164 53298 33211 37448 
48108 30612 33207 40044 
60292 6255 33194 41249 
65327 186 33137 40992 
65301 29 33029 39409 
52708 0 32909 36951 
36270 0 32707 33934 
17130 12892 32497 31067 
850 31218 32298 28834 
89 51390 32090 27490 
31 65046 31944 27216 
22 65486 31872 27907 
5901 65535 31860 29290 
19534 65535 31997 31207 
35822 65535 32226 33125 
52367 48599 32512 34716 
64808 26802 32902 35744 
65457 5073 33189 35990 
65513 169 33460 35602 
65522 50 33621 34688 
65512 33 33676 33479 
52363 32 33632 32233 
35313 11263 33459 31190 
18740 26056 33223 30580 
6656 41473 32933 30451 
429 55099 32644 30789 
76 64079 32413 31559 
421 65463 32191 32489 
10633 65364 32023 33379 
20890 53012 31924 34158 
31577 39026 31886 34592 
40361 24513 31941 34679 
45944 12252 32058 34421 
48018 3788 32244 33858 
46875 310 32482 33150 
43436 3354 32763 32413 
38839 8001 33070 31778 
34344 18084 33333 31296 
31094 30601 33550 31050 
30058 43204 33715 31109 
31212 53299 33755 31365 
33809 59310 33689 31819 
36475 60451 33502 32328 
37953 57123 33208 32820 
37581 50601 32811 33218 
35680 42453 32384 33506 
33191 33703 32026 33697 
31140 25178 31753 33735 
29895 17482 31619 33630 
28905 12009 31600 33428 
27251 10193 31748 33208 
24401 13063 32046 32976 
21090 20548 32404 32791 
19070 30769 32793 32603 
20381 40739 33157 32438 
25751 47386 33460 32328 
34316 48923 33649 32218 
43243 45406 33706 32152 
50080 38634 33602 32106 
52968 31294 33373 32101 
51487 25824 33069 32172 
46002 23758 32649 32246 
38037 25529 32334 32464 
29215 29838 32073 32687 
21522 34633 31941 32956 
16640 38109 31916 33167 
16012 39258 32085 33381 
19831 37910 32341 33486 
26878 35012 32683 33515 
34715 32024 32969 33364 
40682 30360 33246 33141 
42673 30401 33376 32791 
40866 31409 33414 32441 
37109 31956 33320 32130 
33732 30958 33126 31882 
32208 28520 32845 31742 
32220 25963 32534 31756 
32088 25353 32308 31978 
29868 28245 32092 32264 
25393 34646 32038 32672 
20291 42769 32072 33081 
17959 49347 32243 33438 
20716 51645 32478 33678 
28895 48322 32772 33793 
40460 39693 33050 33700 
52104 27649 33259 33462 
60496 14965 33341 33036 
62267 5794 33322 32601 
56886 2491 33184 32195 
45952 6029 32918 31847 
31658 15849 32657 31710 
16860 29847 32393 31745 
4390 45357 32230 31975 
152 59275 32132 32273 
44 65334 32234 32712 
156 65493 32401 33078 
14191 65510 32654 33347 
28217 65392 32961 33509 
42583 49195 33167 33436 
55012 32725 33345 33256 
63782 15817 33387 32937 
65416 1140 33266 32563 
65468 123 33053 32242 
65496 55 32753 32022 
56353 22 32476 32001 
41321 7585 32197 32089 
23641 23125 32003 32318 
5746 42260 31974 32668 
160 60812 32065 33020 
10 65394 32250 33303 
0 65535 32539 33511 
9804 65535 32835 33536 
25185 65535 33117 33397 
40545 51940 33321 33119 
52518 31932 33441 32767 
59195 12516 33455 32406 
60394 450 33330 32082 
57067 75 33095 31845 
50370 46 32811 31797 
41156 63 32482 31866 
30214 12154 32223 32134 
18985 26128 32043 32491 
8984 41755 31985 32887 
2085 56475 31983 33222 
128 65198 32153 33511 
3566 65474 32432 33696 
12275 65512 32713 33655 
24796 65529 33035 33489 
38997 54897 33271 33122 
52535 36595 33441 32728 
62884 17103 33537 32354 
65421 1011 33484 32011 
65490 89 33292 31754 
65475 38 33031 31685 
54051 42 32718 31771 
41159 9231 32416 31986 
27893 21433 32166 32334 
16877 34466 31991 32716 
9695 46091 31939 33074 
6737 54853 31997 33368 
7373 60252 32191 33573 
10644 61724 32436 33646 
15696 59044 32688 33565 
21855 52360 32968 33394 
28804 41942 33149 33099 
36022 29373 33292 32769 
42669 16865 33347 32445 
47776 7007 33301 32155 
50702 1462 33180 31969 
51062 942 32988 31864 
48992 5291 32740 31889 
44970 13304 32515 32072 
39678 23318 32312 32312 
33795 33958 32183 32636 
27925 44217 32114 32956 
22713 53510 32155 33224 
18742 61438 32302 33452 
16783 65352 32531 33540 
17475 65466 32808 33521 
20875 65505 33030 33309 
26579 57569 33245 33024 
33190 42538 33360 32641 
39519 24902 33425 32287 
44031 9156 33332 31977 
46454 338 33129 31740 
46699 75 32845 31658 
44822 74 32576 31795 
40803 4297 32291 32028 
35172 12328 32149 32454 
28747 22507 32039 32884 
23069 33808 32036 33299 
19343 45661 32181 33659 
18242 56694 32379 33849 
19709 64702 32649 33873 
23239 65461 32866 33675 
27949 65508 33018 33332 
33294 57046 33110 32896 
38784 42872 33098 32437 
43967 26783 33024 32045 
47984 11834 32902 31806 
49626 1093 32743 31694 
47932 75 32614 31798 
42686 42 32553 32016 
34841 9077 32569 32346 
26632 22110 32665 32702 
19908 36698 32797 33002 
16098 49865 32932 33182 
15667 58936 33043 33231 
18234 62216 33130 33181 
22974 59385 33110 32979 
28853 51734 32979 32714 
34839 41516 32805 32498 
40149 30716 32564 32339 
44093 21043 32341 32325 
46097 13501 32161 32425 
45861 8685 32045 32640 
43405 7209 32019 32926 
39328 9780 32147 33242 
34313 16901 32337 33464 
29477 27803 32607 33564 
25496 40623 32910 33522 
22763 53028 33131 33248 
21752 62090 33325 32848 
22696 65133 33450 32404 
25598 60764 33487 31963 
30044 49599 33376 31533 
35030 34620 33191 31303 
39463 19449 32987 31330 
42096 8115 32721 31534 
42412 2917 32511 32001 
40239 4521 32279 32524 
36217 11878 32102 33098 
31317 22886 31981 33670 
26929 34655 31935 34101 
24387 44446 32012 34352 
24186 50955 32175 34375 
26209 53486 32414 34179 
29672 52176 32677 33742 
33525 47923 32949 33185 
36838 41659 33222 32539 
38899 34493 33437 31915 
39595 27437 33567 31393 
39158 21141 33564 31054 
37854 16641 33463 30930 
35871 14942 33249 31020 
33363 16912 32991 31348 
30547 22400 32665 31836 
27986 30012 32425 32453 
26129 37809 32177 33053 
25494 43794 31977 33572 
26438 46629 31928 34024 
28721 45997 32003 34291 
31730 42625 32145 34341 
34549 38133 32372 34191 
36372 33874 32605 33787 
36936 30934 32844 33292 
36532 29073 33047 32734 
35557 27877 33183 32202 
34333 27015 33198 31723 
33070 26660 33101 31375 
31976 27339 32957 31261 
31232 29263 32764 31365 
31163 32043 32580 31680 
31934 34753 32479 32164 
33342 36153 32440 32681 
34924 35481 32489 33174 
36007 32727 32618 33588 
35961 29240 32832 33845 
34666 26779 33017 33831 
32537 27022 33189 33616 
30149 30382 33266 33248 
28079 35905 33237 32743 
26711 41693 33108 32249 
26117 45555 32858 31812 
26517 45654 32564 31573 
28131 41805 32292 31612 
31145 35134 32033 31837 
35456 27729 31870 32224 
40163 21816 31833 32733 
43903 18935 31956 33287 
45112 19513 32155 33730 
43069 22904 32480 34011 
38438 27524 32834 34019 
32529 32202 33146 33785 
26947 36166 33402 33324 
22971 39256 33567 32763 
21169 41535 33642 32183 
21476 42934 33569 31645 
23493 43154 33405 31311 
26588 41840 33180 31211 
30156 38711 32877 31319 
33892 34150 32588 31695 
37483 28870 32320 32217 
40779 24024 32092 32776 
43476 20729 31909 33322 
44938 19887 31797 33776 
44478 21661 31803 34082 
41607 25395 31914 34157 
36326 30201 32067 33989 
29634 35178 32340 33699 
23058 39595 32632 33270 
18501 43087 32995 32784 
17419 45144 33307 32266 
19922 45505 33609 31877 
24781 43766 33788 31575 
30393 39712 33827 31408 
35304 33713 33756 31430 
38935 26574 33518 31573 
41495 20178 33213 31902 
43384 16247 32803 32254 
44632 15988 32409 32665 
44552 19399 32089 33091 
42121 25485 31772 33399 
37168 32780 31649 33652 
30164 39756 31643 33767 
23497 44790 31817 33777 
19103 47235 32030 33600 
18309 47109 32321 33365 
20834 44765 32654 33081 
25389 40746 32881 32737 
30285 35903 33061 32447 
34302 30998 33205 32239 
36837 26797 33255 32122 
38231 23859 33277 32106 
38955 22281 33236 32158 
39301 22130 33214 32271 
39155 23283 33191 32378 
38371 25535 33147 32449 
37007 28521 33080 32478 
35414 31648 33015 32492 
33845 34368 32903 32461 
32324 36452 32780 32491 
30684 37971 32610 32518 
28898 39219 32428 32614 
27271 40312 32212 32744 
26482 41002 32031 32911 
27151 40673 31920 33141 
29152 38653 31858 33317 
31592 35035 31925 33471 
33281 30568 32075 33528 
33536 26735 32312 33478 
32601 24985 32631 33325 
31504 25893 32957 33058 
31505 28823 33247 32718 
33355 32246 33560 32395 
36547 33905 33750 32058 
39816 32685 33797 31774 
41774 29156 33764 31688 
41293 25320 33501 31662 
38419 23761 33180 31830 
33782 26083 32787 32090 
28576 32161 32345 32420 
24194 40020 31976 32827 
21690 46727 31650 33181 
21726 49864 31553 33546 
24123 48069 31577 33737 
28168 42207 31814 33799 
32674 34637 32169 33691 
36701 27618 32576 33416 
39556 22888 33004 33047 
40952 20944 33386 32607 
40932 21261 33644 32206 
39797 22843 33770 31885 
37721 24871 33708 31674 
35048 26992 33497 31640 
32130 29430 33165 31766 
29514 32594 32839 32078 
27432 36515 32486 32447 
26180 40779 32196 32841 
25967 44356 32002 33191 
26968 45978 31966 33485 
29169 44636 32014 33615 
32397 40143 32177 33613 
35957 33446 32392 33456 
38924 26362 32629 33190 
40355 21064 32869 32894 
39628 18845 33043 32562 
36831 20238 33156 32293 
32736 24715 33218 32098 
28493 31069 33167 31955 
25203 37926 33062 31964 
23734 43481 32874 32076 
24454 46493 32655 32265 
27309 46014 32520 32603 
31634 42050 32377 32877 
36669 35484 32312 33137 
41204 27870 32349 33360 
44018 21171 32459 33472 
44081 17069 32607 33449 
41233 16568 32804 33301 
36079 19762 32960 32992 
30506 25623 33090 32650 
25749 33009 33201 32352 
22658 40414 33170 32008 
21782 46537 33096 31836 
23123 50048 32980 31785 
26505 50020 32778 31874 
31343 46318 32600 32144 
36561 39862 32450 32505 
40825 31984 32323 32890 
42916 24471 32236 33244 
42165 18902 32199 33531 
38829 16173 32258 33687 
34342 16580 32399 33710 
30469 19524 32528 33513 
28162 24460 32702 33204 
27286 30772 32887 32825 
26885 37850 33044 32388 
26165 45019 33156 32058 
25264 50896 33204 31823 
25310 54015 33152 31741 
27729 52964 33033 31848 
33029 47030 32860 32110 
40294 36573 32690 32482 
47266 23401 32534 32887 
51252 10712 32402 33234 
50252 2116 32344 33454 
44036 1004 32400 33554 
34293 8339 32512 33444 
24208 21798 32710 33217 
16473 37626 32864 32853 
13028 51910 32997 32434 
14249 61151 33112 32117 
18935 63643 33154 31904 
25373 60011 33052 31814 
31827 52415 32911 31943 
37077 43402 32713 32230 
41042 34166 32484 32594 
43937 25199 32322 33010 
45852 16429 32192 33365 
46637 8451 32159 33622 
45807 2750 32234 33732 
42777 1520 32360 33592 
37911 6196 32569 33319 
31905 16626 32842 32985 
25929 30699 33023 32528 
21395 45495 33240 32154 
19076 57688 33348 31843 
19205 64684 33391 31668 
21351 65461 33321 31699 
24629 60155 33138 31853 
28507 51155 32908 32144 
32540 40179 32624 32547 
36431 28957 32353 32976 
39622 19120 32087 33336 
41561 12059 31936 33641 
41651 9022 31918 33826 
40107 10280 32017 33802 
37726 15131 32239 33619 
35564 22194 32544 33310 
34461 29575 32894 32913 
34478 35775 33233 32473 
34880 39866 33474 32027 
34613 41761 33640 31721 
32786 42037 33634 31539 
29628 41586 33488 31521 
26034 40916 33191 31641 
23357 40260 32875 31959 
22392 39389 32526 32351 
23240 38210 32243 32805 
25276 36564 31960 33187 
28050 34655 31842 33555 
31179 32690 31870 33797 
35050 30599 32011 33880 
39611 28318 32257 33822 
44145 25944 32547 33610 
47145 23830 32839 33286 
47173 22596 33117 32913 
43668 22770 33328 32491 
37893 24425 33466 32125 
31923 27029 33492 31849 
27692 29847 33386 31663 
25970 32338 33203 31650 
25809 34422 32908 31745 
25541 36742 32592 31972 
24011 39873 32303 32314 
21726 43965 32061 32719 
20856 47906 31940 33116 
23340 49969 31946 33459 
29488 48558 32110 33716 
37545 42877 32362 33812 
44625 33697 32716 33733 
48173 23072 33045 33482 
47126 14588 33362 33121 
42469 10904 33557 32627 
36646 13101 33666 32219 
31634 19810 33580 31835 
28351 28434 33359 31579 
26779 36209 33051 31528 
26434 41001 32641 31625 
27097 42242 32307 31955 
28612 40543 32021 32382 
30614 37679 31874 32884 
32442 35397 31811 33336 
33398 34845 31946 33732 
33267 35482 32151 33932 
32658 36167 32437 33947 
32486 35554 32719 33769 
33424 33022 32922 33423 
35367 29088 33063 32943 
37172 25522 33154 32510 
37335 24323 33145 32099 
