32846 33301 32932 32942 
32846 33301 32932 32942 
32807 33097 32703 32844 
32762 32805 32456 32742 
32663 32452 32193 32674 
32576 32134 31974 32677 
32488 31893 31825 32738 
32402 31750 31767 32862 
32337 31723 31814 33030 
32311 31855 31973 33195 
32330 32093 32232 33296 
32391 32393 32554 33305 
32540 32799 32957 33280 
32654 33089 33256 33044 
32779 33356 33509 32729 
32979 33577 33712 32412 
33120 33635 33751 32078 
33231 33576 33687 31824 
33271 33389 33483 31659 
33257 33133 33194 31682 
33151 32834 32851 31828 
33053 32603 32586 32130 
32909 32439 32341 32516 
32729 32313 32151 32903 
32502 32217 32007 33251 
32300 32191 31947 33508 
32144 32201 31954 33638 
32043 32242 32023 33653 
32029 32308 32146 33573 
32090 32384 32299 33390 
32221 32455 32475 33154 
32385 32534 32645 32890 
32621 32661 32849 32665 
32870 32797 33062 32453 
33096 32973 33265 32272 
33287 33141 33452 32133 
33442 33336 33609 32065 
33491 33447 33668 32009 
33480 33519 33669 32037 
33358 33476 33521 32062 
33157 33320 33256 32128 
32915 33070 32902 32240 
32669 32791 32513 32427 
32457 32500 32167 32685 
32238 32180 31820 32914 
32070 31926 31598 33145 
31990 31787 31527 33354 
32012 31791 31635 33519 
32089 31891 31871 33586 
32230 32074 32176 33542 
32424 32345 32540 33435 
32666 32633 32919 33281 
32806 32841 33163 33006 
32952 33009 33343 32756 
33070 33154 33456 32520 
33145 33259 33474 32350 
33171 33297 33405 32192 
33140 33292 33277 32068 
33086 33267 33156 32010 
33017 33218 33041 31996 
32922 33130 32911 32000 
32841 33042 32827 32058 
32743 32889 32723 32130 
32653 32727 32619 32271 
32628 32567 32544 32468 
32570 32354 32427 32658 
32544 32210 32327 32912 
32506 32081 32196 33164 
32498 32038 32125 33420 
32493 32066 32109 33610 
32491 32170 32139 33726 
32506 32355 32241 33749 
32507 32557 32390 33647 
32573 32830 32631 33468 
32594 33025 32834 33125 
32642 33180 33037 32730 
32777 33340 33277 32374 
32895 33382 33438 31986 
32999 33337 33522 31690 
33092 33226 33521 31517 
33140 33038 33423 31464 
33149 32847 33257 31592 
33047 32596 32976 31803 
32943 32416 32703 32169 
32754 32271 32385 32601 
32544 32180 32091 33044 
32308 32102 31830 33425 
32195 32208 31770 33795 
32148 32334 31816 33976 
32185 32514 31993 33991 
32321 32712 32285 33842 
32544 32899 32669 33534 
32770 33012 33008 33093 
32973 33070 33316 32595 
33203 33137 33589 32157 
33321 33106 33681 31750 
33337 33049 33632 31505 
33262 32960 33445 31430 
33061 32825 33125 31535 
32839 32717 32784 31822 
32605 32630 32448 32235 
32398 32557 32179 32714 
32263 32515 32020 33191 
32190 32493 31966 33566 
32217 32496 32050 33821 
32297 32499 32202 33859 
32470 32572 32470 33784 
32660 32650 32735 33530 
32842 32722 32967 33172 
32991 32804 33136 32757 
33096 32867 33225 32325 
33161 32922 33233 31972 
33129 32923 33127 31703 
33049 32884 32967 31628 
32895 32788 32744 31682 
32742 32674 32553 31928 
32580 32538 32391 32267 
32417 32401 32284 32689 
32283 32294 32246 33081 
32214 32262 32290 33433 
32250 32344 32460 33710 
32330 32481 32652 33801 
32505 32723 32906 33743 
32678 32977 33097 33515 
32867 33224 33234 33135 
33066 33445 33314 32727 
33261 33621 33351 32326 
33340 33605 33237 31931 
33327 33431 33029 31636 
33236 33172 32780 31526 
33062 32806 32514 31570 
32846 32409 32289 31793 
32605 32025 32119 32110 
32348 31718 32010 32500 
32158 31562 32004 32925 
32086 31619 32137 33387 
32072 31781 32312 33724 
32202 32123 32602 33979 
32388 32532 32877 34025 
32625 32968 33143 33909 
32836 33337 33310 33575 
33058 33657 33433 33177 
33164 33761 33370 32637 
33225 33753 33240 32151 
33119 33530 32977 31695 
32959 33210 32688 31430 
32742 32847 32421 31379 
32553 32509 32250 31566 
32361 32170 32114 31896 
32284 31973 32138 32338 
32310 31901 32280 32831 
32432 31963 32508 33281 
32610 32116 32743 33601 
32878 32403 33028 33787 
33125 32707 33241 33719 
33290 32977 33357 33465 
33386 33213 33358 33092 
33362 33351 33259 32673 
33225 33390 33070 32265 
32971 33282 32776 31951 
32653 33086 32477 31794 
32341 32836 32228 31822 
32061 32571 32047 32018 
31929 32396 32020 32401 
31895 32273 32093 32815 
31984 32235 32264 33197 
32137 32278 32481 33484 
32417 32446 32760 33680 
32666 32591 32959 33661 
32914 32736 33106 33484 
33081 32835 33152 33177 
33230 32901 33147 32827 
33293 32889 33063 32469 
33312 32827 32950 32160 
33263 32729 32831 31924 
33190 32643 32763 31855 
33100 32588 32739 31923 
32978 32576 32735 32059 
32849 32623 32776 32271 
32692 32717 32803 32489 
32533 32861 32817 32697 
32403 33018 32800 32869 
32275 33147 32724 32971 
32220 33274 32664 33077 
32190 33279 32550 33110 
32207 33178 32430 33119 
32246 32961 32314 33092 
32310 32652 32234 33054 
32441 32336 32243 33053 
32570 32014 32279 33021 
32740 31808 32426 33013 
32872 31715 32602 32950 
33193 32065 33081 32782 
33305 32399 33272 32616 
33389 32795 33413 32420 
33419 33195 33473 32231 
33350 33484 33387 32026 
33243 33686 33250 31890 
33073 33742 33029 31836 
32852 33668 32771 31894 
32601 33469 32521 32057 
32346 33192 32300 32305 
32096 32853 32126 32607 
31889 32492 32015 32954 
31757 32177 31994 33320 
31724 31928 32037 33628 
31826 31791 32174 33873 
32001 31755 32342 33984 
32248 31805 32540 33940 
32588 31978 32756 33758 
32945 32227 32955 33468 
33288 32514 33132 33048 
33612 32855 33296 32604 
33856 33179 33431 32130 
33928 33446 33474 31667 
33862 33621 33437 31311 
33691 33740 33384 31143 
33375 33707 33217 31099 
33000 33567 33010 31264 
32588 33335 32773 31651 
32216 33046 32528 32165 
31880 32690 32269 32738 
31694 32346 32088 33340 
31598 32009 31917 33852 
31691 31814 31887 34256 
31874 31721 31925 34426 
32132 31778 32053 34394 
32436 31935 32261 34238 
32778 32216 32541 34000 
33036 32501 32783 33660 
33206 32765 32994 33156 
33261 32974 33140 32387 
33267 33117 33252 31366 
33186 33170 33284 30196 
33046 33120 33239 29229 
32935 33033 33163 28885 
32852 32947 33062 29467 
32865 32902 32967 30972 
32955 32932 32881 33147 
33073 33013 32800 35341 
33134 33120 32763 37104 
33024 33112 32726 38001 
32737 32917 32701 37879 
32209 32622 32631 36780 
31496 32521 32529 35011 
30863 32790 32401 32825 
30916 33040 32239 30451 
32445 32553 32136 28262 
35481 30605 32102 26527 
38430 27769 32107 25609 
38887 26118 32214 25776 
34801 28082 32377 27147 
26616 34743 32633 29669 
17478 44542 32911 33062 
13023 52840 33177 36657 
17121 54832 33420 39905 
29461 47534 33566 42194 
45742 31942 33605 42990 
60397 12558 33532 42029 
65453 384 33347 39352 
65470 0 33081 35332 
50981 0 32785 30635 
34452 16527 32480 26022 
18604 35245 32199 22286 
7776 52040 32001 20278 
2192 63639 31868 20276 
632 65414 31828 22384 
2283 65445 31892 26384 
7214 65456 32072 31575 
16019 65481 32312 36964 
28669 55054 32591 41740 
43854 40009 32920 45101 
59411 20268 33175 46419 
65319 946 33419 45551 
65475 144 33570 42585 
65522 37 33648 38076 
65535 0 33605 32719 
65535 0 33466 27437 
56398 14874 33230 22970 
36546 35750 32963 20246 
15608 58187 32647 19535 
483 65324 32370 20920 
2 65530 32108 24143 
0 65535 31960 28605 
7373 65535 31864 33408 
22644 65535 31901 37899 
39362 45003 32052 41373 
54021 21079 32231 43306 
63601 789 32484 43546 
65487 79 32699 42081 
58670 9 32879 39297 
45264 0 33023 35768 
27365 4280 33084 32024 
8154 20203 33119 28707 
238 39753 33123 26397 
49 59644 33085 25254 
22 65355 33037 25394 
25 65522 33058 26667 
12279 65535 33020 28701 
27402 65535 33059 31081 
44005 63400 33047 33322 
59540 40175 33001 35111 
65344 17393 32909 36198 
65499 577 32763 36489 
65524 80 32597 36071 
65524 37 32355 35087 
62417 30 32145 33937 
43815 5570 31946 32776 
26611 17632 31869 31971 
11731 33204 31902 31547 
1936 48588 32032 31588 
101 60399 32298 31994 
66 65381 32626 32577 
6346 65499 32962 33162 
15863 59268 33252 33588 
26725 46997 33577 33804 
36664 32714 33758 33642 
44036 18856 33772 33163 
47965 7881 33651 32462 
48302 1283 33449 31728 
45556 97 33128 31042 
40945 3589 32734 30558 
35915 11445 32446 30548 
31607 22840 32137 30813 
29155 35672 31901 31430 
29168 47778 31773 32332 
31397 56635 31783 33342 
34579 60663 31887 34282 
37224 59801 32061 34996 
38321 54951 32321 35415 
37532 47563 32650 35475 
35470 39181 32947 35102 
33197 30635 33224 34372 
31529 22529 33443 33411 
30451 15600 33600 32371 
29131 11086 33645 31366 
26753 10729 33586 30585 
23194 15178 33409 30066 
19786 23789 33178 29965 
18624 34075 32908 30243 
21520 43043 32624 30869 
28372 47696 32375 31734 
37393 47154 32176 32671 
45937 42286 32061 33577 
51476 35316 32003 34310 
52655 28775 32025 34776 
49548 25110 32144 34933 
43119 25101 32287 34781 
34795 28309 32494 34374 
26302 33050 32687 33757 
19365 37482 32865 33017 
16013 39782 33003 32284 
17312 39384 33184 31742 
22722 36628 33258 31324 
30471 33007 33309 31183 
37728 30098 33258 31243 
42095 29000 33140 31537 
42287 29624 32954 31952 
39327 30736 32740 32442 
35441 30939 32549 32966 
32798 29499 32381 33399 
32117 27028 32258 33672 
32385 25291 32246 33798 
31583 26308 32324 33710 
28388 30927 32471 33469 
23375 38432 32680 33135 
18804 46351 32831 32685 
17891 51898 33019 32289 
22503 52264 33085 31931 
32196 46752 33123 31743 
44294 36264 33040 31698 
55531 23089 32902 31863 
62098 10959 32768 32184 
61642 3252 32586 32548 
54516 1866 32450 32958 
42435 7394 32342 33312 
27814 18866 32324 33583 
13076 34287 32371 33719 
1655 50219 32481 33705 
88 63237 32647 33508 
36 65424 32809 33227 
5690 65500 32929 32795 
17569 65510 33096 32435 
32242 61496 33208 32098 
46304 45365 33209 31821 
57880 28209 33139 31688 
65021 11237 32983 31713 
65440 422 32761 31881 
65479 92 32540 32191 
65415 43 32331 32562 
52142 13 32140 32935 
36432 10843 32042 33314 
17982 28206 32073 33616 
1240 47738 32224 33799 
74 64512 32464 33770 
0 65470 32756 33608 
5 65535 33065 33318 
14436 65535 33353 32921 
30367 65530 33529 32443 
45292 47133 33599 32010 
56036 26229 33564 31701 
61020 7039 33365 31517 
60396 200 33072 31535 
55487 57 32706 31708 
47595 44 32372 32071 
37565 7623 32094 32513 
25993 15984 31893 32993 
14717 30788 31798 33407 
5412 46617 31875 33760 
345 60612 32048 33944 
65 65361 32335 33927 
5010 65496 32685 33753 
15433 65520 32986 33388 
28791 65527 33229 32928 
43136 50970 33439 32469 
56315 31279 33508 32041 
65003 11509 33434 31716 
65464 361 33212 31567 
65497 59 32946 31642 
65370 35 32636 31862 
51241 140 32407 32257 
37668 12984 32247 32719 
24950 25563 32176 33103 
15033 38203 32228 33412 
9037 48993 32389 33592 
7023 56987 32634 33602 
8373 61239 32888 33429 
11973 61287 33066 33095 
17110 57223 33199 32736 
23257 49179 33239 32382 
30146 37797 33161 32065 
37078 24848 32997 31905 
43251 12989 32767 31878 
47910 4287 32561 32060 
50279 416 32340 32321 
50123 1546 32173 32655 
47700 7691 32159 33056 
43585 16614 32157 33324 
38465 26972 32260 33494 
32942 37651 32490 33550 
27403 47807 32737 33453 
22339 57068 32966 33196 
18743 64258 33174 32867 
17292 65415 33309 32531 
18546 65483 33366 32241 
22398 65514 33240 31972 
28209 53747 33041 31864 
34501 37475 32816 31939 
40038 19885 32558 32139 
44041 4746 32367 32499 
46006 157 32223 32841 
45865 65 32170 33166 
43677 75 32241 33402 
39579 6468 32429 33503 
34031 15226 32667 33453 
28007 25738 32928 33232 
22681 37466 33105 32849 
19524 49176 33270 32463 
18914 59437 33303 32111 
20714 65258 33249 31907 
24135 65481 33008 31767 
28734 65419 32766 31857 
33871 52394 32485 32094 
39254 37366 32249 32470 
44348 21136 32084 32862 
48153 7071 32025 33260 
49494 236 32102 33582 
47421 53 32266 33740 
41962 60 32536 33752 
34200 12122 32804 33583 
26055 26079 33054 33260 
19403 41261 33239 32834 
15931 54061 33334 32397 
15898 62105 33401 32060 
18697 63770 33319 31752 
23514 59443 33185 31603 
29377 50362 32924 31586 
35281 39183 32694 31770 
40477 27749 32492 32098 
44222 17745 32277 32467 
46051 10123 32133 32911 
45532 5732 32031 33320 
42956 5189 32050 33660 
38860 8879 32133 33866 
34074 17023 32330 33935 
29240 29100 32558 33792 
25214 43094 32816 33497 
22622 55949 33053 33083 
21805 64670 33282 32646 
22986 65486 33459 32204 
26206 65339 33522 31747 
30789 50626 33491 31450 
35689 35101 33317 31307 
39897 19633 33132 31400 
42256 7948 32834 31632 
42219 2596 32581 32085 
39718 4427 32320 32603 
35503 11866 32096 33107 
30724 22528 31957 33558 
26712 33824 31960 33934 
24484 43260 32036 34093 
24584 49529 32199 34032 
26790 51747 32405 33791 
30254 50354 32639 33433 
33833 46211 32831 32987 
36671 40334 32959 32518 
38335 33565 33042 32120 
38726 26916 33046 31828 
38202 21174 33036 31719 
36972 17303 32993 31755 
35225 16341 32958 31909 
33062 19021 32954 32174 
30713 24931 32954 32445 
28548 32704 32972 32686 
27087 40276 32995 32868 
26786 45643 32964 32916 
27909 47587 32922 32915 
30102 45883 32841 32851 
32663 41631 32674 32748 
34845 36506 32525 32709 
36015 31962 32368 32714 
35975 28660 32177 32744 
35083 26702 32055 32881 
33923 25738 32016 33079 
32809 25360 32060 33265 
31937 25781 32198 33376 
31379 27299 32399 33395 
31311 30170 32684 33311 
31894 33646 32966 33076 
33099 36672 33183 32691 
34834 38090 33408 32314 
36418 37060 33521 31919 
37186 33788 33530 31598 
36648 29719 33424 31420 
34856 26821 33299 31486 
32158 26629 33066 31666 
29315 29756 32800 32024 
26941 35342 32532 32487 
25460 41262 32285 33000 
24974 44996 32043 33447 
25623 45147 31910 33856 
27573 41387 31824 34050 
31184 34725 31855 34105 
36224 27266 32004 33976 
41292 21674 32239 33696 
45110 19100 32533 33279 
46238 19816 32865 32821 
44070 22982 33161 32280 
39023 27553 33452 31844 
32645 32076 33620 31460 
26662 36007 33699 31274 
22337 39165 33644 31235 
20331 41588 33474 31364 
20603 43182 33198 31654 
22703 43557 32889 32070 
26028 42288 32572 32546 
29923 39147 32259 33033 
34006 34297 31989 33476 
37847 28820 31796 33810 
41364 23876 31776 34036 
44149 20585 31847 34085 
45670 19748 32026 33981 
45159 21468 32277 33696 
42122 25232 32577 33312 
36676 30139 32894 32885 
29639 35129 33126 32391 
22749 39599 33305 31982 
17902 43074 33385 31668 
16638 45020 33307 31498 
19030 45242 33170 31532 
23989 43306 32954 31691 
29884 38994 32740 32005 
35137 32728 32593 32419 
38980 25750 32509 32820 
41714 19604 32472 33125 
43816 16086 32547 33369 
45271 16291 32693 33483 
45210 20200 32804 33423 
42746 26789 32902 33211 
37634 34390 32946 32943 
30685 41202 32910 32653 
23742 46100 32815 32410 
19150 48205 32682 32261 
18034 47553 32496 32205 
20327 44528 32321 32258 
24804 39913 32194 32435 
29857 34475 32168 32686 
33871 29344 32231 32946 
36495 25143 32356 33154 
38055 22391 32578 33306 
38953 21196 32815 33331 
39451 21582 33029 33203 
39410 23345 33220 32979 
38665 26220 33336 32682 
37323 29694 33402 32383 
35589 33164 33346 32057 
33820 36017 33171 31810 
32184 37908 32977 31727 
30461 39005 32696 31769 
28648 39706 32433 31974 
27002 40211 32189 32331 
26244 40321 32001 32762 
26928 39498 31902 33204 
29005 37262 31942 33621 
31532 33577 32098 33903 
33346 29231 32327 33987 
33750 25706 32664 33920 
32865 24469 32962 33601 
31852 26016 33232 33151 
31897 29531 33427 32579 
33706 33293 33563 32053 
36828 35132 33540 31552 
39933 33872 33390 31242 
41701 30147 33159 31166 
41178 25962 32871 31328 
38050 23959 32546 31705 
33145 26315 32279 32285 
27964 32476 32100 32906 
23735 40297 31967 33468 
21518 46844 31960 33917 
21817 49607 32048 34150 
24478 47450 32235 34192 
28556 41399 32456 33968 
33059 33687 32708 33553 
37020 26714 32944 33028 
39736 22169 33136 32428 
40988 20524 33306 31893 
40807 21175 33405 31523 
39473 22906 33348 31292 
37345 24983 33208 31302 
34637 27151 32971 31544 
31844 29626 32714 31982 
29261 32821 32434 32495 
27280 36881 32195 33039 
26138 41449 32028 33551 
26106 45219 31987 33915 
27264 46752 32067 34046 
29638 45200 32276 34000 
32895 40474 32568 33726 
36526 33311 32908 33268 
39334 25930 33172 32689 
40520 20519 33416 32161 
39503 18301 33540 31694 
36398 19722 33505 31358 
32047 24388 33362 31254 
27785 30795 33101 31367 
24696 37532 32787 31695 
23444 42987 32426 32133 
24385 45987 32138 32676 
27415 45687 31956 33235 
31933 41984 31880 33664 
37106 35799 31958 33999 
41681 28589 32136 34103 
44360 22177 32375 33985 
44047 18364 32640 33671 
40769 18102 32839 33267 
35529 21053 32983 32774 
29797 26493 33058 32327 
25015 33175 33053 31966 
22084 39992 32988 31715 
21519 45343 32924 31663 
23264 48218 32903 31794 
26974 47833 32877 31979 
32096 44083 32895 32226 
37350 37985 32957 32491 
41541 30868 33037 32737 
43375 24373 33092 32900 
42225 19880 33070 32992 
38494 18056 32956 32962 
33845 18968 32778 32920 
29956 22054 32558 32877 
27723 26655 32308 32843 
26922 32465 32051 32833 
26553 38954 31852 32853 
25913 45141 31795 32924 
25173 50138 31870 33016 
25498 52552 32049 33077 
28402 50999 32387 33136 
34236 44487 32773 33119 
41664 33769 33134 33000 
48409 20732 33440 32779 
51791 8808 33682 32533 
49895 1565 33788 32280 
42940 1941 33733 32033 
32868 10227 33515 31852 
22608 24225 33208 31756 
15069 40476 32885 31819 
12295 54353 32503 31968 
14280 62407 32195 32241 
19536 63601 31939 32583 
26203 59150 31812 32956 
32749 51109 31777 33316 
38101 41774 31865 33627 
41979 32583 32034 33817 
44759 23732 32304 33912 
46493 15123 32579 33810 
47003 7377 32881 33615 
45666 2296 33101 33249 
42214 1859 33271 32802 
36984 7351 33434 32366 
30753 18366 33524 31963 
24840 32690 33485 31589 
20587 47216 33394 31382 
18688 58720 33213 31312 
19272 64768 33002 31432 
21853 65262 32746 31730 
25428 58563 32534 32151 
29472 49303 32316 32633 
33593 38273 32154 33096 
37496 27149 32033 33558 
40512 17937 32018 33919 
42000 11753 32066 34088 
41648 9494 32143 34054 
39731 11513 32366 33928 
36998 17060 32560 33532 
34857 24241 32792 33097 
33920 31288 33020 32642 
34028 36766 33191 32184 
34373 40000 33291 31801 
33777 41154 33306 31563 
31681 41034 33220 31518 
28439 40519 33077 31651 
25140 40014 32900 31945 
22976 39500 32688 32289 
22722 38793 32539 32705 
24224 37763 32461 33110 
26655 36337 32418 33363 
29550 34707 32436 33488 
32947 32980 32574 33514 
37022 30992 32709 33349 
41516 28823 32883 33119 
45478 26392 32956 32782 
47482 24214 32973 32455 
46285 22933 32950 32233 
41699 22981 32812 32063 
35347 24462 32652 32065 
29444 26819 32476 32199 
25795 29366 32311 32407 
24744 31786 32232 32731 
25036 34073 32220 33035 
24891 36829 32301 33292 
23564 40585 32495 33467 
21943 45113 32713 33470 
22147 49271 32972 33360 
25895 50964 33164 33082 
32833 48638 33349 32785 
40833 41810 33427 32429 
46921 31704 33403 32109 
48881 21040 33271 31851 
46269 13054 33068 31728 
40697 10443 32815 31747 
34482 13556 32583 31956 
29471 20813 32326 32238 
26465 29576 32141 32618 
25271 37082 32017 33030 
25444 41141 31938 33377 
26700 41660 31988 33664 
28782 39708 32126 33846 
31259 37103 32354 33864 
33351 35406 32604 33690 
34378 35414 32910 33416 
34228 36404 33184 33027 
33616 36985 33399 32580 
33595 35961 33553 32148 
34701 32925 33620 31770 
36568 28687 33568 31509 
37907 25257 33425 31432 
37377 24457 33153 31478 
