32307 32943 32724 33141 
32307 32943 32724 33141 
32532 33353 32944 32723 
32817 33709 33186 32295 
33119 33946 33384 31909 
33337 33942 33468 31590 
33485 33819 33485 31492 
33513 33550 33380 31530 
33406 33166 33165 31723 
33193 32726 32884 32046 
32942 32317 32596 32485 
32654 31986 32325 32955 
32357 31739 32101 33350 
32148 31691 31999 33696 
32002 31734 31976 33855 
31985 31911 32078 33852 
32074 32166 32246 33706 
32188 32411 32416 33441 
32402 32700 32638 33126 
32598 32922 32802 32779 
32775 33083 32932 32441 
32935 33222 33014 32179 
33063 33304 33072 32029 
33176 33347 33128 31967 
33219 33322 33130 31978 
33220 33267 33148 32052 
33181 33162 33153 32157 
33113 33058 33150 32308 
32984 32903 33109 32415 
32845 32730 33026 32534 
32705 32570 32908 32665 
32583 32412 32745 32783 
32445 32248 32522 32881 
32324 32114 32272 32983 
32294 32091 32089 33144 
32260 32080 31925 33243 
32300 32167 31873 33348 
32390 32338 31946 33408 
32509 32540 32109 33402 
32660 32777 32395 33323 
32777 32985 32696 33141 
32883 33159 33017 32895 
33000 33292 33321 32624 
33096 33367 33579 32351 
33161 33364 33717 32082 
33135 33251 33705 31841 
33065 33085 33558 31692 
32947 32884 33293 31693 
32770 32633 32918 31781 
32600 32411 32522 32016 
32451 32246 32166 32379 
32286 32090 31853 32759 
32195 32025 31682 33177 
32181 32048 31681 33565 
32271 32168 31854 33856 
32445 32372 32173 33984 
32668 32613 32571 33921 
32916 32880 32993 33688 
33054 33059 33303 33237 
33219 33284 33592 32763 
33291 33436 33725 32255 
33261 33473 33670 31779 
33121 33411 33459 31454 
32937 33256 33135 31328 
32680 32993 32729 31391 
32484 32751 32373 31712 
32317 32468 32093 32191 
32217 32211 31904 32702 
32204 32008 31873 33213 
32288 31924 32003 33659 
32407 31913 32203 33913 
32590 32046 32493 33979 
32794 32285 32812 33837 
32977 32587 33099 33538 
33085 32896 33267 33098 
33112 33164 33326 32598 
33126 33424 33333 32158 
33047 33554 33211 31789 
32898 33509 32986 31566 
32721 33343 32706 31564 
32583 33094 32468 31772 
32449 32764 32262 32098 
32368 32411 32143 32524 
32347 32107 32132 33011 
32323 31849 32189 33410 
32402 31783 32378 33726 
32500 31868 32636 33856 
32629 32091 32907 33776 
32746 32433 33151 33510 
32886 32878 33351 33099 
32982 33269 33437 32606 
33063 33599 33416 32090 
33115 33794 33292 31692 
33125 33801 33063 31436 
33094 33643 32791 31389 
33001 33293 32465 31535 
32922 32915 32234 31929 
32793 32478 32059 32408 
32687 32113 32019 32989 
32532 31810 32032 33494 
32403 31669 32176 33913 
32293 31690 32378 34095 
32247 31900 32647 34106 
32215 32148 32859 33876 
32184 32416 32981 33427 
32232 32710 33054 32920 
32318 32959 33053 32399 
32487 33155 33003 31947 
32662 33245 32885 31628 
32893 33276 32803 31536 
33109 33244 32749 31615 
33326 33223 32771 31900 
33464 33143 32817 32229 
33502 33043 32876 32548 
33487 32986 32991 32902 
33307 32858 33018 33097 
33070 32747 33009 33183 
32808 32655 32969 33185 
32511 32532 32821 33089 
32236 32413 32625 32920 
32013 32294 32393 32768 
31888 32216 32186 32658 
31818 32133 31996 32585 
31894 32150 31926 32636 
32060 32223 31971 32757 
32297 32338 32125 32897 
32576 32520 32385 33053 
32903 32776 32747 33193 
33153 32960 33055 33178 
33342 33133 33343 33051 
33486 33292 33580 32864 
33503 33362 33687 32574 
33471 33375 33686 32286 
33342 33284 33537 31990 
33157 33138 33280 31777 
32938 32941 32953 31678 
32704 32729 32608 31755 
32523 32567 32321 32019 
32360 32417 32076 32383 
32183 32258 31868 32768 
32073 32151 31782 33219 
32008 32107 31778 33618 
32010 32124 31903 33920 
32100 32201 32126 34063 
32235 32338 32406 34036 
32402 32487 32715 33801 
32657 32718 33067 33452 
32869 32898 33332 32950 
33071 33079 33541 32389 
33312 33291 33715 31918 
33463 33408 33745 31495 
33530 33457 33657 31236 
33531 33433 33477 31166 
33446 33336 33199 31302 
33271 33157 32849 31628 
33039 32941 32470 32116 
32766 32678 32133 32639 
32501 32426 31878 33196 
32255 32201 31741 33663 
32027 31994 31710 33961 
31927 31916 31858 34122 
31905 31888 32078 34070 
31994 31987 32398 33871 
32126 32121 32678 33519 
32268 32276 32909 33073 
32440 32468 33084 32655 
32661 32736 33206 32311 
32841 32981 33252 32036 
32997 33211 33203 31878 
33144 33438 33161 31876 
33257 33592 33095 31966 
33327 33656 33016 32092 
33344 33474 32917 32369 
33299 33237 32900 32482 
33171 32912 32849 32528 
33049 32581 32808 32580 
32890 32282 32760 32645 
32690 32012 32651 32725 
32464 31833 32514 32837 
32228 31736 32341 32983 
32021 31781 32181 33154 
31916 31974 32115 33388 
31856 32223 32065 33549 
31925 32562 32141 33680 
32036 32858 32241 33665 
32247 33123 32411 33519 
32533 33349 32662 33269 
32890 33483 32942 32896 
33190 33475 33175 32423 
33490 33430 33425 31984 
33681 33277 33568 31563 
33766 33090 33640 31289 
33680 32852 33554 31169 
33468 32631 33362 31274 
33163 32432 33077 31585 
32738 32247 32687 32044 
32350 32147 32332 32648 
31999 32087 32014 33255 
31734 32080 31772 33854 
31649 32150 31695 34253 
31753 32312 31816 34488 
32005 32521 32070 34442 
32367 32792 32431 34182 
32736 33009 32813 33650 
33063 33190 33143 32960 
33366 33341 33434 32272 
33581 33434 33646 31653 
33569 33364 33637 31137 
33453 33211 33493 30869 
33196 32971 33214 30850 
32889 32706 32869 31116 
32579 32455 32537 31630 
32352 32315 32295 32341 
32164 32193 32092 33015 
32075 32163 31989 33634 
32133 32290 32054 34130 
32301 32475 32216 34404 
32528 32684 32451 34415 
32780 32900 32726 34208 
32974 33033 32935 33725 
33125 33070 33097 33130 
33193 33036 33203 32501 
33208 32934 33249 31938 
33101 32736 33167 31465 
32952 32562 33044 31268 
32723 32368 32830 31274 
32495 32247 32592 31557 
32305 32226 32384 32142 
32151 32272 32209 32859 
32100 32423 32137 33587 
32146 32632 32177 34033 
32276 32864 32323 33905 
32483 33073 32548 33184 
32731 33265 32837 32126 
32958 33355 33087 31036 
33192 33404 33311 30478 
33375 33369 33457 30682 
33446 33223 33419 31666 
33507 33086 33305 33273 
33422 32872 33054 34914 
33192 32589 32760 36115 
32823 32226 32493 36692 
32302 31756 32231 36473 
31666 31509 32061 35603 
30987 31747 31980 34194 
30740 32408 32027 32360 
31729 32830 32191 30329 
34274 32048 32403 28363 
37633 29949 32676 26818 
39632 27772 32916 25994 
37752 27945 33120 26229 
30861 32536 33262 27705 
21138 41184 33322 30347 
13664 50339 33248 33669 
13274 55207 33066 37197 
22099 51766 32857 40357 
37207 39039 32601 42400 
53739 20104 32390 42939 
64726 1525 32267 41647 
65535 31 32215 38617 
56365 0 32314 34357 
40927 10113 32433 29594 
24635 27880 32736 25225 
11806 46021 32987 21870 
4266 60196 33199 20242 
1386 65353 33372 20717 
1902 65449 33375 23234 
5463 65451 33252 27364 
12657 65471 33017 32384 
23883 59796 32762 37505 
38094 46852 32428 41859 
53556 28593 32188 44758 
65046 6631 31997 45695 
65445 248 31914 44473 
65509 67 31988 41430 
65535 0 32162 37073 
65535 0 32440 32143 
65337 7763 32731 27414 
43307 27003 33071 23643 
21616 50173 33260 21368 
1551 65047 33387 21091 
43 65493 33471 22654 
0 65535 33402 25618 
56 65535 33260 29455 
16700 65535 33065 33572 
33712 51941 32804 37357 
49616 29061 32516 40066 
61412 4685 32325 41581 
65434 161 32130 41583 
65393 25 32007 40299 
51810 0 32039 38016 
34614 0 32126 35093 
15584 13817 32330 32182 
636 32414 32608 29669 
79 52705 32871 27845 
29 65140 33091 26914 
21 65493 33280 26939 
7149 65535 33437 27846 
20719 65535 33424 29240 
36858 65535 33329 30974 
52988 48402 33173 32684 
64901 26411 32953 34147 
65465 4074 32678 35145 
65515 147 32453 35658 
65524 48 32252 35632 
65508 31 32117 35184 
50780 34 32096 34508 
33651 11497 32148 33707 
17462 26164 32296 32982 
5390 42015 32462 32385 
224 55935 32715 32076 
70 64667 32913 31944 
1771 65474 33084 31964 
11874 65437 33229 32100 
22307 53468 33289 32257 
32955 39442 33276 32362 
41699 24579 33158 32385 
47103 11967 33007 32369 
48802 3118 32779 32309 
47158 150 32541 32247 
43095 72 32316 32228 
37793 6398 32142 32280 
32837 16945 32126 32488 
29437 29882 32154 32720 
28554 42699 32337 33030 
30065 53272 32600 33344 
33116 59780 32867 33547 
36358 61359 33152 33668 
38392 58357 33387 33643 
38439 52062 33472 33425 
36873 44032 33456 33122 
34596 35343 33312 32735 
32605 26646 33109 32385 
31122 18451 32769 32027 
29689 12131 32408 31790 
27465 9620 32129 31759 
23982 11915 31938 31858 
20105 18979 31871 32096 
17785 29030 31940 32420 
19147 39151 32127 32803 
25020 45940 32383 33112 
33909 47606 32690 33353 
43208 44485 33011 33480 
50307 38335 33249 33418 
53395 31741 33447 33269 
51839 26950 33516 32966 
46310 25641 33444 32621 
38432 27742 33304 32336 
29636 31904 33029 32114 
21783 36262 32711 32028 
16776 39043 32381 32102 
16052 39272 32115 32313 
19881 36978 31963 32648 
26876 33301 31906 32989 
34614 29952 31989 33306 
40300 28333 32222 33538 
42198 28765 32528 33582 
40323 30356 32837 33409 
36698 31489 33123 33080 
33697 31107 33371 32628 
32599 29242 33517 32142 
32881 27161 33538 31699 
32648 26975 33427 31437 
30185 30036 33203 31367 
25411 36152 32904 31525 
20193 43590 32600 31920 
17594 49602 32362 32481 
20173 51421 32138 33077 
28678 47261 31998 33654 
40475 38014 32010 34106 
52222 25780 32118 34305 
60463 13640 32273 34250 
62462 4837 32472 33951 
57412 1890 32648 33439 
46315 5980 32802 32845 
32117 16301 32905 32265 
17220 30737 32977 31796 
4578 46499 32986 31487 
156 60398 32965 31409 
42 65370 32975 31557 
98 65494 32986 31864 
13484 65509 33001 32210 
27442 65445 33050 32587 
41994 49774 33106 32920 
54770 32805 33066 33072 
64012 15203 33026 33146 
65419 959 32941 33111 
65470 120 32779 32976 
65495 54 32551 32788 
57296 21 32331 32677 
42437 7445 32170 32678 
23846 23622 31945 32671 
5546 42714 31855 32804 
153 61236 31887 32987 
8 65405 32017 33160 
0 65535 32281 33311 
9909 65535 32624 33357 
25396 65535 33018 33280 
40773 51019 33349 33054 
52671 31008 33622 32747 
59262 11642 33792 32370 
60342 389 33792 31994 
56806 69 33644 31675 
49897 46 33380 31506 
40653 94 33041 31503 
29764 12689 32677 31711 
18334 26851 32303 32047 
8137 42570 32023 32492 
1219 57179 31811 32985 
83 65266 31710 33481 
200 65479 31705 33853 
11644 65514 31880 34121 
24349 65528 32111 34193 
38678 54482 32398 34049 
52685 36055 32781 33777 
63610 16130 33075 33279 
65435 776 33356 32749 
65492 82 33586 32211 
65499 37 33689 31701 
56834 41 33670 31304 
43454 10058 33567 31127 
29765 22518 33354 31144 
18355 35281 33038 31322 
10534 46723 32717 31707 
6794 55405 32416 32252 
6642 60573 32131 32779 
9373 61828 31984 33367 
13976 58802 31884 33805 
19969 51792 31945 34123 
26815 41299 32074 34229 
34133 28805 32255 34140 
41176 16185 32469 33871 
46862 6142 32679 33474 
50260 729 32825 33018 
50931 99 32895 32519 
49156 5432 32956 32143 
45417 13663 32957 31824 
40445 23745 32974 31672 
34764 34602 33004 31693 
29137 44857 33044 31816 
23984 54289 33122 32025 
19966 62229 33209 32267 
17853 65359 33269 32516 
18384 65470 33289 32742 
21711 65508 33223 32857 
27055 58046 33080 32923 
33297 43176 32843 32932 
39037 25644 32549 32915 
43306 9350 32272 32939 
45552 310 31990 32965 
45575 72 31746 32996 
43504 72 31679 33096 
39545 4656 31715 33165 
34125 11834 31908 33268 
28141 21761 32212 33297 
22852 33081 32616 33276 
19416 45000 32989 33104 
18615 56356 33365 32869 
20460 64663 33675 32582 
24110 65457 33858 32290 
28832 65507 33850 31973 
34098 57808 33664 31704 
39502 43643 33405 31576 
44720 27084 33070 31594 
48580 11880 32712 31756 
50124 924 32383 32036 
48335 78 32080 32370 
43094 42 31845 32764 
35081 7741 31705 33168 
26325 20751 31745 33608 
19146 35554 31884 33939 
14922 49241 32095 34094 
14302 59042 32421 34132 
16882 63041 32754 33997 
21825 60929 33106 33704 
28064 53638 33376 33231 
34612 43180 33579 32690 
40444 32073 33708 32155 
44833 21819 33666 31637 
47157 13588 33484 31228 
47106 8108 33224 31005 
44676 5970 32888 30985 
40388 7935 32524 31184 
35279 14357 32258 31646 
30089 24813 32068 32236 
25568 37795 31932 32829 
22377 50961 31941 33455 
20987 61273 32068 34025 
21713 65377 32279 34402 
24637 61133 32533 34550 
29195 52363 32751 34421 
34411 37977 32964 34083 
39121 22649 33086 33533 
42292 10258 33187 32924 
43043 3651 33210 32288 
41165 3982 33178 31719 
37147 10621 33082 31298 
32167 21038 32908 31034 
27539 32636 32758 31054 
24455 42825 32600 31294 
23700 49884 32463 31719 
25319 52981 32349 32282 
28713 52058 32317 32903 
32673 47882 32335 33481 
36127 41807 32447 33966 
38417 34776 32571 34210 
39445 27679 32723 34218 
39374 21379 32906 34017 
38343 16681 33011 33547 
36620 14904 33101 32984 
34344 16777 33141 32368 
31684 22147 33121 31793 
29010 29851 33051 31365 
26887 37963 32919 31163 
25887 44492 32736 31208 
26415 47657 32546 31512 
28344 47114 32438 32069 
31006 43608 32325 32662 
33619 38774 32287 33297 
35408 34110 32305 33838 
36057 30491 32380 34175 
35743 28174 32520 34279 
34905 26765 32664 34128 
33945 25876 32791 33729 
32995 25571 32849 33178 
32215 26323 32850 32565 
31808 28437 32867 32043 
31918 31617 32838 31625 
32708 34830 32778 31436 
34122 36859 32765 31472 
35659 36715 32757 31672 
36709 34389 32822 32071 
36634 30759 32921 32498 
35243 27771 33013 32885 
32835 27084 33084 33182 
30060 29576 33110 33341 
27629 34648 33111 33377 
25855 40494 32972 33220 
25075 44860 32773 32976 
25434 45669 32545 32731 
27039 42555 32303 32540 
30146 36371 32093 32425 
34594 28979 31951 32444 
39841 22449 31927 32586 
44127 18962 32015 32808 
45994 19024 32225 33056 
44583 21898 32504 33242 
40286 26356 32837 33347 
34273 31109 33152 33313 
28231 35367 33415 33122 
23491 38835 33568 32796 
20984 41419 33583 32368 
20882 43057 33516 31995 
22608 43555 33312 31685 
25623 42554 33061 31542 
29292 39773 32783 31580 
33268 35257 32506 31809 
37069 29812 32274 32172 
40489 24755 32123 32662 
43225 21092 32014 33144 
44836 19713 31976 33576 
44677 20869 32022 33928 
42044 24370 32163 34120 
36906 29078 32303 34054 
30259 34144 32532 33864 
23579 38766 32760 33488 
18781 42501 32996 33014 
17306 44998 33205 32505 
19561 45884 33417 32041 
24517 44610 33563 31659 
30284 40948 33598 31427 
35406 35127 33526 31348 
39140 28057 33359 31423 
41586 21368 33125 31667 
43229 16716 32779 31977 
44348 15550 32460 32409 
44244 18241 32173 32848 
41991 23848 31916 33235 
37272 30967 31790 33562 
30726 37968 31791 33787 
24054 43391 31901 33831 
19389 46607 32131 33785 
18090 47312 32426 33632 
20359 45566 32696 33342 
24948 42085 32959 33058 
30062 37518 33112 32735 
34318 32756 33246 32480 
37059 28431 33264 32277 
38527 25065 33242 32163 
39094 22929 33113 32064 
39264 22266 33044 32064 
38989 22875 32960 32094 
38194 24687 32916 32134 
36908 27322 32886 32163 
35421 30312 32870 32194 
33978 33155 32883 32289 
32591 35409 32837 32357 
31107 37155 32766 32504 
29401 38620 32641 32700 
27691 39975 32488 32943 
26578 41039 32292 33203 
26744 41233 32093 33451 
28350 39886 31981 33671 
30648 36714 31926 33788 
32566 32312 32012 33779 
33260 28041 32233 33661 
32633 25372 32489 33366 
31679 25514 32853 32976 
31702 28021 33159 32501 
33471 31290 33478 32074 
36634 33334 33671 31720 
40029 32752 33721 31466 
42253 29700 33638 31384 
42237 25872 33471 31512 
39497 23814 33181 31747 
34762 25602 32866 32115 
29201 31269 32516 32483 
24249 39210 32241 32920 
21099 46373 31962 33232 
20535 50131 31810 33508 
22612 49008 31749 33674 
26600 43570 31840 33766 
31364 35697 31973 33711 
35912 27990 32192 33591 
39351 22503 32483 33429 
41295 20032 32815 33237 
41599 20259 33100 32956 
40605 22145 33365 32675 
38676 24696 33583 32400 
36013 27319 33665 32080 
33049 30079 33666 31803 
30141 33284 33561 31567 
27733 37101 33325 31418 
26251 41111 33036 31398 
25823 44491 32706 31526 
26613 46042 32395 31839 
28613 44744 32146 32255 
31655 40296 31953 32753 
35198 33536 31846 33271 
38285 26362 31867 33780 
40014 20664 31988 34156 
39653 18007 32148 34360 
37165 19102 32386 34411 
33053 23618 32600 34213 
28670 30115 32765 33828 
25193 37125 32911 33312 
23465 43130 32996 32724 
23944 46731 33070 32120 
26650 47080 33184 31633 
31138 43708 33235 31272 
36494 37501 33307 31097 
41506 29838 33363 31114 
44895 22691 33367 31293 
45531 17874 33323 31614 
42918 16490 33169 32021 
37792 18917 32964 32489 
31604 24256 32689 32921 
25923 31356 32394 33337 
21918 38845 32129 33680 
20162 45177 31891 33894 
20925 49171 31731 33973 
24120 49660 31729 33933 
29029 46504 31817 33770 
34813 40442 32037 33552 
40096 32750 32328 33245 
43407 25207 32673 32887 
43729 19368 33012 32513 
41037 16498 33322 32161 
36660 16756 33536 31864 
32345 19668 33635 31658 
29374 24541 33644 31599 
27906 30697 33538 31634 
27147 37665 33345 31768 
26220 44606 33096 31972 
25024 50413 32813 32232 
24560 53715 32534 32511 
26291 53305 32315 32857 
30962 48083 32101 33140 
38063 38196 31927 33390 
45657 24954 31883 33621 
50646 11769 31899 33752 
50941 2169 31998 33782 
45884 71 32159 33686 
36762 4805 32393 33511 
26192 17735 32738 33298 
17434 34242 33057 32984 
12917 49949 33284 32566 
13439 60878 33559 32222 
17798 64858 33673 31862 
24270 62468 33710 31590 
31014 55612 33590 31425 
36924 46330 33355 31384 
41409 36428 33023 31516 
44430 27128 32722 31842 
46337 18041 32384 32236 
47072 9596 32102 32709 
46245 3150 31907 33203 
43315 650 31793 33632 
38424 4053 31802 33945 
32293 13421 31970 34100 
26034 27086 32194 34048 
21075 42206 32488 33853 
18337 55481 32785 33496 
18207 63723 32991 33037 
20341 65447 33169 32629 
23811 61352 33268 32263 
27939 53010 33259 31981 
32277 42313 33197 31821 
36490 31144 33100 31788 
40127 20952 33006 31890 
42376 13542 32899 32030 
42765 10054 32861 32253 
41330 10670 32832 32431 
38744 14968 32784 32548 
36192 21689 32792 32659 
34544 29072 32774 32723 
34100 35302 32703 32765 
34289 39259 32611 32810 
33960 40838 32477 32867 
32330 40782 32354 32978 
29358 39985 32228 33108 
25891 39170 32159 33253 
23101 38570 32150 33403 
22143 38126 32230 33491 
23064 37586 32379 33497 
25331 36824 32582 33378 
28118 35852 32837 33174 
31277 34626 33091 32883 
35082 33008 33283 32513 
39592 30894 33433 32137 
44262 28278 33498 31784 
47473 25602 33456 31546 
47672 23602 33326 31453 
44392 22875 33134 31529 
38562 23576 32867 31709 
32269 25401 32597 32041 
27603 27770 32382 32498 
25582 29987 32154 32935 
25457 32078 32019 33392 
25365 34539 31945 33759 
24043 37979 31926 33991 
21910 42552 32034 34093 
20766 47452 32221 34024 
22827 50723 32449 33765 
28673 50472 32738 33442 
36723 45684 33017 33011 
44101 36879 33270 32518 
48197 26271 33495 32092 
47686 16863 33600 31669 
43243 11898 33564 31371 
37344 12743 33479 31261 
31948 18435 33262 31308 
28258 26615 32978 31498 
26422 34378 32683 31856 
26033 39585 32422 32321 
26794 41088 32185 32846 
28453 39509 32013 33296 
30648 36712 31946 33707 
32725 34481 31972 33965 
33968 33933 32091 34084 
34005 34929 32292 34034 
33264 36245 32511 33800 
32840 36364 32770 33436 
33525 34457 32972 33005 
35261 30951 33127 32541 
36990 27343 33204 32108 
37288 25591 33175 31759 
35250 27228 33098 31564 
