33152 33734 33337 31961 
33152 33734 33337 31961 
33316 33880 33595 31451 
33396 33859 33742 31104 
33396 33678 33751 30957 
33317 33388 33627 31028 
33172 33007 33374 31298 
32972 32586 33040 31774 
32716 32179 32622 32327 
32511 31910 32286 32971 
32311 31721 31979 33527 
32142 31670 31770 33951 
32102 31789 31741 34242 
32119 31992 31850 34310 
32227 32269 32059 34185 
32388 32592 32352 33869 
32572 32888 32642 33403 
32760 33142 32919 32880 
32932 33354 33147 32351 
33090 33505 33327 31891 
33147 33529 33391 31540 
33156 33445 33369 31373 
33077 33276 33250 31405 
32898 32996 33028 31564 
32732 32730 32826 31941 
32543 32410 32585 32377 
32414 32171 32397 32859 
32314 31979 32251 33284 
32314 31909 32195 33623 
32389 31955 32234 33805 
32554 32120 32375 33818 
32752 32382 32579 33656 
32942 32662 32776 33349 
33124 32990 33004 32986 
33164 33199 33098 32488 
33200 33429 33222 32110 
33109 33516 33206 31796 
32971 33517 33132 31632 
32759 33371 32953 31644 
32558 33144 32758 31832 
32353 32826 32530 32111 
32246 32516 32365 32527 
32213 32257 32260 32966 
32223 32018 32195 33314 
32312 31900 32205 33570 
32482 31947 32325 33722 
32680 32109 32513 33716 
32873 32369 32736 33553 
33038 32668 32936 33263 
33138 32947 33122 32914 
33181 33160 33223 32533 
33164 33327 33273 32206 
32853 33187 32951 31752 
32682 33003 32740 31781 
32510 32747 32485 31943 
32368 32497 32284 32219 
32280 32268 32147 32546 
32295 32179 32151 32921 
32322 32143 32244 33193 
32455 32275 32451 33398 
32647 32520 32752 33472 
32828 32793 33054 33379 
33003 33087 33306 33186 
33117 33311 33452 32889 
33158 33440 33480 32575 
33129 33441 33375 32328 
33017 33290 33124 32149 
32838 33019 32796 32080 
32641 32682 32438 32129 
32494 32374 32157 32349 
32375 32084 31945 32599 
32325 31927 31874 32875 
32355 31897 31931 33110 
32451 32014 32111 33267 
32582 32247 32391 33324 
32731 32558 32715 33251 
32870 32877 33039 33049 
32957 33138 33270 32752 
32996 33301 33414 32416 
33067 33461 33528 32201 
33015 33395 33449 31988 
32910 33224 33259 31914 
32788 33000 33019 32014 
32637 32708 32734 32246 
32487 32442 32459 32615 
32362 32221 32223 32999 
32229 32043 32007 33346 
32213 32062 31963 33660 
32270 32183 32013 33797 
32419 32433 32188 33768 
32592 32691 32416 33511 
32816 32974 32709 33136 
33034 33189 33003 32622 
33231 33328 33273 32115 
33353 33335 33461 31652 
33404 33247 33552 31369 
33352 33069 33506 31264 
33205 32809 33337 31366 
33014 32569 33091 31709 
32753 32340 32752 32183 
32490 32200 32434 32735 
32261 32167 32167 33312 
32084 32202 31974 33807 
31990 32337 31906 34132 
32002 32544 31975 34251 
32133 32778 32167 34159 
32307 32981 32392 33834 
32538 33134 32649 33358 
32777 33213 32890 32827 
32929 33112 33002 32209 
33043 32965 33081 31736 
33097 32759 33084 31445 
33078 32536 33031 31397 
33020 32364 32957 31558 
32915 32242 32853 31880 
32816 32226 32788 32287 
32757 32343 32786 32754 
32740 32543 32810 33149 
32754 32765 32865 33403 
32761 32943 32883 33442 
32796 33094 32922 33335 
32837 33214 32943 33104 
32814 33198 32867 32764 
32793 33137 32771 32461 
32739 32997 32635 32251 
32613 32801 32447 32150 
32493 32611 32284 32235 
32393 32463 32170 32471 
32299 32329 32092 32797 
32251 32280 32121 33143 
32265 32279 32208 33418 
32366 32368 32417 33614 
32539 32482 32661 33601 
32736 32615 32922 33404 
32960 32730 33169 33043 
33143 32824 33364 32588 
33295 32914 33497 32132 
33354 32947 33512 31735 
33328 32955 33418 31462 
33235 32977 33273 31437 
33048 32957 33019 31562 
32830 32932 32749 31882 
32628 32913 32503 32340 
32423 32858 32266 32818 
32228 32751 32054 33282 
32110 32661 31940 33709 
32033 32526 31906 33973 
32051 32408 31960 34059 
32154 32332 32117 33979 
32310 32280 32324 33716 
32547 32340 32611 33406 
32822 32452 32917 32986 
33058 32581 33185 32508 
33284 32760 33425 32069 
33447 32932 33607 31697 
33454 33039 33632 31458 
33400 33140 33582 31390 
33251 33174 33420 31468 
33032 33141 33164 31693 
32745 33045 32808 32024 
32476 32914 32464 32433 
32270 32756 32181 32867 
32129 32590 31962 33274 
32094 32445 31863 33610 
32159 32362 31899 33850 
32314 32327 32042 33945 
32520 32346 32261 33887 
32723 32422 32518 33688 
32911 32561 32780 33409 
33031 32712 33002 33041 
33088 32883 33165 32632 
33094 33036 33280 32248 
33011 33136 33313 31908 
32888 33126 33251 31649 
32740 33027 33129 31534 
32581 32864 32966 31577 
32450 32592 32737 31716 
32393 32371 32555 32033 
32433 32220 32427 32445 
32487 32105 32301 32864 
32589 32109 32259 33281 
32773 32293 32345 33696 
32922 32536 32468 33941 
33058 32867 32662 34011 
33136 33171 32847 33887 
33134 33429 33014 33561 
33059 33574 33137 33100 
32948 33608 33196 32586 
32778 33484 33177 32070 
32603 33228 33072 31641 
32384 32844 32862 31339 
32234 32447 32644 31264 
32173 32102 32458 31458 
32179 31820 32296 31810 
32288 31713 32218 32314 
32436 31744 32193 32859 
32653 31927 32279 33416 
32897 32254 32429 33876 
33134 32643 32645 34164 
33305 33043 32852 34227 
33374 33352 33025 34026 
33372 33580 33170 33663 
33280 33693 33264 33166 
33074 33608 33247 32546 
32880 33459 33209 31990 
32609 33155 33051 31493 
32360 32824 32857 31233 
32162 32463 32627 31172 
32034 32171 32425 31388 
31981 31925 32244 31791 
31996 31784 32097 32312 
32100 31775 32055 32892 
32296 31914 32119 33480 
32523 32139 32253 33923 
32839 32489 32528 34199 
33133 32862 32835 34231 
33372 33168 33108 33967 
33537 33432 33347 33527 
33610 33614 33521 32984 
33544 33625 33534 32342 
33418 33582 33461 31796 
33150 33379 33240 31369 
32836 33100 32924 31157 
32518 32782 32599 31211 
32249 32476 32316 31523 
32041 32212 32094 32034 
31903 32000 31956 32697 
31882 31886 31947 33463 
31965 31895 32029 34208 
32139 32019 32247 34677 
32381 32230 32511 34652 
32641 32480 32773 33979 
32892 32743 33016 32707 
33120 33025 33218 31256 
33282 33247 33343 30063 
33410 33428 33389 29608 
33420 33476 33296 30106 
33434 33489 33160 31511 
33355 33408 32930 33447 
33156 33190 32648 35279 
32860 32854 32404 36647 
32415 32335 32201 37214 
31878 31790 32082 36959 
31242 31496 32040 35942 
30754 31792 32168 34312 
30916 32395 32359 32215 
32415 32601 32656 30004 
35312 31564 32934 27856 
38493 29460 33182 26191 
39650 27919 33403 25454 
36466 29252 33501 25919 
28767 34971 33476 27675 
19497 43811 33330 30625 
13899 51762 33097 34207 
16077 54216 32800 37864 
26594 47962 32479 40951 
41824 33519 32273 42890 
56596 14632 32065 43090 
64328 548 32021 41454 
61677 3 32039 38184 
50513 0 32189 33806 
35184 14254 32361 28999 
20240 32260 32590 24694 
9366 49680 32796 21599 
3816 62168 32912 20349 
2521 65389 32963 21280 
4271 65446 33016 24220 
8906 65452 32999 28598 
17025 65455 32969 33700 
28925 55101 32932 38737 
43399 40849 32940 42720 
58122 22253 32959 44937 
65265 1807 33015 45124 
65463 172 33033 43217 
65512 49 33040 39626 
65535 0 33021 34772 
65535 0 32900 29717 
56745 13879 32738 25296 
36835 34060 32543 22320 
15825 55985 32334 21144 
501 65266 32103 21840 
13 65518 31956 24261 
0 65535 31915 28018 
8069 65535 31993 32336 
20169 65535 32188 36437 
36384 46517 32481 39716 
51051 23010 32836 41728 
61163 1138 33169 42192 
64129 91 33462 41041 
58772 16 33650 38664 
46600 0 33703 35560 
29874 3367 33614 32244 
11766 19002 33438 29301 
392 38043 33149 27118 
60 57823 32807 26007 
29 65308 32482 26071 
28 65515 32198 27156 
11070 65535 31967 28985 
25611 65535 31854 31217 
42036 64623 31811 33458 
57677 41224 31870 35314 
65293 18585 32026 36522 
65487 826 32313 37007 
65517 95 32597 36716 
65520 43 32903 35846 
65310 34 33186 34573 
47117 7519 33439 33168 
29747 16906 33605 31847 
15143 31802 33686 30937 
4859 46618 33643 30416 
334 58545 33499 30352 
78 64963 33258 30677 
5970 65479 32952 31296 
14587 58205 32661 32110 
24913 46454 32350 32841 
34428 32916 32118 33437 
41845 19789 31972 33794 
46184 9433 31926 33887 
47133 3238 31961 33731 
45111 1856 32073 33433 
41088 5384 32221 33029 
36472 13130 32411 32669 
32454 23962 32592 32408 
30059 35998 32744 32275 
29904 47359 32877 32298 
31805 55628 32957 32434 
34752 59314 33079 32701 
37343 58310 33180 32938 
38495 53424 33251 33098 
37880 46244 33340 33172 
35938 38039 33407 33091 
33682 30036 33419 32886 
31866 22561 33333 32567 
30612 16289 33219 32262 
29172 12226 32996 31989 
26678 11884 32683 31779 
23190 16152 32415 31810 
19726 24275 32135 31983 
18274 34106 31902 32302 
20574 42690 31770 32713 
26894 47465 31759 33172 
35858 47202 31873 33578 
44473 42640 32093 33884 
50553 35912 32411 34004 
52602 29494 32731 33903 
50455 25580 33054 33622 
44656 25175 33285 33154 
36815 28039 33504 32684 
28410 32526 33601 32178 
21315 36771 33605 31751 
17330 39147 33501 31458 
17618 38854 33250 31307 
22087 36293 32983 31423 
29025 32737 32707 31734 
35867 29773 32404 32172 
40147 28585 32193 32702 
40682 29169 32028 33267 
38116 30482 31946 33738 
34788 31095 32018 34115 
32705 30275 32203 34270 
32519 28358 32421 34161 
33221 26897 32701 33839 
32863 27779 32979 33333 
29975 31833 33172 32701 
25048 38528 33321 32046 
20275 45754 33368 31484 
18629 50724 33271 31079 
22341 51058 33138 30926 
31231 45563 32917 31041 
42748 35392 32711 31433 
53483 22899 32523 32042 
60215 11359 32383 32732 
60606 3654 32305 33431 
54282 2332 32285 34044 
43004 7863 32337 34430 
28942 19166 32416 34550 
14901 33999 32532 34409 
3455 49697 32696 34033 
122 62775 32805 33405 
43 65418 32926 32727 
6902 65497 33026 32070 
16552 65509 33090 31478 
30813 59976 33066 31070 
44760 45255 33023 30933 
56378 28466 32909 31046 
64287 11906 32773 31431 
65425 483 32588 31985 
65473 98 32435 32656 
65458 47 32309 33313 
53630 18 32252 33901 
38629 10311 32262 34251 
21005 26731 32398 34410 
3428 46222 32577 34254 
100 64026 32838 33833 
4 65459 33076 33249 
2 65535 33265 32568 
12762 65535 33408 31926 
28169 65529 33454 31438 
43155 47373 33357 31144 
54040 27021 33145 31125 
59549 8704 32832 31348 
59836 263 32475 31779 
55980 64 32180 32376 
48772 47 31901 32966 
39516 6630 31820 33558 
28697 15013 31829 33970 
17745 29364 32006 34154 
8326 44727 32288 34113 
2314 58807 32668 33867 
1380 65308 33050 33475 
5772 65484 33365 32955 
14908 65514 33593 32441 
27309 65523 33686 31982 
41156 50898 33614 31618 
53645 32393 33366 31444 
62974 13584 33047 31489 
65424 532 32622 31673 
65492 71 32226 32015 
59571 41 31891 32427 
48591 90 31728 32887 
36005 11885 31695 33290 
24066 24107 31929 33687 
14757 36562 32241 33875 
9233 47683 32647 33877 
7786 55932 33105 33761 
9489 60662 33446 33421 
13507 61557 33716 33043 
18931 58280 33809 32582 
25488 50623 33702 32111 
32238 40038 33436 31732 
38849 27734 33038 31466 
44686 15874 32622 31402 
48869 6728 32219 31533 
50722 1987 31901 31815 
50004 2344 31726 32223 
47087 7118 31736 32681 
42673 15017 31921 33170 
37387 24559 32203 33589 
31658 34706 32542 33909 
26006 44747 32862 34022 
21266 53643 33080 33934 
17831 61171 33195 33703 
16446 65293 33182 33352 
17748 65463 33109 32964 
21817 65282 32954 32522 
27848 52209 32823 32168 
34648 36678 32674 31846 
40556 20432 32648 31713 
44889 6423 32698 31715 
47164 221 32810 31828 
47200 73 32914 31956 
45028 78 33021 32148 
40766 6672 33080 32373 
34939 15535 33055 32597 
28738 25960 32968 32811 
23316 37434 32727 32925 
19902 49266 32519 33102 
18931 59762 32297 33229 
20346 65341 32110 33334 
23477 65485 32001 33415 
27689 65512 31996 33477 
32631 55595 32101 33460 
37949 40689 32278 33364 
43086 24500 32543 33231 
47070 9772 32849 33018 
48498 492 33074 32664 
46632 67 33298 32334 
41578 45 33477 32030 
34307 9677 33498 31713 
26744 22538 33428 31510 
20684 37059 33310 31479 
17571 49546 33067 31577 
17592 57801 32792 31839 
20261 60447 32522 32233 
24707 57558 32287 32757 
30120 50171 32070 33266 
35482 40438 31923 33722 
40117 30554 31946 34095 
43372 21765 32086 34274 
44762 14907 32266 34175 
44142 10609 32550 33876 
41587 9534 32815 33363 
37746 12266 33063 32760 
33321 19020 33260 32127 
29054 29281 33403 31560 
25503 41371 33426 31164 
23172 53004 33359 30997 
22583 61004 33213 31096 
23908 62479 32985 31439 
26998 57110 32737 31979 
31325 45968 32482 32610 
35979 31662 32261 33250 
39910 17604 32143 33860 
41993 7558 32072 34230 
41716 3915 32114 34381 
39187 6752 32214 34247 
35129 14783 32379 33869 
30629 25669 32620 33347 
26752 36853 32830 32698 
24725 45816 33013 32072 
24898 51362 33121 31545 
27054 52997 33163 31257 
30418 51123 33177 31273 
33856 46365 33026 31461 
36616 39834 32871 31934 
38046 32846 32695 32478 
38359 26062 32561 33067 
37780 20248 32460 33545 
36635 16431 32457 33871 
35001 15569 32500 33936 
32994 18345 32601 33725 
30854 24204 32731 33349 
28882 31808 32874 32864 
27532 39115 32938 32291 
27355 44381 33014 31859 
28419 46304 32959 31523 
30522 44834 32871 31468 
32889 41122 32729 31655 
34783 36689 32564 32041 
35656 32874 32427 32554 
35431 30190 32306 33102 
34494 28645 32260 33611 
33369 27780 32298 33947 
32419 27328 32403 34050 
31731 27439 32558 33904 
31412 28530 32764 33557 
31542 30745 32976 33075 
32287 33541 33152 32503 
33641 35934 33274 31966 
35364 36761 33328 31534 
36860 35340 33270 31301 
37421 31860 33115 31295 
36634 27980 32908 31540 
34534 25360 32613 31942 
31671 25613 32327 32468 
28745 29116 32091 33023 
26303 35028 31907 33518 
24890 41115 31893 33930 
24603 45225 32044 34162 
25492 45726 32249 34117 
27844 42403 32587 33883 
31770 36210 32962 33479 
36722 29297 33257 32906 
41759 23771 33515 32326 
45405 21029 33655 31814 
46296 21307 33630 31410 
43890 23943 33422 31201 
38850 27586 33120 31233 
32609 31277 32757 31481 
26743 34459 32404 31914 
22370 37122 32118 32486 
20355 39228 31909 33014 
20577 40794 31864 33502 
22596 41497 31950 33849 
25903 40857 32167 34037 
29822 38468 32429 34010 
34018 34448 32712 33781 
38022 29639 32966 33397 
41514 25299 33140 32946 
44240 22468 33248 32480 
45604 21866 33277 32075 
44941 23514 33238 31782 
41722 26996 33100 31615 
36193 31255 32924 31618 
29368 35537 32721 31805 
22858 39196 32521 32076 
18514 41936 32366 32459 
17502 43496 32249 32850 
19950 43514 32194 33209 
24651 41723 32253 33513 
30019 37883 32377 33676 
34704 32264 32543 33678 
38350 25950 32790 33586 
41103 20249 32973 33266 
43361 17015 33125 32867 
44807 17399 33243 32435 
44686 21208 33278 32035 
42160 27460 33235 31728 
37083 34528 33098 31541 
30171 41017 32871 31533 
23832 45411 32636 31724 
19924 47218 32414 32058 
19373 46587 32270 32510 
21814 43823 32150 32962 
25997 39660 32124 33400 
30433 34770 32171 33717 
33995 30046 32348 33949 
36181 26282 32560 33963 
37391 23590 32736 33763 
38117 22164 32873 33444 
38489 22017 32969 33024 
38406 23153 32996 32581 
37735 25505 32968 32185 
36596 28478 32888 31881 
35271 31626 32815 31733 
33893 34465 32752 31719 
32432 36667 32709 31807 
30836 38478 32772 32026 
29120 40000 32850 32271 
27772 41330 32953 32519 
27331 42099 33015 32697 
28228 41654 33057 32866 
30109 39403 33009 32958 
32149 35299 32903 33013 
33230 30320 32736 33055 
32950 26189 32553 33099 
31811 24199 32337 33141 
30873 24877 32122 33146 
31298 27539 31975 33147 
33534 30620 31964 33180 
36773 31956 32034 33131 
39707 30864 32242 33069 
41130 28061 32486 32910 
40336 25532 32810 32721 
37343 25482 33096 32457 
32837 29279 33396 32225 
28153 36087 33562 31988 
24453 43662 33625 31825 
22726 49260 33575 31764 
23324 50675 33394 31796 
26050 47260 33138 31933 
29996 40120 32840 32182 
34055 31884 32532 32509 
37384 24780 32287 32893 
39346 20297 32036 33215 
39912 18854 31886 33518 
39214 19831 31808 33735 
37693 22078 31845 33839 
35637 24813 31986 33817 
33223 27692 32166 33636 
30828 30906 32451 33417 
28759 34804 32786 33090 
27308 39251 33074 32658 
26882 43494 33368 32263 
27468 46453 33606 31897 
29111 46936 33715 31599 
31661 44270 33703 31420 
34827 38603 33566 31398 
37828 31389 33336 31526 
39860 24402 33013 31783 
40175 19592 32666 32154 
38414 18146 32338 32605 
34771 20371 32052 33061 
30256 25550 31859 33485 
26186 32165 31771 33809 
23576 38720 31840 34010 
22921 43718 31969 34008 
24471 46105 32200 33869 
28025 45135 32506 33595 
32930 40766 32779 33190 
38187 34240 33060 32792 
42571 27056 33262 32344 
44929 21152 33418 31969 
44411 18027 33458 31683 
40961 18394 33394 31547 
35536 22065 33212 31528 
29802 28007 32994 31699 
24984 34962 32720 31981 
22034 41666 32468 32357 
21348 46705 32255 32769 
23055 48959 32128 33166 
26908 47708 32109 33526 
31982 43179 32196 33728 
37197 36373 32365 33777 
41254 28865 32613 33671 
42851 22304 32845 33402 
41508 18023 33062 32979 
37903 16867 33205 32528 
33606 18578 33277 32116 
30127 22520 33236 31771 
28241 27918 33099 31585 
27613 34328 32912 31622 
27277 40829 32672 31833 
26600 46834 32466 32190 
25850 51286 32289 32639 
26231 52985 32221 33125 
28969 50549 32179 33518 
34395 43610 32248 33805 
41336 32677 32429 33919 
47516 19843 32617 33825 
50382 8242 32789 33508 
48351 1478 32943 33024 
41659 2248 33066 32493 
32099 10733 33142 31981 
22511 24717 33150 31546 
15623 40449 33095 31322 
13109 54113 32974 31344 
15093 61998 32765 31521 
20371 63283 32633 32026 
26916 58942 32457 32574 
33259 51147 32310 33168 
38445 41863 32210 33724 
42198 32558 32232 34145 
44683 23767 32349 34351 
46158 15363 32545 34300 
46413 7949 32755 33956 
45083 3143 32986 33434 
41699 2797 33164 32731 
36501 8588 33344 32041 
30552 19511 33381 31403 
24970 33468 33340 30991 
20885 47445 33198 30831 
19027 58279 32964 30933 
19487 63794 32678 31335 
21857 63114 32464 31999 
25238 57424 32241 32702 
29174 48317 32072 33364 
33318 37748 32034 33997 
37196 27255 32085 34377 
40340 18297 32247 34540 
41901 12345 32413 34390 
41635 10353 32629 34040 
39762 12223 32775 33459 
37256 17398 32919 32885 
35064 24316 32956 32244 
34016 31406 33010 31761 
34045 36990 33019 31462 
34289 40141 32996 31366 
33787 41184 32983 31481 
31903 40826 32962 31740 
28935 39954 32984 32104 
25788 39110 33012 32490 
23689 38458 32969 32800 
23353 37918 32927 33032 
24614 37286 32865 33163 
26739 36401 32721 33140 
29278 35281 32604 33075 
32249 33870 32464 32972 
35868 32014 32330 32849 
40055 29777 32253 32810 
43955 27227 32176 32779 
46204 24901 32170 32824 
45481 23409 32227 32906 
41536 23255 32348 33014 
35829 24454 32548 33107 
30418 26486 32783 33144 
27053 28703 33009 33034 
26108 30782 33184 32844 
26455 32921 33330 32592 
26339 35610 33378 32309 
24899 39343 33337 32073 
22935 43898 33168 31890 
22434 48167 32913 31821 
25158 50399 32679 31947 
31261 48789 32410 32177 
38707 42847 32255 32526 
44705 33565 32166 32899 
47066 23367 32175 33228 
45290 15459 32315 33493 
40418 12201 32544 33608 
34701 14554 32793 33575 
30082 21085 33022 33351 
27272 29216 33178 33021 
26189 36263 33233 32637 
26506 40340 33217 32301 
27892 40952 33076 32024 
29991 38955 32832 31881 
32356 36157 32588 31913 
34175 34155 32372 32124 
34741 33758 32179 32405 
34069 34725 32117 32800 
32851 35741 32159 33154 
32285 35548 32322 33444 
33005 33558 32546 33587 
34743 30345 32809 33569 
36306 27382 33028 33352 
36357 26521 33191 33024 
34212 28927 33283 32603 
