32587 33368 32576 33165 
32587 33368 32576 33165 
32827 33696 32918 32756 
33045 33834 33230 32285 
33269 33803 33531 31860 
33400 33597 33717 31520 
33432 33276 33764 31309 
33377 32908 33687 31267 
33267 32568 33518 31441 
33056 32250 33194 31740 
32823 32040 32815 32148 
32607 32001 32461 32670 
32434 32062 32138 33194 
32281 32198 31842 33621 
32207 32417 31714 33945 
32193 32621 31722 34074 
32233 32799 31851 34028 
32299 32882 32053 33786 
32346 32831 32279 33384 
32439 32746 32575 32987 
32512 32600 32833 32593 
32587 32445 33043 32231 
32688 32352 33205 31991 
32779 32352 33305 31868 
32930 32497 33402 31902 
33067 32717 33411 32015 
33208 33029 33390 32206 
33297 33339 33320 32373 
33321 33611 33190 32521 
33293 33778 33060 32648 
33184 33777 32878 32677 
33010 33613 32662 32662 
32824 33327 32479 32678 
32554 32842 32244 32639 
32322 32338 32067 32670 
32159 31864 31969 32784 
31997 31396 31862 32876 
31974 31172 31899 33078 
32030 31136 32030 33277 
32180 31338 32245 33452 
32375 31724 32509 33524 
32620 32273 32795 33495 
32885 32927 33109 33349 
33077 33515 33356 33044 
33217 34004 33520 32690 
33312 34321 33632 32309 
33333 34404 33628 31967 
33253 34224 33515 31680 
33108 33804 33275 31513 
32983 33297 33034 31523 
32818 32703 32718 31675 
32663 32144 32409 31960 
32500 31648 32108 32307 
32360 31331 31873 32730 
32259 31244 31729 33190 
32156 31323 31697 33563 
32144 31608 31814 33880 
32153 32000 32018 34016 
32267 32483 32352 34037 
32418 32942 32704 33849 
32625 33340 33060 33506 
32862 33637 33390 33057 
33089 33806 33646 32541 
33316 33841 33826 32091 
33457 33702 33832 31654 
33476 33479 33679 31380 
33411 33190 33416 31276 
33222 32843 33029 31316 
33010 32569 32656 31601 
32767 32358 32289 32027 
32501 32206 31987 32522 
32234 32100 31765 33014 
32041 32065 31696 33461 
31961 32104 31798 33827 
32010 32203 32027 34001 
32122 32283 32312 34009 
32298 32371 32622 33826 
32526 32477 32893 33548 
32736 32553 33087 33171 
32910 32619 33177 32769 
33048 32712 33187 32394 
33136 32835 33138 32131 
33154 32953 33039 31937 
33127 33103 32935 31864 
33064 33257 32863 31881 
32996 33392 32832 31982 
32910 33481 32852 32119 
32858 33512 32925 32282 
32784 33419 32974 32429 
32706 33230 33003 32555 
32624 32941 32977 32665 
32539 32578 32864 32759 
32456 32215 32687 32865 
32409 31888 32470 32994 
32343 31639 32208 33100 
32324 31534 32006 33225 
32372 31611 31905 33371 
32422 31800 31883 33426 
32522 32110 32000 33443 
32657 32516 32256 33382 
32825 32978 32621 33273 
32901 33320 32925 32964 
33015 33631 33255 32661 
33123 33863 33544 32347 
33179 33905 33699 32024 
33192 33777 33702 31754 
33154 33552 33578 31598 
33061 33210 33358 31567 
32922 32806 33053 31674 
32735 32384 32691 31913 
32559 32044 32377 32276 
32373 31779 32110 32684 
32171 31604 31878 33081 
32037 31593 31749 33458 
31995 31743 31775 33790 
32057 32017 31904 33990 
32192 32325 32133 34019 
32424 32710 32459 33922 
32700 33062 32824 33660 
32938 33310 33126 33207 
33203 33538 33421 32766 
33424 33674 33642 32320 
33555 33681 33733 31884 
33582 33587 33674 31545 
33471 33385 33483 31364 
33263 33127 33201 31326 
32965 32812 32849 31438 
32643 32513 32500 31717 
32353 32272 32228 32155 
32093 32071 31983 32588 
31949 31968 31853 33043 
31893 31911 31814 33438 
32003 32006 31940 33785 
32192 32143 32154 33963 
32459 32353 32451 34009 
32750 32569 32764 33903 
32996 32778 33049 33646 
33162 32937 33244 33280 
33252 33051 33356 32856 
33239 33134 33360 32449 
33114 33129 33235 32065 
32917 33059 33008 31776 
32695 32968 32748 31620 
32503 32884 32513 31665 
32379 32811 32355 31851 
32352 32768 32304 32131 
32414 32759 32366 32478 
32558 32797 32538 32828 
32714 32806 32738 33081 
32889 32834 32961 33269 
33006 32826 33126 33283 
33116 32817 33247 33234 
33100 32710 33215 33036 
33039 32609 33118 32830 
32866 32426 32869 32565 
32693 32275 32608 32387 
32518 32180 32344 32315 
32360 32124 32112 32313 
32251 32163 31967 32439 
32278 32351 31991 32685 
32349 32595 32095 32937 
32486 32869 32326 33202 
32635 33138 32600 33370 
32819 33367 32907 33446 
33005 33541 33217 33413 
33125 33567 33418 33203 
33177 33452 33517 32867 
33167 33238 33510 32460 
33100 32974 33415 32075 
32986 32655 33219 31744 
32801 32309 32926 31535 
32590 32011 32598 31532 
32405 31828 32299 31732 
32133 31807 31882 32571 
32165 32032 31882 33170 
32228 32323 31964 33680 
32403 32711 32210 34084 
32625 33106 32499 34250 
32859 33443 32826 34155 
33082 33686 33136 33812 
33285 33796 33412 33285 
33425 33782 33610 32682 
33409 33562 33617 32013 
33347 33279 33558 31476 
33131 32840 33305 31076 
32890 32426 33022 30982 
32623 32052 32690 31173 
32398 31792 32382 31626 
32199 31650 32119 32222 
32099 31696 31964 32893 
32085 31887 31901 33517 
32200 32233 32006 34067 
32371 32641 32192 34362 
32563 33015 32422 34359 
32762 33332 32657 34119 
32904 33529 32865 33683 
32971 33518 32986 33109 
32974 33383 33062 32535 
32964 33163 33114 32087 
32867 32845 33072 31715 
32750 32499 32981 31529 
32705 32276 32941 31569 
32691 32150 32910 31751 
32731 32156 32899 32022 
32800 32268 32904 32323 
32884 32487 32919 32610 
32946 32740 32929 32831 
32958 32964 32895 32964 
32935 33153 32842 33028 
32886 33276 32767 33061 
32773 33269 32615 33027 
32635 33170 32460 33002 
32491 32966 32288 32971 
32386 32754 32172 32990 
32309 32516 32095 33033 
32299 32341 32128 33108 
32317 32195 32212 33129 
32422 32163 32400 33135 
32544 32224 32639 33077 
32727 32377 32912 32952 
32876 32559 33151 32722 
33059 32812 33387 32506 
33156 32971 33483 32220 
33222 33092 33522 32000 
33232 33138 33466 31831 
33192 33117 33321 31782 
33075 32993 33072 31847 
32935 32848 32803 32087 
32772 32704 32520 32543 
32622 32606 32271 33132 
32429 32486 32028 33593 
32228 32388 31839 33737 
32082 32373 31792 33456 
31965 32365 31819 32704 
31955 32446 31993 31832 
32046 32577 32273 31177 
32237 32744 32612 31183 
32560 32961 32979 31968 
32967 33188 33323 33285 
33398 33416 33619 34814 
33745 33539 33815 36041 
33886 33437 33875 36594 
33724 33048 33769 36279 
33258 32506 33504 35212 
32556 32179 33187 33656 
31759 32287 32769 31730 
31587 32619 32363 29748 
32805 32305 32006 27916 
35412 30735 31774 26594 
38101 28282 31655 25958 
38447 26813 31695 26317 
34324 28828 31868 27843 
25992 35485 32112 30456 
17009 44851 32401 33777 
12374 52840 32690 37348 
16130 54657 32939 40584 
28457 47108 33131 42884 
44573 31422 33241 43638 
59104 12416 33303 42662 
65352 376 33308 39932 
65273 0 33261 35766 
50498 0 33220 30753 
34622 16285 33186 25867 
19620 34634 33145 21868 
9048 51597 33070 19433 
3699 63615 33006 19108 
2250 65418 32872 20988 
3843 65447 32703 24783 
8504 65457 32538 29931 
16898 65485 32305 35476 
29047 56316 32092 40666 
43943 40740 31908 44625 
58944 20956 31832 46679 
65295 1111 31858 46563 
65472 152 31956 44289 
65521 40 32182 40207 
65535 0 32510 35048 
65535 0 32833 29706 
55060 14327 33183 25042 
35364 34868 33498 21717 
13941 57619 33719 20188 
356 65320 33825 20718 
0 65528 33800 23039 
0 65535 33658 26663 
7154 65535 33380 30947 
22725 65535 33058 35269 
39609 44706 32662 38844 
54013 20717 32285 41138 
63148 800 31945 41983 
63899 80 31657 41383 
57892 10 31535 39565 
44377 0 31531 36952 
26797 4904 31660 33993 
8289 19910 31947 31218 
234 39743 32334 29008 
47 59892 32793 27671 
24 65362 33211 27258 
41 65524 33608 27742 
13260 65535 33908 28862 
28786 65535 34045 30361 
45224 62674 34033 31887 
60413 39755 33811 33188 
65364 17125 33471 34138 
65498 598 33036 34571 
65524 79 32562 34593 
65520 39 32110 34267 
61980 31 31746 33747 
43810 5750 31541 33244 
26488 17661 31518 32878 
12112 32866 31677 32711 
2521 47877 31943 32748 
118 59810 32287 32962 
69 65327 32641 33253 
6365 65496 32955 33519 
15617 58559 33190 33690 
25980 46667 33322 33657 
35634 32544 33360 33432 
43145 18606 33314 33006 
47182 7876 33224 32455 
47781 1530 33125 31887 
45533 118 33006 31343 
41481 3923 32909 30964 
36781 12367 32850 30794 
32807 24182 32821 30875 
30649 36986 32810 31203 
30648 48696 32753 31679 
32572 57192 32729 32357 
35361 61005 32617 33017 
37469 59610 32486 33625 
37898 54230 32320 34123 
36560 46475 32187 34456 
34145 37770 32092 34570 
31697 28834 32078 34499 
30048 20526 32145 34230 
29120 13858 32308 33818 
28097 10037 32569 33343 
26023 10412 32832 32806 
22874 15858 33101 32266 
20073 25389 33383 31819 
19655 36097 33544 31443 
23115 44901 33623 31239 
30305 49273 33604 31173 
39371 48232 33435 31213 
47546 42786 33235 31432 
52324 35294 32950 31764 
52610 28645 32626 32150 
48791 24861 32333 32603 
41845 24720 32044 33042 
33038 27720 31780 33449 
24407 32269 31680 33852 
18005 36260 31704 34128 
15281 38261 31816 34223 
17193 37825 32092 34235 
23271 35354 32436 34067 
31431 32312 32850 33741 
38554 30287 33241 33296 
42496 30045 33586 32771 
42423 31205 33855 32209 
39439 32476 33975 31676 
35716 32446 33929 31266 
33399 30617 33739 31019 
32830 27828 33381 30939 
32779 25954 32953 31094 
31345 26867 32483 31444 
27485 31529 32085 32021 
22154 38679 31768 32627 
17922 45925 31585 33239 
17715 50409 31543 33748 
23328 49928 31712 34168 
33895 43575 31973 34355 
46074 32947 32330 34347 
56541 20578 32634 34096 
62086 9806 32927 33690 
60700 3441 33129 33204 
52614 3631 33214 32662 
40045 10623 33289 32263 
25335 22939 33265 31907 
11338 38115 33182 31681 
1046 53156 33127 31653 
73 64736 33097 31760 
36 65457 33075 31910 
7427 65504 33068 32106 
20076 65509 33042 32304 
34808 56497 32992 32466 
48695 40870 32872 32587 
59507 23837 32724 32686 
65238 7502 32535 32788 
65451 259 32285 32844 
65481 80 32045 32933 
62331 36 31842 33080 
49157 25 31752 33259 
33103 14079 31816 33451 
15092 31712 31980 33598 
668 51198 32248 33665 
50 65029 32611 33619 
0 65497 33011 33463 
209 65535 33354 33134 
16885 65535 33660 32738 
33026 65300 33847 32275 
47466 43086 33883 31837 
57017 22542 33751 31463 
60872 4687 33491 31252 
59630 156 33148 31230 
54370 54 32723 31371 
46235 45 32374 31771 
36182 6012 32059 32268 
24965 18009 31796 32802 
13993 32965 31656 33322 
5110 48431 31641 33798 
439 62026 31819 34173 
74 65399 32036 34318 
7031 65499 32351 34298 
17650 65521 32692 34046 
30867 65465 32986 33597 
45058 47462 33269 33053 
57319 28103 33492 32469 
65050 9282 33638 31936 
65468 271 33652 31445 
65496 54 33575 31143 
57908 37 33417 31026 
48146 6577 33220 31173 
35054 14621 32919 31469 
22859 27283 32649 31971 
13631 39671 32371 32547 
8245 50281 32160 33151 
6903 57526 31996 33646 
8726 61171 31942 34044 
12801 60811 31986 34245 
18316 56333 32077 34206 
24855 47785 32234 33946 
31887 36173 32371 33508 
38705 23649 32535 33016 
44647 12177 32675 32518 
48916 4043 32812 32118 
50809 670 32893 31799 
50144 2614 32977 31659 
47289 8798 33037 31696 
42919 17829 33153 31901 
37421 28505 33273 32179 
31501 39262 33361 32465 
25980 49036 33420 32709 
21258 57712 33468 32916 
17959 64400 33346 32951 
16971 65424 33183 32951 
18821 65488 32898 32873 
23226 65226 32556 32741 
29297 50342 32226 32688 
35625 34098 31879 32632 
41161 16818 31655 32675 
44785 2914 31537 32783 
46409 122 31604 32967 
45889 68 31787 33118 
43311 82 32123 33281 
38739 7804 32536 33384 
32948 16838 32958 33365 
26862 27497 33302 33179 
21904 39189 33598 32935 
19118 51055 33767 32591 
19015 60942 33806 32225 
21225 65367 33734 31909 
24975 65491 33489 31635 
29654 65370 33166 31497 
35014 51109 32801 31557 
40350 35890 32415 31759 
45211 19952 32112 32157 
48468 6420 31828 32602 
49055 217 31739 33170 
45974 50 31742 33676 
39799 566 31926 34058 
31838 13753 32231 34275 
24045 27751 32552 34222 
18270 42481 32925 33963 
15773 54479 33191 33447 
16687 61206 33401 32850 
20238 61850 33512 32216 
25409 56882 33471 31598 
31561 47654 33344 31157 
37388 36735 33107 30947 
42096 26317 32842 30997 
45167 17549 32602 31319 
46155 11245 32402 31848 
44857 7911 32241 32472 
41645 8208 32177 33145 
37147 12526 32161 33716 
32250 20964 32247 34157 
27721 32534 32372 34356 
24173 45558 32585 34331 
22115 56968 32746 34009 
21946 63530 32896 33521 
23717 63260 32969 32908 
27249 56077 33004 32312 
31988 43082 32947 31777 
36788 27667 32833 31414 
40474 14015 32725 31330 
42163 5151 32615 31479 
41473 2962 32539 31828 
38519 7497 32528 32285 
34191 17104 32598 32809 
29694 28750 32662 33216 
26309 40001 32837 33556 
24880 48608 32999 33673 
25711 53386 33131 33577 
28425 54011 33212 33300 
31957 50944 33199 32895 
35285 45359 33107 32468 
37625 38321 32927 32076 
38637 30663 32646 31797 
38473 23619 32397 31756 
37395 17849 32161 31877 
35738 14420 31970 32174 
33654 14373 31907 32604 
31396 18111 31976 33092 
29113 24855 32124 33518 
27312 33164 32396 33826 
26423 40836 32716 33942 
26884 46073 33047 33847 
28684 47623 33300 33503 
31385 45837 33477 33051 
34187 41886 33549 32517 
36281 37360 33529 32015 
37137 33320 33374 31536 
36779 30574 33141 31285 
35631 28782 32898 31265 
34155 27477 32598 31430 
32756 26578 32325 31794 
31576 26385 32116 32291 
30762 27328 31952 32825 
30505 29512 31869 33343 
31063 32369 31926 33831 
32403 34749 32050 34127 
34194 35454 32264 34237 
35764 34029 32540 34154 
36495 31000 32844 33864 
35971 27826 33113 33397 
34236 26323 33347 32832 
31853 27927 33511 32259 
29547 32540 33613 31755 
27708 38739 33563 31326 
26596 44323 33411 31083 
26336 47237 33177 31042 
27078 46068 32912 31233 
29139 41084 32622 31630 
32628 33744 32353 32158 
37209 26125 32110 32747 
41757 20652 31965 33338 
44609 18519 31897 33823 
44698 19618 31947 34155 
41710 22958 32066 34275 
36299 27434 32253 34189 
30149 31862 32486 33900 
24956 35614 32709 33497 
21668 38707 32897 33020 
20613 41077 33000 32506 
21651 42700 33078 32072 
24259 43042 33123 31784 
27731 41653 33125 31626 
31571 38442 33088 31638 
35471 33831 33067 31785 
39210 28639 33045 31994 
42404 24267 33008 32202 
44797 21703 32993 32438 
45751 21504 32981 32649 
44520 23553 32904 32785 
40680 27347 32806 32879 
34482 31891 32636 32917 
27381 36235 32466 32972 
21002 39873 32270 33008 
17257 42500 32120 33062 
17092 43762 32001 33115 
20382 43336 31969 33186 
25610 40883 32026 33233 
31195 36374 32201 33280 
35918 30303 32448 33257 
39419 23752 32719 33128 
42055 18635 33013 32953 
44061 16520 33244 32675 
45236 18080 33436 32415 
44678 22962 33549 32145 
41546 29930 33537 31905 
35745 37347 33432 31729 
28741 43320 33170 31615 
22540 47070 32919 31696 
19014 48111 32632 31905 
19053 46478 32369 32213 
22214 42661 32118 32594 
26823 37649 31969 33018 
31310 32262 31882 33402 
34713 27448 31946 33761 
36796 23740 32088 33977 
37971 21681 32349 34035 
38675 21216 32637 33920 
38986 22253 32931 33621 
38742 24578 33199 33182 
37826 27853 33404 32671 
36466 31352 33526 32153 
34895 34510 33486 31649 
33364 36851 33333 31314 
31859 38332 33120 31182 
30213 39107 32822 31252 
28515 39662 32566 31560 
27181 40089 32346 32040 
26883 40059 32197 32582 
27999 38923 32092 33115 
30155 36324 32099 33585 
32345 32405 32166 33893 
33588 28287 32350 34060 
33352 25342 32570 33996 
32133 24904 32729 33696 
31297 27132 32912 33341 
31906 30770 33056 32885 
34209 33887 33158 32461 
37534 34620 33197 32077 
40398 32357 33145 31799 
41564 28278 33052 31682 
40301 24684 32877 31733 
36768 24018 32658 31879 
31814 27700 32492 32223 
26878 34644 32350 32564 
23179 42445 32268 32926 
21667 48181 32267 33236 
22638 49665 32336 33440 
25685 46422 32483 33518 
29924 39850 32695 33455 
34307 32203 32925 33261 
37973 25658 33098 32944 
40223 21879 33222 32573 
41044 20824 33301 32276 
40504 21642 33246 32001 
38964 23340 33102 31870 
36634 25301 32880 31859 
33939 27375 32638 32006 
31212 29989 32437 32310 
28791 33422 32280 32655 
27004 37738 32187 33013 
26065 42260 32146 33291 
26296 45638 32261 33568 
27691 46581 32439 33671 
30165 44291 32595 33606 
33490 38918 32791 33430 
36847 31863 32932 33134 
39326 24992 33026 32765 
40082 20195 33055 32382 
38680 18769 33071 32069 
35345 20974 33006 31805 
31079 26063 32899 31671 
27228 32459 32786 31729 
24678 38736 32639 31908 
24072 43523 32544 32230 
25545 45641 32461 32609 
28932 44332 32407 32998 
33545 39908 32413 33359 
38470 33408 32484 33640 
42443 26498 32599 33767 
44338 20996 32794 33777 
43177 18399 32925 33526 
39336 19272 33040 33188 
33911 23193 33129 32760 
28420 29179 33165 32307 
24044 36128 33100 31908 
21748 42395 32961 31616 
21755 46900 32777 31507 
23968 48624 32581 31608 
28080 46905 32386 31865 
33340 42004 32250 32258 
38509 35127 32194 32736 
42212 27741 32201 33177 
43359 21589 32296 33574 
41519 17835 32468 33842 
37522 17120 32654 33890 
32999 19097 32847 33771 
29503 23165 33018 33511 
27644 28615 33128 33097 
27000 35034 33222 32662 
26563 41598 33230 32222 
25777 47625 33180 31841 
25105 51961 33045 31584 
25870 53243 32832 31504 
29367 50099 32616 31618 
35588 42274 32411 31910 
43040 30659 32271 32332 
49176 17514 32173 32801 
51419 6094 32120 33254 
48232 560 32188 33660 
40465 2921 32356 33920 
30282 12911 32589 33989 
20692 27821 32860 33869 
14300 43845 33092 33503 
12785 56690 33284 33020 
15742 63265 33417 32484 
21499 63100 33442 31966 
28168 57792 33334 31533 
34405 49307 33132 31281 
39265 40090 32895 31263 
42806 30920 32613 31487 
45225 21956 32348 31888 
46610 13346 32148 32417 
46636 5879 32035 32996 
44785 1629 31991 33521 
40895 2400 32067 33923 
35343 9157 32232 34135 
28969 21429 32473 34124 
23264 36766 32746 33909 
19687 50761 32983 33492 
18554 60991 33171 32988 
19763 65264 33317 32458 
22624 64266 33398 31973 
26450 56799 33342 31583 
30568 47038 33238 31411 
34662 35860 33016 31401 
38345 25037 32752 31599 
41067 16017 32486 31987 
42095 10456 32248 32451 
41263 8987 32067 32921 
39021 11609 31995 33379 
36317 17569 32032 33710 
34346 25124 32195 33887 
33721 32327 32465 33876 
34112 37818 32794 33672 
34475 41053 33074 33282 
33821 42362 33321 32815 
31702 42427 33494 32362 
28522 41943 33524 31945 
25413 41250 33423 31643 
23515 40346 33216 31540 
23380 39016 32932 31621 
24723 37282 32611 31855 
26881 35243 32333 32220 
29416 33118 32098 32640 
32496 30998 31971 33084 
36366 28891 31949 33454 
40725 26801 32058 33711 
44637 24813 32233 33783 
46542 23350 32484 33685 
45247 23027 32802 33488 
40865 24036 33029 33115 
35079 26251 33239 32740 
29931 28946 33325 32339 
27016 31552 33318 32033 
26348 33607 33181 31831 
26452 35394 32968 31792 
25690 37637 32698 31882 
23743 40945 32512 32164 
21701 44951 32329 32479 
22016 48467 32286 32858 
26003 49352 32340 33158 
33039 46318 32486 33352 
40804 39201 32716 33434 
46358 29344 32958 33347 
47740 19445 33161 33127 
44835 12984 33268 32823 
39456 11751 33280 32489 
33785 15831 33195 32233 
29390 23533 32964 32045 
26914 31995 32655 32007 
26143 38375 32391 32161 
26471 41272 32097 32360 
27741 40856 31925 32652 
29808 38416 31910 33023 
32058 35787 32004 33300 
33758 34593 32230 33508 
34340 35039 32541 33560 
33926 36369 32902 33484 
33259 37008 33204 33255 
33357 35814 33428 32903 
34618 32690 33568 32549 
36391 28682 33598 32200 
37346 25613 33474 31874 
36294 25360 33244 31697 
