32784 33438 33152 33110 
32784 33438 33152 33110 
33027 33739 33332 32816 
33202 33850 33418 32446 
33312 33763 33404 32125 
33301 33478 33256 31847 
33187 33049 33040 31702 
33009 32560 32777 31714 
32791 32097 32519 31867 
32582 31759 32318 32147 
32402 31584 32171 32521 
32263 31590 32073 32895 
32199 31784 32049 33263 
32261 32137 32156 33595 
32379 32590 32333 33806 
32574 33083 32582 33880 
32734 33460 32778 33712 
32897 33718 32986 33442 
33020 33805 33170 33089 
33089 33690 33270 32665 
33069 33395 33282 32244 
32964 32981 33184 31884 
32792 32507 32982 31644 
32632 32113 32793 31617 
32483 31824 32590 31769 
32386 31700 32435 32052 
32339 31762 32348 32398 
32424 32027 32396 32817 
32529 32373 32502 33168 
32659 32783 32642 33402 
32839 33201 32826 33527 
32999 33523 32987 33461 
33122 33699 33076 33273 
33185 33722 33075 32968 
33180 33563 32989 32643 
33133 33292 32870 32376 
32941 32843 32614 32112 
32741 32404 32401 32019 
32549 32034 32259 32112 
32354 31749 32165 32289 
32227 31645 32197 32579 
32152 31731 32323 32888 
32129 31959 32499 33143 
32243 32338 32770 33365 
32400 32767 33013 33450 
32593 33173 33201 33383 
32793 33504 33316 33170 
32991 33705 33342 32879 
33177 33752 33281 32535 
33292 33642 33144 32212 
33320 33335 32928 31900 
33285 32992 32721 31753 
33166 32590 32499 31750 
32999 32228 32332 31922 
32744 31889 32171 32188 
32498 31721 32110 32589 
32252 31704 32078 33019 
32062 31809 32128 33421 
31988 32087 32288 33806 
32027 32447 32497 34006 
32131 32795 32719 33980 
32341 33138 32948 33776 
32552 33369 33115 33330 
32893 33586 33353 32866 
33149 33622 33449 32291 
33413 33587 33519 31779 
33522 33387 33437 31322 
33540 33144 33294 31079 
33429 32841 33055 31069 
33252 32565 32796 31334 
32981 32324 32521 31808 
32704 32175 32293 32439 
32423 32104 32124 33109 
32172 32070 31986 33705 
32042 32178 31989 34219 
32002 32302 32051 34473 
32048 32468 32186 34463 
32152 32604 32333 34195 
32330 32733 32526 33733 
32485 32789 32671 33143 
32671 32799 32824 32532 
32812 32776 32959 31957 
32946 32748 33085 31541 
33035 32729 33185 31346 
33112 32729 33257 31337 
33166 32791 33327 31523 
33221 32933 33384 31873 
33211 33055 33348 32227 
33181 33228 33293 32607 
33104 33347 33167 32925 
32963 33376 32935 33146 
32773 33303 32660 33229 
32605 33186 32408 33272 
32402 32905 32101 33179 
32251 32585 31885 33075 
32170 32271 31777 32996 
32134 31964 31757 32933 
32187 31735 31886 32915 
32279 31614 32105 32930 
32437 31661 32405 32972 
32641 31866 32767 33035 
32846 32169 33112 33041 
32981 32533 33383 32949 
33119 32967 33596 32825 
33186 33379 33681 32618 
33187 33717 33649 32351 
33130 33930 33490 32079 
33006 33940 33216 31838 
32847 33773 32898 31671 
32680 33477 32559 31665 
32529 33063 32242 31823 
32392 32602 31983 32092 
32346 32177 31883 32528 
32337 31818 31859 33013 
32373 31569 31950 33496 
32500 31553 32186 33950 
32656 31718 32499 34215 
32800 31988 32818 34262 
32924 32355 33127 34069 
33023 32769 33382 33685 
33003 33107 33474 33094 
32976 33410 33500 32464 
32910 33609 33395 31815 
32807 33648 33188 31292 
32660 33516 32895 30945 
32565 33304 32605 30895 
32514 33037 32353 31124 
32490 32743 32170 31582 
32536 32495 32102 32227 
32608 32292 32114 32896 
32677 32162 32204 33563 
32785 32152 32396 34097 
32874 32221 32614 34384 
32913 32326 32808 34412 
32915 32477 32989 34166 
32911 32666 33131 33749 
32835 32797 33191 33189 
32762 32903 33190 32580 
32681 32966 33139 32031 
32569 32925 32985 31564 
32470 32847 32793 31334 
32405 32761 32589 31321 
32381 32675 32406 31531 
32419 32596 32272 31929 
32517 32575 32216 32399 
32632 32589 32256 32881 
32784 32655 32370 33323 
32979 32790 32605 33671 
33110 32905 32836 33805 
33207 33011 33061 33736 
33225 33083 33253 33511 
33197 33127 33389 33166 
33082 33102 33412 32774 
32915 33010 33329 32378 
32719 32850 33135 32040 
32516 32671 32875 31841 
32353 32512 32585 31809 
32247 32372 32319 31935 
32214 32253 32099 32175 
32212 32157 31943 32447 
32318 32171 31935 32801 
32458 32210 32025 33078 
32673 32372 32250 33343 
32878 32572 32538 33487 
33072 32829 32879 33540 
33155 33026 33121 33390 
33192 33234 33346 33197 
33149 33369 33457 32940 
33039 33407 33439 32666 
32843 33315 33282 32410 
32632 33139 33049 32209 
32407 32846 32722 32075 
32292 32577 32480 32122 
32298 32131 32191 32397 
32443 32046 32209 32613 
32648 32081 32341 32805 
32871 32250 32566 32962 
33057 32477 32807 33035 
33230 32790 33080 33060 
33244 33026 33189 32931 
33201 33253 33254 32797 
33042 33339 33176 32600 
32864 33372 33035 32481 
32651 33283 32807 32409 
32443 33071 32548 32416 
32291 32825 32328 32520 
32256 32568 32205 32708 
32267 32320 32151 32914 
32367 32162 32217 33133 
32500 32075 32358 33282 
32685 32137 32602 33365 
32839 32263 32836 33300 
32963 32478 33045 33119 
33046 32719 33208 32836 
33066 32962 33291 32501 
33057 33191 33305 32169 
32987 33336 33213 31896 
32891 33377 33039 31719 
32772 33311 32823 31745 
32657 33158 32581 31907 
32560 32920 32361 32239 
32488 32619 32185 32652 
32467 32346 32120 33155 
32446 32104 32106 33598 
32446 31949 32212 33903 
32525 31939 32419 34049 
32621 32059 32692 33984 
32726 32280 32979 33659 
32832 32592 33210 33184 
32925 32945 33392 32609 
33014 33297 33508 32023 
33088 33605 33509 31532 
33071 33740 33354 31215 
33007 33720 33109 31112 
32888 33522 32788 31273 
32741 33188 32452 31672 
32588 32774 32155 32248 
32474 32331 31947 32880 
32366 31909 31822 33467 
32360 31649 31884 34008 
32377 31555 32032 34292 
32457 31660 32293 34349 
32603 31980 32652 34198 
32741 32376 32988 33798 
32858 32840 33262 33238 
32934 33268 33431 32622 
33021 33666 33544 32101 
33045 33911 33513 31733 
33003 33911 33349 31614 
32946 33734 33142 31761 
32813 33366 32885 31913 
32562 32800 32609 31889 
32263 32071 32367 31598 
32074 31335 32180 31132 
32213 30811 32042 30730 
32822 30715 32012 30822 
33744 31154 32042 31586 
34677 32232 32169 33118 
34860 33698 32354 34975 
33727 35420 32569 36768 
31226 37056 32857 37977 
27967 38078 33084 38201 
25598 37948 33298 37404 
25692 36235 33487 35839 
28825 32704 33507 33593 
34539 27829 33457 31073 
41061 22564 33342 28525 
45878 18513 33141 26332 
47260 17079 32851 24772 
44599 19273 32559 24243 
38558 25429 32345 25062 
30811 34250 32110 27120 
23275 44173 32004 30375 
17590 53183 32046 34379 
14566 59368 32108 38566 
14837 60841 32243 42018 
18055 57268 32409 44211 
23744 48894 32575 44653 
31247 36876 32717 43156 
39553 23021 32823 39844 
47299 9624 32878 35163 
53422 433 32949 29797 
56603 88 32991 24818 
56243 57 33017 20998 
52022 6597 33094 19039 
43984 15026 33167 19334 
33238 29773 33212 21795 
21255 46079 33244 26013 
10168 61500 33221 31287 
2233 65377 33143 36868 
111 65490 33003 41598 
3528 65519 32784 44799 
12992 65533 32596 46073 
26337 62825 32339 45103 
40653 42445 32106 42216 
53747 22050 31907 37897 
63348 3561 31847 32952 
65439 122 31847 28057 
65500 37 31994 24252 
59213 27 32224 21960 
47052 8479 32480 21476 
32422 22586 32819 22877 
18355 38318 33098 25708 
7291 52666 33307 29406 
1255 62871 33451 33423 
1170 65440 33478 37058 
6163 65439 33411 39666 
15582 54233 33306 41016 
27241 40469 33137 40919 
39595 24953 32991 39535 
50101 11152 32825 37176 
57250 1406 32684 34323 
59893 97 32631 31530 
57355 63 32539 29098 
50397 6096 32450 27497 
40676 16516 32392 26912 
30117 29207 32366 27329 
20701 42560 32341 28584 
14362 54100 32285 30339 
12056 61946 32286 32280 
13466 64738 32327 34074 
17863 62372 32373 35426 
24323 55206 32454 36183 
31501 45084 32598 36297 
38440 33777 32780 35793 
44046 23444 32948 34828 
47742 15802 33165 33676 
48686 11941 33323 32508 
46874 11828 33439 31536 
42600 14835 33466 30901 
36555 20003 33369 30647 
30190 25977 33222 30807 
24641 31697 32998 31280 
20887 36357 32741 31911 
19566 39465 32522 32655 
20698 40573 32322 33221 
23833 40028 32156 33568 
28282 38420 32090 33712 
33336 36331 32097 33608 
38011 34520 32137 33336 
41627 33468 32231 32987 
43581 33339 32331 32642 
43472 34043 32482 32422 
41143 35043 32585 32295 
37083 35973 32722 32382 
32117 36327 32849 32561 
27301 35873 32992 32819 
23876 34573 33114 33040 
22560 32671 33272 33239 
23535 30429 33394 33280 
26489 28178 33468 33144 
30535 26396 33477 32855 
34772 25330 33399 32455 
38382 25257 33212 32015 
40840 26359 32985 31665 
41654 28407 32668 31479 
40911 31200 32388 31539 
38713 34220 32102 31819 
35314 36914 31892 32284 
31316 38752 31790 32873 
27314 39463 31777 33454 
24141 39140 31899 33966 
22469 37908 32117 34270 
22852 36214 32407 34330 
25230 34383 32693 34133 
29179 32765 32953 33722 
33850 31484 33117 33121 
38444 30660 33259 32493 
41971 30217 33319 31949 
43899 30085 33344 31544 
43836 30172 33279 31304 
41684 30523 33230 31317 
37728 31063 33175 31541 
32554 31716 33117 31902 
27193 32303 33053 32330 
22823 32578 33012 32816 
20592 32250 32849 33134 
21172 31527 32717 33380 
24159 30697 32555 33516 
28535 30165 32332 33459 
33215 30536 32130 33319 
37036 31997 31955 33099 
39602 34377 31855 32872 
40948 37084 31828 32685 
41336 39416 31969 32588 
40810 40422 32189 32538 
39322 39817 32504 32588 
36653 37563 32824 32654 
32893 34100 33136 32721 
28829 30406 33425 32799 
25385 27256 33669 32870 
23433 25219 33752 32818 
23579 24693 33748 32719 
25612 25658 33639 32566 
28824 27708 33410 32373 
32323 30351 33081 32189 
35336 33120 32673 32060 
37396 35507 32281 32057 
38482 37276 31957 32186 
38629 38151 31690 32406 
38050 38105 31605 32774 
36849 37037 31615 33120 
35234 35170 31769 33438 
33467 32796 32085 33732 
31677 30263 32469 33831 
30223 28322 32921 33772 
29062 27400 33259 33448 
28377 28050 33585 33044 
28113 30262 33807 32550 
28378 33545 33895 32070 
29210 37074 33778 31606 
30691 39923 33501 31306 
32773 41331 33160 31288 
34981 40600 32747 31489 
36765 37955 32389 31936 
37691 33772 32081 32467 
37640 28764 31845 33024 
36859 23744 31783 33555 
35730 19807 31849 33965 
34561 17658 32007 34119 
33446 18025 32235 34063 
32212 21322 32492 33782 
30677 27260 32685 33318 
28948 35148 32911 32881 
27186 43488 32985 32372 
26054 50918 33034 31978 
26143 55526 33081 31783 
27580 56261 33081 31721 
30145 52681 33049 31811 
33253 45259 33065 32026 
36272 34897 33081 32296 
38484 23864 33107 32560 
39679 14050 33110 32777 
39843 7218 33081 32905 
39141 4638 33029 32979 
37723 6801 32908 32959 
35758 13131 32716 32894 
33488 22544 32510 32836 
31151 33713 32303 32802 
29014 44484 32077 32761 
27325 53455 31933 32819 
26243 59335 31881 32917 
25869 61121 31921 33046 
26258 58364 32075 33155 
27355 51510 32307 33207 
29163 41796 32617 33197 
31521 30607 32970 33105 
34039 20290 33263 32891 
36388 12276 33494 32608 
38348 7760 33654 32322 
39612 7213 33705 32039 
40072 10456 33612 31829 
39803 16761 33397 31695 
38908 25054 33106 31703 
37393 34232 32809 31879 
35274 42547 32536 32177 
32473 49098 32295 32520 
29209 53066 32140 32940 
25754 53853 31990 33303 
22988 51504 31956 33619 
21451 46507 31980 33830 
21679 39791 32087 33924 
23794 32240 32200 33858 
27455 25483 32350 33658 
32085 20433 32532 33373 
36874 17802 32750 33029 
41199 17726 32967 32613 
44287 19737 33179 32196 
45830 23050 33377 31833 
45684 26870 33547 31567 
43746 30586 33641 31434 
40283 33760 33637 31419 
35642 36508 33519 31548 
30317 38910 33328 31821 
24869 40924 33026 32163 
20304 42226 32672 32572 
17337 42615 32310 32998 
16628 41921 31976 33405 
18639 40123 31715 33734 
23330 37656 31656 33994 
29484 34893 31688 34025 
36129 32075 31872 33932 
42025 29270 32164 33729 
46272 26309 32470 33368 
48035 23613 32798 32996 
47441 21380 33048 32571 
44908 20237 33233 32196 
41015 20740 33346 31912 
36385 23155 33374 31734 
31451 27326 33342 31693 
26593 32625 33250 31766 
22229 38241 33143 31919 
19108 43047 33038 32119 
17768 46523 32957 32343 
18693 48243 32885 32555 
22066 48041 32805 32712 
27244 45961 32720 32833 
33441 42211 32637 32944 
39429 37083 32512 33017 
44256 30937 32379 33107 
46912 24697 32242 33199 
47184 19097 32103 33268 
45183 14981 32036 33365 
41496 13212 32043 33409 
36750 14102 32121 33386 
31686 17715 32296 33270 
26911 23844 32556 33079 
23197 31501 32833 32834 
20892 39771 33109 32542 
20296 47434 33371 32248 
21474 53326 33537 31961 
24276 56159 33626 31787 
28203 55334 33604 31714 
32622 50774 33445 31738 
37070 42872 33186 31866 
40624 33327 32849 32075 
42888 23979 32542 32397 
43618 16304 32236 32760 
42720 11485 31917 33057 
40442 10193 31775 33406 
37110 12225 31733 33672 
33155 16836 31833 33815 
29273 23215 32090 33862 
26007 30597 32461 33776 
24014 37805 32814 33528 
23629 44427 33150 33161 
24841 49728 33457 32746 
27316 53011 33622 32269 
30398 53582 33696 31884 
33303 51072 33556 31521 
35625 45831 33314 31338 
37038 38395 32978 31324 
37417 30164 32593 31500 
37018 22779 32309 31900 
36052 17122 32066 32362 
34847 13941 31929 32880 
33719 13445 31942 33405 
32897 15500 32070 33852 
32520 19470 32312 34129 
32505 24671 32574 34157 
32735 30523 32827 33986 
32995 36426 33030 33610 
33150 41677 33185 33166 
32989 45880 33252 32641 
32435 48702 33260 32147 
31476 49901 33179 31722 
30270 49282 33024 31457 
29123 46871 32840 31387 
28379 42746 32697 31522 
28286 37108 32519 31776 
29102 30422 32399 32167 
30755 23687 32300 32605 
32973 17761 32255 33046 
35239 13511 32195 33369 
37340 11852 32279 33675 
38735 13058 32390 33820 
39327 16996 32569 33817 
39036 23079 32748 33624 
37934 30755 32985 33380 
36025 38717 33158 33008 
33456 46204 33312 32635 
30462 52400 33410 32258 
27341 56463 33398 31940 
24848 57173 33280 31678 
23653 54164 33105 31609 
23963 47478 32851 31641 
25791 37953 32572 31843 
28828 26899 32331 32163 
32427 16475 32135 32524 
35836 8892 32006 32893 
38711 5308 31950 33198 
40875 6156 32020 33453 
42228 11115 32191 33622 
42536 18943 32389 33644 
41652 28072 32616 33566 
39384 37381 32826 33399 
35677 46006 32973 33146 
30862 53143 33041 32870 
25685 58094 33110 32658 
21392 59732 33124 32453 
18908 57542 33119 32304 
18947 51385 33099 32212 
21620 41689 33059 32146 
26390 29937 33039 32159 
31863 18927 32991 32171 
37112 10294 32915 32164 
41353 5606 32813 32181 
44231 5573 32716 32238 
45372 9978 32587 32312 
45006 17480 32446 32413 
43332 26620 32319 32557 
40389 35920 32225 32738 
36258 44241 32151 32943 
31387 50261 32167 33215 
26185 53546 32243 33454 
21499 53913 32375 33662 
18177 51517 32569 33790 
17136 46954 32766 33767 
18725 40893 32948 33627 
22847 34014 33119 33343 
28939 26931 33216 32927 
35894 20513 33266 32450 
41953 15956 33221 31953 
46299 13737 33114 31539 
48109 14296 32932 31281 
47127 17660 32718 31204 
43678 23267 32497 31342 
38755 30014 32362 31703 
33259 36759 32281 32210 
28173 42584 32307 32774 
24181 46842 32397 33329 
21835 48997 32566 33797 
21233 48986 32779 34087 
22183 46890 32959 34150 
24480 43049 33067 33978 
27916 37808 33087 33588 
32057 31918 33008 33089 
36288 26210 32873 32559 
40060 21252 32703 32085 
42659 17642 32512 31719 
43517 15850 32318 31519 
42351 16388 32250 31559 
39307 19211 32245 31771 
34984 24197 32376 32134 
30182 30718 32559 32557 
25866 38082 32805 32988 
22977 44985 32972 33291 
22243 50289 33178 33557 
23574 53005 33281 33625 
26702 52484 33289 33540 
31080 48451 33188 33306 
35730 41382 33004 32957 
39672 32577 32756 32550 
42441 23636 32577 32263 
43462 16169 32381 32021 
42542 11658 32229 31887 
39752 11144 32122 31907 
35439 14511 32121 32078 
30271 20937 32203 32383 
25030 29189 32340 32757 
20989 37514 32543 33127 
18959 44750 32746 33430 
19585 49906 32974 33640 
22790 52221 33126 33618 
28247 51367 33279 33492 
34546 47273 33330 33160 
40554 40546 33312 32736 
45215 32265 33237 32295 
47735 23784 33084 31893 
47611 17093 32826 31555 
45105 13589 32597 31462 
40646 14018 32400 31597 
34570 18479 32237 31916 
28059 25773 32136 32329 
22169 34088 32115 32816 
17845 41801 32169 33272 
16040 47433 32312 33669 
17333 49866 32500 33948 
21668 48518 32707 33988 
27963 43942 32909 33860 
34964 37051 33040 33538 
41290 29321 33117 33108 
45827 22240 33134 32611 
47731 17453 33125 32148 
46802 16179 33046 31753 
43584 18623 32936 31516 
38577 24309 32767 31408 
32606 32217 32596 31513 
26681 40631 32445 31804 
22290 47143 32346 32199 
20120 50526 32275 32645 
20666 50044 32285 33131 
23782 45684 32339 33525 
28553 38695 32502 33853 
33790 30395 32722 34010 
38259 22272 32911 33934 
41195 15770 33108 33712 
42139 11935 33228 33291 
41130 11808 33299 32832 
38411 15585 33261 32300 
34490 22999 33140 31823 
29930 33226 32931 31461 
25840 43973 32667 31300 
23243 53331 32464 31411 
22895 59074 32242 31641 
25318 59846 32118 32080 
29962 55281 32092 32575 
35636 46420 32169 33104 
40802 34897 32272 33520 
44158 22658 32489 33868 
44719 12263 32722 34027 
42448 5541 32910 33971 
38112 3451 33052 33705 
32741 6356 33143 33324 
27274 14004 33170 32822 
22832 24805 33161 32332 
19961 37073 33103 31896 
19027 48649 32954 31544 
20392 57652 32829 31432 
23908 62069 32679 31521 
29208 61277 32525 31792 
35668 55537 32403 32197 
42173 45557 32282 32666 
47324 33594 32258 33167 
50082 21560 32286 33572 
49789 11710 32396 33843 
46323 5839 32540 33888 
40309 5058 32732 33753 
32817 9319 32903 33418 
25254 17651 33070 32978 
18949 28228 33151 32459 
15014 39285 33223 32017 
14145 48402 33164 31666 
16373 54361 33073 31535 
21235 56338 32908 31595 
28180 54053 32711 31853 
35493 48195 32547 32273 
42277 39781 32434 32750 
47351 30085 32327 33181 
49970 20712 32300 33561 
49609 13663 32328 33761 
46549 10544 32431 33812 
41457 11984 32576 33654 
35231 17744 32695 33357 
28866 26805 32824 32936 
23587 36927 32909 32487 
20065 46069 33016 32145 
18524 52152 33012 31812 
19160 54035 32997 31679 
21668 51280 32935 31728 
25443 44702 32785 31880 
30062 35885 32674 32214 
34793 26433 32529 32597 
38952 18445 32410 33016 
41957 13460 32330 33350 
43570 12081 32356 33616 
43591 14358 32440 33704 
42138 19995 32603 33652 
39586 27800 32792 33438 
36321 36662 32982 33072 
32861 45194 33166 32666 
29564 52075 33312 32269 
26825 55651 33340 31928 
24879 55229 33253 31684 
23892 50735 33098 31647 
23988 42699 32876 31777 
25150 32684 32593 32015 
27313 22862 32374 32403 
30180 14748 32159 32787 
33426 9713 32013 33157 
36810 8449 31963 33480 
39778 11155 32024 33672 
41876 17125 32204 33723 
42696 25375 32444 33607 
41976 34731 32749 33398 
39483 43840 33026 33055 
35699 51092 33259 32686 
31187 55444 33430 32341 
26812 56211 33481 32069 
23324 53163 33388 31897 
21664 47034 33179 31850 
22057 39162 32924 31984 
24326 30682 32636 32202 
28064 22980 32414 32543 
32596 17034 32263 32887 
37206 13406 32186 33144 
40931 12564 32201 33301 
43203 14478 32350 33342 
43549 18758 32544 33251 
41815 24858 32754 33010 
38464 31742 32941 32718 
34141 38563 33091 32427 
29681 44290 33170 32192 
25786 48167 33140 32036 
23352 49585 33064 32052 
22604 48477 32883 32178 
23754 45268 32691 32464 
26644 40486 32524 32836 
30763 35155 32414 33243 
35252 29957 32309 33489 
39262 25717 32305 33660 
41941 22782 32376 33635 
42569 21500 32494 33443 
41140 21861 32684 33121 
37952 23611 32871 32704 
33623 26397 33023 32251 
29202 29531 33104 31846 
25539 32522 33110 31592 
