32753 33292 32951 31754 
32753 33292 32951 31754 
32658 33232 32690 31529 
32534 33053 32391 31516 
32483 32849 32143 31776 
32407 32548 31925 32125 
32417 32300 31840 32616 
32496 32154 31900 33158 
32631 32107 32081 33615 
32815 32200 32393 33935 
32981 32376 32741 34021 
33127 32641 33114 33886 
33215 32914 33444 33588 
33218 33146 33654 33126 
33151 33337 33762 32613 
33021 33418 33724 32127 
32845 33398 33569 31759 
32645 33224 33291 31513 
32438 32957 32943 31451 
32274 32627 32553 31579 
32202 32310 32232 31901 
32165 32022 31934 32282 
32194 31831 31732 32713 
32255 31750 31619 33094 
32386 31844 31661 33459 
32551 32077 31811 33694 
32772 32464 32101 33838 
32943 32881 32435 33791 
33095 33275 32824 33603 
33187 33585 33181 33304 
33265 33806 33538 32982 
33274 33831 33815 32609 
33227 33691 33952 32241 
33078 33348 33879 31879 
32924 32965 33706 31661 
32718 32523 33382 31558 
32580 32194 33032 31659 
32424 31886 32596 31843 
32362 31761 32211 32167 
32299 31751 31864 32537 
32315 31922 31660 32955 
32341 32140 31579 33314 
32461 32484 31682 33624 
32562 32823 31914 33801 
32677 33115 32218 33796 
32735 33311 32520 33636 
32809 33423 32848 33412 
32794 33349 33067 33060 
32741 33171 33214 32683 
32710 32947 33298 32363 
32661 32674 33288 32100 
32687 32494 33260 31995 
32701 32335 33153 31933 
32810 32330 33098 32032 
32934 32407 33050 32188 
33076 32573 33012 32376 
33157 32722 32956 32532 
33193 32884 32923 32679 
33140 32974 32827 32738 
32993 32994 32695 32762 
32809 32980 32554 32783 
32588 32882 32380 32781 
32355 32736 32191 32772 
32198 32617 32066 32850 
32108 32519 31987 32943 
32102 32449 31996 33073 
32162 32416 32069 33164 
32346 32479 32256 33271 
32565 32574 32529 33309 
32801 32718 32832 33267 
32965 32783 33068 33072 
33124 32888 33329 32856 
33195 32940 33511 32554 
33228 32984 33654 32285 
33168 32934 33648 31994 
33034 32815 33515 31787 
32902 32714 33323 31718 
32717 32528 32992 31759 
32593 32426 32653 31947 
32492 32370 32298 32275 
32416 32344 31958 32644 
32431 32449 31751 33089 
32451 32575 31652 33459 
32514 32749 31729 33766 
32550 32909 31917 33898 
32628 33075 32241 33861 
32685 33177 32630 33630 
32731 33225 33027 33297 
32767 33175 33382 32847 
32794 33074 33625 32373 
32841 32911 33753 31935 
32853 32703 33715 31614 
32863 32507 33548 31478 
32871 32330 33279 31522 
32864 32214 32939 31751 
32838 32165 32579 32109 
32795 32208 32268 32549 
32761 32331 32036 33011 
32727 32500 31908 33412 
32696 32701 31905 33693 
32702 32931 32034 33849 
32665 33085 32228 33759 
32672 33201 32479 33528 
32673 33249 32765 33202 
32643 33195 32968 32782 
32622 33064 33123 32366 
32586 32886 33187 32033 
32499 32644 33116 31812 
32462 32451 33006 31794 
32433 32273 32847 31924 
32446 32180 32692 32201 
32479 32150 32561 32550 
32608 32259 32553 32966 
32746 32398 32585 33290 
32935 32631 32718 33514 
33103 32867 32864 33550 
33245 33061 33002 33394 
33315 33234 33107 33089 
33334 33339 33163 32707 
33268 33348 33126 32307 
33091 33240 32980 31942 
32873 33059 32765 31714 
32592 32830 32498 31687 
32331 32578 32237 31856 
32105 32339 32016 32178 
31999 32218 31948 32660 
31978 32138 31970 33151 
32034 32135 32109 33590 
32184 32197 32347 33922 
32404 32321 32650 34037 
32658 32495 32990 33940 
32878 32655 33248 33616 
33088 32834 33454 33148 
33252 33004 33554 32590 
33396 33189 33582 32102 
33424 33302 33464 31657 
33383 33353 33248 31384 
33271 33334 32984 31317 
33100 33242 32700 31457 
32898 33078 32426 31767 
32682 32871 32221 32211 
32426 32582 32020 32690 
32231 32319 31935 33194 
32086 32080 31929 33610 
31965 31882 31970 33874 
31957 31808 32135 34014 
32050 31863 32388 34000 
32169 31985 32636 33750 
32387 32258 32914 33443 
32641 32600 33175 33037 
32920 33004 33399 32598 
33162 33376 33534 32133 
33396 33716 33590 31755 
33582 33953 33583 31505 
33631 33989 33442 31404 
33565 33827 33226 31435 
33405 33525 32952 31632 
33134 33080 32611 31944 
32843 32614 32305 32374 
32545 32143 32080 32854 
32246 31741 31877 33302 
32046 31507 31820 33681 
31918 31432 31874 33922 
31914 31551 32041 34013 
31987 31788 32275 33905 
32140 32133 32560 33682 
32330 32510 32814 33350 
32527 32875 33011 32953 
32666 33152 33109 32513 
32832 33418 33177 32190 
32971 33579 33178 31940 
33047 33599 33109 31797 
33127 33534 33039 31808 
33158 33376 32970 31908 
33186 33190 32953 32095 
33190 32972 32934 32302 
33176 32772 32950 32503 
33138 32605 32953 32667 
33079 32506 32955 32789 
32973 32426 32875 32829 
32822 32391 32763 32878 
32671 32376 32618 32917 
32465 32339 32411 32941 
32271 32298 32211 32996 
32083 32240 32033 33052 
31998 32221 31960 33146 
31963 32219 31970 33196 
32038 32294 32087 33244 
32237 32459 32324 33255 
32440 32625 32573 33129 
32720 32870 32905 32962 
32956 33101 33175 32707 
33218 33379 33465 32479 
33391 33564 33647 32202 
33477 33676 33709 31980 
33485 33667 33670 31825 
33380 33525 33478 31770 
33192 33255 33176 31816 
32937 32878 32800 31983 
32650 32433 32385 32253 
32409 32011 32027 32658 
32187 31651 31750 33066 
32022 31415 31609 33426 
31984 31380 31665 33722 
32049 31542 31869 33891 
32228 31920 32216 33910 
32458 32394 32613 33722 
32737 32978 33059 33442 
32941 33470 33393 32973 
33117 33886 33638 32482 
33263 34147 33764 32025 
33303 34152 33703 31624 
33247 33923 33478 31401 
33103 33507 33135 31364 
32899 32953 32723 31507 
32698 32406 32349 31867 
32545 31932 32082 32380 
32373 31539 31882 32883 
32314 31398 31868 33413 
32305 31460 31981 33823 
32365 31704 32200 34041 
32454 32087 32470 34031 
32647 32606 32816 33867 
32787 33060 33060 33462 
32916 33494 33226 32969 
33032 33797 33321 32461 
33116 33942 33332 32012 
33117 33867 33249 31694 
33025 33591 33067 31590 
32911 33224 32855 31779 
32759 32779 32661 32175 
32604 32327 32508 32624 
32367 31843 32363 32814 
32104 31373 32284 32640 
31934 31039 32262 32132 
32062 30938 32293 31515 
32539 31138 32361 31182 
33303 31748 32464 31450 
34196 32816 32649 32508 
34496 34114 32784 33991 
33734 35511 32921 35558 
31810 36866 33036 36761 
29266 37798 33153 37221 
27488 36377 33223 35504 
30225 33381 33207 33698 
34946 29036 33093 31562 
40368 24187 32981 29373 
44142 20191 32788 27351 
44727 18510 32566 25871 
41834 20104 32411 25263 
36058 25034 32240 25714 
29037 32616 32095 27314 
22561 41416 32090 30132 
17944 49617 32117 33712 
16256 55135 32228 37539 
17563 56865 32409 40990 
21493 54171 32627 43398 
27413 47201 32770 44184 
34709 36859 32915 43111 
41958 25151 33023 40242 
48149 13923 33081 35940 
52202 5129 33117 30887 
53435 536 33153 25882 
51405 90 33122 21707 
46281 6424 33102 19283 
38611 16556 33077 18989 
29129 29798 33022 20874 
19190 44345 32952 24674 
10470 58266 32818 29840 
5255 65298 32728 35511 
4983 65475 32615 40642 
9993 65507 32456 44444 
19495 65520 32308 46359 
31906 57185 32221 46148 
44708 40531 32138 43766 
55332 22038 32134 39786 
62087 5581 32210 34863 
63501 172 32331 29751 
59479 49 32493 25303 
50520 38 32693 22146 
38644 8875 32917 20871 
25668 21857 33096 21430 
14096 36364 33238 23666 
6228 49680 33413 27172 
3452 59312 33456 31331 
6042 63011 33420 35282 
13129 60450 33308 38544 
23156 52404 33104 40623 
34247 40674 32840 41324 
44726 27396 32505 40639 
52762 15813 32273 38913 
57163 7703 32043 36398 
57265 4344 31930 33637 
52973 5859 31854 31014 
45122 11906 32017 29047 
35394 20938 32269 27926 
25693 31588 32592 27668 
17994 42171 32944 28211 
13593 51020 33236 29310 
13041 56923 33469 30795 
16005 58639 33593 32291 
21364 55986 33533 33507 
27960 49492 33309 34302 
34645 40671 33031 34675 
40576 30990 32686 34636 
44807 22690 32387 34275 
46932 17054 32138 33724 
46730 14736 31996 33169 
44243 15692 31994 32731 
39815 19314 32161 32515 
34217 24444 32375 32465 
28747 29813 32666 32617 
24282 34522 32942 32857 
21597 37885 33137 33062 
21077 39607 33293 33209 
22709 39704 33360 33231 
25875 38391 33276 33040 
29918 36307 33090 32696 
34145 34149 32851 32293 
37920 32476 32561 31871 
40784 31758 32304 31559 
42180 32104 32116 31455 
41898 33231 31998 31520 
39907 34733 31999 31804 
36545 36038 32161 32285 
32294 36674 32430 32863 
28124 36293 32749 33428 
25027 34962 33065 33893 
23574 32860 33318 34081 
24086 30447 33502 34065 
26398 28146 33571 33799 
29909 26418 33503 33338 
33709 25612 33300 32770 
37167 25916 33036 32202 
39652 27301 32730 31721 
40828 29633 32413 31442 
40596 32565 32167 31413 
39033 35519 32029 31647 
36384 37857 31970 32068 
33009 39185 32002 32566 
29477 39389 32203 33148 
26288 38394 32376 33593 
24167 36545 32626 33878 
23717 34384 32880 33950 
24978 32270 33046 33733 
27783 30654 33154 33359 
31503 29740 33160 32837 
35535 29540 33060 32260 
38968 29976 32924 31813 
41304 30721 32766 31525 
42186 31599 32636 31504 
41423 32384 32552 31712 
38929 32967 32538 32130 
35113 33304 32611 32651 
30596 33397 32756 33172 
26361 33085 32876 33590 
23469 32373 32997 33827 
22777 31349 33115 33859 
24322 30287 33119 33619 
27456 29651 33049 33210 
31178 29867 32874 32659 
34583 31270 32674 32130 
36947 33706 32459 31709 
38348 36537 32220 31457 
39086 38990 32068 31452 
39360 40324 32020 31709 
39040 39930 32081 32175 
37765 37741 32216 32712 
35374 34296 32439 33262 
32080 30360 32703 33732 
28631 26883 33001 34047 
25866 24563 33249 34080 
24677 23965 33433 33865 
25313 25116 33550 33462 
27315 27618 33518 32925 
30039 30904 33381 32334 
32738 34266 33146 31800 
35005 37108 32830 31399 
36643 39001 32497 31272 
37629 39715 32188 31380 
38020 39138 31921 31721 
37790 37385 31759 32204 
36977 34724 31786 32796 
35598 31582 31894 33333 
33921 28587 32185 33814 
32076 26300 32541 34063 
30285 25348 32924 34066 
28677 26178 33275 33811 
27477 28831 33553 33364 
26891 32769 33715 32838 
27106 37111 33714 32261 
28356 40892 33577 31774 
30583 43073 33340 31454 
33451 43007 32958 31315 
36365 40573 32558 31418 
38565 36328 32253 31811 
39556 30865 31992 32279 
39298 25179 31869 32820 
37988 20176 31851 33318 
36138 17014 32003 33759 
34105 16429 32214 33984 
32027 18841 32478 33969 
29889 24210 32715 33742 
27726 32000 32927 33410 
25805 40825 33023 32944 
24637 48866 33015 32484 
24768 54623 32965 32120 
26489 56794 32912 31896 
29561 54602 32841 31821 
33499 48082 32818 31898 
37231 38474 32825 32073 
40082 27466 32895 32328 
41545 17047 33005 32569 
41499 9192 33101 32765 
40095 5255 33150 32850 
37815 6052 33159 32866 
34971 11216 33047 32804 
32056 19832 32864 32710 
29418 30310 32616 32614 
27396 41310 32362 32620 
26173 50739 32089 32661 
25830 57374 31905 32816 
26266 60149 31802 32998 
27402 58629 31841 33232 
29061 52930 32026 33433 
30990 43972 32309 33514 
33018 33535 32664 33457 
34915 23261 32999 33234 
36509 14895 33310 32887 
37690 9656 33574 32499 
38221 8242 33688 32052 
38180 10606 33701 31701 
37700 16050 33562 31496 
36965 23531 33355 31467 
35987 31900 33044 31593 
34708 39995 32716 31886 
33048 46471 32415 32332 
30865 50616 32114 32786 
28345 52000 31873 33217 
25913 50598 31766 33648 
24050 46568 31752 33959 
23473 40813 31907 34106 
24420 34376 32104 34051 
26814 28244 32369 33813 
30375 23440 32716 33447 
34393 20528 33017 32959 
38369 19785 33275 32393 
41707 21024 33523 31924 
43802 23404 33625 31502 
44484 26245 33642 31268 
43636 28931 33541 31221 
41180 31358 33340 31380 
37360 33541 33065 31703 
32682 35653 32769 32173 
27651 37806 32469 32683 
22944 39859 32219 33207 
19245 41424 32009 33629 
17470 42131 31891 33908 
18139 41846 31902 34038 
21274 40541 31993 33959 
26483 38426 32155 33712 
32915 35668 32366 33346 
39233 32538 32635 32931 
44353 29086 32904 32506 
47371 25438 33093 32085 
48002 22080 33246 31807 
46286 19517 33300 31662 
42945 18698 33281 31719 
38524 19965 33162 31915 
33545 23345 32969 32183 
28523 28503 32779 32542 
23763 34766 32642 32955 
20075 40556 32521 33271 
17937 45284 32495 33481 
17876 48317 32517 33521 
20267 49377 32627 33436 
24954 48207 32730 33155 
30961 45122 32864 32831 
37227 40301 32907 32404 
42677 34372 32938 32093 
46308 27888 32874 31863 
47610 21568 32737 31754 
46502 16644 32593 31892 
43388 13699 32427 32158 
38911 13345 32300 32561 
33714 15782 32214 32999 
28729 20694 32181 33381 
24628 27613 32299 33720 
21824 35536 32483 33884 
20592 43355 32710 33820 
21133 50068 33009 33613 
23160 54163 33192 33177 
26460 55074 33385 32700 
30464 52440 33520 32235 
34541 46522 33491 31766 
38274 38203 33374 31462 
41004 29203 33116 31341 
42544 21045 32795 31434 
42689 15116 32427 31726 
41495 12257 32096 32188 
39048 12535 31815 32705 
35801 15560 31692 33248 
32145 20468 31680 33682 
28746 26561 31883 34034 
26135 33072 32210 34162 
24727 39595 32606 34042 
24863 45294 33057 33765 
26218 49538 33410 33276 
28429 51735 33693 32721 
30995 51350 33858 32157 
33262 48179 33808 31662 
34918 42697 33628 31345 
35786 35705 33263 31180 
36012 28432 32854 31257 
35787 22014 32462 31598 
35313 17521 32092 32086 
34794 15286 31839 32633 
34385 15381 31718 33190 
34138 17536 31748 33677 
34091 21396 31938 34034 
34092 26209 32192 34125 
34046 31520 32528 34031 
33774 36868 32857 33741 
33176 41775 33122 33281 
32247 45719 33347 32800 
31001 48412 33474 32301 
29612 49592 33498 31902 
28258 48946 33356 31561 
27328 46402 33170 31479 
27106 41980 32873 31531 
27826 35997 32573 31771 
29554 29152 32365 32185 
31950 22189 32138 32584 
34806 16286 32086 33079 
37409 12521 32097 33456 
39424 11495 32184 33673 
40564 13471 32420 33798 
40649 18137 32712 33739 
39597 24933 32964 33472 
37594 32823 33161 33088 
34789 40935 33317 32662 
31487 48365 33411 32285 
28052 54106 33365 31948 
24976 57269 33177 31701 
23037 56957 32935 31654 
22621 52870 32674 31801 
23872 45275 32445 32071 
26476 35113 32221 32409 
30063 23939 32092 32807 
33851 14280 32071 33193 
37306 7706 32134 33489 
40120 5413 32305 33674 
42072 7507 32531 33711 
43057 13409 32787 33601 
42872 21749 32982 33295 
41424 30967 33137 32940 
38541 40099 33196 32530 
34385 48222 33212 32224 
29266 54586 33082 31934 
24221 58239 32883 31792 
20460 58439 32690 31831 
18820 54874 32533 32054 
19710 47606 32438 32366 
22955 37353 32398 32707 
27874 25849 32454 33038 
33016 15939 32593 33291 
37705 9062 32808 33443 
41227 6306 32935 33374 
43459 8003 33084 33214 
44341 13703 33134 32914 
43972 21668 33095 32593 
42475 30618 32990 32298 
39830 39113 32792 32079 
35977 46202 32533 31952 
31290 50857 32305 31999 
26370 52716 32167 32218 
21968 51887 32092 32509 
19028 48738 32159 32881 
18258 43728 32294 33232 
20126 37529 32522 33497 
24297 31004 32796 33648 
29989 24714 33036 33614 
36132 19449 33251 33453 
41571 15863 33336 33092 
45236 14794 33373 32691 
46459 16444 33328 32301 
45275 20476 33187 31903 
42100 26233 32958 31646 
37646 32843 32724 31572 
32881 39015 32481 31665 
28534 44040 32272 31929 
25186 47331 32138 32328 
23087 48588 32045 32798 
22377 47723 32049 33271 
23069 44966 32123 33668 
25124 40702 32304 33954 
28294 35436 32538 34031 
32193 29794 32793 33921 
36357 24331 33037 33573 
40002 19935 33262 33150 
42447 17011 33398 32570 
43192 16095 33497 32047 
41925 17394 33484 31607 
38706 20992 33320 31290 
34388 26593 33147 31244 
29659 33415 32870 31377 
25580 40644 32589 31747 
22982 47238 32353 32263 
22426 51775 32165 32820 
23880 53402 32024 33323 
27053 51669 31991 33770 
31273 46588 32030 34028 
35871 38730 32193 34106 
39740 29602 32416 33979 
42374 20743 32637 33663 
43382 13964 32885 33269 
42458 10499 33037 32744 
39733 11221 33219 32294 
35518 15697 33294 31883 
30477 22897 33303 31611 
25472 31413 33209 31497 
21463 39940 33048 31580 
19497 46972 32833 31817 
20086 51457 32622 32169 
23166 52956 32436 32586 
28215 51185 32293 33004 
34206 46148 32229 33376 
39945 38613 32274 33666 
44283 30015 32440 33813 
46627 21809 32640 33743 
46637 15649 32817 33505 
44478 12913 33001 33152 
40355 14249 33138 32723 
35006 19282 33214 32321 
29040 26845 33166 31970 
23483 35301 33055 31741 
19237 43017 32830 31655 
17453 48273 32630 31780 
18551 50047 32453 32041 
22306 48172 32276 32377 
27950 43217 32221 32772 
34193 36163 32206 33103 
39958 28411 32318 33435 
44006 21805 32505 33619 
45842 17529 32694 33653 
45361 16573 32875 33538 
42859 19245 33040 33318 
38721 25225 33177 33036 
33729 32968 33228 32719 
28674 40783 33202 32401 
24599 46936 33118 32145 
22333 49960 32948 31951 
22314 49148 32711 31860 
24513 44853 32520 31957 
28140 38035 32331 32137 
32188 30010 32172 32375 
35780 22245 32104 32651 
38375 15911 32165 32989 
39462 12555 32320 33273 
39140 12648 32522 33456 
37544 16534 32776 33507 
34944 23871 33007 33425 
31739 33780 33229 33229 
28678 44093 33340 32894 
26705 52906 33429 32577 
26392 58196 33374 32238 
28162 58677 33236 31954 
31639 54060 33019 31810 
35741 45401 32763 31821 
39197 34399 32520 32001 
40989 23105 32308 32306 
40580 13334 32159 32693 
38161 7061 32070 33093 
34453 5139 32034 33423 
30426 7848 32146 33670 
26827 14805 32310 33766 
24166 25029 32536 33678 
22884 36392 32788 33452 
23090 47065 33016 33088 
24793 55227 33148 32629 
28004 59500 33269 32216 
32400 58986 33240 31835 
37376 53987 33185 31674 
42016 45270 32998 31643 
45430 34530 32808 31826 
46727 23635 32610 32125 
45484 14483 32476 32571 
41740 9107 32395 32994 
36204 8237 32379 33342 
29977 11919 32483 33592 
24141 19170 32636 33669 
19668 28615 32796 33534 
17477 37936 32947 33260 
17762 45691 33021 32860 
20449 50744 33046 32456 
25163 52447 33006 32123 
31117 50578 32860 31872 
37200 45729 32685 31813 
42547 38661 32526 31938 
46275 30550 32383 32212 
47796 22773 32281 32548 
46815 16801 32256 32931 
43639 14192 32298 33249 
38915 15559 32437 33477 
33519 20718 32652 33593 
28159 28696 32853 33510 
23742 37775 33034 33269 
21048 45400 33186 32956 
20108 50172 33257 32584 
20922 51122 33276 32234 
23243 48092 33174 31947 
26791 41715 33028 31824 
30864 33577 32791 31804 
35009 25345 32549 31955 
38690 18618 32338 32280 
41500 14492 32166 32660 
43024 13781 32082 33086 
43089 16367 32085 33428 
41823 21821 32207 33680 
39436 29264 32405 33758 
36281 37626 32646 33653 
32755 45695 32908 33377 
29405 51801 33157 32975 
26512 54891 33329 32515 
24426 54269 33450 32103 
23311 49768 33435 31749 
23376 41974 33327 31555 
24651 32356 33128 31562 
27024 22962 32887 31762 
30239 15215 32624 32087 
33915 10350 32384 32511 
37627 9035 32205 32972 
40923 11415 32094 33403 
43140 16954 32074 33728 
43804 24793 32111 33861 
42736 33844 32269 33844 
39803 42785 32458 33611 
35502 50077 32667 33292 
30571 54712 32882 32872 
25882 55917 33009 32381 
22339 53592 33131 31992 
20651 48107 33147 31703 
21134 40678 33108 31657 
23609 32409 32976 31774 
27595 24530 32844 32051 
32521 17964 32667 32427 
37355 13774 32582 32868 
41309 12181 32480 33219 
43721 13402 32491 33486 
44151 17189 32600 33602 
42471 23085 32729 33525 
39127 30073 32878 33289 
34732 37166 32982 32897 
30189 43494 33058 32501 
26194 48137 33042 32110 
23533 50323 32978 31876 
22546 49847 32802 31748 
23412 47012 32595 31811 
26045 42432 32420 32080 
29887 36829 32242 32422 
34420 31072 32173 32871 
38450 26096 32161 33270 
41192 22419 32239 33581 
42089 20448 32435 33805 
40920 20209 32650 33796 
37976 21696 32909 33639 
33929 24481 33107 33295 
29852 28011 33284 32898 
