32805 33294 32913 32234 
32805 33294 32913 32234 
32738 33533 32920 32502 
32683 33650 32885 32687 
32644 33654 32849 32826 
32607 33504 32753 32846 
32613 33245 32654 32870 
32635 32888 32532 32887 
32630 32447 32376 32899 
32623 32007 32250 32943 
32589 31614 32137 33030 
32555 31360 32089 33143 
32515 31267 32121 33276 
32500 31381 32248 33366 
32512 31698 32459 33418 
32545 32151 32688 33365 
32620 32684 32951 33193 
32679 33214 33156 32889 
32765 33706 33305 32514 
32910 34114 33435 32159 
33011 34292 33449 31797 
33077 34265 33371 31517 
33133 34066 33246 31404 
33105 33659 33052 31455 
33048 33164 32827 31687 
32928 32598 32576 32069 
32808 32082 32393 32583 
32627 31615 32196 33106 
32408 31250 31997 33554 
32262 31115 31921 33977 
32154 31173 31912 34204 
32140 31451 32024 34255 
32213 31889 32232 34092 
32333 32386 32498 33734 
32515 32939 32814 33261 
32708 33432 33115 32655 
32945 33879 33438 32075 
33119 34107 33633 31562 
33230 34129 33705 31213 
33288 33985 33641 31071 
33260 33678 33441 31130 
33195 33306 33173 31451 
33073 32867 32840 31898 
32887 32434 32480 32430 
32734 32118 32200 33032 
32557 31863 31968 33540 
32397 31729 31839 33929 
32288 31766 31844 34134 
32260 31908 31976 34152 
32267 32106 32174 33937 
32333 32371 32462 33601 
32457 32643 32764 33146 
32577 32855 33018 32657 
32693 32993 33191 32170 
32800 33077 33293 31809 
32893 33116 33310 31617 
32934 33073 33207 31601 
32905 32966 32996 31728 
32847 32862 32763 32014 
32860 32841 32625 32444 
32746 32745 32445 32804 
32691 32778 32453 33458 
32657 32806 32543 33535 
32698 32887 32730 33472 
32740 32926 32896 33245 
32787 32922 33023 32897 
32848 32894 33101 32532 
32903 32818 33099 32194 
32897 32670 32975 31942 
32889 32540 32815 31884 
32863 32399 32617 31987 
32771 32247 32389 32215 
32662 32159 32221 32564 
32577 32151 32136 32968 
32452 32195 32130 33337 
32404 32366 32266 33638 
32393 32612 32496 33806 
32397 32844 32735 33728 
32428 33054 32956 33497 
32506 33244 33156 33091 
32634 33389 33303 32649 
32830 33493 33395 32212 
32959 33428 33326 31745 
33136 33333 33225 31497 
33203 33111 33016 31394 
33199 32816 32739 31500 
33153 32532 32498 31844 
33025 32253 32283 32317 
32804 32010 32111 32867 
32512 31798 31985 33415 
32296 31767 31996 33887 
32147 31863 32138 34154 
32078 32065 32338 34190 
32152 32407 32633 34037 
32320 32792 32953 33626 
32544 33131 33208 33055 
32846 33469 33437 32452 
33144 33710 33576 31864 
33378 33794 33593 31377 
33536 33726 33496 31121 
33482 33479 33229 31051 
33336 33165 32927 31260 
33072 32782 32577 31689 
32743 32392 32249 32281 
32390 32057 32000 32942 
32079 31809 31843 33548 
31877 31720 31819 34046 
31803 31779 31933 34284 
31904 31964 32164 34320 
32129 32249 32451 34099 
32436 32577 32752 33708 
32753 32874 32981 33180 
33025 33101 33121 32581 
33287 33297 33228 32108 
33417 33365 33237 31716 
33411 33308 33159 31524 
33315 33203 33082 31542 
33123 32999 32964 31698 
32898 32792 32878 31970 
32701 32628 32854 32302 
32543 32519 32861 32627 
32430 32454 32844 32857 
32356 32453 32830 33002 
32371 32515 32778 33058 
32480 32670 32746 33100 
32584 32807 32644 33061 
32679 32905 32495 33005 
32710 32935 32306 32928 
32722 32907 32150 32914 
32735 32838 32081 32964 
32700 32687 32061 33003 
32660 32521 32161 33061 
32643 32363 32349 33091 
32625 32236 32599 33057 
32634 32182 32879 32936 
32675 32209 33162 32748 
32762 32363 33403 32535 
32879 32609 33580 32296 
32953 32850 33604 32057 
33018 33117 33517 31886 
33045 33349 33335 31815 
33039 33512 33091 31869 
32968 33527 32779 32019 
32863 33460 32500 32300 
32735 33258 32251 32631 
32561 32951 32043 32963 
32383 32566 31896 33286 
32269 32224 31867 33576 
32160 31901 31899 33725 
32173 31738 32047 33811 
32223 31726 32259 33737 
32356 31872 32519 33546 
32556 32146 32827 33262 
32742 32449 33079 32855 
32969 32829 33334 32465 
33142 33162 33523 32070 
33279 33438 33625 31770 
33360 33612 33642 31576 
33335 33608 33518 31521 
33238 33467 33307 31602 
33084 33230 33022 31812 
32894 32945 32703 32111 
32715 32669 32422 32508 
32533 32420 32144 32898 
32361 32236 31946 33265 
32235 32153 31843 33544 
32194 32198 31894 33745 
32184 32305 32007 33794 
32264 32489 32230 33725 
32350 32648 32480 33513 
32508 32812 32764 33220 
32649 32899 33012 32862 
32770 32905 33178 32509 
32906 32867 33304 32223 
32971 32721 33296 31997 
32995 32565 33211 31914 
32975 32396 33049 31960 
32916 32279 32846 32102 
32863 32258 32666 32340 
32832 32355 32542 32603 
32802 32538 32474 32828 
32768 32799 32454 32972 
32780 33119 32555 33036 
32825 33470 32722 33034 
32864 33720 32883 32926 
32838 33815 32995 32711 
32845 33789 33105 32566 
32786 33556 33088 32419 
32698 33183 32991 32354 
32571 32679 32797 32374 
32480 32152 32584 32538 
32386 31659 32355 32760 
32312 31284 32139 32984 
32287 31088 32001 33205 
32314 31123 31990 33362 
32424 31409 32117 33453 
32575 31905 32345 33418 
32727 32506 32632 33251 
32880 33146 32923 32962 
33015 33786 33206 32620 
33129 34272 33426 32271 
33204 34527 33545 31974 
33236 34558 33553 31783 
33192 34286 33421 31663 
33085 33791 33187 31708 
32971 33143 32914 31878 
32817 32440 32620 32123 
32698 31817 32382 32480 
32500 31274 32143 32807 
32322 30936 31977 33123 
32135 30842 31897 33407 
32019 31024 31930 33627 
31978 31438 32061 33762 
32018 32016 32272 33787 
32158 32659 32539 33719 
32358 33293 32812 33551 
32587 33814 33035 33247 
32886 34187 33249 32899 
33159 34301 33372 32485 
33415 34227 33430 32061 
33604 33973 33437 31698 
33684 33540 33335 31411 
33659 33073 33176 31278 
33506 32579 32977 31297 
33251 32149 32767 31500 
32934 31839 32560 31879 
32595 31675 32402 32404 
32232 31648 32251 33048 
31931 31755 32142 33782 
31784 31995 32144 34483 
31667 32221 32174 34808 
31614 32402 32269 34637 
31617 32448 32414 33787 
31810 32358 32554 32477 
32477 32341 32737 31129 
33551 32467 32868 30185 
34849 32854 32944 29996 
35909 33671 32988 30764 
35864 34869 33047 32309 
34034 36202 33018 34049 
30557 37407 32940 35541 
26568 38118 32902 36526 
24008 37548 32843 36684 
24669 35181 32794 36070 
29084 30845 32754 34795 
36205 25160 32762 33049 
43589 19362 32791 30974 
48703 15195 32828 28781 
49370 14517 32850 26923 
45297 18178 32830 25714 
37637 26057 32802 25597 
28409 36829 32722 26747 
19743 48621 32612 29239 
13552 58858 32486 32809 
11122 64648 32373 36640 
12404 65456 32295 40175 
17039 59635 32262 42770 
24422 49161 32287 43801 
33787 34733 32374 42963 
43793 18331 32507 40128 
52396 3590 32693 35915 
58564 159 32910 30947 
61135 69 33086 25980 
59404 48 33207 21952 
52997 6577 33297 19583 
42539 16625 33338 19460 
29413 32344 33267 21528 
15389 49526 33152 25503 
3072 64494 32933 30684 
117 65432 32707 36322 
38 65510 32481 41371 
125 65535 32250 44876 
14452 65535 32108 46459 
29520 56052 32067 45833 
45310 36299 32091 43125 
59310 14442 32212 38709 
65346 457 32424 33437 
65499 58 32657 28263 
65519 20 32925 23978 
64660 22 33105 21170 
47344 12793 33262 20292 
30349 28903 33324 21405 
14457 46067 33301 24293 
2941 60383 33186 28231 
111 65378 33018 32623 
50 65513 32831 36750 
5344 65527 32597 39927 
16242 56709 32480 41883 
29258 39971 32323 42245 
41985 22093 32278 41150 
52431 6366 32296 38869 
58881 206 32345 35861 
60186 67 32479 32691 
56091 58 32608 29817 
47454 5906 32776 27683 
36518 16476 32902 26596 
25526 29246 32982 26540 
16728 42283 33041 27444 
11733 53379 33038 29035 
11095 60827 32972 30993 
14633 62947 32878 32970 
20867 59572 32710 34504 
28608 51712 32579 35551 
36430 41087 32456 35994 
43385 29682 32369 35811 
48371 20027 32334 35184 
50642 13938 32418 34316 
49886 11819 32540 33349 
46205 13464 32735 32492 
40100 18073 32937 31840 
32788 24310 33116 31470 
25836 30756 33271 31457 
20433 36396 33352 31660 
17483 40356 33357 32020 
17336 42232 33260 32399 
19808 41945 33026 32675 
24183 40042 32766 32875 
29625 37151 32468 32942 
35254 34113 32193 32892 
40189 31700 31963 32738 
43819 30473 31866 32596 
45419 30545 31879 32473 
44745 31647 32005 32428 
41866 33294 32250 32475 
37118 34848 32553 32584 
31592 35819 32903 32780 
26586 35830 33213 32962 
23105 34914 33434 33102 
21906 33290 33578 33207 
23140 31157 33568 33211 
26373 29078 33391 33125 
30560 27435 33123 32983 
34828 26517 32774 32809 
38414 26572 32453 32655 
40700 27721 32236 32570 
41380 29778 32081 32479 
40469 32382 32068 32458 
38199 35040 32193 32466 
34858 37199 32410 32464 
30965 38451 32697 32502 
27075 38590 32985 32503 
24134 37730 33177 32464 
22787 36244 33288 32429 
23469 34508 33293 32398 
26098 32882 33153 32379 
30173 31614 32862 32367 
34978 30972 32606 32510 
39391 30766 32339 32697 
42650 30822 32147 32934 
44198 31027 32045 33190 
43776 31328 32116 33466 
41160 31622 32273 33640 
36788 31984 32568 33739 
31269 32285 32867 33648 
25662 32435 33138 33412 
21341 32245 33356 33045 
19468 31622 33469 32592 
20598 30739 33453 32145 
24230 29942 33327 31735 
29122 29744 33078 31402 
34024 30649 32803 31282 
37913 32781 32492 31345 
40387 35809 32221 31589 
41549 38748 32030 31998 
41878 40764 31983 32531 
41367 41068 32000 33084 
39806 39412 32089 33584 
36890 35988 32264 34020 
32889 31744 32521 34317 
28434 27582 32788 34408 
24593 24422 32984 34212 
22493 23041 33210 33846 
22711 23668 33349 33270 
24988 26009 33427 32638 
28488 29481 33445 32001 
32158 33323 33366 31394 
35299 36774 33212 30965 
37569 39304 33022 30746 
38859 40579 32793 30821 
39293 40454 32583 31167 
38957 38966 32367 31738 
37901 36268 32185 32432 
36254 32785 32058 33185 
34269 29156 32020 33892 
32189 25993 32056 34412 
30253 24055 32186 34699 
28594 23957 32351 34681 
27300 26052 32571 34376 
26510 29986 32759 33827 
26435 35028 32946 33139 
27206 40008 33020 32388 
29107 43792 33121 31786 
31865 45303 33122 31330 
34905 44063 33089 31158 
37625 40275 33042 31235 
39367 34596 32973 31525 
39859 27986 32913 31955 
39232 21517 32883 32438 
37895 16488 32874 32881 
36240 13995 32839 33181 
34474 14788 32829 33370 
32436 19091 32788 33368 
30013 26768 32731 33246 
27281 36782 32620 33020 
24927 46731 32501 32786 
23559 55062 32392 32599 
23790 59958 32285 32507 
25874 60008 32198 32487 
29451 54776 32190 32638 
33617 45234 32252 32824 
37443 32839 32335 33005 
40294 19948 32525 33216 
41749 8912 32734 33310 
41829 1765 32974 33275 
40643 107 33161 33073 
38577 3831 33316 32793 
35904 12322 33411 32460 
32970 24012 33463 32135 
30147 36931 33394 31870 
27610 49634 33198 31643 
25847 59377 32941 31630 
24976 64791 32674 31804 
25053 65445 32420 32133 
25912 59953 32174 32548 
27482 50849 31997 32997 
29627 39016 31869 33411 
32249 26167 31898 33799 
34907 15059 32075 34040 
37271 7170 32284 34052 
39085 3603 32601 33917 
40076 4551 32891 33532 
40225 9680 33101 32993 
39754 17842 33320 32443 
38752 27684 33459 31910 
37219 37689 33511 31497 
35019 46482 33429 31217 
32099 52925 33267 31174 
28747 56050 33078 31370 
25331 55668 32842 31768 
22574 52032 32627 32298 
21134 45835 32414 32885 
21509 37982 32229 33450 
23779 30087 32081 33871 
27671 23348 32071 34156 
32379 18665 32086 34173 
37238 16659 32179 33967 
41646 17318 32364 33609 
44750 19899 32548 33117 
46317 23439 32768 32591 
46111 27091 32952 32105 
44106 30270 33028 31662 
40450 33039 33115 31480 
35402 35431 33065 31443 
29686 37726 32991 31642 
24015 40000 32923 32023 
19173 41944 32855 32504 
15961 43184 32752 32941 
15386 43421 32731 33379 
17722 42556 32744 33660 
22660 40694 32755 33750 
29438 38093 32807 33638 
36903 34827 32851 33335 
43513 30990 32872 32895 
48108 26713 32856 32439 
50011 22408 32795 32026 
49297 18662 32695 31769 
46460 16343 32554 31672 
41998 16281 32369 31801 
36480 19055 32232 32087 
30745 24270 32163 32517 
25100 31088 32174 32993 
20080 38338 32215 33358 
16474 44873 32425 33707 
14976 49822 32663 33847 
16235 52396 32918 33767 
20262 52434 33144 33489 
26480 49964 33317 33087 
33834 45208 33426 32634 
41123 38489 33463 32174 
46775 30740 33366 31803 
49993 22829 33208 31572 
50313 15883 32954 31510 
48019 11016 32729 31671 
43421 9037 32474 31968 
37578 10452 32236 32336 
31309 15189 32075 32779 
25480 22700 31992 33219 
20841 31954 31952 33561 
17995 41839 32062 33850 
17337 50590 32224 33944 
18867 56929 32418 33854 
22407 59740 32705 33643 
27381 58141 32950 33275 
32925 52339 33177 32838 
38246 43311 33359 32386 
42622 32544 33490 31962 
45453 22028 33515 31601 
46386 13524 33430 31385 
45316 8717 33256 31332 
42473 7937 33033 31461 
38287 10798 32773 31767 
33326 16417 32510 32176 
28241 23787 32270 32657 
24136 31654 32118 33186 
21579 39335 32033 33646 
21059 46127 32058 33999 
22560 51334 32169 34160 
25677 54285 32309 34105 
29572 54364 32529 33920 
33408 51255 32690 33519 
36514 45290 32806 33045 
38400 37358 32850 32494 
39087 28697 32880 32064 
38644 21113 32906 31741 
37363 15583 32867 31539 
35716 12858 32880 31574 
34071 12967 32901 31725 
32759 15669 32986 32039 
31986 20142 33068 32367 
31798 25741 33150 32701 
32023 31746 33193 32945 
32418 37555 33166 33087 
32790 42767 33074 33159 
32876 46674 32904 33124 
32494 49107 32657 32997 
31668 49950 32417 32873 
30478 49062 32160 32747 
29227 46404 31988 32696 
28308 42104 31874 32692 
28085 36398 31912 32782 
28787 29773 32043 32908 
30459 22860 32259 33057 
32828 16881 32572 33191 
35311 12858 32854 33200 
37565 11473 33125 33118 
39144 13014 33369 32950 
39837 17283 33498 32700 
39629 23860 33549 32409 
38519 31585 33516 32127 
36507 39670 33353 31847 
33735 47201 33141 31699 
30436 53318 32900 31672 
27041 57183 32656 31845 
24324 57819 32465 32154 
22776 54610 32239 32497 
22903 47672 32067 32899 
24802 37465 31961 33338 
28005 25750 31910 33677 
31812 15017 31975 33938 
35598 7181 32128 34014 
38856 3634 32322 33891 
41409 5071 32583 33603 
42999 10910 32871 33210 
43524 19501 33116 32692 
42882 29371 33379 32210 
40738 39246 33538 31770 
36936 48318 33636 31487 
31738 55517 33616 31349 
26069 60067 33462 31380 
21103 61317 33287 31646 
17972 58618 33036 32052 
17480 51691 32705 32448 
19905 41038 32374 32905 
24691 28424 32091 33337 
30559 16493 31905 33694 
36273 7248 31774 33869 
41024 2461 31776 33905 
44295 2906 31888 33754 
45844 8208 32105 33493 
45834 16860 32388 33118 
44436 27191 32705 32721 
41775 37549 33034 32347 
37829 46383 33259 32004 
32738 52766 33414 31775 
27113 55980 33489 31751 
21787 55819 33407 31814 
17778 52833 33264 32060 
15988 47599 33048 32356 
17064 40870 32843 32741 
21128 33285 32661 33095 
27373 25854 32531 33369 
34687 19280 32474 33490 
41584 14433 32482 33474 
46841 12083 32541 33296 
49454 12777 32642 33019 
48902 16463 32684 32640 
45655 22558 32737 32300 
40443 29960 32741 32018 
34406 37355 32696 31865 
28495 43770 32581 31850 
23880 48228 32503 32055 
20975 50393 32455 32408 
19867 50154 32389 32782 
20567 47683 32411 33205 
22944 43345 32517 33560 
26558 37820 32643 33788 
31001 31670 32775 33794 
35868 25682 32955 33653 
40369 20354 33069 33286 
43827 16523 33202 32888 
45239 14781 33229 32378 
44426 15399 33241 31961 
41383 18381 33172 31625 
36584 23553 33010 31441 
30926 30600 32814 31469 
25641 38319 32575 31674 
21840 45737 32365 32069 
20185 51575 32142 32501 
21015 54693 31996 32996 
24197 54293 31931 33444 
28951 50180 32020 33841 
34365 42788 32213 34034 
39395 33272 32469 34011 
43245 23265 32781 33814 
45276 14673 33096 33450 
45060 9539 33373 33003 
42572 8669 33547 32502 
38148 12221 33610 32026 
32415 19265 33546 31651 
26173 28483 33335 31428 
20902 37791 33059 31388 
17623 45952 32726 31526 
17202 51811 32439 31864 
19872 54570 32192 32273 
25262 53757 32037 32747 
32168 49370 31979 33185 
39175 41986 32022 33543 
45059 32739 32175 33838 
48730 23211 32348 33900 
49594 15074 32544 33768 
47617 10772 32755 33555 
43194 10925 32949 33239 
36964 15482 33047 32806 
29832 23491 33152 32413 
22756 33397 33215 32082 
17117 42828 33161 31789 
14249 49776 33098 31709 
14696 53001 32939 31746 
18674 52027 32804 31965 
25455 46902 32621 32261 
33389 39041 32507 32666 
40892 29855 32418 33032 
46532 21324 32381 33358 
49406 15198 32410 33554 
49208 12825 32516 33611 
46207 14902 32669 33514 
41040 21011 32778 33211 
34593 29953 32890 32821 
27998 39761 32986 32438 
22379 48453 33031 32070 
19110 53680 33035 31863 
18749 54302 32934 31750 
21384 50344 32819 31860 
26442 42321 32654 32107 
32330 32359 32548 32525 
37593 22380 32473 32965 
41229 13945 32361 33319 
42806 8584 32368 33629 
42155 7309 32411 33768 
39571 10822 32535 33734 
35593 18719 32672 33530 
30862 29932 32802 33165 
26319 42506 32949 32745 
23032 54291 33080 32306 
22143 62395 33158 31927 
24184 64693 33165 31679 
28855 60944 33125 31619 
35008 51859 32971 31696 
40920 39088 32754 31923 
45055 24839 32542 32285 
46127 12260 32381 32772 
43924 3171 32180 33156 
39189 142 32105 33529 
32976 58 32127 33776 
26856 8175 32267 33833 
21845 19759 32521 33774 
18603 33538 32785 33510 
17590 47503 33040 33085 
19149 58883 33275 32609 
23053 65050 33436 32155 
28926 65470 33484 31770 
35993 60669 33419 31533 
43049 51156 33218 31444 
48959 37877 32925 31556 
52233 24052 32659 31885 
52063 11996 32392 32335 
48267 3942 32187 32852 
41316 1352 32002 33338 
32558 4821 31940 33737 
23859 13203 31985 33974 
16696 24721 32150 34025 
12318 37022 32401 33873 
11392 48043 32704 33532 
14117 55696 32991 33055 
19842 58847 33254 32556 
27483 57438 33426 32075 
35886 51810 33478 31678 
43726 42810 33394 31461 
49712 31809 33158 31430 
52602 21343 32893 31666 
52187 12929 32582 32015 
48650 8385 32324 32514 
42748 8721 32125 32979 
35465 14228 32046 33409 
28271 23563 32114 33741 
22292 34771 32347 33878 
18253 45410 32605 33789 
16610 53496 32924 33504 
17479 56636 33141 33051 
20485 54673 33356 32628 
24933 48207 33409 32200 
30128 38758 33337 31837 
35378 28163 33129 31622 
39942 18783 32853 31620 
43136 12473 32532 31791 
44780 10026 32284 32128 
44700 11585 32091 32545 
43076 16793 32014 32998 
40113 24928 32031 33386 
36456 34604 32211 33685 
32638 44030 32452 33808 
29135 51914 32768 33761 
26159 56713 33013 33500 
24030 57394 33227 33136 
22922 53351 33314 32680 
23032 45514 33325 32305 
24214 35189 33182 31962 
26422 24369 32946 31762 
29575 14950 32686 31749 
33241 8865 32460 31924 
36980 6712 32256 32159 
40430 8740 32214 32519 
43019 14419 32274 32872 
44264 23011 32427 33159 
43714 32909 32646 33365 
41258 42772 32926 33441 
37119 51108 33139 33360 
31958 56601 33300 33161 
26661 58352 33358 32890 
22404 56014 33251 32562 
20007 50237 33066 32315 
19877 42082 32790 32130 
22009 32889 32483 32062 
26091 23920 32203 32127 
31352 16659 31999 32302 
36796 12054 31927 32563 
41501 10371 32003 32862 
44591 11663 32160 33116 
45522 15919 32448 33340 
43931 22307 32781 33434 
40290 29801 33094 33398 
35353 37488 33343 33224 
30024 44334 33500 32942 
25363 49317 33578 32648 
22077 51727 33505 32323 
20811 51149 33297 32026 
21785 47983 32991 31855 
24805 42912 32655 31842 
29386 36842 32324 31991 
34798 30622 32045 32273 
39804 25324 31884 32669 
43238 21593 31809 33057 
44447 19682 31903 33418 
43169 19696 32127 33696 
39608 21470 32425 33777 
34621 24660 32800 33661 
29408 28474 33132 33355 
24974 32290 33439 32955 
