32461 32429 32654 32337 
32461 32429 32654 32337 
32322 32398 32408 32342 
32219 32378 32180 32419 
32175 32395 32004 32557 
32279 32527 31974 32782 
32435 32674 32027 32971 
32684 32878 32195 33146 
32924 33076 32428 33215 
33188 33282 32718 33217 
33404 33463 33043 33142 
33513 33542 33312 32960 
33502 33507 33489 32730 
33396 33391 33578 32486 
33211 33177 33548 32267 
32943 32870 33406 32109 
32585 32472 33114 31986 
32255 32094 32800 31999 
32002 31790 32464 32132 
31786 31537 32133 32333 
31706 31458 31897 32610 
31722 31528 31738 32894 
31909 31757 31762 33188 
32240 32197 32003 33481 
32603 32676 32295 33621 
33005 33201 32699 33664 
33355 33672 33078 33520 
33639 34034 33434 33278 
33803 34200 33680 32923 
33819 34188 33774 32536 
33686 33955 33699 32145 
33424 33557 33442 31813 
33082 33059 33063 31599 
32704 32517 32621 31560 
32338 32022 32245 31734 
31797 31359 31747 32387 
31730 31323 31769 32853 
31751 31416 31887 33259 
31892 31697 32152 33602 
32151 32122 32501 33810 
32500 32607 32866 33830 
32842 33077 33167 33679 
33163 33497 33386 33404 
33403 33805 33475 33022 
33555 33958 33471 32622 
33574 33930 33354 32232 
33436 33710 33130 31899 
33202 33365 32850 31692 
32892 32933 32558 31655 
32610 32500 32322 31821 
32341 32082 32150 32085 
32135 31727 32042 32456 
32042 31580 32048 32870 
32075 31602 32159 33243 
32213 31803 32359 33527 
32441 32140 32630 33680 
32715 32572 32913 33683 
32957 33003 33162 33463 
33105 33356 33318 33094 
33224 33645 33439 32681 
33224 33754 33442 32277 
33079 33638 33293 31911 
32898 33415 33101 31707 
32657 33065 32826 31658 
32426 32660 32530 31787 
32346 32381 32346 32146 
32299 32121 32158 32540 
32348 31975 32036 32957 
32510 32025 32054 33382 
32716 32185 32162 33694 
32893 32375 32315 33809 
33068 32618 32555 33760 
33146 32813 32758 33538 
33126 32963 32954 33152 
33012 33020 33084 32693 
32870 33051 33189 32261 
32693 33031 33253 31904 
32482 32921 33198 31626 
32336 32794 33115 31546 
32238 32672 32964 31665 
32207 32563 32782 31940 
32295 32537 32630 32358 
32402 32513 32461 32800 
32532 32508 32313 33224 
32698 32547 32218 33590 
32878 32648 32255 33863 
33014 32731 32325 33903 
33126 32812 32480 33775 
33141 32842 32646 33457 
33130 32872 32864 33046 
33064 32846 33037 32542 
33018 32880 33226 32123 
32905 32841 33271 31700 
32780 32818 33239 31465 
32669 32803 33122 31415 
32590 32802 32940 31557 
32533 32787 32723 31853 
32501 32771 32516 32262 
32483 32759 32348 32759 
32475 32694 32236 33198 
32464 32623 32213 33584 
32500 32578 32293 33842 
32519 32525 32404 33925 
32554 32480 32567 33870 
32561 32402 32687 33630 
32571 32352 32801 33330 
32555 32285 32846 32948 
32574 32282 32863 32603 
32632 32363 32884 32304 
32689 32485 32853 32054 
32815 32685 32847 31897 
32985 32962 32870 31860 
33122 33224 32862 31848 
33295 33515 32933 31960 
33387 33698 32985 32070 
33396 33775 33005 32233 
33290 33676 32997 32400 
33105 33453 32954 32598 
32829 33088 32844 32787 
32505 32626 32693 32964 
32226 32192 32531 33172 
31990 31798 32387 33365 
31834 31499 32262 33501 
31807 31406 32180 33587 
31884 31464 32166 33568 
32087 31694 32237 33486 
32383 32074 32378 33315 
32717 32524 32568 33058 
33052 33007 32790 32751 
33316 33422 32973 32403 
33522 33782 33160 32101 
33578 33943 33266 31804 
33569 33963 33342 31647 
33429 33799 33331 31592 
33192 33490 33216 31672 
32855 33051 32987 31807 
32582 32649 32791 32109 
32292 32249 32529 32471 
32073 31930 32291 32884 
31923 31706 32086 33297 
31908 31671 32009 33696 
31976 31747 32016 33973 
32179 31946 32170 34123 
32397 32186 32372 34058 
32672 32489 32677 33830 
32943 32795 32971 33406 
33155 33049 33215 32880 
33307 33273 33410 32316 
33406 33446 33513 31775 
33408 33534 33495 31341 
33272 33483 33317 31066 
33117 33413 33091 31058 
32910 33250 32781 31272 
32697 33067 32474 31688 
32522 32879 32222 32271 
32411 32681 32041 32911 
32314 32473 31928 33507 
32286 32285 31934 33999 
32344 32190 32111 34324 
32399 32069 32330 34373 
32489 32022 32624 34203 
32559 32000 32914 33788 
32608 32026 33142 33199 
32661 32138 33315 32611 
32728 32338 33396 32067 
32740 32545 33321 31622 
32767 32807 33156 31417 
32762 33039 32895 31408 
32769 33257 32636 31626 
32805 33447 32431 32041 
32862 33570 32326 32524 
32898 33576 32294 32972 
32940 33500 32360 33314 
32977 33350 32506 33510 
33032 33158 32724 33532 
33035 32925 32928 33362 
33003 32636 33067 33054 
32933 32406 33165 32715 
32815 32174 33158 32392 
32627 31981 33038 32128 
32416 31831 32811 32004 
32269 31829 32613 32093 
32173 31903 32416 32318 
32130 32066 32260 32631 
32183 32303 32201 32987 
32286 32565 32201 33288 
32488 32862 32315 33511 
32700 33122 32479 33551 
32928 33356 32682 33455 
33155 33558 32917 33243 
33310 33634 33089 32873 
33401 33622 33210 32461 
33427 33549 33299 32111 
33344 33365 33292 31830 
33153 33079 33188 31673 
32865 32706 33006 31680 
32532 32302 32734 31878 
32255 31963 32517 32242 
31993 31680 32275 32667 
31852 31573 32122 33127 
31804 31582 32032 33508 
31930 31785 32084 33798 
32178 32124 32255 33914 
32507 32546 32492 33813 
32892 33027 32796 33583 
33220 33425 33067 33163 
33461 33703 33268 32653 
33634 33874 33406 32158 
33674 33863 33453 31719 
33554 33687 33358 31444 
33316 33374 33140 31341 
33010 32993 32883 31455 
32677 32584 32581 31771 
32385 32236 32365 32266 
32113 31919 32173 32798 
31922 31736 32058 33306 
31841 31700 32062 33701 
31887 31817 32171 33980 
32043 32049 32361 34042 
32281 32347 32577 33897 
32582 32702 32820 33606 
32864 32996 32996 33197 
33093 33215 33112 32698 
33304 33384 33232 32259 
33396 33408 33226 31857 
33396 33359 33158 31585 
33310 33216 33036 31508 
33156 33039 32853 31663 
32974 32862 32684 32088 
32747 32662 32478 32633 
32531 32507 32341 33177 
32254 32314 32244 33401 
31956 32045 32221 33156 
31819 31819 32300 32513 
32028 31704 32481 31702 
32584 31773 32638 31106 
33518 32165 32874 31198 
34416 32824 33035 32004 
34706 33731 33149 33347 
33776 34799 33191 34865 
31503 35939 33185 36141 
28603 36837 33102 36712 
26389 37097 32978 36521 
26279 36156 32800 35580 
29111 33658 32627 34109 
34533 29548 32456 32225 
40595 24762 32364 30260 
45249 20468 32320 28346 
46671 18172 32315 26789 
44191 19059 32376 25915 
38277 23729 32470 26026 
30755 31390 32621 27307 
23371 40670 32792 29739 
17774 49517 32910 32948 
14928 56022 32965 36519 
15295 58782 32993 39952 
18725 56705 32953 42383 
24503 50116 32860 43337 
31898 39897 32702 42536 
39962 27699 32613 40074 
47320 15393 32535 36178 
52901 4897 32502 31375 
55551 210 32519 26614 
54787 74 32608 22663 
50536 86 32784 20255 
42951 11012 32915 19763 
32685 24374 33075 21479 
21424 39652 33146 25020 
11062 54966 33158 29839 
3871 65112 33134 35160 
1616 65459 32951 40121 
5484 65505 32748 43881 
14638 65523 32541 45786 
27332 65522 32351 45619 
41120 49679 32220 43449 
53540 30573 32139 39636 
62518 11843 32162 34764 
65435 382 32265 29613 
64807 61 32432 25298 
54951 35 32642 22308 
43088 5922 32864 21052 
29334 16701 33040 21614 
16409 31198 33217 23874 
6550 45688 33302 27381 
1992 56746 33293 31419 
2994 62509 33184 35399 
9037 61914 32993 38657 
18739 55417 32726 40756 
30541 44346 32501 41517 
42153 31274 32319 40862 
51693 19043 32246 39087 
57794 9655 32241 36496 
59395 4532 32335 33611 
56247 4301 32532 30912 
48838 8708 32783 28737 
38829 16903 33008 27403 
28459 27260 33159 27029 
19621 38324 33264 27539 
13901 48303 33239 28737 
12052 55691 33140 30349 
13908 59215 32926 32077 
18613 58209 32687 33625 
25001 52984 32394 34767 
31971 44871 32176 35434 
38460 35471 32047 35598 
43778 26477 32056 35341 
46969 19770 32133 34687 
47772 16109 32348 33889 
45995 15550 32621 33080 
41979 17647 32922 32425 
36409 21600 33185 31948 
30447 26369 33386 31739 
25396 30961 33504 31781 
22016 34759 33473 31951 
20844 37266 33344 32227 
21853 38366 33113 32456 
24752 38256 32856 32637 
28808 37208 32528 32663 
33234 35884 32264 32627 
37329 34700 32066 32500 
40455 34028 31915 32345 
42161 34022 31880 32246 
42056 34561 31939 32250 
40168 35348 32150 32434 
36706 35921 32403 32707 
32404 35963 32708 33065 
28155 35283 32997 33399 
24898 33903 33256 33658 
23527 32105 33477 33803 
24246 30193 33653 33779 
26656 28386 33630 33478 
30374 27085 33547 33088 
34338 26478 33346 32549 
37738 26742 33069 32021 
40084 27883 32741 31583 
41008 29761 32404 31322 
40472 32145 32115 31295 
38584 34569 31910 31513 
35664 36496 31796 31927 
32132 37637 31837 32461 
28508 37850 31999 33045 
25404 37153 32184 33523 
23547 35896 32459 33907 
23454 34421 32738 34075 
25131 33038 32933 33988 
28355 32073 33092 33735 
32384 31588 33159 33355 
36585 31561 33166 32916 
40032 31776 33113 32474 
42180 32072 33074 32154 
42719 32311 33021 31943 
41522 32446 32965 31852 
38644 32456 32949 31890 
34395 32387 32943 32017 
29705 32242 32982 32235 
25428 31784 32922 32351 
22770 31082 32887 32496 
22342 30129 32768 32580 
24239 29233 32635 32646 
27781 28885 32433 32672 
31607 29535 32237 32723 
34906 31392 32076 32821 
37185 34218 31959 32935 
38552 37382 31958 33142 
39290 40104 32064 33361 
39556 41356 32257 33510 
39222 40783 32548 33633 
37928 38411 32892 33642 
35415 34701 33187 33473 
32026 30584 33444 33197 
28503 26973 33595 32795 
25804 24609 33658 32362 
24717 23964 33557 31895 
25431 25028 33400 31560 
27426 27387 33110 31301 
30088 30514 32825 31261 
32627 33668 32523 31399 
34732 36426 32258 31757 
36220 38256 32080 32240 
37108 38916 31915 32737 
37574 38488 31887 33309 
37506 36906 31925 33788 
36881 34408 32024 34102 
35764 31465 32244 34252 
34301 28664 32502 34198 
32627 26592 32782 33947 
30901 25867 33035 33515 
29247 26943 33258 32992 
27832 29832 33389 32388 
27003 34051 33530 31911 
26951 38437 33521 31507 
27960 42045 33420 31277 
30027 43911 33290 31273 
32808 43423 33077 31432 
35754 40426 32807 31723 
38065 35544 32542 32128 
39298 29576 32341 32603 
39329 23468 32153 33054 
38395 18299 32002 33430 
36877 15072 31976 33736 
35081 14703 31989 33861 
33123 17675 32151 33903 
30849 23762 32333 33754 
28334 32271 32557 33489 
25923 42073 32818 33155 
24217 50929 33005 32723 
23896 57285 33150 32322 
25337 59679 33260 32026 
28385 57234 33259 31802 
32392 50020 33153 31708 
36377 39434 33008 31804 
39587 27191 32849 32030 
41455 15581 32712 32339 
41824 6694 32606 32726 
40806 2160 32562 33070 
38725 2852 32536 33299 
36075 8448 32615 33448 
33148 17859 32698 33410 
30371 29416 32822 33257 
28046 41446 32888 32945 
26365 52250 32911 32591 
25653 59911 32948 32336 
25751 63303 32866 32079 
26629 61904 32737 31974 
28115 55949 32529 31967 
30134 46281 32398 32180 
32268 34865 32229 32469 
34430 23410 32147 32820 
36308 13843 32139 33173 
37769 7633 32293 33516 
38552 5440 32487 33674 
38669 7524 32743 33667 
38279 13119 33002 33483 
37517 21219 33231 33139 
36475 30478 33380 32718 
35137 39535 33480 32354 
33213 47235 33396 31970 
30786 52301 33199 31742 
28025 54310 32920 31689 
25398 53148 32627 31833 
23509 49130 32357 32118 
22908 42906 32163 32505 
23987 35670 32077 32895 
26617 28758 32096 33228 
30375 23191 32240 33441 
34656 19728 32489 33521 
38865 18602 32754 33416 
42327 19659 33008 33151 
44431 21986 33158 32785 
45038 24894 33239 32446 
44052 27802 33199 32142 
41486 30434 33057 31951 
37428 32921 32825 31925 
32471 35346 32571 32057 
27187 37881 32384 32367 
22230 40234 32247 32733 
18450 42041 32210 33109 
16600 42932 32256 33407 
17321 42771 32429 33620 
20856 41501 32654 33638 
26554 39358 32879 33479 
33217 36568 33048 33142 
39833 33270 33162 32735 
45168 29539 33214 32321 
48358 25554 33188 31961 
49023 21676 33080 31711 
47314 18761 32923 31640 
43832 17628 32737 31743 
39203 18761 32571 31978 
33973 22306 32434 32321 
28572 27682 32326 32707 
23408 34175 32285 33130 
19095 40454 32220 33415 
16520 45549 32287 33692 
16171 48876 32360 33782 
18414 50072 32472 33706 
23106 49084 32617 33535 
29649 45946 32786 33247 
36837 40801 32942 32856 
42990 34587 33109 32500 
47333 27780 33241 32138 
49215 21292 33344 31858 
48518 16065 33366 31676 
45476 12943 33333 31641 
40688 12645 33205 31729 
35113 15283 32982 31899 
29534 20658 32747 32204 
24655 28061 32501 32556 
21091 36415 32260 32927 
19206 44753 32073 33282 
19264 51524 31930 33538 
21220 55499 31948 33716 
24632 55877 32033 33740 
28999 52402 32200 33639 
33685 45576 32412 33407 
38153 36387 32694 33133 
41572 26833 32897 32788 
43689 18495 33056 32454 
44286 12893 33191 32222 
43245 10701 33232 32056 
40630 11978 33190 31968 
36976 16107 33144 32024 
32760 22084 33086 32155 
28681 28998 32997 32302 
25417 36045 32900 32431 
23597 42683 32866 32584 
23478 48021 32812 32653 
24952 51659 32803 32731 
27437 52808 32727 32703 
30402 51218 32677 32720 
33184 46700 32585 32733 
35325 40096 32479 32793 
36620 32376 32337 32869 
37110 24881 32223 33000 
36924 18748 32142 33161 
36326 15055 32168 33347 
35477 14041 32248 33449 
34551 15406 32359 33428 
33776 18771 32581 33353 
33168 23526 32785 33104 
32792 29019 33001 32768 
32590 34772 33203 32392 
32463 39885 33375 32060 
32284 44235 33460 31782 
31902 47382 33449 31591 
31309 49155 33381 31586 
30484 49308 33210 31695 
29628 47768 33006 31953 
28991 44468 32754 32281 
28812 39568 32519 32695 
29290 33372 32260 33078 
30500 26402 32008 33417 
32287 19914 31858 33703 
34355 14749 31801 33869 
36313 11855 31854 33901 
37800 11739 31988 33793 
38655 14679 32273 33569 
38694 20200 32636 33269 
37948 27355 32964 32871 
36503 35444 33312 32469 
34435 43480 33596 32069 
31881 50563 33802 31757 
28997 55885 33825 31512 
26479 58147 33710 31434 
24770 56668 33445 31485 
24381 51378 33125 31692 
25342 42623 32714 31986 
27574 31766 32369 32391 
30644 20401 32065 32843 
33850 10940 31804 33248 
36760 5403 31705 33584 
39159 4446 31759 33854 
40951 7948 31934 33988 
41978 14895 32176 33942 
42055 24119 32484 33756 
40878 33761 32791 33462 
38211 42944 33045 33043 
34172 50837 33238 32632 
29248 56686 33361 32233 
24241 59731 33372 31913 
20527 59045 33280 31713 
18933 54399 33102 31681 
19915 46029 32896 31782 
23200 35097 32715 32000 
28099 23267 32574 32324 
33387 13078 32485 32633 
38055 6604 32458 32888 
41648 4731 32517 33075 
43931 7499 32633 33171 
44869 14043 32749 33156 
44552 23128 32873 33050 
42960 32790 32948 32910 
40056 41574 32940 32739 
35911 48452 32866 32617 
30864 52652 32759 32583 
25405 53895 32611 32630 
20612 52196 32431 32729 
17607 48193 32290 32867 
17056 42562 32219 33015 
19276 36030 32220 33115 
23982 29268 32318 33157 
30393 22890 32518 33114 
37071 17887 32734 32952 
42862 14843 32949 32705 
46675 14360 33157 32410 
47926 16612 33338 32146 
46454 21326 33410 31909 
42833 27751 33430 31819 
37934 34496 33324 31831 
32633 40630 33137 31978 
27827 45365 32861 32231 
24117 48188 32576 32591 
21863 48903 32308 33061 
21196 47453 32062 33444 
22091 44176 31893 33746 
24415 39522 31838 33922 
27952 34043 31931 33940 
32322 28260 32114 33756 
36961 22875 32434 33439 
40859 18816 32797 33025 
43371 16360 33124 32495 
43979 15977 33411 32003 
42453 17846 33627 31588 
38921 21971 33658 31290 
34118 28055 33566 31226 
29073 35349 33382 31387 
24893 42673 33096 31747 
22389 48943 32758 32232 
22062 53120 32471 32829 
23821 54205 32184 33371 
27405 51663 32006 33831 
32074 45629 31953 34122 
36681 37080 31982 34161 
40510 27330 32092 33977 
42966 18225 32294 33633 
43624 11554 32527 33164 
42273 8682 32789 32664 
39032 10188 32970 32136 
34376 15654 33135 31740 
29067 23856 33267 31520 
24002 33141 33285 31472 
20230 42239 33241 31622 
18769 49478 33107 31931 
20079 53852 32950 32331 
23943 54819 32748 32767 
29625 52218 32561 33184 
36015 46203 32355 33482 
41939 37585 32273 33712 
46116 28014 32225 33743 
47995 19255 32292 33638 
47339 13056 32431 33404 
44341 10766 32621 33076 
39485 12888 32839 32692 
33233 19075 33017 32285 
26780 27762 33173 31962 
21035 37096 33235 31740 
17085 45259 33192 31624 
15886 50740 33115 31732 
17894 52205 32925 31914 
22717 49603 32709 32248 
29368 43585 32475 32618 
36433 35426 32294 33020 
42450 26734 32150 33355 
46560 19134 32131 33633 
47850 14661 32191 33750 
46479 14202 32342 33696 
42881 17800 32513 33482 
37742 24809 32733 33192 
31772 33761 32894 32807 
25913 42946 32985 32399 
21745 49795 33068 32167 
19973 52802 33064 32019 
20902 51494 33000 32007 
24229 46273 32914 32107 
28959 38334 32822 32283 
34105 29003 32759 32518 
38339 20184 32773 32768 
40930 13457 32770 32881 
41724 9932 32826 32939 
40707 10336 32854 32874 
38182 15039 32895 32760 
34518 23515 32881 32586 
30235 34647 32785 32415 
26408 46129 32675 32332 
24116 55449 32530 32342 
24115 60716 32396 32471 
26600 60694 32273 32695 
31109 55187 32192 32972 
36325 45260 32167 33265 
40619 33172 32289 33539 
42892 20995 32459 33683 
42637 10939 32672 33695 
40010 4633 32898 33507 
35620 3165 33094 33138 
30744 6971 33247 32677 
26351 15223 33348 32209 
22995 26475 33337 31754 
21153 38747 33285 31438 
21099 50001 33176 31322 
23037 58365 32996 31378 
26907 62020 32773 31626 
32206 60458 32610 32083 
38120 54092 32410 32592 
43632 44026 32241 33123 
47558 32051 32051 33574 
49008 20420 32007 33985 
47361 11064 32011 34203 
42837 6133 32090 34188 
36322 6215 32236 33981 
29024 11161 32481 33627 
22245 19731 32745 33151 
17227 30284 33070 32633 
14942 40580 33370 32111 
15652 48647 33581 31669 
19177 53537 33705 31390 
24864 54631 33669 31234 
31782 52059 33529 31303 
38899 46102 33238 31510 
44997 37912 32909 31926 
48975 28775 32527 32374 
50205 20549 32201 32901 
48547 14633 31887 33342 
44464 12463 31742 33734 
38570 14610 31709 33969 
32040 20835 31841 34042 
26032 29480 32062 33921 
21406 38763 32422 33718 
18662 46489 32776 33393 
18055 51057 33113 32960 
19569 51524 33372 32513 
22852 47904 33591 32145 
27301 41139 33641 31818 
32212 32765 33513 31564 
36909 24573 33287 31509 
40889 18029 32974 31606 
43412 14445 32575 31801 
44447 14276 32265 32160 
43776 17260 31994 32544 
41677 22979 31846 32947 
38473 30694 31857 33363 
34739 39050 32049 33687 
31045 46573 32352 33857 
27775 52088 32728 33841 
25227 54455 33107 33634 
23654 53071 33421 33300 
23201 47851 33652 32882 
23875 39587 33638 32358 
25657 30187 33523 31960 
28323 21177 33251 31653 
31604 14103 32856 31520 
35232 10100 32489 31626 
38726 9665 32140 31902 
41477 12772 31899 32285 
43112 18843 31797 32735 
43226 26946 31842 33186 
41599 35923 31998 33538 
38332 44633 32311 33785 
33769 51635 32661 33824 
28929 55522 32999 33684 
24731 55808 33249 33368 
21959 52688 33457 32972 
21080 46760 33528 32513 
22339 38673 33481 32075 
25397 30158 33300 31741 
29627 22418 32994 31523 
34370 16321 32672 31547 
38771 12557 32383 31771 
42094 11509 32168 32126 
43668 13260 31988 32554 
43199 17693 31991 33073 
40798 23970 32107 33517 
36992 31341 32299 33848 
32568 38874 32623 34017 
28218 45437 32888 33937 
24884 49983 33161 33655 
23093 51815 33335 33244 
23060 50877 33419 32722 
24816 47533 33400 32201 
28050 42289 33249 31693 
32269 35999 32992 31315 
36624 29895 32743 31191 
40214 24652 32500 31305 
42188 20834 32273 31595 
42138 18870 32152 32099 
39978 18888 32132 32693 
36321 20769 32229 33292 
31912 24016 32362 33806 
27723 28050 32565 34157 
