33083 33557 33167 32865 
33083 33557 33167 32865 
32924 33548 33160 31808 
32793 33351 33055 31458 
32658 33049 32885 31315 
32451 32634 32621 31354 
32371 32313 32455 31698 
32296 32019 32293 32164 
32263 31814 32193 32694 
32278 31739 32174 33266 
32323 31794 32220 33723 
32458 32017 32389 34082 
32612 32309 32606 34182 
32785 32680 32840 34054 
32912 33003 33005 33689 
33027 33302 33113 33156 
33134 33563 33209 32623 
33229 33716 33226 32086 
33222 33679 33133 31620 
33188 33554 33034 31361 
33070 33279 32871 31297 
32898 32909 32695 31431 
32708 32521 32555 31765 
32531 32204 32471 32258 
32329 31896 32377 32749 
32141 31684 32303 33216 
32023 31655 32285 33630 
32010 31774 32335 33926 
32090 32013 32409 34031 
32243 32322 32516 33944 
32461 32700 32649 33713 
32738 33091 32811 33341 
33018 33440 32957 32921 
33262 33688 33065 32450 
33477 33859 33183 32063 
33606 33863 33276 31752 
33568 33669 33253 31519 
33446 33378 33209 31492 
33183 32961 33048 31570 
32896 32543 32888 31824 
32593 32149 32698 32156 
32318 31836 32531 32573 
32108 31640 32360 32985 
31970 31589 32219 33337 
31965 31740 32178 33638 
32052 31983 32178 33790 
32228 32343 32270 33805 
32458 32744 32416 33676 
32630 33065 32513 33425 
32790 33332 32628 33093 
32884 33466 32704 32731 
32966 33511 32791 32417 
32978 33408 32837 32159 
32983 33229 32885 32015 
32979 32998 32955 32003 
32942 32733 33008 32060 
32951 32522 33113 32206 
32967 32403 33218 32401 
32945 32341 33270 32534 
32938 32385 33279 32635 
32908 32498 33228 32689 
32825 32607 33060 32666 
32754 32755 32870 32652 
32654 32833 32607 32625 
32554 32868 32371 32654 
32460 32817 32153 32744 
32366 32674 31975 32855 
32354 32568 31939 33091 
32363 32434 31966 33272 
32399 32331 32082 33402 
32533 32377 32302 33514 
32645 32464 32541 33475 
32814 32686 32838 33354 
32941 32900 33060 33073 
33044 33141 33249 32709 
33112 33334 33379 32297 
33154 33469 33459 31931 
33102 33433 33416 31618 
32991 33283 33302 31474 
32816 33002 33126 31489 
32597 32631 32863 31666 
32386 32220 32586 32030 
32253 31902 32367 32527 
32179 31676 32186 33055 
32145 31582 32045 33526 
32238 31707 32034 33934 
32451 32030 32163 34189 
32750 32493 32389 34235 
33020 32974 32624 33989 
33251 33450 32867 33541 
33415 33838 33104 32983 
33452 34016 33221 32356 
33365 33995 33284 31771 
33193 33793 33268 31350 
32884 33359 33098 31067 
32562 32878 32913 31087 
32245 32350 32681 31322 
32065 31948 32525 31835 
31982 31645 32395 32433 
31983 31506 32318 33060 
32093 31538 32307 33622 
32348 31792 32409 34070 
32656 32173 32559 34288 
32942 32584 32703 34244 
33204 33038 32853 33986 
33355 33418 32932 33511 
33425 33702 32995 32966 
33392 33823 33011 32405 
33279 33777 33004 31914 
33007 33507 32880 31496 
32721 33113 32743 31301 
32473 32701 32622 31380 
32257 32262 32512 31658 
32129 31922 32418 32100 
32061 31680 32358 32584 
32106 31665 32363 33125 
32255 31864 32455 33579 
32457 32171 32610 33899 
32669 32591 32814 33999 
32854 33010 33004 33863 
32956 33336 33116 33470 
33079 33599 33230 33021 
33124 33679 33247 32477 
33145 33624 33197 31977 
33122 33394 33058 31566 
33090 33085 32870 31361 
33052 32733 32679 31386 
33005 32416 32507 31666 
32906 32114 32324 32065 
32805 31970 32238 32614 
32669 31941 32189 33181 
32509 32039 32215 33707 
32387 32270 32318 34091 
32321 32563 32491 34278 
32238 32826 32648 34167 
32205 33049 32815 33832 
32208 33176 32940 33285 
32280 33211 33060 32677 
32401 33143 33115 32040 
32537 32968 33091 31477 
32700 32761 33020 31130 
32872 32549 32916 31040 
33025 32380 32777 31239 
33155 32281 32662 31682 
33250 32293 32555 32330 
33307 32419 32534 33034 
33267 32581 32523 33659 
33199 32812 32591 34136 
33072 33022 32678 34311 
32953 33265 32829 34261 
32729 33350 32881 33829 
32568 33398 32967 33286 
32392 33310 32963 32643 
32294 33152 32944 32023 
32157 32818 32798 31476 
32120 32489 32657 31200 
32155 32187 32512 31212 
32253 31937 32389 31478 
32417 31800 32311 31975 
32610 31786 32290 32552 
32847 31955 32373 33177 
33045 32215 32501 33680 
33190 32530 32660 33998 
33308 32920 32885 34134 
33258 33212 33016 33916 
33196 33493 33157 33571 
33085 33701 33265 33135 
32894 33738 33256 32582 
32711 33671 33194 32107 
32544 33444 33068 31737 
32366 33080 32824 31511 
32262 32658 32587 31536 
32213 32213 32346 31759 
32217 31798 32149 32117 
32272 31524 32011 32544 
32393 31460 32007 32987 
32534 31573 32080 33339 
32732 31899 32285 33582 
32950 32383 32607 33691 
33110 32905 32919 33596 
33169 33363 33171 33311 
33226 33766 33410 32980 
33161 33980 33525 32604 
33103 34029 33579 32269 
32943 33829 33438 32011 
32783 33485 33216 31912 
32587 32987 32868 31911 
32458 32500 32565 32099 
32391 32042 32285 32377 
32369 31680 32077 32710 
32361 31457 31937 33008 
32392 31408 31927 33210 
32498 31603 32058 33367 
32649 31986 32278 33405 
32774 32447 32532 33293 
32932 33006 32832 33133 
32947 33427 32998 32787 
33010 33837 33201 32521 
33020 34037 33313 32264 
32952 34008 33318 32085 
32822 33748 33221 32011 
32664 33352 33059 32076 
32514 32837 32844 32242 
32364 32245 32584 32486 
32313 31776 32413 32811 
32282 31397 32261 33096 
32323 31238 32191 33336 
32447 31335 32227 33501 
32602 31636 32342 33511 
32802 32127 32542 33413 
33046 32759 32815 33220 
33194 33340 33017 32874 
33289 33864 33169 32471 
33365 34260 33297 32137 
33308 34376 33294 31830 
33202 34270 33220 31668 
32973 33864 33023 31607 
32711 33286 32775 31731 
32461 32642 32525 31996 
32295 32048 32362 32420 
32141 31516 32208 32838 
32061 31189 32152 33256 
32077 31104 32194 33625 
32199 31301 32336 33895 
32381 31702 32537 33992 
32547 32190 32725 33902 
32706 32699 32865 33656 
32812 33138 32912 33366 
32882 33488 32898 33091 
32939 33710 32841 32880 
32938 33749 32752 32579 
32892 33617 32720 32121 
32688 33172 32677 31325 
32590 32620 32712 30420 
32809 32118 32816 29642 
33441 31802 32934 29367 
34449 31883 33052 29977 
35360 32505 33205 31487 
35361 33529 33233 33535 
33733 34945 33153 35645 
30521 36632 33046 37392 
26484 37980 32826 38272 
23596 38256 32552 38089 
23641 36686 32239 36982 
27537 32866 31973 35185 
34537 27078 31778 32908 
42550 20530 31777 30473 
48460 15307 31911 28141 
50141 13266 32136 26231 
46871 15780 32444 25122 
39507 23216 32864 25180 
30196 34034 33192 26468 
21293 46116 33473 28957 
14715 57066 33707 32448 
11508 64366 33761 36242 
12054 65454 33658 39788 
16138 65298 33488 42373 
23089 53668 33231 43458 
32046 40066 32871 42723 
41866 23979 32524 40163 
50815 8160 32208 36120 
57230 280 31929 31322 
60255 84 31771 26566 
59087 56 31702 22693 
53503 51 31772 20371 
43989 11424 31964 20204 
31519 25827 32204 22098 
17893 42649 32540 25845 
5458 59294 32914 30766 
179 65329 33263 36190 
45 65493 33550 40890 
39 65526 33747 44248 
12420 65535 33790 45701 
27508 65417 33706 44975 
43443 44098 33489 42250 
57657 22545 33189 38021 
65262 2745 32823 32989 
65488 115 32415 27997 
65517 29 32128 23910 
65419 17 31888 21408 
49204 8261 31736 20791 
32787 22766 31802 22171 
16893 39392 31965 25143 
4449 55007 32190 29234 
152 64986 32486 33624 
51 65485 32741 37561 
7216 65523 32982 40533 
15334 56825 33088 42041 
28011 43785 33157 42002 
40523 26452 33156 40526 
50986 10433 33099 37951 
57764 409 32986 34695 
59400 77 32856 31463 
55895 59 32813 28773 
47997 6289 32768 26927 
37302 14305 32800 26201 
26488 26775 32833 26532 
17686 39928 32891 27789 
12529 51599 32917 29604 
11731 60048 32926 31731 
14988 63420 32855 33651 
21091 61349 32726 35127 
28698 54634 32569 36006 
36415 44630 32369 36173 
43347 32992 32193 35728 
48064 22840 32058 34906 
50234 15632 32076 33937 
49440 12181 32141 32964 
45669 12608 32301 32191 
39684 16213 32543 31717 
32507 21764 32793 31597 
25542 27985 33037 31738 
19977 33847 33267 32057 
16991 38292 33422 32426 
16969 40765 33506 32752 
19619 41196 33490 32908 
24207 39907 33345 32871 
29904 37537 33143 32690 
35711 34830 32862 32389 
40837 32611 32599 32120 
44517 31377 32307 31920 
46080 31451 32097 31914 
45327 32569 31948 32067 
42327 34234 31916 32416 
37468 35857 31982 32861 
31898 36878 32180 33372 
26672 36940 32440 33763 
22910 35920 32722 33990 
21410 34012 33029 33987 
22416 31430 33268 33697 
25463 28864 33408 33230 
29770 26679 33453 32676 
34335 25295 33428 32140 
38256 24964 33257 31673 
40752 25847 33002 31397 
41579 27844 32741 31380 
40762 30678 32519 31652 
38421 33851 32350 32108 
35057 36632 32224 32607 
31122 38606 32175 33120 
27302 39494 32200 33546 
24302 39326 32311 33817 
22934 38283 32482 33869 
23478 36618 32629 33678 
26024 34783 32787 33344 
30039 33054 32924 32899 
34863 31687 33006 32402 
39348 30787 33059 31988 
42657 30269 33069 31698 
44198 30037 33010 31624 
43726 30022 32897 31714 
41221 30202 32752 32004 
36973 30545 32629 32405 
31496 31019 32527 32900 
25908 31490 32416 33358 
21453 31749 32371 33724 
19278 31643 32441 33943 
20025 31166 32523 33932 
23437 30613 32674 33716 
28544 30476 32857 33334 
33822 31193 33007 32815 
38247 33131 33124 32213 
41014 36033 33197 31695 
42175 38981 33192 31343 
42264 41204 33121 31199 
41496 41801 32925 31239 
39868 40440 32721 31573 
37168 37227 32490 32047 
33390 32823 32290 32612 
29046 28216 32133 33204 
24975 24298 32094 33758 
22564 22155 32131 34121 
22376 22077 32259 34242 
24276 23939 32466 34160 
27518 27219 32672 33848 
31273 31333 32888 33382 
34482 35253 33026 32846 
36797 38448 33107 32348 
38212 40482 33129 31946 
38822 41112 33072 31685 
38739 40254 32960 31605 
38079 38123 32861 31725 
36826 35004 32743 31933 
35210 31455 32717 32235 
33358 28008 32731 32570 
31544 25526 32767 32799 
29903 24652 32831 32942 
28480 25773 32868 32962 
27363 28908 32870 32911 
26782 33346 32835 32809 
26959 38074 32713 32662 
28176 41937 32608 32630 
30341 43819 32393 32594 
33229 43166 32247 32708 
36042 39957 32134 32873 
38167 34864 32127 33117 
39149 28689 32182 33310 
39055 22512 32372 33508 
38129 17608 32609 33548 
36831 14915 32910 33484 
35313 15186 33158 33222 
33537 18994 33384 32853 
31301 26067 33480 32376 
28742 35236 33482 31924 
26150 45148 33368 31537 
24225 53853 33184 31303 
23662 59501 32916 31230 
24995 60493 32656 31389 
27997 56416 32410 31752 
31917 47656 32196 32215 
35971 35373 32036 32784 
39209 22276 31959 33387 
41199 10574 31969 33923 
41766 2481 32062 34296 
41021 121 32212 34443 
39280 123 32444 34384 
36787 9435 32702 34084 
33912 20579 32993 33617 
30897 33758 33199 32943 
28342 46509 33383 32297 
26455 57149 33531 31708 
25370 63999 33546 31235 
25212 65439 33477 30974 
25879 62827 33299 30930 
27247 54718 33076 31115 
29184 43550 32789 31505 
31585 30695 32518 32058 
34125 18660 32283 32671 
36423 9523 32069 33216 
38233 4279 31900 33661 
39415 3586 31856 33997 
39867 7244 31926 34167 
39680 14346 32108 34173 
38895 23654 32330 33950 
37579 33683 32609 33609 
35589 43186 32888 33169 
32985 50487 33132 32695 
29817 54877 33361 32278 
26428 55810 33456 31928 
23389 53272 33417 31680 
21538 47942 33285 31623 
21371 40810 33112 31746 
23053 33052 32846 31925 
26505 25894 32625 32216 
31041 20666 32452 32565 
35896 18039 32338 32861 
40389 17936 32321 33090 
43965 19855 32393 33239 
46212 22953 32537 33281 
46679 26218 32673 33181 
45316 29147 32796 32999 
42130 31645 32863 32775 
37362 33999 32913 32594 
31591 36221 32846 32422 
25560 38556 32782 32391 
20126 40735 32673 32451 
16153 42397 32559 32591 
14645 43104 32474 32781 
16067 42690 32401 32924 
20343 41294 32422 33085 
26798 39101 32537 33202 
34433 36109 32652 33190 
41534 32571 32812 33111 
47057 28449 32941 32903 
50144 24073 33069 32666 
50525 20002 33166 32432 
48433 17207 33187 32184 
44461 16490 33126 31981 
39226 18361 33018 31884 
33117 22901 32852 31919 
26840 29361 32620 32059 
21201 36448 32411 32320 
16804 43001 32227 32667 
14440 48071 32069 33024 
14830 51106 32036 33395 
18170 51724 32083 33674 
23999 49898 32268 33844 
31428 45678 32504 33805 
39197 39384 32791 33600 
45413 32096 33083 33273 
49371 24490 33335 32831 
50547 17628 33515 32356 
48917 12478 33561 31873 
44947 10186 33505 31519 
39475 11140 33294 31313 
33342 15395 33030 31337 
27390 22388 32719 31548 
22359 31375 32393 31947 
19074 40864 32142 32472 
17753 49448 31939 32983 
18613 55823 31850 33473 
21562 58824 31924 33881 
25914 57543 32082 34087 
31061 52062 32353 34098 
36247 43230 32650 33901 
40769 32398 32968 33541 
43855 21943 33202 33063 
45243 13569 33336 32538 
44817 8721 33388 32082 
42580 7954 33265 31706 
38983 10974 33077 31532 
34525 16846 32850 31577 
29905 24342 32594 31794 
25875 32570 32448 32188 
23246 40279 32359 32597 
22426 46951 32392 33016 
23423 51919 32467 33309 
26049 54653 32682 33500 
29461 54369 32855 33465 
32905 50968 33026 33266 
35708 44767 33104 32935 
37539 36676 33120 32567 
38207 27863 33023 32181 
37845 20200 32842 31924 
36712 14716 32576 31817 
35279 12200 32388 31967 
33768 12631 32176 32287 
32584 15641 32080 32728 
31871 20444 32082 33224 
31683 26271 32189 33658 
31982 32555 32421 33967 
32502 38371 32715 34057 
32951 43247 32976 33863 
33182 46910 33219 33452 
32995 49089 33402 32916 
32278 49658 33465 32272 
31177 48614 33411 31660 
29963 45995 33262 31210 
28952 41736 33044 30982 
28583 36023 32787 31025 
29073 29686 32550 31348 
30432 23188 32332 31868 
32436 17504 32206 32520 
34673 13448 32110 33209 
36672 11908 32070 33784 
38132 13145 32106 34220 
38857 16999 32201 34457 
38757 23085 32352 34458 
37864 30462 32561 34239 
36178 38328 32788 33817 
33733 45872 32979 33233 
30752 52436 33178 32617 
27731 56923 33370 32045 
25301 58281 33490 31579 
23928 55826 33452 31194 
24122 49514 33379 31026 
25889 39747 33205 31054 
28792 28324 32974 31259 
32277 17202 32719 31635 
35623 8510 32426 32094 
38522 3834 32187 32629 
40585 3981 32015 33162 
41874 8480 31941 33671 
42273 16166 31944 34030 
41653 25853 32108 34270 
39712 35836 32317 34305 
36305 45355 32570 34168 
31620 53560 32812 33852 
26284 59632 33012 33390 
21642 62329 33138 32900 
18762 60912 33200 32414 
18453 55055 33170 31983 
20906 45200 33095 31656 
25470 32722 32937 31452 
31078 19999 32814 31444 
36538 9403 32712 31560 
40989 2873 32651 31787 
43877 1775 32700 32094 
45143 5596 32725 32369 
45015 13390 32807 32667 
43635 23671 32902 32943 
40940 34628 32904 33136 
37261 44083 32873 33260 
32663 51302 32810 33347 
27522 55538 32677 33381 
22466 56515 32511 33394 
18657 54427 32349 33378 
16877 49795 32201 33298 
17759 43323 32120 33206 
21429 35589 32116 33050 
27296 27771 32232 32901 
34202 20575 32420 32691 
40811 14949 32659 32462 
45990 11807 32944 32268 
48475 11795 33149 32044 
48106 14995 33321 31894 
45127 20846 33436 31828 
40193 28392 33434 31834 
34616 36019 33401 31973 
29240 42678 33262 32144 
24874 47558 33049 32392 
22021 50254 32838 32705 
20876 50411 32593 33013 
21333 48234 32311 33246 
23303 44201 32125 33485 
26465 38754 31947 33601 
30572 32518 31863 33680 
35053 26454 31900 33655 
39311 21132 32010 33516 
42640 17221 32225 33325 
44378 15227 32527 33061 
43958 15569 32865 32768 
41359 18243 33176 32400 
37045 23179 33463 32091 
31744 30058 33680 31818 
26564 37770 33729 31602 
22768 45134 33661 31531 
21004 51004 33482 31595 
21581 54198 33179 31781 
24365 53940 32859 32069 
28815 49830 32486 32433 
33966 42548 32178 32860 
38809 33135 31939 33266 
42525 23231 31787 33595 
44631 14625 31820 33874 
44454 9614 31921 33940 
42101 9038 32115 33865 
37862 12866 32393 33669 
32323 20143 32679 33370 
26380 29455 32995 33010 
21186 39092 33201 32551 
18192 47008 33385 32164 
17931 52425 33457 31843 
20626 54639 33439 31640 
25945 53233 33294 31581 
32566 48367 33092 31682 
39289 40632 32833 31924 
44787 31193 32552 32233 
48095 21769 32324 32612 
48706 14114 32182 33019 
46612 10190 32113 33346 
42296 10792 32178 33595 
36385 15843 32331 33700 
29561 24414 32566 33663 
23088 34390 32815 33471 
18023 43824 33024 33150 
15426 50872 33183 32754 
16075 54122 33277 32362 
19982 52865 33255 32019 
26396 47570 33158 31814 
33872 39313 32960 31725 
40842 29771 32704 31775 
46175 20691 32474 32036 
48510 14478 32273 32375 
47929 12134 32170 32795 
44691 14129 32121 33145 
39492 20367 32208 33461 
33197 29535 32404 33693 
27024 39413 32628 33725 
22055 47919 32834 33593 
19351 53149 33011 33357 
19580 53818 33111 33021 
22635 49823 33132 32655 
27651 42293 33063 32327 
33266 32840 32940 32076 
38295 23034 32790 31922 
41564 15050 32684 31924 
42792 10049 32637 32036 
41948 8904 32631 32190 
39274 12289 32686 32383 
35381 19865 32766 32579 
30858 30539 32866 32747 
26494 42461 32911 32835 
23364 53507 32920 32890 
22549 60995 32828 32898 
24633 62777 32765 32961 
29121 58716 32610 32972 
34914 49602 32420 32995 
40508 36974 32255 33022 
44174 23425 32183 33076 
44935 11845 32209 33154 
42708 3896 32306 33161 
38198 892 32493 33130 
32393 3470 32708 32998 
26779 11046 32950 32822 
22222 22398 33154 32579 
19452 35502 33316 32336 
18813 48714 33357 32064 
20637 58853 33340 31884 
24590 64156 33221 31791 
30292 63848 33051 31808 
36957 58246 32854 31942 
43630 48000 32631 32181 
48897 35077 32465 32521 
51447 22064 32325 32900 
50596 11094 32178 33231 
46380 4307 32116 33557 
39273 2881 32074 33762 
30812 6998 32103 33847 
22563 15616 32236 33831 
16040 26771 32414 33659 
12305 38576 32629 33365 
12142 48547 32884 32989 
15391 55038 33135 32556 
21418 57432 33365 32135 
29204 55600 33535 31783 
37642 49895 33608 31510 
45054 41525 33556 31400 
50468 31725 33409 31458 
52985 22116 33173 31679 
52164 14341 32849 32016 
48253 10356 32527 32440 
42102 10896 32203 32877 
34750 15981 31907 33269 
27369 24792 31777 33660 
21189 35243 31734 33869 
17202 44776 31851 33923 
15716 51500 32086 33845 
16704 53995 32413 33622 
19915 51719 32750 33286 
24615 45491 33094 32921 
30125 36756 33349 32498 
35621 27511 33546 32154 
40599 19304 33637 31878 
44038 14154 33523 31683 
45722 12671 33315 31648 
45591 14814 33029 31764 
43783 20078 32701 31988 
40593 27721 32373 32298 
36669 36311 32117 32669 
32491 44610 31959 33041 
28617 51283 31933 33376 
25379 55083 32068 33626 
23206 54969 32324 33744 
22207 50748 32632 33675 
22481 43096 32962 33465 
23982 33134 33226 33091 
26630 23008 33426 32682 
30053 14771 33493 32263 
33869 9576 33440 31935 
37628 8099 33208 31676 
41000 10594 32909 31643 
43314 16437 32587 31785 
44193 24689 32313 32086 
43273 34147 32077 32459 
40375 43745 31980 32921 
35949 51467 31976 33300 
30893 56201 32143 33627 
26027 57281 32382 33787 
22327 54650 32633 33733 
20524 48731 32924 33536 
20950 40759 33145 33209 
23434 31988 33302 32799 
27513 23711 33389 32389 
32562 16930 33386 32048 
37431 12556 33226 31751 
41541 10961 33041 31648 
43975 12143 32758 31680 
44332 15988 32486 31914 
42431 22067 32280 32265 
38733 29317 32130 32699 
33924 36875 32052 33110 
29032 43689 32088 33484 
24883 48795 32208 33745 
22415 51362 32475 33896 
21834 51172 32749 33811 
23249 48507 33035 33567 
26562 43814 33267 33158 
31136 37995 33377 32649 
36159 32164 33445 32162 
40576 26973 33394 31741 
43438 22962 33230 31432 
44019 20445 32971 31330 
42167 19702 32709 31454 
38327 20644 32451 31780 
33299 23007 32230 32213 
27968 26431 32077 32761 
23703 30125 32028 33315 
