32103 32346 32032 33029 
32103 32346 32032 33029 
32389 32547 32276 33015 
32702 32759 32584 32964 
32984 32958 32896 32817 
33212 33120 33182 32580 
33398 33262 33440 32345 
33483 33334 33575 32102 
33476 33346 33608 31905 
33376 33282 33478 31773 
33206 33180 33268 31782 
32946 32978 32914 31892 
32681 32782 32561 32169 
32443 32594 32249 32558 
32235 32381 31993 32995 
32071 32193 31826 33418 
32007 32081 31818 33774 
32040 32026 31927 33958 
32180 32079 32188 33988 
32359 32182 32511 33820 
32601 32350 32875 33479 
32833 32564 33225 33025 
33033 32781 33488 32536 
33198 32985 33653 32057 
33239 33137 33639 31639 
33233 33265 33496 31426 
33143 33314 33223 31351 
33060 33367 32927 31540 
32941 33356 32598 31866 
32798 33269 32285 32271 
32670 33125 32062 32754 
32541 32907 31925 33175 
32469 32676 31935 33565 
32433 32440 32056 33801 
32420 32195 32252 33852 
32418 32015 32476 33721 
32479 31958 32748 33510 
32532 31960 32952 33156 
32594 32048 33128 32745 
32667 32243 33260 32351 
32751 32485 33319 32045 
32806 32736 33285 31860 
32813 32931 33147 31756 
32806 33089 32957 31803 
32799 33206 32743 32001 
32785 33269 32530 32329 
32785 33257 32374 32711 
32757 33197 32248 33077 
32729 33040 32184 33366 
32729 32901 32239 33567 
32763 32792 32389 33645 
32769 32670 32565 33528 
32800 32603 32785 33290 
32816 32558 32990 32909 
32810 32536 33135 32467 
32846 32607 33262 32116 
32814 32638 33266 31804 
32772 32653 33192 31646 
32716 32658 33055 31717 
32636 32613 32862 31942 
32571 32538 32662 32308 
32541 32465 32497 32762 
32483 32348 32321 33187 
32465 32299 32198 33554 
32514 32330 32181 33813 
32603 32459 32247 33868 
32694 32635 32354 33723 
32815 32898 32536 33435 
32946 33179 32745 33047 
33035 33430 32943 32579 
33114 33635 33138 32152 
33114 33689 33243 31771 
33079 33634 33306 31576 
32952 33390 33250 31544 
32769 33022 33108 31706 
32552 32558 32881 32002 
32378 32107 32659 32456 
32195 31670 32415 32908 
32074 31368 32191 33329 
32055 31253 32063 33666 
32168 31396 32075 33887 
32386 31755 32208 33932 
32683 32275 32444 33782 
33002 32886 32742 33477 
33266 33459 33021 33023 
33471 33957 33277 32519 
33596 34294 33490 32057 
33529 34327 33530 31610 
33370 34161 33465 31377 
33097 33763 33241 31308 
32751 33230 32923 31429 
32434 32648 32568 31775 
32192 32110 32264 32263 
32043 31690 32040 32826 
31946 31375 31871 33322 
32007 31302 31894 33795 
32147 31414 32029 34082 
32381 31724 32307 34164 
32601 32110 32586 34024 
32837 32571 32894 33755 
32977 32961 33093 33298 
33032 33304 33203 32805 
33044 33538 33229 32337 
32996 33641 33170 31966 
32912 33613 33053 31708 
32826 33473 32900 31626 
32755 33261 32767 31686 
32771 33057 32707 31885 
32825 32853 32712 32141 
32911 32656 32741 32411 
33030 32529 32849 32678 
33068 32411 32896 32838 
33049 32322 32934 32959 
32950 32288 32917 33037 
32756 32266 32818 33075 
32511 32270 32659 33083 
32297 32328 32487 33135 
32071 32374 32278 33143 
31954 32473 32137 33184 
31916 32563 32023 33178 
32092 32730 32091 33225 
32312 32863 32217 33168 
32643 33002 32445 33055 
33003 33148 32747 32889 
33322 33237 33024 32639 
33601 33325 33311 32386 
33753 33346 33522 32128 
33717 33262 33593 31875 
33554 33111 33577 31725 
33239 32886 33435 31692 
32834 32591 33214 31785 
32435 32309 32958 32011 
32062 32039 32652 32308 
31795 31849 32369 32687 
31650 31748 32124 33068 
31672 31781 31912 33442 
31856 31979 31798 33759 
32159 32320 31808 33982 
32550 32737 31938 34071 
32929 33157 32148 33978 
33242 33522 32408 33714 
33486 33777 32722 33325 
33617 33902 33077 32876 
33597 33807 33359 32328 
33499 33628 33644 31853 
33246 33260 33755 31382 
32951 32824 33760 31091 
32657 32376 33627 30997 
32430 32014 33403 31173 
32239 31727 33071 31522 
32134 31588 32685 32052 
32145 31632 32330 32681 
32201 31814 32013 33316 
32342 32117 31823 33892 
32485 32479 31735 34273 
32631 32865 31792 34449 
32765 33208 31946 34379 
32882 33500 32220 34108 
32973 33677 32553 33661 
33033 33736 32874 33102 
33018 33621 33126 32431 
33034 33449 33352 31873 
33017 33199 33459 31443 
32950 32876 33449 31188 
32848 32536 33322 31141 
32747 32231 33145 31353 
32572 31907 32851 31713 
32437 31702 32590 32235 
32326 31630 32365 32797 
32258 31654 32224 33308 
32226 31793 32150 33742 
32313 32086 32237 34043 
32429 32429 32378 34075 
32638 32870 32629 33959 
32843 33298 32851 33607 
33047 33689 33082 33139 
33225 33955 33216 32596 
33374 34111 33313 32101 
33445 34095 33295 31678 
33383 33880 33136 31421 
33209 33481 32887 31333 
32986 33029 32632 31505 
32713 32527 32371 31875 
32471 32051 32202 32375 
32198 31578 32060 32882 
31986 31252 32029 33375 
31931 31185 32170 33794 
31927 31246 32336 33963 
32080 31552 32605 33983 
32267 31975 32837 33755 
32497 32462 33026 33393 
32740 32980 33171 32968 
32946 33419 33216 32511 
33122 33774 33184 32155 
33226 33965 33087 31918 
33259 33938 32921 31811 
33237 33794 32771 31877 
33203 33562 32662 32082 
33129 33273 32600 32334 
33034 32948 32570 32573 
32956 32637 32630 32790 
32854 32370 32707 32924 
32742 32161 32787 32960 
32600 32013 32830 32903 
32475 31945 32858 32830 
32310 31916 32784 32690 
32210 31992 32713 32608 
32154 32134 32607 32600 
32146 32316 32498 32675 
32186 32511 32387 32793 
32296 32717 32325 32968 
32467 32912 32323 33170 
32659 33072 32392 33308 
32913 33230 32556 33402 
33133 33330 32720 33354 
33313 33352 32904 33155 
33452 33355 33089 32863 
33492 33280 33216 32476 
33432 33164 33295 32089 
33313 33022 33305 31760 
33051 32777 33192 31494 
32734 32521 33006 31444 
32407 32284 32782 31602 
32097 32084 32546 31945 
31866 31930 32313 32418 
31733 31876 32126 32972 
31732 31905 32009 33554 
31925 32097 32046 34146 
32188 32339 32168 34585 
32548 32660 32387 34866 
32925 32963 32659 34820 
33206 33188 32948 34241 
33311 33227 33186 32996 
33303 33071 33357 31339 
33430 32895 33485 29688 
33724 32694 33412 28407 
34299 32760 33281 28104 
34884 33154 33041 28986 
34992 33869 32767 30924 
33996 34793 32492 33470 
28208 36351 32088 37845 
25105 36239 32035 38784 
24064 34956 32104 38654 
26145 32213 32242 37465 
31310 28181 32462 35478 
38320 23527 32709 32871 
44554 19551 32900 29950 
47831 17826 33101 27251 
46947 19284 33208 25150 
42160 24382 33245 24143 
34633 32657 33220 24574 
26392 42512 33065 26527 
19568 51745 32873 29751 
15244 58518 32630 33747 
14135 61231 32414 37940 
16304 58910 32298 41585 
21202 51597 32213 43822 
28308 40207 32229 44256 
36577 26549 32328 42657 
44938 12479 32535 39192 
51924 967 32777 34258 
56010 104 32977 29017 
56696 60 33161 24222 
53559 79 33299 20751 
46455 11972 33338 19217 
36389 25805 33250 19990 
24531 41793 33078 22903 
12855 57587 32831 27486 
3828 65263 32580 32943 
181 65478 32363 38481 
66 65513 32194 42898 
9654 65531 32115 45658 
22109 65525 32122 46305 
36903 47662 32225 44722 
51190 26804 32399 41179 
62118 7497 32613 36437 
65410 210 32774 31188 
65497 44 32940 26349 
65410 26 33067 22676 
51447 5600 33098 20660 
36948 18602 33151 20718 
22073 34339 33133 22624 
9543 49551 33048 25952 
1735 61287 32933 30088 
89 65407 32784 34545 
3854 65508 32595 38225 
12603 57969 32474 40884 
24124 44480 32347 42081 
36407 28773 32277 41817 
47919 13257 32271 40151 
56021 2036 32360 37595 
59665 106 32460 34491 
58306 61 32659 31447 
52252 5928 32855 28890 
42680 14284 32999 27090 
31968 26808 33155 26362 
22092 40087 33225 26613 
15032 52045 33233 27733 
11836 60855 33130 29375 
12703 64853 33004 31380 
16992 63336 32779 33260 
23430 56965 32583 34784 
30794 46943 32397 35778 
37965 35264 32267 36216 
43872 24120 32199 36061 
47865 15437 32203 35453 
49187 10769 32286 34579 
47721 10243 32429 33602 
43662 13285 32611 32700 
37753 18819 32807 31994 
30995 25671 32994 31538 
24905 32174 33117 31354 
20549 37538 33221 31437 
18530 41027 33193 31634 
19139 42371 33119 31942 
22086 41647 32968 32240 
26518 39442 32746 32450 
31760 36608 32581 32657 
36911 33880 32409 32765 
41290 31900 32237 32790 
44126 31245 32200 32831 
44885 31854 32259 32884 
43399 33255 32393 32931 
39840 34907 32564 32964 
34926 36227 32785 33006 
29555 36741 33004 33008 
25142 36198 33181 32972 
22549 34698 33318 32922 
22226 32424 33330 32805 
24153 29797 33264 32663 
27799 27221 33070 32497 
32031 25373 32829 32378 
36074 24503 32576 32312 
39232 24898 32353 32344 
41034 26572 32169 32415 
41270 29358 32096 32565 
39963 32733 32111 32740 
37355 36057 32220 32933 
33731 38674 32363 33060 
29747 40228 32575 33179 
25952 40463 32769 33184 
23463 39481 32911 33120 
22748 37668 32994 32988 
24060 35393 33001 32799 
27215 33164 32988 32599 
31673 31266 32912 32401 
36393 29974 32878 32276 
40493 29243 32845 32206 
43260 29041 32823 32178 
44210 29268 32791 32175 
43125 29934 32861 32304 
39967 30793 32916 32425 
35204 31824 32968 32588 
29601 32774 32971 32755 
24270 33361 32903 32896 
20710 33314 32769 32990 
19764 32628 32607 33099 
21569 31486 32437 33187 
25524 30362 32252 33178 
30461 29887 32080 33120 
35017 30608 32049 33055 
38541 32542 32081 32954 
40835 35302 32226 32839 
41984 38111 32423 32666 
42233 40078 32746 32579 
41391 40473 33028 32448 
39288 39097 33273 32321 
35776 36152 33432 32217 
31264 32310 33524 32190 
26976 28716 33542 32227 
23789 25956 33419 32306 
22528 24574 33202 32413 
23417 24735 32939 32530 
26140 26340 32611 32658 
29589 28802 32307 32821 
33048 31664 32067 32961 
35800 34370 31858 33087 
37711 36568 31779 33186 
38726 38061 31823 33253 
38892 38584 31992 33292 
38319 38088 32259 33288 
37099 36637 32598 33238 
35373 34368 32938 33116 
33337 31615 33215 32863 
31430 29153 33489 32641 
29738 27492 33612 32333 
28507 27302 33681 32084 
27693 28726 33570 31818 
27487 31568 33367 31649 
28013 35134 33072 31617 
29308 38508 32734 31705 
31355 40762 32432 31975 
33854 41210 32172 32341 
36095 39592 31984 32766 
37653 36171 31900 33194 
38202 31547 31955 33618 
37693 26360 32093 33922 
36522 21677 32319 34057 
35146 18472 32578 34031 
33755 17417 32776 33777 
32404 19113 32920 33377 
30918 23724 32984 32912 
29220 30909 32998 32445 
27548 39367 32968 32045 
26248 47565 32859 31723 
25975 53876 32805 31585 
27040 56790 32753 31563 
29533 55378 32830 31759 
32715 49563 32918 32003 
35869 40352 33018 32280 
38383 29314 33116 32589 
39908 18256 33224 32889 
40145 9448 33172 33060 
39402 4713 33059 33184 
37867 4651 32836 33199 
35798 9154 32538 33163 
33440 17392 32235 33072 
31000 28184 31941 32949 
28949 39442 31795 32909 
27343 49714 31770 32895 
26348 57389 31882 32894 
26074 61325 32125 32927 
26497 60747 32474 32964 
27575 55572 32865 32955 
29228 46821 33209 32867 
31294 36017 33458 32720 
33631 24954 33631 32533 
35969 15341 33672 32306 
37829 8973 33517 32051 
39128 6548 33280 31865 
39697 8118 32987 31765 
39625 13228 32690 31803 
38947 21090 32436 31975 
37733 30096 32215 32253 
35941 38980 32104 32604 
33500 46561 32073 33031 
30351 51780 32105 33427 
26867 53880 32187 33748 
23664 52654 32319 33957 
21557 48584 32501 34042 
21008 42332 32638 33898 
22436 35055 32792 33629 
25725 27784 32895 33189 
30311 22122 33013 32733 
35401 18691 33088 32216 
40251 17892 33169 31755 
44094 19409 33225 31400 
46406 22541 33214 31169 
46843 26284 33195 31163 
45381 29844 33109 31318 
42159 32899 33005 31664 
37300 35441 32805 32142 
31601 37531 32612 32693 
25806 39262 32409 33258 
20626 40562 32223 33741 
16915 41255 32084 34097 
15434 41118 32031 34266 
16719 40074 32053 34228 
20715 38331 32160 33980 
26799 36154 32311 33564 
33887 33824 32509 33077 
40597 31392 32696 32550 
45997 28732 32876 32072 
48807 26030 33010 31728 
49001 23414 33085 31541 
46935 21446 33142 31569 
43174 20731 33159 31742 
38348 21872 33187 32035 
33182 24897 33165 32340 
28078 29535 33160 32669 
23474 34964 33134 32926 
19734 40277 33036 33038 
17625 44543 32946 33080 
17648 47130 32790 32990 
20055 47960 32642 32892 
24572 46893 32459 32756 
30523 44062 32297 32671 
36992 39468 32122 32622 
42390 33869 31998 32673 
46037 27740 31975 32832 
47336 21765 31973 32989 
46299 16851 32102 33198 
43332 13954 32292 33331 
39092 13621 32588 33402 
34213 15989 32872 33312 
29436 20919 33147 33105 
25247 28019 33372 32771 
22368 36033 33555 32413 
20964 44010 33626 32059 
21180 50719 33586 31735 
23039 55038 33474 31575 
26262 55989 33246 31573 
30216 53142 32988 31745 
34357 46900 32682 32025 
38124 38261 32417 32414 
41005 28557 32174 32837 
42548 19850 31996 33218 
42665 13507 31880 33497 
41429 10454 31877 33697 
38898 10878 31934 33739 
35483 14356 32065 33655 
31766 19927 32252 33487 
28274 26646 32460 33247 
25614 33836 32696 33015 
24270 40727 32934 32755 
24518 46889 33160 32546 
26153 51373 33363 32378 
28726 53581 33507 32219 
31616 52976 33583 32104 
34263 49367 33604 32022 
36106 43294 33550 31987 
37002 35634 33402 31970 
37000 27645 33147 31952 
36345 20679 32832 31997 
35312 15678 32509 32156 
34295 13354 32230 32407 
33415 13553 31950 32657 
32878 16010 31747 32955 
32766 20253 31699 33284 
32930 25755 31756 33569 
33234 31730 31961 33801 
33405 37648 32195 33852 
33307 42959 32494 33801 
32791 47252 32830 33636 
31719 49943 33042 33313 
30409 50868 33243 33005 
28990 49857 33344 32633 
27871 46879 33377 32288 
27438 42040 33366 32025 
27979 35414 33265 31797 
29543 28195 33164 31715 
31966 21140 33045 31739 
34737 15272 32915 31789 
37481 11607 32842 31957 
39567 10864 32756 32136 
40672 13238 32679 32342 
40695 18338 32615 32566 
39622 25410 32504 32766 
37552 33607 32385 32958 
34589 42083 32275 33183 
31079 49462 32189 33402 
27408 54996 32107 33572 
24215 57815 32106 33720 
22124 57090 32131 33745 
21739 52474 32273 33729 
23201 44370 32455 33567 
26285 33895 32705 33310 
30311 22796 32959 32943 
34580 13134 33198 32522 
38537 6731 33432 32115 
41553 4920 33578 31753 
43526 7561 33622 31479 
44354 13839 33581 31374 
43929 22425 33433 31425 
41988 32044 33174 31581 
38605 41292 32901 31898 
33854 49430 32583 32263 
28313 55694 32303 32712 
22816 59254 32024 33135 
18724 59221 31800 33497 
16976 55215 31685 33792 
18053 47412 31715 33986 
21798 36534 31851 34031 
27205 24906 32099 33953 
33210 14469 32408 33731 
38712 7293 32800 33457 
42885 4482 33132 33022 
45489 6498 33455 32564 
46384 12547 33693 32120 
45734 21233 33786 31688 
43605 30940 33708 31348 
40170 40401 33582 31199 
35555 47984 33317 31211 
30235 52830 32992 31396 
24808 54668 32642 31755 
20192 53600 32366 32276 
17238 49895 32089 32788 
16798 44191 31894 33328 
19191 37471 31850 33838 
24037 30316 31893 34167 
30435 23562 32035 34316 
37369 17901 32255 34272 
43296 14207 32464 33951 
47102 13253 32730 33533 
48149 15108 32942 32980 
46489 19589 33140 32408 
42533 25996 33289 31862 
37051 33268 33325 31418 
31523 39877 33287 31205 
26681 45184 33183 31222 
23216 48533 33007 31433 
21434 49695 32814 31846 
21355 48622 32607 32363 
22827 45599 32453 32934 
25565 40969 32329 33437 
29284 35377 32303 33832 
33532 29443 32351 34017 
37848 23821 32510 34024 
41371 19351 32706 33813 
43530 16496 32894 33423 
43784 15641 33027 32891 
42026 17094 33144 32386 
38357 20862 33161 31907 
33600 26505 33077 31551 
28582 33375 32906 31402 
24379 40624 32688 31465 
21845 47199 32473 31755 
21551 51828 32301 32191 
23456 53475 32190 32687 
27117 51718 32147 33172 
31823 46662 32247 33626 
36613 38954 32427 33914 
40732 29612 32648 33989 
43339 20708 32865 33861 
44112 13832 33018 33527 
42891 10383 33103 33111 
39715 11097 33132 32682 
34948 15761 33057 32245 
29500 23095 32931 31931 
24241 31759 32795 31761 
20298 40151 32693 31757 
18569 47104 32623 31887 
19639 51731 32638 32138 
23355 53214 32709 32410 
29040 51361 32797 32662 
35517 46332 32884 32855 
41602 38659 32951 32974 
45998 29920 32989 33057 
48067 21559 32937 33051 
47576 15316 32812 33024 
44661 12546 32632 32970 
39723 13936 32431 32922 
33562 19082 32252 32916 
26996 26806 32106 32904 
21104 35444 32076 32922 
16994 43185 32140 32948 
15560 48540 32315 32943 
17361 50351 32583 32924 
22064 48450 32861 32821 
28724 43332 33133 32667 
36133 35965 33389 32494 
42573 28005 33528 32304 
46839 21267 33553 32148 
48460 17069 33476 32067 
47317 16297 33266 32029 
43809 19278 32991 32076 
38469 25629 32693 32217 
32367 33661 32393 32425 
26429 41745 32105 32644 
21875 48007 31950 32937 
19572 50922 31894 33244 
20091 49598 31908 33462 
23192 44621 32057 33653 
28016 37051 32264 33747 
33246 28377 32506 33711 
37818 20260 32785 33561 
40909 13984 33036 33281 
42021 10901 33240 32888 
41247 11613 33395 32429 
38841 16385 33507 32011 
35173 24685 33514 31598 
30813 35587 33431 31324 
26780 46893 33288 31231 
24170 56029 33103 31346 
23746 61153 32847 31628 
25913 60951 32583 32082 
30249 55392 32385 32656 
35619 45139 32138 33198 
40464 32404 31981 33704 
43359 19882 31948 34115 
43616 9522 31995 34292 
41255 3092 32096 34239 
36916 1717 32284 33988 
31676 5750 32481 33567 
26665 14333 32662 33058 
22623 26083 32826 32519 
20094 38924 32966 32043 
19495 51010 33084 31703 
21080 59808 33138 31541 
24795 63669 33193 31577 
30275 62134 33245 31783 
36740 55607 33258 32052 
43137 45235 33249 32360 
48283 32608 33199 32634 
50890 20228 33135 32864 
50213 10518 33006 32981 
46319 5104 32832 33016 
39846 4842 32579 32945 
31799 9808 32381 32906 
23813 18772 32165 32840 
17431 29622 31982 32810 
13595 40345 31887 32816 
12914 49031 31883 32880 
15454 54370 31970 32974 
20863 55697 32160 33066 
28045 52967 32430 33138 
35833 46863 32739 33173 
43047 38401 33040 33133 
48494 28977 33302 33004 
51325 20098 33507 32822 
51013 13819 33602 32583 
47889 11368 33612 32339 
42465 13355 33473 32077 
35768 19676 33275 31897 
28910 28845 32954 31776 
23177 38754 32650 31799 
19207 47240 32372 31976 
17379 52519 32114 32226 
17823 53480 31945 32597 
20304 49857 31882 32992 
24409 42555 31945 33393 
29378 33504 32159 33735 
34536 24380 32404 33919 
39233 17071 32749 33955 
42790 12777 33021 33762 
44824 12176 33250 33392 
45067 15252 33390 32928 
43637 21395 33447 32434 
40842 29599 33383 31942 
37127 38577 33193 31539 
32934 47011 32910 31295 
29052 53289 32662 31332 
25748 56231 32408 31557 
23433 55152 32258 32004 
22313 49983 32178 32513 
22542 41382 32188 33076 
24127 30786 32268 33557 
26874 20936 32490 33980 
30369 13063 32663 34090 
34259 8564 32890 34066 
37989 7876 32994 33752 
41216 11122 33060 33306 
43371 17755 33073 32804 
43968 26454 33043 32301 
42767 36052 32955 31864 
39797 45139 32812 31534 
35325 52507 32698 31410 
30341 56703 32640 31533 
25640 57141 32572 31784 
22177 53887 32529 32156 
20571 47503 32493 32563 
21211 38873 32491 33037 
23860 30015 32488 33415 
28010 21986 32524 33733 
32909 15802 32587 33915 
37728 12144 32663 33923 
41781 11376 32773 33765 
43958 13485 32830 33439 
44132 18113 32969 33069 
42194 24463 33028 32585 
38645 31814 33142 32173 
34007 39185 33195 31770 
29365 45317 33169 31481 
25431 49393 33049 31332 
22924 50922 32880 31360 
22253 49798 32699 31604 
23574 46295 32509 32020 
26598 41219 32325 32488 
30794 35401 32193 33005 
35427 29737 32100 33476 
39602 25005 32137 33895 
42201 21838 32247 34111 
42769 20393 32424 34150 
41188 20699 32617 33981 
37824 22531 32801 33632 
33243 25594 32968 33194 
28715 29000 33047 32686 
25086 32320 33120 32278 
