32881 33093 32374 32821 
32881 33093 32374 32821 
32879 32854 32381 33274 
32923 32652 32499 33622 
32995 32561 32705 33828 
33041 32524 32914 33745 
33039 32481 33066 33455 
32974 32462 33158 33001 
32855 32437 33185 32494 
32669 32384 33084 31991 
32488 32343 32938 31670 
32309 32297 32739 31551 
32192 32290 32524 31675 
32124 32316 32327 31986 
32135 32398 32199 32427 
32255 32573 32176 32987 
32405 32743 32210 33459 
32642 32977 32355 33855 
32888 33202 32542 34016 
33116 33383 32757 33977 
33328 33517 32977 33739 
33402 33500 33127 33294 
33443 33429 33255 32778 
33354 33226 33264 32204 
33164 32937 33193 31706 
32922 32623 33057 31373 
32651 32329 32880 31272 
32339 32013 32630 31346 
32133 31852 32434 31698 
31935 31714 32229 32170 
31889 31776 32151 32759 
31960 31913 32157 33349 
32109 32129 32228 33836 
32332 32397 32396 34128 
32654 32742 32660 34239 
32958 33069 32913 34074 
33221 33369 33138 33660 
33412 33598 33287 33098 
33550 33786 33392 32516 
33517 33811 33353 31899 
33435 33752 33270 31444 
33146 33492 32998 31124 
32860 33181 32733 31091 
32576 32798 32481 31315 
32328 32402 32266 31766 
32211 32074 32162 32385 
32125 31770 32096 33001 
32127 31564 32113 33588 
32233 31547 32245 34052 
32408 31680 32443 34302 
32759 32251 32885 34068 
32864 32603 33044 33608 
32951 33015 33176 33052 
32966 33362 33218 32429 
32983 33699 33250 31879 
32949 33895 33190 31449 
32855 33873 33030 31194 
32790 33706 32853 31191 
32687 33389 32635 31402 
32637 33012 32460 31841 
32590 32566 32292 32367 
32605 32177 32220 32994 
32563 31786 32142 33491 
32628 31621 32229 33947 
32694 31627 32386 34165 
32753 31777 32589 34157 
32821 32054 32839 33914 
32848 32381 33052 33464 
32885 32787 33251 32930 
32843 33148 33331 32330 
32835 33481 33390 31846 
32798 33695 33315 31490 
32737 33749 33144 31329 
32640 33611 32866 31349 
32593 33393 32599 31628 
32582 33073 32354 32097 
32552 32693 32146 32580 
32569 32329 32032 33104 
32601 32026 32024 33543 
32661 31867 32123 33863 
32712 31829 32309 33954 
32788 31976 32569 33890 
32828 32215 32835 33625 
32862 32515 33085 33249 
32861 32817 33257 32790 
32831 33057 33356 32328 
32815 33247 33390 31966 
32767 33303 33300 31707 
32718 33231 33111 31632 
32636 33058 32827 31711 
32573 32839 32526 31942 
32557 32656 32301 32324 
32552 32470 32111 32752 
32532 32320 31994 33104 
32551 32284 32010 33420 
32647 32399 32222 33669 
32718 32569 32477 33703 
32802 32769 32784 33571 
32880 32963 33090 33281 
32944 33127 33328 32923 
32976 33219 33504 32500 
32953 33180 33525 32117 
32923 33085 33448 31836 
32835 32878 33233 31675 
32727 32632 32930 31705 
32625 32397 32601 31896 
32582 32244 32318 32229 
32529 32141 32065 32598 
32530 32173 31929 32992 
32530 32232 31880 33320 
32565 32409 31966 33572 
32644 32649 32209 33733 
32695 32869 32486 33695 
32743 33064 32796 33522 
32730 33162 33050 33161 
32776 33261 33306 32826 
32765 33215 33420 32424 
32733 33111 33421 32088 
32691 32932 33282 31851 
32644 32681 33052 31742 
32641 32467 32804 31814 
32644 32278 32548 32026 
32713 32197 32380 32380 
32770 32181 32284 32742 
32832 32272 32280 33091 
32916 32461 32412 33365 
32981 32699 32602 33533 
32985 32924 32810 33513 
32910 33101 32969 33313 
32869 33282 33128 33063 
32744 33316 33157 32703 
32676 33337 33147 32405 
32549 33185 32973 32101 
32434 32971 32730 31924 
32405 32745 32507 31949 
32396 32472 32282 32087 
32446 32242 32133 32371 
32517 32074 32085 32694 
32633 32009 32164 33039 
32760 32053 32333 33329 
32887 32194 32587 33510 
32993 32458 32864 33561 
33069 32739 33132 33433 
33116 33048 33360 33202 
33096 33310 33476 32858 
33027 33481 33496 32516 
32896 33516 33386 32183 
32717 33414 33167 31930 
32543 33203 32882 31823 
32360 32882 32529 31822 
32257 32546 32243 32020 
32203 32230 32003 32319 
32229 31993 31880 32709 
32315 31836 31867 33079 
32452 31800 31963 33401 
32629 31924 32186 33628 
32844 32199 32510 33719 
33054 32580 32868 33630 
33207 32981 33187 33355 
33298 33369 33445 32959 
33302 33684 33612 32516 
33276 33881 33696 32108 
33131 33854 33612 31736 
32914 33617 33382 31506 
32689 33274 33091 31527 
32456 32807 32727 31702 
32288 32346 32386 32068 
32222 31968 32110 32530 
32213 31676 31903 33008 
32249 31568 31798 33432 
32392 31675 31877 33800 
32556 31947 32063 33965 
32716 32297 32311 33950 
32833 32679 32601 33740 
32881 33003 32831 33386 
32847 33259 33010 32945 
32776 33388 33098 32478 
32762 33464 33183 32149 
32717 33377 33159 31904 
32679 33192 33076 31781 
32700 32954 32970 31787 
32743 32688 32894 31911 
32850 32495 32844 32128 
32949 32384 32841 32370 
33033 32346 32856 32573 
33094 32405 32885 32738 
33075 32522 32884 32827 
33020 32700 32879 32902 
32905 32872 32824 32954 
32711 32953 32691 32950 
32511 32982 32553 33011 
32293 32893 32385 33067 
32125 32727 32217 33142 
32034 32516 32103 33220 
32024 32333 32068 33275 
32130 32203 32104 33251 
32307 32163 32224 33157 
32580 32259 32436 33005 
32902 32470 32737 32772 
33183 32741 33013 32475 
33423 33022 33259 32178 
33528 33259 33419 31902 
33566 33474 33546 31756 
33480 33559 33547 31721 
33257 33499 33443 31798 
32927 33272 33219 31956 
32577 32952 32946 32220 
32276 32596 32694 32562 
32074 32291 32470 32958 
31931 31981 32234 33263 
31883 31778 32043 33505 
31970 31728 31942 33675 
32171 31850 31920 33758 
32399 32031 31948 33677 
32723 32392 32140 33606 
32960 32732 32350 33405 
33163 33055 32608 33125 
33266 33325 32870 32799 
33310 33528 33147 32456 
33253 33602 33365 32100 
33189 33625 33556 31848 
33059 33521 33618 31635 
32878 33286 33541 31519 
32743 33059 33427 31574 
32578 32726 33170 31687 
32469 32397 32890 31970 
32406 32091 32584 32332 
32392 31893 32316 32883 
32412 31780 32079 33505 
32456 31787 31940 34094 
32512 31928 31930 34396 
32476 32058 31983 34178 
32434 32197 32171 33440 
32466 32321 32370 32316 
32814 32567 32634 31233 
33422 32920 32877 30588 
34160 33392 33017 30645 
34717 34103 33136 31600 
34464 34887 33229 33096 
32935 35704 33234 34620 
30292 36420 33157 35743 
27426 36812 33067 36263 
25652 36329 32899 35990 
26428 34493 32718 35068 
30109 31170 32568 33716 
35823 26644 32456 32078 
41832 21890 32445 30344 
45926 18210 32429 28634 
46605 17130 32480 27270 
43510 19678 32563 26638 
37454 25876 32699 26987 
29948 34697 32790 28363 
22811 44526 32871 30709 
17349 53472 32922 33801 
14677 59396 32916 37043 
15116 60930 32909 39867 
18435 57644 32866 41717 
24218 49717 32748 42076 
31783 38404 32668 40887 
40200 25005 32613 38141 
47798 12028 32509 34252 
53594 1507 32456 29884 
56612 115 32456 25797 
56125 67 32503 22717 
51633 115 32581 21193 
43231 12404 32702 21691 
32399 26139 32824 24026 
20490 41828 32932 27844 
9688 57183 32988 32483 
2323 65256 33006 37199 
195 65476 32931 41262 
4471 65512 32833 43928 
13927 65526 32681 44700 
26779 65445 32548 43586 
40771 46610 32438 40779 
53408 27306 32411 36778 
62687 8974 32440 32118 
65421 259 32549 27683 
65480 53 32733 24287 
56656 34 32905 22266 
45103 6043 33060 21930 
31506 18304 33182 23251 
18192 33149 33200 25981 
8107 47126 33125 29473 
2748 57813 33004 33303 
2796 63060 32782 36738 
7875 62078 32584 39351 
16998 55188 32379 40797 
28361 44074 32241 40895 
39733 31267 32165 39776 
49601 19027 32203 37751 
56263 9460 32303 35188 
58546 3974 32448 32528 
56123 3312 32680 30217 
49365 7359 32857 28496 
39997 15420 33014 27640 
30176 25892 33116 27631 
21658 37234 33178 28379 
15879 47735 33158 29582 
13566 55664 33119 31081 
14605 59645 32990 32518 
18507 59060 32811 33719 
24300 54215 32597 34533 
30952 46269 32448 34943 
37324 37133 32292 34923 
42606 28375 32211 34611 
46036 21475 32213 34098 
47057 17204 32276 33523 
45537 15828 32472 33060 
41653 17070 32712 32701 
36183 20299 32948 32466 
30600 24421 33159 32377 
25801 28767 33308 32371 
22637 32674 33369 32401 
21535 35596 33304 32415 
22539 37411 33144 32412 
25315 38031 32879 32318 
29192 37791 32590 32235 
33473 37092 32326 32159 
37460 36359 32118 32099 
40538 35868 32020 32111 
42143 35764 32041 32205 
41836 35940 32175 32387 
39586 36128 32426 32678 
35865 36020 32697 32953 
31476 35466 32991 33236 
27363 34378 33186 33440 
24542 32883 33362 33576 
23587 31093 33406 33563 
24724 29335 33339 33412 
27494 27866 33174 33157 
31180 26815 32913 32837 
34981 26419 32622 32499 
38158 26759 32350 32233 
40185 27912 32133 32062 
40786 29712 31999 32024 
39914 31859 31970 32112 
37800 34043 32067 32343 
34714 35865 32275 32631 
31108 37051 32558 32915 
27454 37478 32856 33111 
24769 37265 33152 33199 
23625 36617 33403 33155 
24309 35801 33548 32969 
26697 35001 33552 32682 
30394 34336 33470 32352 
34594 33757 33270 32061 
38542 33125 32969 31840 
41459 32394 32627 31797 
42848 31612 32346 31974 
42417 30784 32093 32268 
40154 30104 31942 32719 
36278 29638 31898 33203 
31329 29478 31942 33644 
26494 29537 32118 33967 
22901 29673 32395 34099 
21409 29713 32657 33986 
22385 29755 32913 33676 
25379 30033 33107 33195 
29545 30897 33214 32637 
33604 32610 33230 32098 
36825 35045 33165 31674 
38978 37819 33048 31423 
40223 40240 32897 31372 
40768 41563 32780 31544 
40577 41189 32686 31867 
39417 39091 32672 32281 
37012 35597 32692 32686 
33528 31469 32748 33056 
29560 27560 32793 33296 
26016 24670 32829 33416 
23995 23488 32830 33419 
23820 24005 32766 33289 
25389 26023 32671 33115 
28056 28994 32535 32919 
31099 32385 32408 32754 
33816 35384 32288 32649 
35902 37652 32223 32601 
37337 38916 32233 32635 
38138 39030 32305 32697 
38343 37988 32484 32793 
37932 35976 32690 32855 
36956 33340 32932 32891 
35496 30464 33125 32807 
33778 28014 33318 32712 
31904 26545 33445 32569 
30072 26562 33438 32358 
28422 28303 33346 32203 
27153 31537 33196 32101 
26498 35548 32936 32017 
26816 39499 32664 32062 
28317 42267 32448 32247 
30649 42944 32201 32454 
33488 41384 32049 32745 
36190 37723 31953 33036 
38106 32555 31924 33324 
39034 26703 32020 33610 
38916 21228 32172 33755 
38074 17251 32378 33787 
36806 15554 32640 33663 
35224 16803 32958 33474 
33205 21119 33204 33104 
30735 28373 33431 32663 
28096 37416 33625 32252 
25744 46456 33657 31827 
24338 53907 33589 31498 
24423 58199 33407 31352 
26167 58149 33116 31332 
29265 53520 32796 31516 
33110 44679 32484 31876 
36656 33474 32198 32335 
39319 21640 31964 32800 
40784 11390 31849 33259 
40964 4576 31833 33661 
39987 2429 31906 33922 
38106 5535 32113 34034 
35646 12862 32333 33922 
32946 23262 32616 33698 
30320 34994 32872 33339 
28081 46340 33104 32918 
26442 55744 33296 32490 
25650 61567 33430 32112 
25740 62735 33459 31811 
26648 59245 33425 31684 
28196 51610 33245 31669 
30240 41072 33011 31805 
32545 29446 32723 32016 
34882 18750 32489 32387 
36932 10486 32256 32732 
38353 6122 32083 33040 
39024 6021 32009 33276 
39086 9892 32096 33443 
38614 16851 32285 33473 
37727 25724 32546 33377 
36399 35032 32805 33145 
34542 43699 33057 32845 
32212 50204 33243 32565 
29410 53857 33328 32305 
26542 54283 33293 32120 
24187 51649 33172 32080 
22859 46278 32942 32131 
23120 39252 32689 32299 
25047 31898 32475 32548 
28322 25280 32291 32800 
32334 20395 32151 33014 
36506 17895 32119 33160 
40264 17850 32191 33223 
43015 19852 32350 33185 
44370 23026 32568 33072 
44243 26615 32802 32879 
42586 30025 33017 32647 
39568 33095 33213 32459 
35307 35868 33329 32296 
30523 38313 33387 32240 
25623 40374 33297 32214 
21370 41877 33123 32293 
18497 42559 32858 32435 
17700 42222 32556 32643 
19440 40902 32277 32874 
23438 38806 32038 33066 
29096 36234 31906 33225 
35324 33364 31884 33291 
41158 30293 32049 33313 
45362 27016 32290 33188 
47340 23875 32612 33009 
47171 21231 32988 32765 
45099 19658 33311 32451 
41722 19825 33593 32189 
37329 22009 33720 31936 
32502 26045 33697 31796 
27609 31394 33558 31819 
23064 37165 33277 31961 
19399 42437 32858 32175 
17522 46408 32449 32530 
18005 48589 32115 32928 
20889 48779 31819 33270 
25875 46997 31698 33572 
31986 43367 31753 33744 
38395 37905 31944 33770 
43526 31466 32220 33633 
46616 24861 32526 33388 
47392 18907 32845 33064 
45828 14485 33016 32646 
42492 12473 33155 32285 
37907 13355 33233 32022 
32802 17183 33186 31848 
28036 23506 33102 31819 
24166 31541 33028 31936 
21582 40129 32952 32127 
20618 47992 32895 32368 
21373 54004 32860 32591 
23743 56801 32905 32834 
27271 55784 32923 32950 
31453 50909 32880 32972 
35710 43021 32838 32944 
39461 33191 32738 32879 
42089 23581 32581 32802 
43344 15747 32427 32758 
43036 10894 32229 32741 
41215 9632 32043 32762 
38110 11852 31951 32850 
34196 16900 31956 32973 
30159 23627 32058 33084 
26644 31150 32308 33154 
24230 38658 32625 33165 
23368 45300 32966 33073 
24123 50455 33248 32839 
26318 53338 33531 32610 
29280 53353 33704 32351 
32430 50352 33742 32129 
35141 44731 33645 31971 
37118 37328 33437 31905 
38153 29192 33130 31925 
38284 21979 32815 32096 
37608 16830 32443 32326 
36425 14238 32106 32604 
34987 14277 31856 32913 
33491 16557 31659 33157 
32197 20662 31593 33361 
31328 25789 31687 33481 
30847 31280 31902 33512 
30728 36680 32229 33460 
30837 41377 32588 33314 
31067 45147 32982 33108 
31224 47543 33315 32830 
31282 48450 33626 32604 
31198 47825 33805 32394 
31035 45597 33834 32184 
30972 41865 33737 32024 
31172 36682 33504 31926 
31825 30750 33187 31893 
32909 24662 32882 31990 
34158 19196 32493 32077 
35451 15326 32195 32285 
36486 13694 31959 32562 
36935 14727 31784 32795 
36826 18235 31744 33057 
36210 23709 31827 33287 
35179 30470 32016 33478 
33750 37707 32278 33572 
31975 44817 32598 33568 
29969 50685 32914 33455 
28042 54419 33186 33261 
26536 55341 33374 33015 
25875 52879 33455 32737 
26318 47025 33445 32498 
27806 38335 33286 32256 
30225 28057 33107 32147 
32962 18172 32823 32060 
35570 10803 32577 32092 
37805 7232 32418 32211 
39508 7835 32339 32365 
40638 12253 32366 32521 
41069 19542 32451 32637 
40613 28286 32624 32702 
38982 37323 32810 32704 
36051 45490 32918 32642 
32036 52258 33024 32608 
27492 56790 33037 32570 
23332 58361 32967 32592 
20495 56133 32777 32632 
19922 49834 32572 32783 
21792 40399 32377 32988 
25488 29426 32232 33235 
30195 18716 32132 33436 
34995 10439 32199 33616 
39131 6055 32337 33680 
42217 6252 32557 33603 
43942 10734 32799 33372 
44400 18339 33020 32977 
43644 27520 33212 32521 
41649 36868 33361 32062 
38379 44914 33393 31612 
33941 50759 33322 31267 
28840 53706 33215 31155 
23867 53557 33004 31185 
19952 50764 32781 31446 
17941 45934 32568 31916 
18407 39694 32372 32487 
21481 32692 32196 33091 
26729 25835 32059 33684 
33096 19930 31985 34157 
39232 15830 31997 34440 
44088 14073 32133 34554 
46733 14981 32300 34390 
46849 18524 32553 34034 
44478 24189 32801 33442 
40279 30938 33072 32773 
35290 37533 33315 32090 
30350 43092 33509 31498 
26232 46951 33613 31054 
23403 48732 33611 30811 
22083 48386 33495 30824 
22296 46077 33260 31048 
23954 42198 32957 31497 
26821 37228 32622 32093 
30617 31782 32305 32760 
34862 26385 32056 33431 
38814 21690 31864 33966 
41762 18313 31794 34289 
43039 16740 31851 34402 
42358 17168 32017 34283 
39800 19729 32276 34001 
35746 24195 32535 33526 
30941 30328 32807 33029 
26452 37202 33013 32498 
23244 43967 33150 32046 
22162 49147 33261 31798 
23168 51947 33281 31678 
26087 51732 33254 31734 
30272 48261 33181 31876 
35065 41856 33135 32123 
39388 33432 33011 32326 
42514 24776 32930 32511 
43966 17446 32839 32644 
43493 12899 32751 32718 
41093 12050 32673 32739 
36795 15133 32555 32718 
31509 21356 32462 32719 
25889 29430 32324 32720 
21428 37446 32232 32832 
18819 44359 32164 32965 
18795 49233 32173 33199 
21455 51361 32230 33389 
26492 50378 32355 33551 
32803 46281 32568 33638 
39022 39677 32781 33568 
44123 31585 33009 33366 
47209 23498 33189 33047 
47860 17096 33331 32676 
45982 13732 33387 32238 
41911 14411 33372 31858 
36365 18885 33262 31566 
30051 26141 33051 31384 
24001 34641 32844 31400 
19221 42584 32628 31541 
16729 48497 32463 31862 
17227 50949 32326 32258 
20684 49581 32239 32739 
26331 44712 32166 33162 
32958 37388 32159 33578 
39396 28904 32239 33943 
44188 21157 32325 34123 
46605 15918 32472 34189 
46481 14146 32664 34089 
44052 16320 32837 33820 
39815 22116 33016 33393 
34445 30371 33139 32861 
28878 39563 33292 32318 
24281 47533 33412 31826 
21597 52238 33412 31367 
21389 52909 33361 31121 
23597 49402 33202 31013 
27567 42562 32971 31127 
32347 33793 32743 31492 
36752 24474 32500 32040 
39792 16564 32273 32624 
41133 11254 32096 33209 
40649 9571 31987 33720 
38559 12075 31980 34109 
35146 18860 32073 34311 
31037 28678 32208 34273 
27014 39877 32381 34017 
24088 50294 32576 33639 
23152 57672 32744 33172 
24824 60384 32910 32673 
28821 57699 33062 32262 
34162 50269 33176 31945 
39362 39646 33259 31748 
43190 27526 33319 31694 
44494 16455 33357 31791 
43105 8485 33348 31936 
39499 4736 33255 32109 
34646 5850 33139 32314 
29423 11756 32980 32514 
24747 21447 32765 32684 
21265 33466 32520 32799 
19665 44934 32269 32878 
20133 54276 32089 32979 
22763 59795 31975 33057 
27343 60441 31898 33131 
33490 56100 31978 33234 
39940 47437 32104 33297 
45533 36186 32340 33374 
48968 24643 32598 33390 
49539 14718 32860 33329 
46989 8284 33095 33173 
41760 6505 33272 32945 
34743 9570 33381 32636 
27247 16918 33467 32344 
20679 26838 33451 32042 
16335 37056 33335 31785 
14739 45918 33147 31631 
16166 51995 32916 31624 
20282 54509 32646 31776 
26510 53198 32407 32075 
33801 48211 32201 32478 
40599 40797 32073 32936 
45989 31980 32029 33375 
49169 23289 32092 33744 
49574 16313 32219 33924 
47296 12586 32458 33960 
42670 12992 32725 33756 
36805 17578 32952 33393 
30605 25291 33133 32878 
25087 34548 33280 32381 
21018 43218 33331 31917 
18894 49511 33295 31614 
18871 52044 33154 31475 
20887 50245 32956 31576 
24460 44851 32745 31858 
29006 37168 32575 32300 
33820 28776 32410 32766 
38226 21427 32309 33205 
41695 16402 32267 33566 
43699 14663 32328 33794 
44021 16168 32433 33816 
42751 20522 32568 33619 
40171 27030 32709 33300 
36716 34815 32837 32887 
32918 42441 32921 32403 
29481 48561 33025 32044 
26622 52151 33065 31800 
24621 52390 33021 31689 
23635 49035 32901 31753 
23789 42616 32794 32009 
24987 34053 32586 32315 
27213 25392 32452 32738 
30130 17961 32305 33106 
33456 13099 32282 33455 
36817 11455 32309 33689 
39748 13144 32454 33765 
41856 17918 32638 33688 
42716 24831 32912 33480 
42015 32927 33151 33110 
39758 41048 33359 32679 
36180 48012 33486 32248 
31834 52694 33488 31855 
27448 54296 33349 31547 
24021 52576 33112 31448 
22095 47860 32767 31476 
22072 41044 32416 31710 
23922 33253 32112 32112 
27306 25525 31856 32550 
31725 19204 31797 33088 
36180 15007 31846 33540 
40006 13318 32060 33928 
42516 14170 32348 34096 
43198 17395 32646 34066 
41953 22585 32938 33874 
38923 29117 33153 33486 
34776 36024 33292 33052 
30275 42380 33326 32563 
26424 47060 33283 32148 
23835 49451 33145 31830 
22871 49386 32981 31629 
23693 47025 32816 31596 
26225 42879 32728 31723 
30126 37591 32694 31958 
34632 32043 32706 32224 
38861 27134 32772 32528 
41757 23455 32819 32762 
42768 21295 32831 32928 
41649 20790 32779 33040 
38669 21902 32687 33113 
34418 24362 32553 33145 
29850 27645 32364 33152 
25992 31086 32200 33150 
