32452 32491 32231 33892 
32452 32491 32231 33892 
32552 32468 32437 33757 
32718 32559 32719 33465 
32881 32683 33006 33015 
32993 32798 33230 32453 
33058 32909 33402 31910 
33039 32929 33475 31414 
32956 32886 33452 31134 
32792 32749 33311 31023 
32649 32606 33147 31187 
32445 32369 32878 31511 
32315 32198 32639 32033 
32255 32100 32406 32644 
32282 32089 32220 33260 
32344 32156 32054 33781 
32505 32393 31999 34209 
32692 32710 32003 34417 
32890 33066 32097 34413 
33044 33411 32238 34187 
33146 33684 32461 33813 
33181 33830 32713 33297 
33123 33780 32996 32730 
32976 33525 33199 32106 
32803 33158 33401 31592 
32629 32707 33506 31222 
32510 32232 33546 31023 
32455 31852 33485 31035 
32454 31599 33314 31214 
32478 31495 33041 31559 
32582 31634 32775 32075 
32692 31910 32484 32646 
32800 32288 32225 33207 
32839 32685 32002 33684 
32860 33093 31901 34097 
32802 33427 31874 34280 
32722 33652 31955 34291 
32650 33740 32155 34104 
32599 33678 32423 33769 
32584 33508 32728 33329 
32559 33174 32991 32745 
32617 32852 33227 32205 
32672 32495 33356 31724 
32759 32218 33418 31399 
32814 31996 33335 31268 
32838 31875 33159 31347 
32813 31862 32924 31648 
32755 31930 32667 32062 
32718 32119 32501 32575 
32612 32316 32351 33048 
32542 32576 32320 33450 
32494 32813 32364 33686 
32540 33061 32522 33753 
32627 33305 32719 33621 
32770 33483 32909 33336 
32911 33555 33021 32932 
33074 33571 33078 32512 
33218 33509 33061 32175 
33235 33301 32913 31927 
33173 33043 32716 31865 
33023 32729 32510 31995 
32771 32394 32318 32266 
32534 32126 32237 32708 
32220 31841 32182 33075 
31985 31677 32239 33403 
31854 31653 32398 33609 
31853 31781 32629 33658 
31989 31996 32863 33470 
32263 32344 33086 33143 
32626 32760 33249 32705 
33019 33191 33323 32236 
33423 33589 33302 31814 
33726 33895 33216 31542 
33892 34012 33063 31479 
33877 33932 32869 31624 
33676 33669 32687 31975 
33318 33228 32496 32431 
32806 32647 32308 32915 
32304 32096 32206 33418 
31815 31598 32135 33793 
31488 31328 32155 34036 
31311 31227 32194 34038 
31356 31399 32300 33865 
31640 31828 32500 33581 
32078 32375 32693 33123 
32605 32988 32902 32625 
33109 33525 33063 32099 
33593 33965 33223 31671 
33950 34182 33343 31412 
34111 34147 33408 31321 
34038 33864 33360 31366 
33781 33409 33247 31591 
33373 32851 33065 31941 
32886 32267 32825 32375 
32415 31830 32597 32863 
31999 31539 32360 33314 
31722 31478 32180 33682 
31604 31628 32059 33928 
31716 31997 32063 34066 
31926 32398 32102 33997 
32226 32815 32221 33812 
32516 33095 32339 33447 
32777 33281 32481 33036 
32978 33308 32624 32608 
33110 33231 32768 32214 
33134 33048 32878 31892 
33084 32825 32967 31671 
32986 32605 33035 31609 
32920 32517 33151 31726 
32859 32515 33246 31915 
32829 32744 33350 32397 
32862 32944 33343 32659 
32912 33104 33263 32844 
32897 33176 33076 32954 
32892 33159 32833 33039 
32850 33045 32568 33126 
32729 32781 32241 33124 
32590 32450 31975 33128 
32440 32121 31782 33142 
32287 31842 31698 33133 
32177 31707 31738 33114 
32173 31784 31915 33089 
32244 32035 32217 33065 
32352 32405 32547 32954 
32554 32897 32931 32839 
32720 33332 33256 32636 
32916 33695 33517 32424 
33106 33919 33712 32226 
33205 33889 33745 32015 
33251 33652 33659 31877 
33208 33261 33441 31819 
33117 32776 33144 31872 
32928 32245 32765 31989 
32762 31805 32423 32255 
32570 31505 32111 32610 
32393 31398 31854 32973 
32280 31523 31725 33343 
32231 31838 31755 33646 
32287 32315 31926 33876 
32387 32867 32193 33895 
32537 33384 32515 33776 
32717 33807 32877 33527 
32885 34021 33212 33143 
32999 34006 33441 32673 
33097 33802 33613 32233 
33132 33412 33620 31825 
33096 32944 33507 31532 
32987 32449 33281 31391 
32886 32057 33013 31476 
32696 31725 32666 31654 
32539 31633 32387 32040 
32411 31696 32170 32482 
32286 31860 32003 32911 
32227 32127 31955 33350 
32245 32433 32009 33665 
32338 32765 32152 33860 
32505 33072 32365 33853 
32729 33330 32623 33680 
32979 33522 32876 33430 
33194 33582 33063 33054 
33372 33569 33222 32702 
33419 33417 33256 32351 
33328 33157 33198 32076 
33111 32845 33078 31940 
32827 32504 32900 31924 
32464 32166 32698 32025 
32109 31897 32529 32225 
31868 31756 32438 32478 
31784 31761 32436 32724 
31838 31879 32510 32911 
32023 32103 32621 33015 
32364 32453 32778 33025 
32794 32865 32925 32965 
33207 33248 33020 32821 
33555 33591 33035 32645 
33859 33901 33036 32570 
33902 33940 32898 32478 
33775 33826 32726 32473 
33497 33543 32554 32568 
33071 33104 32364 32699 
32558 32556 32228 32863 
32084 32047 32184 33054 
31731 31651 32239 33216 
31508 31386 32348 33275 
31528 31390 32557 33268 
31725 31614 32799 33149 
32077 32009 33018 32945 
32487 32487 33190 32660 
32974 33057 33343 32417 
33365 33533 33382 32150 
33622 33843 33298 31943 
33741 33946 33154 31860 
33637 33804 32921 31869 
33388 33471 32647 32018 
33021 33013 32376 32302 
32612 32479 32127 32620 
32279 32070 32008 33020 
32033 31767 31960 33351 
31960 31696 32053 33613 
32029 31833 32234 33729 
32271 32174 32534 33711 
32594 32630 32881 33545 
32884 33031 33168 33213 
33111 33349 33393 32811 
33245 33527 33539 32390 
33252 33527 33564 32032 
33096 33298 33421 31746 
32888 32988 33222 31650 
32595 32577 32870 31670 
32388 32255 32567 31889 
32274 32056 32295 32221 
32256 32001 32086 32590 
32371 32123 31986 32989 
32540 32330 31978 33283 
32801 32689 32116 33542 
33048 33038 32333 33661 
33229 33329 32586 33615 
33324 33514 32842 33461 
33262 33508 33026 33160 
33093 33358 33172 32822 
32863 33084 33271 32489 
32588 32703 33257 32187 
32313 32311 33153 31984 
32105 31975 32988 31892 
32001 31746 32778 31920 
32034 31702 32569 32095 
32169 31850 32400 32419 
32364 32105 32262 32858 
32625 32471 32231 33404 
32874 32874 32271 33899 
33060 33212 32425 34047 
33199 33462 32620 33704 
33227 33572 32833 32820 
33192 33535 33043 31553 
33110 33393 33198 30361 
33007 33185 33250 29718 
32902 32959 33202 29933 
32841 32778 33107 31087 
32806 32644 32926 32949 
32763 32538 32717 34941 
32718 32470 32514 36549 
32629 32405 32350 37410 
32511 32329 32260 37400 
32372 32264 32220 36555 
32248 32231 32285 35005 
32214 32259 32400 32971 
32370 32434 32543 30664 
32731 32807 32742 28374 
33005 33148 32899 26460 
32937 33188 33013 25298 
32374 32704 33080 25339 
31396 31693 33107 26710 
30371 30460 33075 29345 
29912 29540 32937 32843 
30696 29767 32768 36761 
32878 31501 32615 40286 
35968 34564 32487 42804 
38869 37980 32355 43697 
40519 40698 32321 42756 
40058 41639 32377 39938 
37458 40278 32512 35721 
33366 36911 32679 30728 
29052 32495 32899 25827 
25565 27988 33070 21823 
23723 24309 33206 19604 
23398 21764 33252 19586 
24096 20387 33209 21795 
25303 20355 33095 25839 
27014 21936 32876 31198 
29696 25425 32634 36880 
33920 30799 32435 41827 
39782 37599 32277 45282 
46396 44763 32160 46676 
51972 51001 32146 45789 
54140 54766 32231 42822 
51394 55260 32350 38266 
43670 52257 32545 32918 
32219 45827 32753 27589 
19861 36498 32961 23211 
10344 25865 33068 20609 
5648 14958 33181 20066 
6425 5360 33241 21503 
12129 236 33193 24627 
20939 70 33111 28836 
31136 81 32985 33381 
41083 11968 32768 37473 
49624 26180 32595 40629 
55861 42813 32428 42355 
58616 58440 32254 42419 
57511 65289 32161 41052 
52316 65475 32169 38563 
43356 65500 32259 35364 
32050 65508 32421 32120 
20210 65502 32652 29312 
10121 50324 32915 27310 
4050 32661 33120 26298 
3677 14519 33301 26390 
9274 719 33392 27380 
19545 102 33336 28996 
32308 55 33225 30954 
45506 41 33023 32954 
55713 7610 32708 34497 
61245 20714 32526 35597 
61201 36622 32347 36093 
55718 52565 32203 35945 
45283 64913 32130 35346 
32223 65461 32170 34523 
19023 65515 32288 33608 
8097 65533 32438 32788 
1977 64912 32642 32161 
2320 44127 32823 31798 
9417 23268 33009 31662 
21562 4075 33090 31718 
35637 131 33155 31943 
49005 36 33188 32183 
58826 36 33120 32381 
63266 7806 32990 32495 
61497 19948 32842 32568 
54566 32731 32643 32542 
44222 44256 32517 32544 
32218 53001 32377 32517 
20314 58463 32352 32562 
10785 60202 32394 32667 
4862 58248 32498 32821 
3352 52742 32616 32951 
6560 44171 32803 33111 
14230 33179 32959 33218 
24862 21672 33034 33209 
37177 11553 33091 33143 
49278 4603 33067 33009 
59355 1975 32916 32757 
65030 4182 32820 32600 
65474 10095 32624 32400 
59693 18552 32506 32310 
49288 28121 32412 32285 
36022 37520 32406 32381 
21818 46038 32444 32535 
9841 52739 32556 32719 
2026 57478 32712 32922 
108 59890 32819 33031 
138 59891 32910 33073 
9509 57426 32985 33067 
19849 52675 33013 32957 
31481 45876 32972 32768 
42970 37284 32898 32551 
52885 27237 32800 32342 
59883 16430 32639 32147 
62789 6613 32540 32118 
61518 328 32428 32171 
56243 105 32327 32302 
47576 71 32330 32606 
36620 4593 32395 32970 
25697 13699 32491 33298 
16076 27646 32664 33587 
9180 43367 32826 33702 
5898 58516 32996 33644 
6490 65299 33156 33447 
10349 65475 33287 33108 
16601 65498 33312 32619 
24426 65504 33280 32133 
33176 63596 33158 31697 
41816 47047 32968 31405 
49582 31022 32712 31317 
55481 15950 32528 31496 
58362 3902 32322 31851 
57408 150 32169 32340 
52666 62 32077 32901 
45034 981 32061 33458 
35605 12868 32150 33929 
26029 26014 32333 34239 
18419 39019 32564 34291 
13381 49939 32801 34083 
11366 56626 33037 33682 
12341 57925 33238 33132 
15788 53689 33317 32479 
20904 45741 33365 31933 
26975 36002 33265 31489 
33252 26659 33049 31221 
39402 19347 32820 31250 
44668 15261 32572 31483 
48778 14478 32376 31923 
51196 16693 32240 32428 
51350 21529 32194 32944 
48792 28236 32282 33431 
43686 35788 32497 33780 
36491 43097 32690 33843 
28524 48984 32963 33763 
21051 52225 33149 33485 
15766 51898 33270 33095 
13611 47973 33254 32665 
14756 41232 33161 32317 
18688 32878 32947 32018 
24700 24466 32657 31878 
31644 17858 32412 31960 
38131 14205 32156 32108 
43400 14034 32048 32429 
46591 17041 32018 32742 
47312 22623 32123 33041 
45494 29359 32359 33279 
41574 35990 32640 33376 
36348 41286 32957 33357 
30749 44364 33235 33203 
25672 44877 33460 32942 
22299 43097 33567 32662 
21193 39798 33541 32399 
22630 35995 33383 32166 
26463 32664 33106 32023 
32087 30428 32734 31998 
37843 29685 32372 32123 
42428 29981 32042 32323 
44634 30878 31851 32656 
43725 31893 31779 32991 
39681 32627 31832 33284 
33856 33012 32064 33518 
27501 32962 32380 33618 
22004 32430 32774 33594 
18479 31291 33172 33429 
17714 29498 33488 33105 
19809 27429 33674 32702 
24509 25704 33754 32330 
31120 25014 33669 31948 
38674 26076 33415 31669 
46034 29195 33077 31541 
51540 34001 32722 31606 
53923 39505 32338 31787 
52390 44611 32070 32135 
46748 48030 31898 32579 
38075 48810 31855 33053 
27944 46694 31950 33475 
18360 41964 32125 33792 
11221 35178 32392 33937 
8295 27555 32699 33944 
9989 20510 32961 33745 
15747 15049 33146 33412 
24344 12082 33218 32979 
34361 12222 33209 32520 
43785 15668 33101 32104 
50871 21939 32931 31820 
54553 30209 32741 31686 
54275 39356 32601 31738 
49940 48201 32513 31914 
42685 54581 32547 32228 
34065 57269 32629 32555 
25625 55736 32801 32892 
18845 50045 32919 33065 
15001 41208 33053 33197 
14867 31054 33128 33185 
18161 21897 33113 33066 
23967 15311 33003 32903 
31034 12314 32798 32711 
38114 13085 32566 32550 
43521 16941 32316 32473 
46541 22749 32125 32477 
46736 29212 31974 32532 
44269 35372 31986 32729 
39670 40152 32091 32911 
33917 43057 32320 33107 
27959 44124 32612 33235 
22798 43533 32935 33270 
19438 41635 33212 33189 
18743 38876 33428 32975 
21128 35894 33568 32725 
26230 33073 33585 32419 
32967 30738 33448 32093 
39929 29127 33226 31854 
45544 28227 32895 31699 
48160 28043 32551 31714 
47137 28374 32246 31915 
42618 28882 31990 32208 
35668 29380 31846 32615 
28293 29694 31835 33090 
22310 29886 31929 33523 
19136 30208 32171 33876 
19286 31011 32508 34070 
22331 32406 32861 34037 
26961 34217 33162 33779 
32062 36143 33383 33334 
36665 37850 33557 32841 
40211 38912 33562 32250 
42432 39197 33495 31769 
43261 38731 33313 31412 
42543 37622 33003 31212 
40136 35968 32674 31224 
36137 33825 32407 31516 
31100 31167 32214 31970 
25863 28029 32055 32453 
21781 24945 32021 32994 
19956 22584 32053 33475 
21227 21914 32206 33862 
25385 23228 32412 34063 
31454 26462 32650 34064 
37991 30990 32884 33877 
43095 35693 33070 33530 
45577 39585 33150 33051 
44946 42147 33191 32608 
41401 43142 33121 32180 
35659 42738 32974 31847 
29586 41222 32768 31673 
24428 38878 32585 31685 
21240 35882 32456 31881 
20455 32327 32404 32153 
22132 28456 32472 32540 
25718 24837 32593 32888 
30519 22048 32769 33149 
35747 20733 32959 33297 
40644 21333 33113 33309 
44238 23990 33226 33171 
45830 28230 33219 32941 
45178 33477 33124 32661 
42311 38830 32912 32374 
37745 43338 32639 32187 
32052 46300 32360 32121 
26354 47096 32112 32192 
21445 45656 31938 32379 
18181 42162 31937 32721 
17203 36908 32024 33063 
18924 30354 32233 33384 
23145 23627 32513 33573 
29335 17741 32869 33672 
36301 13822 33135 33508 
42915 13120 33396 33222 
47753 16338 33549 32808 
49901 23039 33600 32372 
49067 32142 33501 31925 
45531 41777 33312 31613 
39774 50126 32988 31422 
33057 55240 32650 31489 
26708 56136 32366 31782 
21524 52712 32092 32185 
18182 45737 31894 32680 
17074 36261 31833 33239 
18173 26090 31859 33701 
21149 17186 32017 34008 
25660 10973 32313 34146 
31156 8579 32637 34022 
37241 10618 32980 33687 
42937 16931 33269 33155 
47004 25896 33521 32604 
48682 35792 33656 32039 
47464 44894 33650 31585 
43429 51596 33502 31283 
37525 54625 33254 31213 
31258 53649 32921 31368 
25923 49151 32584 31772 
22441 42054 32272 32280 
21021 33396 32030 32860 
21604 24563 31826 33366 
23824 17839 31827 33825 
27176 14075 31943 34075 
31197 13999 32140 34090 
35388 17589 32423 33929 
39078 24043 32730 33559 
41382 31638 32995 33108 
41728 38849 33210 32608 
39911 44145 33364 32140 
36287 46745 33445 31784 
31628 46433 33426 31571 
27162 43537 33299 31514 
23993 38919 33124 31641 
22985 33534 32899 31893 
24634 28358 32641 32236 
28709 24528 32430 32640 
34372 22518 32255 33041 
40364 22588 32124 33378 
45376 24707 32061 33622 
47846 28274 32106 33767 
46953 32482 32234 33802 
42617 36483 32417 33685 
35383 39611 32649 33450 
26741 41287 32884 33109 
18707 41223 33082 32718 
12839 39590 33273 32348 
10386 36652 33394 31981 
12076 32973 33414 31674 
17725 29384 33331 31498 
26467 26474 33170 31459 
36858 24660 32931 31557 
47278 24232 32674 31801 
55940 25247 32451 32210 
60770 27345 32259 32648 
60998 30159 32163 33140 
56542 33220 32108 33581 
48089 36312 32148 33910 
36600 39220 32306 34131 
24202 41590 32473 34150 
12438 43160 32614 33975 
3288 43617 32746 33655 
135 42451 32824 33209 
51 39409 32860 32708 
5406 34470 32843 32193 
16813 28292 32865 31815 
31474 21765 32881 31535 
46041 16590 32902 31396 
58202 13991 32948 31431 
65143 14773 33035 31610 
65469 19017 33117 31912 
65487 25697 33179 32235 
57562 33564 33196 32601 
46318 41401 33134 32919 
33258 48130 32957 33181 
20363 52763 32780 33430 
9187 54776 32521 33554 
1551 53843 32257 33580 
93 49727 32039 33555 
55 42479 31884 33416 
9376 33370 31817 33229 
21469 23507 31929 33054 
35281 14616 32147 32861 
48606 8251 32464 32677 
58717 5810 32803 32485 
63692 7653 33097 32317 
63021 13397 33317 32190 
57371 22038 33431 32100 
47538 32738 33461 32097 
35982 43267 33336 32122 
24905 52185 33177 32218 
15775 58185 32971 32343 
9806 60214 32795 32530 
7620 57691 32678 32733 
9377 50908 32614 32887 
14551 41421 32588 32991 
22423 31005 32612 33065 
31848 21701 32671 33090 
41724 14991 32676 33029 
50385 11904 32682 32971 
55973 12140 32599 32866 
57343 14977 32499 32786 
53878 19531 32380 32733 
46039 25012 32277 32711 
35214 31035 32221 32738 
24221 36903 32254 32793 
15546 42200 32363 32836 
11140 46278 32541 32869 
11809 48547 32803 32901 
16850 48350 33036 32827 
24400 45740 33265 32719 
32514 41141 33410 32558 
39737 35527 33489 32401 
45172 29836 33433 32237 
48167 25386 33311 32145 
48568 22681 33100 32123 
46345 21896 32864 32187 
41434 22737 32585 32322 
34646 24772 32396 32544 
27038 27329 32221 32780 
20290 29994 32096 32970 
16110 32506 32035 33171 
16000 34850 32064 33350 
19952 36864 32133 33448 
26828 38585 32262 33480 
34889 39741 32422 33429 
42204 40131 32616 33304 
46798 39468 32804 33112 
47993 37666 33012 32878 
45764 34844 33177 32579 
40951 31476 33355 32310 
34982 28334 33465 32046 
29101 26021 33510 31839 
24360 24982 33417 31651 
21471 25513 33281 31652 
20776 27316 33065 31732 
22191 29953 32786 31916 
25436 32901 32532 32233 
30056 35696 32257 32608 
35286 38050 32057 33052 
39854 39599 31971 33473 
42883 40221 31927 33776 
43725 39772 32012 33988 
42109 37987 32187 34037 
38538 34852 32375 33861 
34046 30760 32612 33565 
29658 26343 32876 33199 
26234 22543 33063 32713 
24437 20441 33268 32267 
24541 20936 33380 31882 
26265 24071 33382 31593 
29225 29328 33337 31502 
32749 35627 33182 31555 
36094 41755 32943 31754 
38467 46302 32714 32068 
39379 48512 32483 32460 
38648 47995 32292 32858 
36454 44732 32151 33212 
33447 39314 32150 33493 
30438 32759 32256 33657 
28060 25998 32450 33671 
26758 20155 32695 33556 
26750 16067 32949 33298 
27997 14540 33122 32962 
30247 15773 33233 32610 
33107 19561 33266 32315 
35960 25331 33145 32068 
38253 32494 32933 31923 
39471 39828 32722 31974 
39311 46411 32481 32084 
37874 51266 32301 32307 
35461 53560 32205 32572 
32716 52633 32178 32829 
30362 48614 32300 33100 
28660 41979 32459 33273 
27719 33739 32668 33342 
27392 25117 32905 33325 
27453 17864 33091 33200 
27776 12953 33168 32953 
28583 11170 33227 32718 
30091 12540 33211 32480 
32470 16694 33077 32238 
35400 22700 32886 32085 
38274 29717 32667 32011 
40309 36802 32466 32106 
40784 43149 32259 32251 
39602 48351 32159 32539 
37072 51699 32140 32849 
33856 52911 32170 33114 
30764 51905 32362 33385 
28150 48373 32586 33528 
26378 42679 32850 33531 
25428 35227 33073 33379 
25530 26794 33281 33117 
26883 18579 33418 32791 
29675 11576 33456 32385 
33408 7622 33369 32027 
37325 7375 33191 31753 
40403 11185 32930 31619 
41678 18808 32627 31662 
40746 28847 32353 31895 
37865 39803 32145 32268 
33760 49812 31999 32688 
29535 57266 31974 33132 
26024 61043 32050 33536 
24030 60483 32283 33829 
23722 55753 32544 33930 
25099 47415 32770 33790 
28129 36682 32971 33508 
32276 24965 33074 33117 
36848 13869 33124 32714 
40969 4934 33107 32348 
43503 345 32995 32059 
43604 69 32823 31871 
41361 6820 32701 31865 
37227 17917 32646 31996 
32003 32437 32667 32201 
26872 47976 32753 32439 
23111 60814 32859 32612 
21341 65367 32999 32776 
21829 65493 33078 32816 
24446 65512 33089 32805 
28718 57550 33046 32768 
33529 44577 32888 32737 
37853 27877 32674 32724 
40769 12386 32442 32788 
41753 1033 32187 32851 
40852 81 32015 32993 
38540 46 31929 33125 
35471 6667 31947 33239 
32227 18906 32116 33334 
29418 33432 32345 33285 
27648 47280 32660 33164 
27183 58113 32986 32934 
28249 63802 33288 32648 
30694 63126 33576 32365 
33727 56416 33703 32070 
36475 44922 33689 31834 
38000 30890 33554 31710 
37712 16833 33304 31756 
35596 6222 32963 31909 
32256 977 32583 32188 
28573 1939 32214 32549 
