32781 33040 32922 33508 
32781 33040 32922 33508 
32915 33246 33069 33181 
33063 33421 33202 32890 
33111 33428 33191 32583 
33130 33341 33134 32370 
33048 33112 32995 32208 
32901 32815 32803 32121 
32783 32564 32684 32161 
32686 32379 32617 32272 
32613 32284 32606 32392 
32596 32327 32660 32514 
32605 32451 32763 32598 
32624 32615 32841 32623 
32655 32772 32897 32594 
32676 32919 32923 32585 
32688 33008 32897 32582 
32669 32996 32787 32602 
32644 32903 32644 32660 
32605 32745 32493 32806 
32541 32495 32328 32943 
32542 32323 32247 33147 
32539 32195 32230 33312 
32600 32191 32290 33438 
32732 32331 32456 33499 
32870 32569 32644 33439 
33017 32885 32855 33288 
33130 33171 33021 32973 
33198 33442 33154 32618 
33252 33668 33305 32283 
33213 33713 33348 31911 
33057 33544 33302 31627 
32827 33226 33176 31472 
32518 32737 32962 31448 
32215 32216 32731 31637 
31966 31736 32481 32024 
31769 31343 32213 32450 
31741 31194 32034 33008 
31812 31230 31885 33486 
32091 31586 31929 33972 
32466 32124 32059 34243 
32902 32781 32310 34307 
33352 33485 32645 34154 
33709 34085 32990 33752 
33904 34458 33288 33156 
33943 34622 33558 32502 
33805 34480 33692 31857 
33479 34040 33671 31302 
33050 33395 33502 30977 
32578 32643 33220 30891 
32152 31909 32882 31132 
31830 31289 32516 31588 
31675 30933 32207 32238 
31659 30826 31939 32906 
31812 31013 31798 33563 
32109 31498 31830 34119 
32449 32147 31985 34422 
32806 32823 32227 34449 
33074 33435 32505 34191 
33281 33940 32809 33744 
33369 34217 33087 33133 
33359 34250 33299 32480 
33246 34052 33427 31881 
33092 33682 33468 31427 
32880 33165 33368 31160 
32689 32623 33179 31133 
32539 32119 32937 31389 
32419 31709 32645 31821 
32390 31517 32394 32400 
32411 31535 32201 33019 
32424 31678 32053 33551 
32479 31989 32033 33969 
32566 32391 32156 34176 
32628 32814 32376 34170 
32689 33182 32659 33896 
32736 33451 32954 33441 
32738 33573 33174 32847 
32784 33595 33356 32244 
32838 33488 33423 31698 
32898 33303 33365 31357 
32983 33098 33222 31233 
33003 32836 32949 31317 
33048 32634 32678 31654 
33074 32493 32439 32203 
33036 32395 32257 32783 
32899 32290 32115 33321 
32698 32200 32067 33744 
32509 32180 32130 34046 
32320 32160 32288 34076 
32198 32205 32505 33922 
32132 32258 32727 33563 
32157 32368 32937 33096 
32256 32487 33094 32549 
32504 32750 33268 32107 
32714 32949 33288 31709 
32971 33190 33279 31546 
33154 33378 33133 31541 
33282 33520 32958 31746 
33308 33551 32726 32082 
33275 33520 32530 32563 
33117 33323 32332 33006 
32892 33026 32197 33390 
32666 32693 32156 33686 
32476 32364 32243 33802 
32343 32088 32386 33703 
32260 31893 32588 33427 
32297 31845 32832 33056 
32343 31881 33010 32571 
32479 32069 33198 32117 
32641 32333 33299 31800 
32812 32641 33328 31646 
32885 32879 33209 31634 
32918 33061 33026 31809 
32939 33227 32809 32162 
32912 33287 32573 32579 
32917 33334 32428 33077 
32868 33250 32256 33458 
32830 33151 32182 33751 
32826 33035 32215 33883 
32811 32916 32306 33816 
32804 32821 32479 33593 
32769 32723 32646 33203 
32734 32653 32852 32767 
32648 32544 32977 32268 
32557 32433 33041 31852 
32477 32316 33062 31592 
32377 32189 32988 31493 
32336 32087 32879 31608 
32311 32028 32734 31915 
32393 32094 32639 32377 
32514 32213 32571 32884 
32640 32385 32525 33337 
32860 32708 32608 33768 
33027 33017 32696 33965 
33198 33340 32828 33935 
33311 33633 32979 33717 
33328 33799 33072 33298 
33286 33841 33146 32806 
33131 33681 33098 32220 
32950 33447 33008 31761 
32697 33063 32814 31409 
32480 32661 32599 31319 
32198 31912 32220 31852 
32151 31677 32112 32329 
32194 31605 32111 32893 
32278 31663 32179 33410 
32461 31908 32373 33891 
32638 32226 32617 34120 
32801 32578 32864 34131 
32940 32919 33083 33919 
33010 33215 33243 33504 
33032 33406 33321 32940 
33057 33539 33365 32383 
33045 33540 33305 31865 
32992 33434 33163 31465 
32904 33231 32939 31265 
32826 32995 32696 31316 
32736 32743 32440 31596 
32650 32523 32234 32069 
32583 32352 32121 32643 
32500 32210 32050 33211 
32400 32126 32084 33701 
32372 32137 32233 34070 
32392 32230 32483 34207 
32443 32354 32752 34080 
32529 32507 33014 33706 
32644 32675 33252 33169 
32786 32861 33403 32560 
32914 32997 33452 31943 
33010 33105 33368 31449 
33072 33163 33189 31171 
33081 33172 32920 31151 
33064 33142 32627 31400 
33019 33067 32378 31869 
32919 32957 32168 32437 
32786 32801 32066 33045 
32655 32652 32074 33634 
32572 32530 32214 34094 
32496 32424 32411 34299 
32454 32366 32641 34244 
32440 32356 32862 33959 
32455 32389 33056 33460 
32495 32464 33179 32877 
32560 32565 33234 32257 
32642 32692 33251 31749 
32692 32764 33159 31365 
32713 32787 32990 31208 
32715 32748 32756 31268 
32748 32754 32563 31612 
32762 32701 32368 32108 
32777 32676 32215 32674 
32804 32676 32136 33256 
32832 32703 32161 33755 
32901 32803 32303 34111 
32957 32930 32508 34218 
32984 33024 32747 34069 
33013 33157 33046 33755 
32980 33207 33258 33237 
32887 33173 33390 32618 
32809 33107 33475 32048 
32678 32933 33416 31530 
32540 32700 33251 31196 
32424 32428 33000 31087 
32332 32181 32705 31216 
32316 32012 32433 31604 
32363 31963 32218 32154 
32456 32012 32068 32778 
32604 32196 32051 33411 
32776 32446 32105 33940 
32924 32770 32255 34272 
33034 33040 32423 34353 
33095 33292 32633 34217 
33088 33425 32828 33874 
32950 33375 32916 33332 
32781 33222 32961 32748 
32596 33003 32963 32209 
32425 32727 32908 31739 
32354 32492 32897 31487 
32332 32289 32866 31399 
32409 32217 32886 31532 
32551 32242 32928 31797 
32727 32378 32972 32120 
32942 32624 33056 32495 
33131 32915 33112 32839 
33219 33138 33093 33079 
33252 33315 33039 33233 
33187 33383 32897 33321 
32993 33255 32675 33342 
32775 33037 32440 33455 
32530 32707 32204 33565 
32302 32341 31998 33616 
32112 31954 31856 33319 
32040 31720 31860 32704 
32076 31660 31994 31766 
32229 31796 32251 30804 
32437 32053 32567 30177 
32735 32507 32951 30289 
32993 32989 33278 31193 
33215 33485 33539 32760 
33402 33929 33720 34573 
33456 34166 33749 36102 
33401 34169 33638 36946 
33216 33916 33386 36885 
32994 33496 33071 36043 
32732 32958 32714 34563 
32529 32392 32367 32629 
32519 31984 32097 30597 
32621 31761 31853 28545 
32795 31787 31766 26913 
32730 31804 31803 25985 
32115 31473 31909 26067 
31057 30786 32131 27381 
29811 29824 32431 29857 
29003 29076 32746 33137 
29332 29237 33035 36803 
31334 30962 33313 40161 
34588 34086 33495 42452 
38225 37998 33623 43306 
41018 41531 33648 42363 
41787 43392 33522 39528 
40084 42790 33330 35303 
36402 39740 33100 30414 
31757 35024 32816 25622 
27422 29802 32510 21778 
24345 25042 32267 19622 
22848 21349 32061 19659 
22668 19015 31937 21900 
23318 18161 31925 25982 
24594 19031 32004 31227 
26904 22045 32174 36966 
30884 27234 32367 42006 
36763 34239 32578 45484 
43903 42080 32755 46928 
50693 49431 32874 46089 
54943 54944 32970 43114 
54349 57161 32993 38459 
48366 55667 33060 33105 
37930 50417 33058 27775 
25510 42091 33092 23374 
14036 31293 33164 20553 
6804 19639 33220 19753 
5087 8540 33221 20933 
8736 571 33210 23851 
16393 88 33135 27904 
26401 49 33001 32508 
36647 7168 32772 36708 
46024 19952 32547 40078 
53402 35804 32277 42072 
57837 52216 32030 42535 
58461 64891 31838 41486 
54977 65446 31768 39282 
47542 65496 31798 36309 
37011 65509 31972 33153 
25025 65509 32224 30264 
13686 54759 32599 28085 
5687 37728 32988 26879 
3067 19591 33273 26692 
6534 3158 33550 27468 
15430 146 33710 28907 
27905 62 33719 30698 
41003 43 33630 32434 
52468 7576 33454 33900 
59953 16245 33178 34858 
62022 31875 32886 35289 
58208 48452 32589 35166 
49530 62816 32353 34659 
37464 65410 32137 33895 
23938 65505 31998 33168 
11598 65530 31906 32583 
3081 65535 31912 32304 
806 50120 31968 32297 
5463 29674 32087 32549 
15925 9715 32296 32949 
29741 271 32533 33325 
44292 44 32852 33621 
55986 29 33121 33596 
62844 7564 33395 33338 
63547 15788 33584 32817 
58571 29209 33685 32123 
49249 41868 33675 31422 
37603 51551 33541 30883 
25407 57626 33301 30595 
14672 59929 33019 30667 
6914 58486 32658 31041 
3251 53526 32362 31806 
4330 45542 32106 32689 
9911 35262 31916 33582 
19228 24038 31832 34412 
31185 13514 31866 34971 
44108 5763 31996 35174 
55209 2541 32197 35022 
63104 3897 32447 34492 
65428 9246 32720 33715 
65130 17552 32976 32791 
54838 26977 33179 31882 
42799 36374 33343 31153 
28971 44619 33424 30708 
15787 51138 33424 30592 
5569 55743 33338 30815 
501 58111 33181 31332 
78 58257 32920 32009 
5345 56325 32696 32773 
13995 52414 32467 33451 
25050 46593 32279 33966 
36598 39329 32195 34232 
47212 30781 32172 34191 
55771 21551 32285 33923 
61196 12089 32454 33454 
62605 3692 32687 32907 
59936 186 32883 32352 
53464 85 33029 31860 
44200 63 33161 31595 
33266 8389 33194 31547 
22565 20708 33123 31708 
13634 35866 32988 32034 
7724 51429 32843 32489 
5412 64553 32621 32924 
6779 65431 32468 33369 
11147 65489 32343 33660 
17789 65500 32273 33749 
26082 65501 32287 33682 
35230 54803 32377 33446 
44196 39653 32478 33070 
52051 23857 32600 32677 
57578 10115 32724 32315 
59613 766 32829 32061 
57458 84 32882 31907 
51510 58 32932 31944 
42821 7069 32969 32114 
33054 18299 33048 32414 
23561 31538 33083 32702 
16149 44161 33131 32969 
11735 53335 33119 33105 
10492 57701 33087 33111 
12208 56675 33033 33014 
16374 50825 32922 32821 
22214 41903 32780 32574 
28802 32284 32608 32383 
35525 23871 32422 32263 
41759 17977 32232 32255 
47157 15081 32041 32348 
50907 15473 31973 32609 
52486 18556 32001 32931 
51394 23769 32092 33241 
47448 30444 32301 33498 
40791 37871 32594 33662 
32501 44755 32890 33619 
24255 49738 33182 33433 
17504 51885 33417 33102 
13575 50632 33577 32685 
13114 46012 33649 32251 
16153 38693 33577 31840 
21611 30625 33416 31581 
28441 23131 33175 31481 
35482 17601 32885 31557 
41614 14931 32556 31794 
46036 15543 32314 32201 
47848 18901 32075 32643 
46968 24196 31882 33077 
43738 30285 31814 33498 
38768 36020 31846 33821 
32754 40436 31942 33961 
27264 42665 32193 33989 
23001 42755 32473 33820 
20836 41183 32807 33530 
21208 38643 33109 33102 
24294 36035 33402 32650 
29398 34120 33620 32201 
35487 33121 33694 31786 
41080 32918 33670 31497 
44744 33087 33514 31385 
45421 33128 33242 31427 
42813 32805 32928 31627 
37638 32118 32601 31993 
31065 31181 32333 32443 
24489 30096 32121 32941 
19483 28837 31956 33353 
17095 27500 31930 33709 
17631 26094 32009 33934 
21018 24924 32156 33983 
26811 24567 32336 33844 
34310 25665 32566 33578 
42025 28554 32781 33233 
48776 33122 32948 32788 
53151 38742 33077 32328 
54021 44417 33211 31982 
50406 48673 33212 31662 
43228 50338 33227 31578 
33482 48979 33116 31603 
23205 44748 32996 31821 
14330 38081 32824 32163 
8981 30106 32643 32569 
8243 22318 32515 33029 
12012 15776 32405 33434 
19431 11565 32378 33729 
29260 10383 32404 33852 
39305 12657 32514 33798 
47965 18079 32648 33539 
53789 26009 32815 33179 
55747 35568 32952 32676 
53421 45199 33049 32159 
47567 53143 33128 31791 
39276 57936 33085 31513 
30131 58551 32966 31438 
21726 54613 32825 31612 
15754 46624 32618 31957 
13351 36440 32465 32449 
14647 25914 32351 32996 
19195 17161 32260 33502 
26083 11730 32284 33920 
33706 10486 32375 34117 
40480 13043 32494 34058 
45343 18417 32637 33812 
47582 25197 32774 33369 
46961 32161 32880 32860 
43759 38246 32936 32312 
38765 42585 33002 31905 
32784 44951 32998 31605 
26797 45380 32973 31535 
21887 44137 32952 31642 
19029 41582 32908 31889 
19122 38390 32901 32245 
22224 35005 32887 32602 
27785 31928 32890 32923 
34648 29477 32848 33141 
41366 27848 32783 33253 
46080 27150 32724 33279 
47633 27230 32628 33202 
45492 27807 32505 33050 
40114 28581 32406 32913 
32988 29233 32310 32794 
26133 29690 32262 32703 
21264 30113 32273 32692 
19398 30717 32353 32711 
20653 31785 32468 32740 
24381 33442 32656 32804 
29174 35417 32831 32811 
34062 37374 33024 32796 
38113 38845 33160 32727 
41092 39597 33313 32659 
42818 39476 33363 32523 
43076 38626 33342 32387 
41753 37171 33235 32277 
38750 35196 33060 32205 
34256 32638 32809 32203 
28916 29504 32566 32290 
23648 25915 32308 32472 
20221 22819 32099 32694 
19480 20934 31953 32951 
21858 21026 31921 33201 
27056 23447 32006 33419 
33827 27878 32248 33599 
40176 33125 32511 33593 
44738 38253 32830 33472 
46381 42209 33115 33220 
44781 44572 33389 32882 
40517 45175 33593 32521 
34663 44206 33632 32142 
28669 41961 33523 31809 
23763 38597 33302 31588 
21023 34424 33012 31578 
20723 29796 32666 31694 
22707 25205 32376 32006 
26459 21255 32129 32376 
31345 18731 31969 32818 
36526 18346 31910 33206 
40985 20341 32006 33577 
44088 24502 32200 33816 
45194 30187 32437 33839 
44059 36644 32722 33731 
40874 42503 32948 33486 
36210 46926 33161 33139 
30781 49183 33290 32732 
25333 48903 33334 32322 
20992 46135 33315 32010 
18393 41138 33167 31763 
18145 34510 32942 31657 
20609 26951 32692 31738 
25544 19690 32470 31962 
31961 14161 32282 32287 
38763 11541 32232 32740 
44542 12616 32214 33118 
48319 17812 32307 33460 
49262 26123 32479 33692 
47329 36116 32724 33790 
42901 45715 32939 33651 
36824 53133 33122 33340 
30192 56678 33276 32959 
24489 55596 33335 32505 
20307 50410 33278 32082 
18095 42161 33105 31716 
18060 32346 32889 31542 
20060 22470 32646 31569 
23612 14595 32390 31775 
28426 10039 32236 32160 
33911 9535 32097 32585 
39511 13311 32110 33072 
44394 20704 32199 33508 
47351 30003 32386 33851 
47693 39406 32641 34010 
45157 47210 32839 33914 
40185 52089 33001 33623 
34032 53138 33072 33224 
28273 50506 33067 32775 
24046 44941 33010 32349 
21864 37444 32885 31973 
21746 29157 32724 31715 
23484 21703 32643 31692 
26397 16838 32587 31795 
30042 15264 32604 31985 
33981 17293 32714 32269 
37709 22499 32859 32570 
40452 29511 32968 32787 
41534 36665 33082 32986 
40553 42363 33115 33092 
37610 45599 33085 33142 
33210 45924 32946 33117 
28461 43494 32707 33049 
24666 39191 32459 32998 
22682 33951 32221 32973 
23180 28834 32023 32931 
26290 24795 31949 32929 
31553 22490 31965 32934 
37790 22353 32133 32937 
43655 24268 32409 32919 
47673 27755 32730 32843 
48579 32143 33063 32696 
45764 36492 33357 32543 
39640 39883 33561 32363 
31382 41864 33629 32164 
22642 42160 33570 32021 
15275 40760 33431 31971 
10725 37824 33186 31981 
10169 33978 32852 32064 
13850 30026 32562 32274 
21192 26601 32297 32563 
31067 24236 32062 32866 
42036 23278 31876 33177 
51781 23899 31836 33502 
58721 25805 31896 33736 
61467 28578 32056 33876 
59364 31780 32277 33844 
52736 35128 32578 33680 
42769 38235 32870 33391 
30836 40912 33155 32982 
18607 43022 33415 32524 
8025 44307 33645 32103 
817 44197 33700 31675 
78 42313 33630 31392 
50 38423 33456 31278 
10509 32694 33194 31350 
24026 25773 32880 31619 
38994 19146 32518 32008 
52637 14516 32233 32508 
62675 12922 32022 33028 
65415 14874 31871 33494 
65485 20201 31867 33897 
61533 27734 31954 34102 
51242 35971 32134 34142 
39013 43765 32397 34018 
26032 50068 32658 33680 
13871 54180 32924 33249 
4622 55362 33129 32723 
268 53475 33314 32225 
64 48402 33395 31782 
5505 40603 33433 31505 
15996 30705 33304 31365 
29021 20703 33100 31427 
42585 12247 32854 31675 
54160 6884 32592 32094 
61771 5671 32379 32583 
63973 8883 32255 33154 
60545 15708 32124 33541 
52807 25171 32190 33881 
42227 35798 32292 33953 
30617 46232 32505 33857 
20293 54466 32775 33570 
12543 59324 32994 33116 
8343 59908 33179 32606 
7973 55954 33325 32141 
11265 47970 33336 31747 
17584 37855 33233 31520 
26035 27490 32999 31493 
35571 18952 32746 31703 
45085 13488 32501 32090 
52690 11667 32237 32518 
56838 13110 32115 33043 
56492 16770 32043 33442 
51423 21849 32105 33758 
42022 27760 32273 33894 
30647 33829 32512 33826 
20400 39335 32805 33594 
13369 44010 33053 33217 
11077 47207 33244 32771 
13677 48353 33380 32322 
20020 47106 33409 31933 
27979 43660 33362 31669 
35742 38593 33167 31540 
42111 32993 32915 31598 
46278 27884 32623 31811 
48056 24113 32368 32202 
47111 22294 32129 32633 
43663 22276 32011 33131 
37916 23589 31957 33535 
30780 25776 32061 33845 
23415 28391 32259 33967 
17892 31024 32555 33929 
15798 33483 32880 33656 
17757 35725 33141 33220 
23429 37866 33410 32743 
31367 39640 33557 32225 
39650 40755 33565 31732 
46138 40854 33435 31395 
49018 39673 33192 31288 
48114 37159 32853 31368 
43950 33649 32514 31668 
37768 29762 32220 32155 
30892 26221 32037 32728 
24935 23887 31940 33285 
20811 23215 31992 33795 
19016 24266 32125 34086 
19702 26818 32375 34213 
22680 30384 32657 34108 
27383 34164 32932 33795 
33010 37601 33109 33274 
38592 40377 33242 32706 
43182 42184 33316 32170 
45538 42570 33288 31679 
45149 41388 33184 31377 
42163 38518 32951 31224 
37445 34203 32750 31339 
32012 28915 32548 31662 
27031 23491 32359 32134 
23674 19420 32241 32680 
22357 17702 32188 33222 
23171 18997 32219 33707 
25840 23348 32353 34069 
29770 30054 32557 34209 
34045 37441 32764 34112 
37826 44227 32969 33785 
40348 49063 33132 33294 
41069 51133 33275 32733 
39800 49877 33314 32121 
36995 45663 33262 31607 
33377 39183 33131 31259 
29759 31484 32941 31135 
26909 23797 32689 31220 
25354 17318 32471 31572 
25380 13324 32280 32081 
26951 12323 32193 32686 
29669 14419 32154 33250 
33117 19437 32220 33746 
36500 26574 32328 34073 
39123 34657 32539 34237 
40371 42578 32698 34112 
40076 49294 32864 33815 
38303 53798 32961 33360 
35522 55063 32966 32844 
32578 52896 32957 32407 
30019 47501 32900 32027 
28188 39670 32815 31780 
27170 30528 32746 31687 
26830 22007 32736 31782 
26960 15308 32756 31937 
27497 11481 32843 32162 
28619 10951 32918 32369 
30652 13762 33035 32593 
33421 18956 33091 32748 
36614 25696 33082 32848 
39412 32842 32987 32864 
41065 39644 32828 32874 
41004 45520 32636 32925 
39212 49674 32412 32992 
36196 51935 32210 33087 
32769 52088 32052 33196 
29495 49902 31958 33277 
27062 45502 31992 33341 
25583 39280 32170 33379 
25023 31690 32399 33287 
25613 23608 32713 33151 
27445 15933 32984 32811 
30663 10193 33251 32447 
34593 7569 33433 32066 
38474 8774 33561 31755 
41172 13875 33568 31529 
41888 22417 33460 31438 
40233 33246 33262 31523 
36856 43996 32981 31787 
32628 53259 32711 32196 
28585 59480 32415 32703 
25516 61635 32141 33193 
23851 59317 31888 33630 
23972 53076 31785 33995 
25798 43681 31798 34179 
29088 32308 31912 34174 
33501 20263 32145 33955 
38035 9511 32453 33579 
41638 2008 32790 33103 
43482 112 33124 32573 
43033 61 33417 32038 
40238 9646 33655 31628 
35830 22333 33743 31345 
30770 37428 33723 31239 
26131 52422 33566 31316 
22851 64343 33322 31578 
21656 65451 32988 31959 
22693 65506 32629 32412 
25735 65516 32298 32900 
30075 55745 32012 33347 
34731 39341 31870 33725 
38506 22457 31813 33932 
40722 7916 31856 33960 
41076 293 31999 33835 
39758 58 32201 33597 
37266 47 32396 33277 
34301 10652 32592 32956 
31399 23856 32795 32649 
29082 38346 32984 32398 
27682 51685 33106 32181 
27679 60896 33229 32073 
29148 64293 33379 32077 
31763 61304 33488 32103 
34724 52549 33496 32117 
37229 39426 33501 32165 
38256 24871 33432 32237 
37420 11747 33264 32271 
34898 2764 33024 32329 
31321 120 32713 32425 
