33570 33636 33590 31976 
33570 33636 33590 31976 
33217 33446 33502 31568 
32827 33152 33332 31424 
32387 32726 33026 31469 
32011 32273 32670 31713 
31761 31888 32331 32144 
31643 31622 32055 32617 
31691 31526 31880 33095 
31868 31601 31830 33502 
32168 31862 31935 33777 
32529 32244 32172 33894 
32897 32720 32484 33809 
33236 33217 32822 33565 
33477 33631 33105 33166 
33618 33943 33334 32721 
33691 34140 33511 32334 
33601 34080 33545 31974 
33405 33814 33429 31730 
33121 33388 33221 31661 
32769 32827 32908 31741 
32398 32242 32582 31957 
32110 31746 32328 32335 
31897 31371 32139 32759 
31736 31156 31999 33123 
31738 31155 31987 33437 
31873 31400 32119 33631 
32134 31856 32351 33692 
32475 32421 32643 33584 
32861 33043 32933 33323 
33186 33594 33146 32926 
33503 34071 33322 32529 
33753 34398 33441 32196 
33797 34423 33383 31874 
33700 34236 33258 31727 
33430 33781 33017 31713 
33038 33173 32738 31866 
32634 32544 32508 32173 
32242 31936 32315 32561 
31930 31462 32191 32933 
31710 31168 32112 33249 
31693 31142 32155 33474 
31900 31417 32328 33616 
32178 31810 32489 33565 
32566 32343 32704 33427 
32921 32856 32851 33187 
33154 33225 32918 32843 
33317 33529 32942 32574 
33358 33650 32924 32354 
33249 33586 32850 32220 
33064 33403 32787 32192 
32796 33105 32721 32227 
32544 32792 32701 32331 
32403 32557 32792 32507 
32315 32381 32865 32624 
32333 32307 32958 32676 
32471 32406 33058 32707 
32691 32608 33128 32684 
32913 32842 33120 32584 
33100 33052 33030 32481 
33238 33222 32877 32433 
33227 33230 32642 32404 
33132 33119 32413 32508 
32913 32838 32192 32662 
32583 32436 32003 32896 
32303 32059 31942 33181 
32059 31748 31982 33427 
31937 31592 32127 33619 
31961 31656 32378 33687 
32137 31954 32707 33640 
32425 32379 33013 33414 
32776 32905 33301 33049 
33146 33455 33507 32602 
33466 33965 33621 32145 
33669 34258 33613 31719 
33682 34295 33465 31408 
33565 34081 33255 31286 
33304 33626 33001 31375 
32901 32966 32668 31619 
32497 32246 32380 32066 
32088 31539 32124 32565 
31798 31028 31943 33131 
31596 30742 31795 33613 
31631 30813 31786 34011 
31831 31237 31906 34211 
32188 31942 32130 34231 
32596 32748 32421 34016 
33041 33563 32767 33614 
33411 34254 33096 33122 
33642 34642 33363 32533 
33774 34781 33626 32036 
33704 34527 33726 31596 
33524 34014 33729 31336 
33191 33265 33558 31226 
32808 32442 33285 31322 
32502 31770 33001 31650 
32187 31215 32617 32042 
32016 30971 32291 32542 
31968 31034 32057 33062 
32023 31359 31885 33503 
32196 31896 31855 33838 
32424 32523 31947 33991 
32679 33190 32157 33993 
32860 33657 32364 33764 
32997 33940 32620 33446 
33054 33963 32828 33066 
33020 33714 32975 32639 
32917 33325 33038 32287 
32825 32881 33070 32070 
32664 32367 32976 31905 
32592 32022 32928 31928 
32572 31825 32875 32029 
32622 31848 32878 32234 
32668 32014 32892 32395 
32814 32369 33008 32608 
32894 32732 33061 32705 
33004 33159 33151 32775 
33031 33441 33160 32751 
32998 33581 33069 32676 
32957 33611 32943 32660 
32829 33429 32692 32635 
32715 33151 32444 32721 
32569 32776 32166 32834 
32387 32081 31847 33281 
32366 31876 31839 33468 
32404 31826 31982 33580 
32468 31910 32239 33560 
32569 32123 32584 33390 
32645 32411 32941 33042 
32744 32739 33301 32674 
32806 33031 33551 32232 
32869 33267 33711 31843 
32896 33397 33699 31535 
32934 33454 33589 31425 
32995 33426 33374 31501 
33047 33333 33107 31760 
33063 33155 32779 32105 
33049 32936 32449 32551 
33012 32698 32176 33024 
32897 32429 31968 33428 
32716 32192 31840 33739 
32489 31998 31815 33919 
32291 31908 31905 33940 
32112 31891 32056 33802 
32025 32021 32290 33556 
32044 32244 32590 33228 
32151 32517 32889 32841 
32373 32842 33178 32441 
32662 33160 33429 32085 
33000 33458 33622 31824 
33293 33627 33686 31632 
33504 33657 33638 31602 
33583 33548 33460 31676 
33537 33339 33213 31873 
33358 33024 32887 32156 
33050 32639 32496 32470 
32777 32355 32223 32857 
32455 32097 31976 33181 
32190 31958 31850 33447 
32053 31966 31847 33635 
32056 32100 31982 33737 
32126 32284 32166 33695 
32330 32566 32447 33597 
32558 32806 32736 33355 
32749 32987 32977 33066 
32908 33092 33173 32727 
33007 33141 33328 32402 
33065 33104 33408 32106 
33017 32980 33362 31848 
32927 32842 33249 31707 
32768 32655 33018 31663 
32645 32530 32793 31801 
32551 32448 32566 32027 
32503 32429 32367 32354 
32528 32482 32232 32752 
32575 32562 32169 33151 
32704 32730 32234 33543 
32822 32877 32360 33811 
32947 33006 32557 33893 
33029 33120 32789 33797 
33076 33159 33004 33520 
33044 33107 33153 33086 
32981 33028 33276 32601 
32852 32889 33295 32078 
32737 32742 33241 31660 
32580 32547 33058 31371 
32476 32419 32864 31337 
32369 32287 32587 31493 
32384 32278 32407 31950 
32386 32274 32219 32464 
32418 32315 32122 33035 
32499 32415 32115 33610 
32606 32553 32226 34067 
32745 32717 32408 34295 
32842 32859 32623 34252 
32919 32968 32809 33959 
32954 33035 32964 33464 
32977 33075 33071 32889 
32968 33068 33108 32297 
32905 33023 33065 31780 
32832 32934 32985 31416 
32744 32830 32873 31281 
32658 32714 32780 31349 
32608 32633 32723 31628 
32605 32608 32726 32059 
32601 32570 32749 32511 
32625 32565 32807 32932 
32621 32534 32820 33241 
32662 32543 32857 33459 
32724 32608 32885 33553 
32761 32643 32832 33497 
32808 32725 32753 33380 
32860 32792 32617 33187 
32854 32833 32461 32973 
32847 32872 32328 32811 
32821 32862 32226 32674 
32766 32837 32208 32615 
32692 32769 32264 32593 
32613 32688 32414 32608 
32532 32593 32625 32604 
32475 32516 32852 32572 
32463 32487 33083 32501 
32511 32523 33273 32434 
32588 32589 33397 32322 
32742 32752 33453 32266 
32911 32921 33411 32223 
33060 33064 33263 32249 
33134 33152 33016 32375 
33199 33214 32763 32715 
33204 33204 32510 33168 
33053 33042 32244 33488 
32833 32790 32024 33520 
32570 32477 31914 33124 
32276 32145 31891 32357 
32047 31879 31991 31531 
31904 31710 32162 31023 
31918 31764 32423 31178 
32095 32007 32732 32099 
32399 32423 33062 33531 
32749 32889 33312 35031 
33132 33404 33535 36220 
33456 33837 33656 36656 
33654 34074 33645 36267 
33708 34100 33534 35154 
33571 33856 33278 33461 
33365 33475 32967 31536 
33198 33092 32628 29584 
33111 32802 32313 27780 
33011 32576 32065 26442 
32626 32209 31913 25902 
31799 31483 31882 26369 
30548 30376 31953 27965 
29241 29078 32152 30618 
28500 28157 32380 33966 
29053 28329 32641 37540 
31225 30149 32849 40779 
34677 33482 32998 42903 
38358 37619 33056 43536 
41055 41295 33061 42423 
41631 43289 33005 39481 
39685 42630 32936 35283 
35743 39500 32855 30396 
31012 34812 32852 25639 
26710 29607 32845 21752 
23982 25134 32912 19600 
22914 21794 32996 19517 
23128 19706 33045 21518 
24153 19088 33079 25442 
25657 20156 33034 30473 
28067 23206 32948 35887 
31944 28282 32756 40754 
37817 35203 32545 44433 
44800 42801 32311 46183 
51242 49752 32126 45842 
54894 54600 31974 43466 
53781 56304 31927 39432 
47013 54183 32003 34466 
36099 48515 32189 29492 
23466 39933 32440 25187 
12308 29324 32738 22214 
5496 17967 33075 21007 
4387 7377 33357 21625 
8719 400 33533 23847 
17267 80 33626 27325 
27712 46 33586 31318 
38401 8674 33483 35237 
47902 22107 33234 38401 
55372 38710 32978 40468 
59454 55107 32687 41160 
59548 65164 32443 40565 
55293 65463 32208 38833 
46826 65499 32004 36330 
35580 65511 31900 33671 
23018 65510 31893 31224 
11572 53041 31958 29345 
3704 35797 32113 28265 
1405 17542 32324 28022 
5440 1526 32608 28541 
15220 119 32906 29600 
28266 57 33157 30904 
41985 39 33404 32210 
53813 5372 33526 33231 
61620 18074 33602 33929 
63517 33844 33600 34194 
59542 50258 33450 34038 
50476 64238 33228 33649 
37980 65436 32943 33192 
24022 65509 32673 32817 
11233 65533 32389 32621 
2402 65535 32171 32669 
106 49163 32001 32898 
4766 28323 31891 33246 
15461 8041 31930 33663 
29811 206 32051 33940 
44251 38 32237 33980 
56090 28 32468 33760 
62920 5858 32687 33265 
63542 16753 32935 32622 
58470 30128 33102 31878 
49175 42494 33227 31231 
37350 52001 33216 30753 
24788 57979 33175 30633 
14010 59914 33087 30844 
6337 58154 32976 31403 
2950 52925 32865 32180 
4425 44553 32781 33043 
10508 34158 32739 33843 
20304 22910 32702 34372 
32335 12735 32746 34650 
45158 5344 32780 34532 
56309 2286 32772 34089 
64027 3903 32796 33455 
65450 9460 32751 32713 
65429 17720 32651 31994 
54906 27214 32551 31466 
42318 36603 32411 31185 
27458 45112 32287 31228 
14070 51590 32241 31589 
4058 56018 32213 32122 
175 58424 32310 32786 
65 58682 32480 33421 
4919 56827 32685 33911 
14361 52981 32931 34141 
25857 47215 33115 34041 
37964 39605 33299 33706 
48747 30760 33402 33210 
57162 21057 33422 32605 
62138 11277 33346 32040 
62962 2374 33202 31567 
59684 151 32972 31287 
52681 85 32728 31246 
42837 60 32510 31467 
31642 8238 32293 31869 
21007 20792 32173 32428 
12381 36181 32066 32974 
6950 52260 32061 33559 
5432 64820 32140 34023 
7459 65441 32237 34261 
12379 65492 32414 34313 
19427 65503 32646 34166 
28127 65503 32869 33774 
37031 54358 33059 33253 
45744 38991 33248 32665 
53193 23058 33393 32079 
58232 9136 33482 31555 
59481 506 33439 31155 
56732 78 33369 30990 
50142 54 33190 31022 
41080 7895 32964 31286 
31095 19373 32680 31730 
21879 32544 32433 32293 
14730 44981 32212 32937 
10717 53785 32022 33498 
9964 57678 31993 34007 
12114 56110 32021 34288 
16733 49833 32181 34407 
22871 40879 32367 34290 
29772 31340 32589 33986 
36666 23150 32809 33535 
43086 17484 32934 32978 
48317 15080 33033 32466 
51939 15737 33076 32029 
53291 18993 33051 31710 
51815 24488 32974 31547 
47394 31281 32908 31562 
40444 38663 32894 31732 
31941 45318 32863 31914 
23311 50247 32901 32201 
16486 52093 32955 32451 
12609 50461 33006 32663 
12394 45325 33054 32833 
15602 37964 33020 32934 
21331 29727 32920 32997 
28521 22229 32770 33040 
35935 16766 32528 33068 
42261 14511 32316 33133 
46646 15510 32127 33211 
48465 19289 31985 33264 
47473 25044 31908 33289 
44062 31456 32010 33338 
38912 37293 32213 33293 
32914 41489 32479 33167 
27127 43470 32811 32970 
22746 43113 33108 32672 
20559 41027 33396 32374 
21016 38046 33599 32084 
24232 35043 33685 31846 
29449 32885 33620 31675 
35656 31854 33436 31637 
41416 31850 33228 31770 
44991 32318 32918 31963 
45391 32803 32617 32278 
42488 32935 32307 32627 
37016 32656 32050 32983 
29936 31977 31853 33340 
23480 31068 31809 33649 
18681 29831 31815 33819 
16557 28300 31985 33910 
17472 26487 32204 33811 
21370 24976 32510 33626 
27649 24329 32819 33318 
35400 25272 33152 32986 
43549 28198 33386 32532 
50453 32985 33641 32208 
54591 38752 33701 31828 
54930 44441 33684 31613 
50863 48770 33531 31524 
43031 50485 33304 31571 
32701 49165 33004 31758 
22011 44900 32673 32027 
13088 38308 32368 32402 
7806 30407 32113 32792 
7144 22435 31904 33132 
11321 15609 31822 33447 
19206 11310 31879 33670 
29274 10097 32024 33776 
39645 12265 32226 33690 
48863 18013 32527 33565 
54647 26145 32831 33336 
56391 35669 33078 33027 
53900 45266 33276 32739 
47678 53216 33360 32433 
39062 58029 33362 32224 
29632 58534 33228 32062 
21058 54452 33050 32011 
15216 46533 32833 32058 
12919 36301 32602 32152 
14568 25663 32484 32352 
19623 16966 32413 32513 
26712 11961 32469 32704 
34486 10955 32580 32829 
41490 13775 32744 32891 
46344 19318 32889 32896 
48267 26136 33002 32852 
47270 32923 33082 32819 
43670 38659 33067 32768 
38104 42734 32955 32746 
31758 44727 32789 32747 
25540 44797 32576 32801 
20501 43210 32348 32869 
17948 40541 32172 32976 
18410 37298 32075 33058 
22008 34029 32077 33096 
28234 31137 32186 33067 
35672 29016 32389 32986 
42518 27851 32676 32866 
47168 27543 32973 32701 
48397 27959 33236 32484 
45711 28764 33431 32278 
39995 29640 33573 32156 
32728 30219 33542 32046 
25863 30536 33438 32051 
21010 30671 33191 32103 
19380 31021 32899 32253 
20831 31820 32566 32465 
24611 33203 32274 32769 
29382 34899 31990 33021 
33987 36546 31825 33268 
37797 37810 31819 33508 
40552 38446 31932 33648 
42149 38437 32165 33690 
42471 37867 32465 33587 
41325 36860 32807 33373 
38459 35320 33113 33024 
34197 33223 33381 32624 
29176 30486 33575 32240 
24453 27324 33631 31868 
21277 24288 33539 31549 
20846 22403 33352 31425 
23419 22363 33063 31453 
28429 24354 32754 31655 
34583 28066 32480 32048 
40424 32717 32270 32522 
44219 37142 32165 33081 
45066 40499 32086 33527 
42906 42485 32135 33908 
38275 43083 32259 34116 
32560 42473 32437 34157 
27031 40813 32581 33947 
22971 38273 32706 33616 
21039 34816 32769 33143 
21495 30789 32783 32611 
24062 26614 32811 32165 
28072 22850 32751 31759 
32966 20392 32789 31574 
37942 19794 32839 31544 
42050 21439 32928 31683 
44647 25159 33036 31938 
45314 30474 33188 32277 
43727 36490 33298 32609 
40219 42004 33336 32886 
35356 46145 33295 33093 
29864 48255 33166 33194 
24507 47942 32943 33213 
20320 45190 32666 33154 
17992 40284 32372 33072 
18061 33764 32097 32955 
20749 26252 31845 32855 
25786 19243 31755 32852 
32252 13842 31768 32865 
39035 11358 31910 32905 
44920 12803 32146 32962 
48533 18317 32464 32979 
49382 27022 32831 32952 
47376 37345 33173 32854 
42705 47470 33468 32666 
36510 54885 33709 32465 
30154 57858 33787 32251 
24459 56202 33711 32032 
20275 50378 33549 31913 
17980 41037 33224 31839 
17939 30538 32885 31880 
19869 20427 32559 32064 
23458 12469 32295 32357 
28432 8044 32064 32697 
34032 8172 31914 33042 
39741 12772 31872 33399 
44589 20909 31878 33663 
47575 31147 31972 33859 
47752 41138 32126 33895 
45061 49184 32304 33779 
40142 53991 32552 33564 
34029 54835 32831 33261 
28386 51761 33084 32855 
24244 45555 33296 32406 
22164 37437 33520 32030 
22065 28548 33642 31681 
23612 20867 33665 31475 
26369 15660 33604 31400 
29875 13935 33424 31463 
33769 16061 33177 31685 
37342 21364 32844 32002 
39979 28599 32504 32397 
41026 36021 32208 32840 
39922 42102 31901 33227 
36901 45659 31750 33591 
32676 46244 31707 33847 
28259 44161 31782 33933 
24788 40117 31992 33919 
23161 34907 32255 33711 
24116 29853 32585 33472 
27581 25799 32949 33154 
32953 23366 33238 32757 
39353 23021 33488 32377 
44832 24650 33568 32015 
48172 27813 33534 31772 
48258 31716 33381 31624 
44438 35727 33104 31635 
37573 38762 32804 31786 
28844 40471 32515 32022 
20118 40699 32329 32388 
12913 39256 32184 32726 
9390 36615 32172 33046 
10077 33337 32306 33323 
15019 30014 32499 33458 
23740 27234 32748 33499 
34417 25579 32991 33435 
45454 25142 33142 33233 
55009 25964 33193 32979 
61226 27777 33168 32747 
62710 30184 33025 32525 
59279 32816 32803 32363 
51412 35390 32535 32240 
40264 37853 32344 32265 
27561 39989 32204 32359 
15046 41640 32167 32497 
4658 42561 32205 32654 
182 42328 32379 32841 
58 40398 32563 32923 
97 36614 32797 32996 
12893 31164 33029 32987 
27124 24727 33194 32907 
42096 18896 33301 32769 
55371 15024 33338 32629 
64460 14232 33293 32496 
65455 16845 33144 32402 
65490 22658 32893 32328 
58629 30168 32622 32362 
49988 38142 32387 32502 
37064 45394 32184 32692 
23442 51119 32037 32875 
11473 54393 32027 33099 
2560 54842 32129 33240 
122 52205 32308 33295 
56 46360 32590 33277 
5882 38003 32907 33169 
16985 28079 33162 32900 
30657 18265 33363 32624 
44623 10196 33468 32313 
56381 5645 33443 32050 
63268 5703 33333 31925 
64372 9972 33074 31862 
59994 17785 32758 31916 
51209 28110 32495 32160 
40056 38998 32266 32469 
28509 49112 32130 32830 
18329 56775 32058 33128 
10953 60755 32114 33387 
7452 60019 32257 33543 
7953 54697 32482 33601 
12035 45795 32686 33485 
19281 34882 32925 33297 
28430 24488 33086 33011 
38306 16467 33216 32735 
47536 11922 33256 32459 
54691 11043 33207 32219 
57929 13260 33066 32062 
56368 17553 32866 31982 
50083 22987 32631 32004 
40108 28990 32432 32157 
28405 35039 32260 32333 
18157 40527 32169 32573 
11605 45031 32199 32824 
10087 47875 32289 33015 
13660 48596 32512 33193 
20649 46874 32757 33270 
29149 43035 33010 33269 
37231 37745 33192 33147 
43742 32016 33309 32981 
47912 27006 33364 32800 
49199 23728 33290 32591 
47815 22350 33164 32432 
43681 22602 32914 32280 
37135 24180 32670 32202 
29391 26437 32445 32240 
21921 28894 32256 32316 
16597 31324 32169 32473 
14904 33605 32139 32660 
17771 35781 32208 32874 
24167 37683 32316 33034 
32545 39290 32513 33176 
40703 40247 32699 33218 
46895 40243 32890 33185 
49282 38892 33000 33029 
47721 36353 33066 32850 
43033 32944 33064 32665 
36542 29273 32969 32457 
29783 26153 32864 32332 
24042 24252 32730 32271 
20317 24012 32649 32343 
19001 25414 32596 32478 
20189 28068 32580 32626 
23590 31465 32659 32812 
28591 34997 32768 32945 
34469 38159 32890 33006 
39999 40553 33039 33028 
44108 41904 33130 32951 
45856 41914 33116 32777 
44720 40309 33020 32548 
41196 37181 32874 32384 
36087 32659 32653 32245 
30665 27431 32429 32245 
25955 22364 32202 32299 
23069 18917 32054 32440 
22330 18056 32003 32659 
23639 20241 32078 32925 
26703 25355 32251 33148 
30735 32247 32457 33281 
34983 39546 32753 33362 
38556 45931 33041 33318 
40586 49937 33291 33181 
40758 50980 33474 32983 
39083 48875 33553 32741 
35947 43757 33542 32474 
32267 36676 33403 32266 
28908 28880 33163 32116 
26469 21487 32826 32032 
25432 15754 32486 32071 
25951 12557 32193 32243 
27802 12458 31932 32425 
30676 15482 31787 32658 
34020 21132 31802 32921 
37131 28761 31915 33119 
39366 37056 32167 33281 
40212 44938 32495 33329 
39607 51291 32884 33306 
37611 55104 33204 33100 
34860 55536 33505 32873 
32192 52353 33679 32609 
29997 46086 33734 32374 
28488 37636 33630 32173 
27593 28156 33376 32030 
27169 19652 33037 32020 
27059 13305 32671 32146 
27370 10063 32313 32371 
28442 10280 32065 32691 
30417 13610 31894 32984 
33307 19323 31872 33252 
36594 26487 31985 33430 
39448 34157 32199 33484 
40952 41176 32427 33401 
40726 47072 32674 33201 
38868 51234 32849 32943 
35880 53360 32962 32629 
32660 53139 33016 32365 
29730 50505 33013 32203 
27406 45511 32948 32099 
25857 38372 32899 32144 
25242 30082 32871 32243 
25836 21514 32866 32405 
27817 13923 32917 32598 
31181 8531 32985 32756 
35188 6692 33014 32818 
38909 8910 33046 32846 
41243 15113 33064 32841 
41441 24590 33001 32764 
39426 35513 32851 32673 
35794 46216 32664 32605 
31574 54965 32476 32633 
27567 60382 32232 32681 
24889 61285 32054 32801 
23824 57890 31985 32970 
24378 50557 31931 33060 
26748 40287 32062 33189 
30507 28691 32283 33242 
34996 17167 32565 33168 
39463 7289 32879 33009 
42726 1060 33145 32741 
43919 85 33385 32484 
42700 4338 33566 32241 
39161 14361 33577 31995 
34196 28412 33524 31871 
28999 43617 33370 31863 
24551 57613 33143 31983 
21782 65261 32893 32223 
21158 65484 32570 32500 
22872 65514 32316 32869 
26397 65428 32066 33186 
31030 48905 31884 33453 
35740 31619 31846 33677 
39270 15119 31852 33705 
41157 2253 32019 33651 
41163 103 32247 33432 
39603 43 32561 33138 
37093 5951 32889 32758 
34190 16190 33196 32376 
31464 30580 33482 32053 
29241 45709 33628 31768 
28164 57891 33655 31632 
28429 64675 33554 31659 
30001 65471 33347 31815 
32485 58575 33076 32085 
35084 46862 32730 32402 
36834 32174 32443 32801 
37013 17171 32200 33158 
35447 4994 32023 33454 
32515 167 31990 33690 
29114 49 32017 33761 
