32299 32427 31978 33566 
32299 32427 31978 33566 
32268 32286 32166 33742 
32307 32229 32414 33739 
32426 32228 32674 33555 
32597 32299 32926 33291 
32775 32413 33117 32965 
32925 32529 33212 32632 
33013 32648 33225 32365 
33076 32774 33194 32220 
33049 32866 33105 32182 
32958 32930 32988 32219 
32825 32966 32884 32323 
32702 33013 32815 32453 
32579 33038 32774 32542 
32528 33064 32777 32597 
32524 33045 32756 32544 
32577 33024 32732 32458 
32703 32996 32687 32373 
32834 32929 32605 32302 
32924 32808 32482 32293 
32989 32684 32368 32422 
32993 32554 32296 32667 
32908 32402 32258 32993 
32697 32199 32229 33317 
32478 32051 32298 33648 
32277 31981 32457 33875 
32133 32010 32655 33921 
32095 32140 32895 33816 
32157 32326 33088 33465 
32343 32627 33251 33012 
32641 32950 33362 32486 
32993 33295 33392 31956 
33347 33623 33343 31517 
33623 33831 33210 31252 
33752 33883 33015 31195 
33706 33763 32777 31333 
33477 33498 32535 31666 
33153 33140 32372 32190 
32679 32629 32191 32692 
32210 32111 32081 33229 
31758 31604 32009 33634 
31456 31272 32017 33952 
31395 31170 32125 34088 
31534 31284 32284 34055 
31884 31676 32531 33868 
32348 32212 32783 33525 
32839 32812 33025 33117 
33315 33414 33245 32700 
33711 33927 33444 32310 
33931 34230 33556 31963 
33908 34251 33532 31669 
33703 34020 33414 31502 
33421 33633 33234 31496 
33021 33074 32963 31569 
32628 32509 32670 31784 
32348 32064 32447 32124 
32133 31716 32232 32500 
31993 31551 32062 32877 
32029 31646 32021 33282 
32153 31936 32065 33654 
32298 32285 32159 33855 
32510 32710 32359 33945 
32638 33035 32517 33851 
32738 33275 32690 33647 
32744 33311 32804 33325 
32707 33193 32900 32972 
32632 32924 32913 32600 
32588 32620 32924 32278 
32613 32362 32947 32041 
32674 32187 32947 31887 
32807 32164 32962 31825 
32990 32295 32991 31830 
33228 32618 33069 31942 
33395 32988 33107 32068 
33492 33352 33132 32214 
33322 33745 33047 32595 
33052 33664 32906 32810 
32671 33356 32698 32991 
32304 32952 32478 33181 
31949 32434 32232 33305 
31730 31954 32038 33422 
31664 31592 31912 33498 
31725 31385 31852 33460 
31972 31446 31952 33412 
32292 31690 32142 33288 
32705 32143 32453 33129 
33082 32652 32789 32884 
33375 33158 33100 32595 
33569 33606 33382 32316 
33642 33917 33587 32053 
33562 33994 33677 31824 
33325 33845 33617 31670 
33051 33531 33449 31650 
32745 33103 33199 31739 
32486 32656 32910 31940 
32329 32262 32627 32247 
32272 31991 32400 32624 
32278 31839 32202 32982 
32358 31847 32086 33319 
32471 32011 32043 33618 
32576 32250 32071 33799 
32635 32487 32146 33844 
32653 32712 32259 33758 
32644 32876 32389 33621 
32579 32943 32506 33346 
32536 32953 32634 33031 
32545 32929 32792 32719 
32592 32893 32953 32395 
32692 32852 33107 32086 
32868 32868 33275 31864 
33033 32899 33403 31686 
33196 32989 33503 31647 
33328 33110 33533 31698 
33349 33173 33442 31807 
33298 33205 33286 32008 
33134 33137 33027 32262 
32902 32975 32707 32572 
32605 32726 32364 32904 
32332 32432 32057 33252 
32108 32124 31815 33547 
31996 31899 31701 33782 
31946 31753 31686 33862 
32068 31776 31839 33852 
32269 31943 32072 33697 
32511 32223 32361 33439 
32774 32596 32691 33108 
32979 32957 32975 32710 
33092 33264 33212 32328 
33106 33462 33355 32001 
33102 33592 33486 31835 
33002 33560 33488 31758 
32887 33422 33442 31795 
32786 33200 33335 31942 
32714 32928 33191 32120 
32699 32673 33030 32331 
32787 32495 32930 32598 
32847 32337 32759 32740 
32924 32287 32629 32875 
32946 32277 32474 32944 
32929 32323 32320 32982 
32853 32417 32180 33010 
32702 32490 32044 33031 
32566 32602 31988 33113 
32381 32647 31966 33154 
32257 32710 32036 33249 
32162 32722 32185 33293 
32166 32773 32424 33316 
32253 32818 32711 33251 
32417 32875 33027 33119 
32616 32912 33280 32860 
32860 32980 33510 32579 
33103 33031 33653 32267 
33300 33049 33696 31982 
33346 32971 33569 31701 
33340 32855 33379 31578 
33248 32707 33116 31582 
33085 32561 32812 31738 
32891 32423 32502 32019 
32690 32343 32217 32412 
32512 32325 31987 32850 
32334 32331 31798 33256 
32236 32411 31724 33631 
32193 32555 31780 33936 
32223 32727 31951 34087 
32289 32870 32190 34067 
32365 32952 32457 33839 
32502 33014 32800 33472 
32598 32988 33101 32986 
32781 32981 33442 32512 
32900 32903 33668 32002 
33029 32807 33818 31610 
33091 32664 33790 31293 
33153 32585 33669 31214 
33170 32561 33429 31303 
33169 32600 33114 31591 
33133 32705 32729 32015 
33079 32856 32364 32531 
32970 32982 32024 33035 
32804 33072 31756 33511 
32666 33102 31659 33906 
32486 33008 31683 34100 
32296 32783 31830 34062 
32160 32533 32092 33909 
32028 32195 32371 33531 
31953 31886 32652 33068 
31986 31726 32926 32634 
32095 31716 33134 32216 
32285 31871 33261 31903 
32554 32221 33344 31770 
32864 32670 33361 31801 
33173 33175 33336 31968 
33438 33645 33252 32192 
33627 34010 33157 32454 
33739 34201 33094 32701 
33702 34138 32979 32860 
33520 33832 32855 32896 
33240 33364 32718 32877 
32892 32793 32576 32790 
32523 32194 32430 32677 
32176 31683 32292 32598 
31895 31338 32150 32553 
31751 31215 32057 32609 
31722 31330 32007 32748 
31871 31666 32061 32966 
32084 32118 32161 33179 
32380 32659 32348 33382 
32699 33159 32607 33497 
32973 33553 32873 33477 
33162 33754 33110 33282 
33308 33809 33337 33000 
33371 33686 33513 32602 
33344 33458 33593 32197 
33241 33155 33570 31816 
33076 32808 33419 31535 
32882 32469 33167 31430 
32679 32205 32863 31535 
32500 32025 32503 31807 
32372 31953 32182 32231 
32275 31963 31894 32738 
32256 32071 31740 33286 
32296 32251 31737 33780 
32352 32428 31856 34058 
32498 32680 32154 34217 
32624 32883 32523 34085 
32753 33051 32903 33741 
32844 33153 33236 33219 
32912 33214 33481 32577 
33027 33280 33657 31963 
33048 33255 33643 31423 
33054 33196 33483 31092 
32984 33065 33184 30989 
32916 32941 32862 31186 
32777 32724 32481 31607 
32673 32540 32206 32245 
32538 32334 32001 32917 
32416 32165 31918 33557 
32311 32024 31962 34052 
32292 32014 32135 34336 
32355 32103 32398 34412 
32447 32249 32664 34249 
32611 32485 32920 33959 
32808 32767 33138 33615 
32981 33025 33250 33113 
33108 33239 33273 32374 
33223 33402 33238 31392 
33201 33423 33091 30196 
33109 33350 32914 29177 
32903 33131 32665 28676 
32676 32904 32471 29138 
32423 32605 32290 30620 
32211 32342 32182 32871 
32029 32092 32128 35396 
31983 31985 32194 37557 
32055 31962 32346 38871 
32256 32079 32568 39082 
32565 32335 32855 38198 
32906 32639 33084 36250 
33288 33017 33296 33749 
33671 33397 33394 30868 
34105 33874 33460 28045 
34332 34211 33403 25595 
34099 34178 33222 23962 
33246 33566 32972 23632 
31815 32297 32689 24773 
30059 30539 32377 27373 
28639 28848 32106 31137 
28342 28027 31903 35542 
29736 28819 31861 39790 
32630 31326 31924 43108 
36270 35044 32103 44887 
39439 38910 32349 44676 
40901 41560 32647 42349 
40003 41963 32913 38309 
36982 39951 33091 33134 
32774 36150 33222 27724 
28555 31472 33265 22938 
25459 27082 33222 19777 
23814 23494 33105 18749 
23471 20996 32983 20043 
24033 19812 32877 23448 
25191 20186 32776 28461 
27229 22510 32758 34066 
30647 26867 32752 39352 
35854 33168 32777 43505 
42593 40715 32779 45833 
49251 47943 32828 45986 
53745 53381 32759 43892 
54102 55870 32663 40070 
49060 54697 32543 35078 
39456 49872 32358 29933 
27233 41950 32171 25424 
15579 31892 32070 22340 
7275 20702 32117 21122 
4454 9965 32178 21849 
7337 1687 32356 24311 
14666 112 32633 28000 
24604 57 32892 32130 
35607 6262 33205 36210 
45766 18681 33418 39341 
53781 34263 33581 41175 
58748 50548 33586 41458 
59929 64419 33504 40326 
56693 65432 33327 38006 
49417 65492 33079 35037 
38837 65505 32761 31927 
26531 65509 32476 29275 
14430 57597 32221 27430 
5539 41660 31983 26640 
1699 23655 31847 26995 
4011 6777 31811 28301 
12289 218 31886 30270 
24411 73 32025 32420 
37936 50 32261 34408 
50331 69 32530 35882 
59432 12604 32862 36654 
63046 27049 33197 36614 
60891 43178 33492 35848 
53451 58367 33700 34552 
41884 65291 33785 32992 
27720 65490 33778 31493 
14621 65522 33625 30383 
4827 65534 33348 29788 
705 55723 32980 29778 
3485 36692 32538 30314 
12998 15851 32157 31347 
26238 705 31841 32568 
40486 72 31620 33697 
52909 36 31589 34645 
61199 55 31731 35197 
63414 11159 31997 35300 
59877 23311 32313 34928 
51641 35707 32696 34221 
40436 46430 33047 33264 
28038 54558 33359 32288 
16826 59347 33620 31483 
8238 60569 33685 30866 
3659 58192 33647 30609 
3714 52125 33458 30642 
8621 42701 33167 31000 
17483 31389 32820 31586 
28924 19713 32445 32284 
41447 9770 32158 33012 
53211 3142 31894 33579 
62127 1232 31814 34051 
65388 3930 31884 34267 
65362 10268 32093 34241 
56356 19057 32415 34027 
44864 28946 32798 33672 
30898 38901 33162 33223 
17489 47627 33419 32732 
6885 54777 33633 32323 
928 59723 33627 31922 
86 62164 33500 31687 
4719 61655 33189 31561 
13116 58357 32832 31591 
23959 52389 32432 31728 
35552 44163 32116 31989 
46657 33969 31897 32321 
55405 22956 31820 32683 
60966 12014 31891 33051 
62551 2333 32081 33358 
59973 146 32381 33583 
53415 83 32720 33726 
44105 62 33038 33713 
33334 7001 33269 33562 
22649 18769 33453 33321 
13601 33819 33518 32992 
7755 49099 33436 32593 
5676 62404 33315 32262 
7174 65398 33064 31950 
11712 65488 32780 31761 
18580 65501 32451 31700 
26792 65500 32183 31859 
35602 53774 31993 32121 
44192 38413 31885 32445 
51763 22828 31945 32867 
56858 9759 32069 33218 
58687 987 32334 33525 
56698 90 32640 33651 
51089 59 32964 33627 
42657 7817 33280 33451 
33153 19032 33486 33123 
24064 32020 33601 32720 
16835 44276 33619 32324 
12253 53650 33461 31922 
10857 58095 33206 31651 
12329 57173 32879 31574 
16203 51578 32560 31703 
21835 42634 32256 31997 
28391 32754 32036 32418 
34986 24152 31923 32888 
41190 18069 31926 33329 
46454 15166 32046 33708 
50298 15443 32245 33906 
52046 18456 32480 33883 
51213 23613 32682 33675 
47619 30152 32853 33354 
41359 37290 32948 32914 
33604 43787 32999 32497 
25575 48635 33034 32166 
18814 50757 33011 31933 
14549 49608 32975 31808 
13672 45237 32984 31860 
16034 38558 33005 31991 
20906 30846 33011 32174 
27339 23569 33014 32366 
34330 18096 33025 32572 
40423 15517 32970 32699 
44901 16050 32869 32765 
47108 19372 32705 32789 
46746 24858 32537 32821 
43986 31127 32346 32853 
39426 37075 32183 32924 
33912 41598 32055 33018 
28293 44029 32020 33131 
23925 43993 32087 33266 
21550 41983 32236 33343 
21582 38788 32459 33373 
24098 35343 32753 33339 
28737 32370 33006 33146 
34495 30445 33181 32841 
39866 29722 33364 32549 
43588 29776 33431 32205 
44642 30245 33408 31905 
42565 30802 33294 31663 
37951 31353 33133 31581 
31860 31779 32922 31604 
25719 32040 32695 31767 
20904 32033 32530 32091 
18244 31449 32339 32441 
18367 30275 32193 32833 
21181 28748 32081 33253 
26336 27428 32042 33610 
33173 27063 32103 33924 
40588 28253 32205 34056 
47126 31127 32349 34043 
51664 35352 32557 33864 
52999 40046 32798 33554 
50428 44124 33047 33135 
44241 46421 33275 32644 
35453 46377 33463 32141 
25718 43827 33584 31675 
16921 38970 33577 31303 
11205 32739 33475 31107 
9487 26066 33247 31090 
12007 20015 32935 31254 
18367 15585 32629 31690 
27245 13617 32299 32232 
36570 14592 32013 32806 
44944 18484 31858 33391 
50989 24867 31815 33889 
53746 33076 31910 34251 
52630 41584 32080 34369 
48153 49177 32363 34308 
41162 54385 32663 34066 
32602 56040 32898 33613 
24605 53363 33061 33081 
18600 47017 33145 32538 
15503 38203 33169 32077 
15747 28621 33123 31711 
19201 20063 33042 31507 
25069 14366 32971 31474 
31818 12356 32894 31552 
38218 13860 32857 31741 
43114 18154 32875 31988 
45731 24219 32882 32236 
45780 30749 32960 32543 
43450 36737 32990 32803 
39261 41303 32927 32966 
33910 44200 32821 33144 
28374 45119 32647 33271 
23773 44322 32472 33424 
20843 42096 32266 33505 
20404 38995 32099 33554 
22736 35468 31972 33551 
27558 32118 31945 33467 
33689 29409 32046 33306 
39758 27546 32258 33088 
44264 26619 32535 32794 
45971 26566 32849 32431 
44299 27192 33149 32092 
39764 28204 33426 31800 
33539 29239 33609 31607 
27239 30187 33673 31551 
22763 31003 33629 31631 
21012 31890 33470 31838 
22100 32963 33222 32115 
25348 34308 32875 32437 
29673 35798 32538 32837 
33942 37143 32201 33208 
37399 37981 31924 33512 
39824 38150 31724 33725 
41106 37723 31694 33859 
41267 36867 31802 33855 
40212 35759 32017 33727 
37758 34403 32327 33502 
34006 32705 32709 33197 
29556 30565 33084 32832 
25231 27978 33389 32408 
22255 25452 33664 32048 
21554 23610 33766 31715 
23632 23236 33729 31519 
28134 24701 33564 31477 
33903 27762 33249 31520 
39631 31942 32877 31768 
43631 36169 32526 32117 
44896 39628 32188 32538 
43197 41886 31944 32969 
38890 42780 31790 33368 
33248 42462 31830 33722 
27720 41091 31964 33911 
23538 38820 32209 33951 
21411 35723 32504 33831 
21639 31854 32796 33539 
23956 27737 33075 33174 
27779 23816 33246 32702 
32490 20939 33384 32282 
37370 19712 33402 31910 
41450 20631 33328 31656 
44180 23721 33217 31579 
44977 28528 33007 31670 
43606 34428 32774 31909 
40303 40210 32559 32265 
35601 44971 32411 32715 
30132 47769 32236 33094 
24844 48268 32128 33409 
20561 46319 32170 33699 
18122 42071 32248 33772 
18054 36026 32390 33668 
20606 28990 32614 33473 
25581 21755 32845 33121 
32137 15760 33024 32659 
38970 12505 33203 32253 
44898 12776 33291 31865 
48763 16990 33306 31622 
49868 24812 33254 31564 
47951 34453 33109 31670 
43475 44079 32909 31940 
37357 51779 32708 32336 
30543 56024 32483 32779 
24364 55826 32305 33208 
19794 51401 32201 33581 
17286 43656 32156 33792 
17096 34007 32243 33856 
19023 24070 32363 33721 
22861 15404 32548 33487 
27929 9912 32711 33135 
33684 8443 32817 32715 
39517 11371 32869 32302 
44626 18335 32899 32029 
47818 27999 32877 31863 
48185 37889 32807 31825 
45741 46536 32780 31942 
40920 52454 32768 32153 
34721 54751 32796 32398 
28711 53135 32908 32683 
24214 48193 33021 32902 
21813 40873 33125 33015 
21560 32424 33182 33062 
23187 24084 33184 33029 
26147 17705 33095 32939 
29822 14304 32892 32794 
33727 14492 32604 32649 
37473 18332 32364 32635 
40081 24502 32070 32607 
41125 31745 31879 32697 
40158 38406 31800 32816 
37141 43285 31842 32937 
32894 45551 32053 33106 
28331 45179 32370 33211 
24565 42554 32761 33208 
22597 38355 33148 33105 
23202 33576 33464 32887 
26453 29237 33661 32589 
31805 26091 33776 32320 
38108 24497 33653 31991 
44247 24762 33453 31776 
48434 26616 33131 31666 
49548 29474 32739 31706 
47043 32791 32410 31954 
41074 35742 32128 32276 
32480 37913 31907 32706 
23282 38852 31819 33133 
15148 38511 31811 33517 
9793 37027 31942 33849 
8351 34650 32156 34005 
11473 31899 32451 33989 
18613 29409 32783 33840 
28637 27473 33057 33479 
39907 26449 33302 33050 
51007 26493 33494 32542 
59166 27569 33582 32048 
62898 29389 33535 31622 
61660 31684 33409 31349 
55620 34131 33151 31205 
45553 36624 32854 31263 
33090 39004 32574 31552 
20311 40993 32330 31969 
8921 42309 32137 32437 
991 42582 32049 32973 
83 41286 32027 33476 
47 38143 32119 33883 
8582 33192 32288 34137 
21200 27014 32444 34179 
36061 20773 32707 34093 
49812 16057 32862 33786 
60468 14024 33001 33339 
65309 15326 33074 32827 
65476 19970 33133 32326 
58768 26812 33150 31877 
52540 34778 33110 31530 
41021 42516 33013 31357 
28412 49049 32880 31347 
16011 53660 32701 31530 
6493 55411 32577 31889 
961 54027 32432 32297 
88 49434 32341 32777 
5271 41751 32312 33233 
14980 31940 32327 33622 
27572 21859 32453 33916 
40905 13015 32603 33974 
52619 7086 32773 33870 
60876 5190 32969 33601 
63734 7628 33103 33216 
61232 14007 33229 32768 
54249 23228 33270 32284 
43901 34208 33209 31852 
32551 44771 33069 31552 
21965 53629 32861 31441 
13631 59286 32614 31493 
8539 60713 32400 31773 
7331 57468 32245 32157 
9712 50102 32086 32554 
15400 40216 32074 33033 
23756 29571 32164 33461 
33745 20214 32325 33777 
43417 14099 32512 33878 
51622 11481 32770 33886 
56634 11935 32947 33664 
57261 14957 33081 33357 
53026 19639 33153 32995 
44703 25266 33125 32604 
34072 31442 33085 32287 
23408 37735 33014 32054 
15479 43320 32894 31880 
12106 47438 32821 31831 
13432 49477 32786 31895 
18474 48976 32743 31981 
25780 45932 32753 32143 
33206 40985 32746 32317 
39679 35130 32750 32494 
44376 29448 32703 32660 
46921 24924 32659 32855 
46968 22252 32553 33016 
44428 21451 32446 33169 
39495 22231 32357 33325 
32669 24136 32316 33462 
25545 26619 32321 33548 
19711 29296 32380 33558 
16766 32000 32484 33484 
17767 34689 32654 33337 
22455 37210 32820 33094 
29565 39369 32965 32738 
37361 40895 33095 32379 
43955 41423 33212 32038 
47552 40577 33244 31732 
47702 38370 33229 31551 
44669 35066 33170 31516 
39326 31192 33051 31600 
33167 27716 32921 31848 
27376 25269 32763 32192 
22947 24306 32569 32578 
20477 24964 32395 33006 
20271 26962 32198 33375 
22207 29792 32077 33671 
25916 32879 32022 33868 
30766 35733 32008 33907 
36086 38143 32103 33823 
40563 39745 32285 33625 
43365 40383 32544 33350 
43919 39828 32862 33057 
42055 37850 33157 32637 
38317 34476 33464 32259 
33865 30279 33685 31921 
29628 25945 33778 31661 
26433 22462 33698 31480 
24872 20888 33497 31434 
25165 21937 33175 31533 
27006 25493 32797 31776 
29927 30910 32372 32090 
33285 37075 32040 32524 
36322 42702 31761 32956 
38250 46584 31606 33345 
38656 47940 31682 33718 
37493 46605 31906 33980 
35140 42838 32233 34065 
32112 37057 32574 33949 
29316 30417 32906 33714 
27286 23886 33132 33348 
26470 18584 33315 32980 
26908 15315 33346 32560 
28677 14735 33286 32219 
31255 16966 33141 31951 
34204 21589 32927 31739 
37003 27972 32765 31704 
39158 35422 32666 31808 
40089 42753 32637 31960 
39609 48754 32667 32153 
37880 52682 32759 32366 
35312 53814 32859 32546 
32460 51708 32931 32676 
30005 46628 32949 32772 
28268 39300 32919 32878 
27255 30784 32787 32974 
26837 22193 32603 33079 
26884 15494 32396 33206 
27319 11625 32192 33322 
28330 10921 32046 33412 
30137 13327 31991 33476 
32816 18348 32067 33472 
35871 24894 32222 33350 
38724 32191 32514 33178 
40565 39247 32862 32942 
40769 45434 33143 32558 
39418 50045 33439 32220 
36858 52743 33598 31882 
33825 53287 33669 31645 
30830 51354 33581 31505 
28373 46944 33379 31512 
26660 40505 33098 31654 
25782 32526 32770 31945 
25940 23936 32425 32323 
27364 15754 32110 32754 
30053 9629 31850 33180 
33569 6617 31711 33569 
37089 7523 31682 33866 
39625 12455 31824 34040 
40400 20840 32075 34060 
39177 31353 32417 33918 
36336 42345 32788 33610 
32628 52128 33161 33193 
29063 59013 33494 32713 
26494 61842 33751 32231 
25216 60295 33845 31780 
25430 54640 33763 31419 
27158 45456 33506 31199 
30222 34225 33172 31197 
34108 22308 32775 31384 
38121 11367 32388 31773 
41395 3076 32078 32274 
42875 146 31824 32810 
42174 60 31712 33311 
39348 8136 31746 33748 
34936 20398 31979 34105 
30021 35054 32245 34197 
25600 49850 32530 34071 
22615 62057 32871 33820 
21580 65408 33140 33376 
22775 65498 33338 32884 
25923 65511 33454 32398 
30232 56424 33481 31972 
34798 41152 33371 31623 
38674 24414 33171 31465 
40982 9836 32935 31478 
41419 511 32645 31636 
40170 70 32389 31961 
37742 46 32199 32369 
