32864 33263 32419 34024 
32864 33263 32419 34024 
32947 33489 32685 33551 
33000 33577 33004 33028 
32969 33470 33283 32400 
32971 33330 33535 31845 
32960 33136 33667 31347 
32982 32976 33681 31026 
33042 32891 33551 30893 
33162 32909 33356 30995 
33216 32952 33024 31269 
33229 33017 32633 31732 
33168 33067 32258 32281 
33051 33065 31987 32926 
32780 32877 31749 33467 
32497 32630 31727 33972 
32188 32290 31837 34307 
31923 31924 32074 34459 
31695 31549 32335 34376 
31586 31287 32636 34097 
31626 31223 32889 33644 
31795 31362 33053 33110 
32143 31788 33181 32618 
32584 32376 33218 32130 
33058 33071 33174 31732 
33492 33756 33071 31444 
33843 34340 32980 31340 
34068 34717 32924 31391 
34108 34835 32915 31573 
33958 34635 32918 31817 
33656 34166 32931 32114 
33202 33467 32897 32403 
32735 32702 32870 32743 
32271 31935 32765 33004 
31869 31274 32622 33249 
31586 30833 32456 33447 
31475 30639 32285 33598 
31532 30728 32150 33688 
31709 31061 32084 33692 
31993 31586 32088 33628 
32327 32250 32172 33448 
32704 32923 32368 33265 
33018 33503 32592 32969 
33276 33981 32844 32662 
33477 34261 33097 32323 
33548 34328 33288 32004 
33569 34241 33450 31768 
33464 33943 33456 31564 
33330 33567 33399 31506 
33155 33125 33243 31576 
32934 32662 33001 31754 
32745 32283 32762 32098 
32530 31915 32505 32488 
32262 31584 32232 32917 
32026 31377 32032 33357 
31871 31338 31973 33779 
31753 31377 31961 34004 
31783 31615 32094 34120 
31937 31978 32311 34029 
32190 32411 32592 33753 
32544 32931 32891 33332 
32910 33424 33130 32772 
33291 33855 33332 32233 
33637 34174 33473 31767 
33808 34277 33455 31400 
33836 34189 33332 31235 
33698 33915 33140 31289 
33411 33464 32851 31507 
33033 32930 32571 31905 
32628 32385 32342 32412 
32265 31890 32186 32980 
31915 31438 32074 33424 
31745 31228 32104 33806 
31725 31210 32209 33978 
31848 31385 32358 33944 
32144 31800 32598 33785 
32488 32281 32793 33418 
32857 32851 32997 33045 
33135 33315 33098 32592 
33366 33732 33196 32219 
33439 33937 33204 31911 
33363 33897 33136 31734 
33111 33631 32950 31660 
32858 33299 32779 31805 
32569 32888 32585 32058 
32327 32464 32393 32367 
32219 32173 32292 32757 
32196 31984 32236 33093 
32277 31942 32248 33371 
32475 32075 32377 33574 
32719 32315 32574 33639 
32924 32575 32788 33538 
33090 32831 32994 33291 
33160 32996 33146 32951 
33155 33105 33262 32570 
33075 33118 33297 32212 
32932 33039 33240 31925 
32736 32880 33093 31730 
32544 32693 32885 31685 
32427 32555 32670 31831 
32408 32529 32493 32128 
32415 32538 32314 32457 
32512 32619 32195 32838 
32615 32753 32137 33193 
32733 32886 32153 33486 
32828 32991 32254 33670 
32910 33059 32432 33748 
32892 33002 32624 33643 
32812 32837 32817 33409 
32691 32607 32984 33077 
32562 32356 33111 32699 
32453 32154 33181 32318 
32388 32041 33164 32005 
32400 32026 33078 31810 
32452 32128 32918 31727 
32574 32337 32742 31821 
32758 32657 32617 32067 
32921 32983 32500 32380 
33052 33266 32439 32699 
33171 33517 32484 33044 
33213 33643 32579 33297 
33203 33646 32736 33448 
33093 33484 32871 33425 
32946 33212 32981 33285 
32750 32859 33038 33048 
32570 32488 33006 32761 
32403 32138 32893 32456 
32306 31905 32738 32237 
32261 31805 32530 32113 
32294 31882 32383 32127 
32370 32083 32255 32261 
32480 32372 32229 32495 
32581 32689 32284 32781 
32685 32970 32446 33069 
32743 33136 32616 33265 
32777 33200 32820 33370 
32818 33170 33020 33359 
32859 33058 33165 33208 
32906 32908 33219 32928 
32970 32792 33226 32620 
33061 32724 33180 32297 
33122 32696 33044 32008 
33137 32709 32867 31856 
33092 32719 32669 31806 
32994 32787 32516 31964 
32780 32766 32356 32216 
32530 32714 32243 32593 
32293 32636 32212 33028 
31917 32350 32300 33694 
31908 32266 32478 33874 
32026 32243 32682 33838 
32265 32299 32880 33588 
32573 32446 33052 33176 
32974 32729 33224 32719 
33377 33079 33335 32245 
33690 33412 33341 31803 
33855 33670 33259 31510 
33839 33800 33109 31431 
33662 33711 32919 31558 
33288 33420 32663 31846 
32832 32976 32446 32282 
32343 32431 32267 32773 
31934 31922 32195 33280 
31583 31467 32133 33641 
31498 31266 32207 33895 
31606 31327 32351 33934 
31918 31671 32548 33815 
32327 32174 32740 33496 
32793 32794 32923 33094 
33226 33405 33044 32605 
33602 33968 33161 32199 
33799 34303 33204 31875 
33806 34351 33174 31663 
33629 34121 33083 31652 
33275 33583 32884 31746 
32845 32926 32693 32007 
32403 32225 32513 32379 
31996 31554 32342 32775 
31730 31114 32226 33171 
31637 30923 32179 33485 
31759 31093 32250 33709 
32043 31549 32392 33757 
32472 32240 32628 33672 
32934 32982 32886 33418 
33331 33654 33104 33027 
33622 34184 33274 32581 
33762 34424 33395 32151 
33696 34350 33407 31787 
33467 34012 33319 31564 
33078 33431 33108 31517 
32673 32801 32843 31655 
32289 32184 32532 31932 
32040 31733 32276 32349 
31947 31519 32076 32850 
31970 31522 31962 33308 
32145 31752 31974 33684 
32418 32115 32121 33914 
32690 32533 32335 33936 
32967 32961 32634 33825 
33090 33194 32874 33479 
33076 33266 33062 33050 
32965 33155 33175 32596 
32770 32899 33203 32204 
32532 32576 33135 31924 
32350 32282 33013 31796 
32265 32102 32853 31805 
32308 32099 32692 31958 
32502 32329 32599 32210 
32827 32737 32581 32500 
33185 33243 32633 32742 
33544 33769 32744 32924 
33741 34134 32857 32974 
33768 34257 32968 32950 
33584 34084 33039 32874 
33203 33614 33038 32762 
32696 32954 32953 32690 
32132 32130 32764 32622 
31672 31376 32559 32688 
31351 30784 32317 32814 
31261 30480 32103 32965 
31408 30534 31966 33148 
31807 30974 31974 33325 
32350 31738 32115 33402 
32919 32680 32335 33339 
33524 33666 32696 33222 
33940 34460 33014 32924 
34154 34978 33322 32589 
34164 35180 33575 32343 
33935 34988 33688 32225 
33515 34431 33644 32182 
33015 33644 33485 32147 
32488 32725 33226 31919 
32044 31853 32929 31452 
31720 31137 32585 30809 
31594 30726 32267 30338 
31686 30677 32058 30407 
31868 30854 31867 31195 
32170 31350 31831 32800 
32470 31969 31867 34776 
32738 32583 32008 36692 
32993 33197 32294 38127 
33074 33576 32533 38516 
33114 33807 32825 37925 
33108 33847 33096 36428 
33088 33776 33331 34287 
33132 33672 33489 31705 
33340 33645 33582 29080 
33661 33734 33570 26671 
33881 33816 33489 24859 
33641 33546 33298 23960 
32764 32715 33045 24425 
31352 31325 32765 26289 
29769 29602 32456 29368 
28767 28252 32173 33367 
29107 28038 32000 37644 
31059 29496 31878 41511 
34242 32539 31887 44150 
37622 36367 32020 45069 
39998 39757 32204 43974 
40362 41579 32426 40850 
38503 41120 32697 36284 
34920 38489 32899 30914 
30725 34532 33058 25678 
27058 30194 33154 21395 
24781 26349 33194 19025 
23902 23353 33140 18937 
24016 21321 33061 21141 
24734 20487 32984 25303 
26000 21200 32892 30750 
28315 23859 32859 36399 
32337 28584 32852 41314 
38268 35050 32840 44749 
45419 42569 32868 46176 
51673 49317 32879 45330 
54820 54024 32843 42447 
53108 55633 32772 38074 
46060 53634 32632 32955 
34714 47972 32476 27890 
22263 39439 32320 23942 
11635 28853 32197 21618 
5409 17420 32083 21157 
4905 6666 32063 22689 
9801 305 32159 25831 
18267 75 32304 29788 
28565 45 32553 33965 
39036 9632 32831 37656 
48568 23744 33106 40331 
55645 40254 33378 41514 
59465 56582 33560 41164 
59279 65245 33644 39473 
54532 65475 33588 36655 
45987 65502 33443 33551 
34551 65511 33210 30590 
22136 65509 32916 28253 
11066 51615 32573 26907 
3845 33807 32229 26693 
2214 15449 31934 27518 
6778 785 31731 29165 
16773 102 31639 31290 
29898 53 31723 33482 
43068 38 31897 35230 
54143 7054 32216 36373 
60893 20202 32627 36740 
62074 36590 33063 36315 
57363 53185 33431 35203 
47980 64970 33731 33776 
35401 65460 33877 32234 
21928 65517 33911 30943 
9936 65535 33737 30042 
2591 65449 33414 29699 
1709 45325 33046 29974 
7538 24188 32606 30705 
19021 4051 32199 31814 
33360 126 31879 33004 
47083 31 31682 34067 
57625 29 31659 34852 
62932 7186 31782 35223 
62208 19684 32062 35206 
56106 33046 32381 34736 
46137 44968 32724 33930 
34328 53850 33063 33016 
22213 58969 33298 32018 
12239 60113 33517 31283 
5560 57403 33570 30756 
3232 51270 33497 30562 
5730 42072 33318 30706 
12776 30936 33040 31140 
23097 19640 32753 31799 
35252 9937 32455 32535 
47464 3635 32197 33263 
58012 1815 32042 33898 
64415 4668 32002 34293 
65461 11288 32074 34447 
61150 20252 32247 34348 
51442 30277 32537 34065 
38488 39641 32852 33603 
24544 47576 33091 32996 
12130 53601 33320 32423 
3386 57599 33512 31927 
214 59233 33508 31512 
228 58693 33412 31311 
8134 56073 33228 31320 
17963 51303 32925 31461 
29210 44863 32592 31770 
40571 36935 32314 32198 
50475 27828 32080 32663 
57932 17945 31950 33134 
61709 8485 31947 33547 
61519 792 32066 33829 
57422 122 32290 33962 
49611 77 32564 33895 
39612 100 32835 33700 
28862 11315 33006 33352 
18959 24665 33141 32986 
11335 40287 33171 32607 
6917 56213 33165 32302 
6357 65210 33089 32094 
9006 65462 32941 31932 
14281 65495 32844 31927 
21537 65504 32765 32007 
29828 65496 32753 32136 
38564 51609 32758 32291 
46942 35589 32803 32447 
54014 19691 32827 32547 
58308 6543 32826 32620 
58855 255 32811 32706 
55512 69 32756 32772 
48620 59 32643 32865 
39385 10037 32543 33011 
29608 22063 32395 33146 
20881 35212 32317 33324 
14393 46966 32265 33455 
10813 55092 32289 33543 
10427 57865 32384 33536 
12806 55249 32526 33423 
17414 48411 32736 33223 
23587 38989 32931 32889 
30502 29316 33087 32473 
37384 21630 33252 32121 
43702 16713 33307 31756 
48943 15040 33332 31545 
52514 16449 33230 31445 
53546 20419 33081 31515 
51654 26323 32896 31741 
46741 33333 32678 32041 
39398 40587 32496 32475 
30472 46868 32316 32936 
22024 50747 32179 33375 
15498 51472 32115 33763 
12064 48708 32102 34031 
12335 42685 32188 34151 
15979 34996 32337 34102 
22004 26952 32517 33868 
29325 20240 32770 33530 
36862 15979 32973 33056 
43138 15060 33164 32548 
47365 17304 33318 32043 
48935 22020 33407 31590 
47652 28189 33402 31282 
43893 34359 33310 31144 
38438 39452 33155 31208 
32275 42584 32938 31458 
26417 43346 32731 31889 
22019 41834 32508 32433 
20140 38927 32335 32968 
21054 35620 32238 33514 
24598 32789 32148 33882 
30273 31156 32157 34109 
36494 30935 32254 34163 
41815 31668 32335 33988 
44926 32831 32489 33678 
44846 33785 32622 33242 
41583 34202 32766 32767 
35999 34019 32942 32348 
29410 33211 33054 31950 
23285 31909 33135 31670 
18983 30153 33212 31593 
17241 27956 33163 31608 
18469 25707 33102 31819 
22506 23892 32971 32119 
28838 23259 32796 32492 
36405 24537 32614 32885 
44002 27925 32456 33246 
50285 33169 32334 33513 
53856 39514 32289 33645 
53499 45419 32347 33658 
48986 49578 32455 33503 
41013 51021 32619 33220 
30557 49194 32832 32857 
20313 44258 33005 32450 
12424 37205 33141 32113 
8330 29012 33194 31828 
8807 21054 33152 31693 
13947 14467 33054 31764 
22387 10705 32857 31962 
32263 10228 32612 32234 
41998 13218 32394 32630 
49962 19419 32300 33094 
54772 28287 32208 33434 
55322 38112 32212 33688 
51720 47294 32310 33765 
44906 54527 32507 33707 
36174 58228 32657 33478 
26965 57508 32817 33137 
19312 52361 32925 32742 
14511 43811 32994 32407 
13341 33473 33003 32123 
15842 23481 32962 31950 
21634 15625 32937 31936 
28953 11717 32886 31998 
36542 11777 32860 32148 
42923 15261 32884 32369 
47047 21172 32913 32546 
48228 27950 32959 32733 
46519 34363 32977 32838 
42381 39537 32934 32882 
36378 43060 32826 32885 
29840 44516 32674 32873 
23942 44170 32513 32909 
19646 42409 32356 32959 
17881 39670 32176 32984 
19284 36477 32039 33018 
23759 33484 32044 33079 
30303 30974 32114 33109 
37599 29203 32312 33100 
44047 28233 32578 33024 
47815 28045 32894 32906 
47966 28370 33182 32717 
44423 28945 33428 32499 
38027 29446 33580 32290 
30523 29720 33623 32135 
24046 29769 33537 32030 
20021 29898 33328 32000 
19235 30420 33057 32061 
21509 31606 32742 32193 
25751 33437 32459 32404 
30748 35561 32216 32638 
35462 37500 32008 32845 
39309 38907 31908 33082 
41840 39447 31887 33277 
42969 39192 31983 33455 
42626 38233 32149 33542 
40673 36724 32386 33601 
36971 34606 32644 33544 
32069 31971 32907 33420 
26788 28824 33145 33192 
22338 25575 33341 32881 
20019 22957 33506 32537 
20696 21793 33585 32186 
24377 22619 33557 31817 
30258 25508 33463 31541 
36832 29803 33246 31369 
42616 34686 33010 31395 
45827 38840 32677 31528 
45922 41761 32412 31899 
42878 43094 32162 32357 
37465 42980 31973 32910 
31167 41657 31872 33431 
25469 39457 31893 33910 
21514 36535 32004 34210 
19967 32989 32215 34344 
20935 29149 32436 34198 
24045 25432 32653 33884 
28655 22448 32883 33439 
33871 20769 33006 32871 
39018 20983 33091 32333 
43104 23243 33169 31928 
45393 27195 33163 31595 
45554 32340 33172 31478 
43398 37836 33148 31506 
39416 42614 33121 31672 
34222 45903 33117 31950 
28676 47220 33107 32266 
23464 46289 33056 32563 
19689 43222 32983 32834 
17927 38291 32844 33017 
18655 32067 32641 33136 
22085 25226 32458 33239 
27474 18977 32216 33229 
34090 14478 32003 33190 
40582 12933 31868 33190 
45789 15083 31800 33132 
48567 20895 31864 33096 
48535 29458 32045 33062 
45790 39116 32353 33053 
40752 47942 32696 32964 
34711 53908 33069 32876 
28622 55968 33414 32707 
23497 53850 33685 32548 
19935 47828 33851 32334 
18470 39077 33839 32137 
19095 29362 33708 31983 
21456 20203 33439 31867 
25264 13204 33115 31855 
30196 9624 32725 31946 
35547 10299 32355 32141 
40779 15051 32041 32414 
44924 22909 31795 32756 
47068 32458 31625 33092 
46523 41518 31638 33465 
43376 48664 31772 33771 
38274 52652 32006 33956 
32353 52929 32312 33982 
27218 49708 32685 33848 
23758 43752 33052 33562 
22285 36113 33360 33134 
22674 28153 33629 32654 
24551 21285 33767 32148 
27430 16824 33765 31685 
31044 15677 33660 31355 
34782 18051 33452 31201 
38060 23223 33135 31224 
40350 30013 32819 31460 
40973 36848 32468 31873 
39559 42061 32189 32380 
36362 44845 32017 32949 
32062 44885 31889 33447 
27626 42432 31880 33864 
24309 38267 31969 34084 
22980 33350 32155 34126 
24120 28646 32375 33991 
27786 24998 32595 33683 
33279 23144 32774 33263 
39359 23380 32897 32819 
44666 25541 32976 32412 
47827 29135 33033 32117 
47715 33406 33035 31902 
44027 37350 33029 31848 
37352 40285 33009 31873 
28999 41754 33028 31991 
20505 41516 33062 32156 
13993 39640 33103 32337 
10627 36448 33130 32472 
11251 32532 33102 32555 
16130 28644 33087 32648 
24214 25529 32952 32672 
34351 23637 32759 32676 
44894 23309 32594 32804 
54073 24465 32339 32899 
59835 26832 32130 33076 
61094 29931 31943 33245 
57717 33334 31883 33464 
50022 36625 31873 33596 
39104 39649 32019 33692 
26839 42030 32227 33615 
14910 43645 32545 33433 
5144 44175 32869 33084 
237 43226 33183 32646 
60 40515 33457 32180 
1702 35905 33639 31734 
14220 29802 33696 31383 
28489 23057 33648 31223 
43234 17304 33489 31245 
56171 13856 33265 31490 
64705 13653 32991 31889 
65460 16986 32667 32388 
65488 23146 32366 32947 
59237 30943 32124 33479 
49227 38975 31906 33902 
36221 46247 31789 34171 
23068 51564 31809 34295 
11280 54408 31874 34188 
2619 54480 32081 33954 
120 51384 32337 33514 
55 45355 32644 33000 
6516 36954 32965 32476 
17906 27264 33247 31928 
31781 17802 33491 31480 
45340 10569 33617 31183 
56458 6818 33661 31078 
63144 7229 33582 31163 
63831 11765 33402 31475 
59168 19416 33126 31902 
50426 29099 32851 32467 
39107 39546 32560 33069 
27589 48817 32312 33643 
17717 55666 32126 34075 
10807 58922 32005 34299 
7668 57885 32002 34326 
8504 52613 32058 34122 
12923 44188 32182 33722 
20235 34268 32338 33189 
29561 24686 32520 32589 
39394 17590 32733 32056 
48354 13729 32913 31606 
54883 13119 33036 31320 
57631 15269 33168 31278 
55384 19218 33224 31450 
48500 24063 33238 31797 
38349 29285 33201 32248 
26992 34529 33061 32726 
17028 39567 32927 33240 
11205 43714 32773 33653 
10441 46420 32614 33899 
14431 47175 32507 33980 
21792 45662 32420 33847 
30172 42177 32400 33546 
38000 37398 32418 33132 
44095 32286 32495 32659 
47984 27812 32658 32228 
49069 24655 32753 31791 
47478 23408 32903 31582 
43180 23588 32942 31484 
36776 24928 32998 31618 
29078 26951 32964 31925 
21670 29258 32886 32324 
16865 31470 32776 32770 
15705 33582 32634 33188 
18667 35622 32517 33542 
25171 37600 32466 33804 
33168 39123 32426 33825 
40745 40008 32475 33723 
46046 39851 32567 33477 
47922 38387 32663 33116 
46077 35652 32754 32715 
41471 32175 32838 32370 
35360 28582 32906 32101 
29159 25644 32881 31943 
24056 24038 32856 31937 
21062 24184 32810 32049 
20408 25978 32788 32267 
22001 28982 32762 32516 
25608 32734 32782 32753 
30463 36341 32819 32931 
35772 39313 32829 32949 
40719 41476 32879 32932 
43974 42362 32897 32823 
44914 41847 32905 32694 
43250 39765 32857 32560 
39195 35971 32745 32458 
33986 31032 32621 32491 
28857 25659 32472 32570 
24806 20893 32314 32725 
22613 17926 32214 32944 
22577 17720 32185 33170 
24525 20649 32259 33356 
27952 26322 32415 33458 
32127 33547 32618 33414 
36337 41125 32884 33260 
39525 47207 33093 32940 
41170 50884 33301 32612 
40901 51480 33447 32270 
38818 48789 33497 31955 
35538 43410 33410 31738 
31798 36153 33208 31630 
28546 28260 32980 31723 
26285 20805 32688 31955 
25521 15292 32419 32274 
26223 12413 32163 32643 
28190 12581 31970 33020 
31056 15838 31831 33349 
34218 21587 31862 33652 
36953 28985 31956 33800 
38791 37105 32169 33827 
39275 45008 32437 33710 
38403 51044 32781 33519 
36451 54518 33093 33199 
34039 54853 33377 32819 
31727 51725 33622 32416 
30077 45651 33778 32055 
29116 37509 33772 31725 
28712 28654 33645 31524 
28640 20409 33440 31481 
28624 14336 33081 31526 
28859 11254 32698 31747 
29606 11377 32319 32077 
31159 14480 31970 32481 
33453 19802 31708 32916 
36041 26430 31596 33340 
38245 33530 31667 33719 
39314 40383 31831 33957 
38946 46097 32146 34050 
37229 50275 32490 33971 
34732 52542 32826 33727 
32019 52559 33104 33339 
29730 50190 33310 32931 
27988 45430 33406 32485 
26858 38620 33399 32094 
26461 30274 33322 31805 
27061 21753 33190 31657 
28875 14124 33003 31604 
31902 8810 32884 31739 
35675 6975 32801 31959 
39031 9441 32761 32248 
40915 15827 32722 32507 
40835 25248 32727 32800 
38700 36215 32676 32988 
35084 47039 32614 33115 
31016 55555 32517 33180 
27434 60612 32433 33195 
24945 61334 32313 33167 
23948 57460 32225 33123 
24636 49587 32138 33017 
26999 39155 32163 32976 
30670 27323 32258 32947 
35056 15797 32454 32949 
39364 6086 32680 32935 
42549 445 32951 32905 
43561 72 33167 32796 
42257 4757 33356 32681 
38950 15237 33505 32535 
34195 29715 33537 32377 
29154 45384 33453 32196 
24933 59205 33254 32026 
22354 65322 33041 31968 
21870 65493 32795 31985 
23562 65517 32538 32087 
26955 65414 32312 32261 
31350 48672 32165 32536 
35659 31536 32055 32827 
38998 14732 32008 33140 
40665 1844 32049 33430 
40546 94 32147 33653 
38989 44 32283 33758 
36538 5418 32454 33727 
33746 16628 32702 33631 
31141 30895 32918 33358 
29183 45320 33127 33023 
28248 57066 33288 32615 
28666 63957 33423 32218 
30361 64339 33484 31884 
32894 58150 33462 31641 
35473 46851 33374 31528 
37187 32259 33214 31570 
37289 17709 33016 31758 
35631 5946 32744 32008 
32700 271 32471 32353 
29221 54 32255 32774 
