32729 32767 32542 32884 
32729 32767 32542 32884 
32767 33107 32269 33013 
32761 33358 32004 33138 
32732 33484 31819 33291 
32669 33441 31744 33398 
32545 33251 31791 33459 
32414 32942 31944 33445 
32315 32571 32210 33350 
32307 32298 32574 33212 
32345 32082 32925 32978 
32432 31996 33221 32637 
32628 32097 33498 32308 
32871 32338 33695 32006 
33096 32666 33751 31770 
33259 32964 33689 31594 
33320 33162 33468 31531 
33272 33283 33181 31655 
33125 33241 32841 31920 
32860 33028 32439 32246 
32625 32808 32142 32739 
32363 32509 31879 33213 
32187 32244 31734 33648 
32093 32077 31719 33978 
32178 32119 31896 34184 
32349 32274 32150 34157 
32590 32563 32483 33936 
32849 32899 32831 33518 
33044 33203 33126 32933 
33195 33471 33382 32321 
33266 33626 33573 31780 
33164 33531 33566 31290 
32993 33306 33478 31036 
32731 32909 33247 31008 
32455 32452 32964 31230 
32215 31989 32629 31672 
32096 31676 32365 32278 
32100 31553 32133 32953 
32203 31627 31991 33560 
32444 31901 31970 34051 
32770 32344 32088 34339 
33084 32852 32292 34382 
33353 33327 32557 34187 
33500 33709 32828 33794 
33443 33857 33012 33199 
33269 33810 33146 32570 
33027 33610 33239 31983 
32724 33292 33230 31528 
32414 32899 33165 31262 
32189 32502 33034 31192 
32024 32124 32843 31316 
32007 31885 32686 31665 
32089 31769 32525 32129 
32255 31779 32391 32636 
32472 31923 32299 33182 
32673 32131 32238 33603 
32854 32411 32264 33922 
33016 32725 32373 34094 
33090 32962 32497 34034 
33071 33129 32638 33795 
33084 33301 32862 33468 
33035 33372 33026 33024 
33004 33421 33193 32576 
32976 33404 33282 32102 
32956 33352 33311 31718 
32929 33250 33256 31461 
32854 33076 33102 31339 
32812 32906 32948 31424 
32671 32601 32687 31615 
32586 32390 32522 32017 
32439 32145 32334 32436 
32287 31923 32201 32869 
32158 31770 32117 33298 
32149 31794 32173 33712 
32183 31898 32269 33951 
32317 32126 32433 34058 
32453 32378 32567 33963 
32652 32699 32727 33755 
32829 32998 32818 33434 
32985 33215 32858 33020 
33104 33386 32888 32597 
33198 33479 32913 32233 
33196 33462 32895 31906 
33149 33365 32905 31692 
33044 33209 32915 31604 
32914 33004 32943 31602 
32787 32812 32988 31728 
32689 32648 33018 31895 
32653 32571 33056 32172 
32621 32500 33029 32436 
32599 32453 32930 32710 
32598 32441 32788 32990 
32604 32417 32627 33246 
32595 32388 32460 33470 
32560 32336 32319 33636 
32458 32215 32175 33670 
32374 32145 32104 33658 
32320 32131 32113 33535 
32310 32182 32192 33330 
32375 32366 32339 33068 
32558 32682 32567 32802 
32769 33041 32790 32478 
32996 33401 33012 32173 
33199 33711 33191 31883 
33396 33954 33365 31738 
33486 33981 33473 31665 
33447 33820 33469 31703 
33290 33471 33371 31869 
32985 32948 33146 32063 
32591 32314 32821 32312 
32263 31768 32536 32686 
31988 31322 32242 33100 
31782 31060 31972 33424 
31771 31069 31846 33705 
31927 31374 31874 33907 
32233 31927 32023 33944 
32644 32591 32323 33836 
33040 33279 32674 33559 
33340 33830 32986 33112 
33531 34184 33278 32586 
33592 34325 33504 32108 
33489 34169 33577 31671 
33230 33778 33507 31365 
32898 33248 33313 31245 
32576 32672 33040 31370 
32299 32149 32715 31669 
32139 31763 32424 32161 
32074 31549 32167 32672 
32135 31561 32017 33203 
32527 32103 32079 33990 
32781 32528 32279 34099 
32997 32946 32524 34004 
33129 33272 32780 33701 
33154 33449 32983 33253 
33103 33488 33151 32769 
32976 33380 33254 32284 
32817 33154 33273 31891 
32618 32814 33165 31590 
32477 32516 33016 31526 
32400 32270 32805 31629 
32390 32138 32598 31919 
32415 32099 32401 32282 
32491 32183 32250 32718 
32565 32341 32195 33137 
32646 32549 32215 33474 
32726 32796 32363 33714 
32793 32985 32555 33745 
32856 33154 32797 33632 
32902 33249 33038 33339 
32973 33299 33248 32961 
33012 33270 33363 32497 
33052 33186 33401 32080 
33053 33041 33311 31753 
33030 32890 33149 31613 
32903 32627 32856 31588 
32776 32443 32587 31823 
32661 32306 32342 32205 
32492 32175 32119 32619 
32354 32110 32003 33064 
32258 32085 31987 33462 
32236 32150 32106 33741 
32274 32287 32312 33878 
32416 32481 32593 33842 
32523 32638 32790 33572 
32666 32834 32975 33207 
32788 33006 33062 32775 
32907 33187 33089 32377 
32982 33316 33052 32047 
33004 33376 32985 31841 
32982 33336 32882 31749 
32929 33242 32838 31838 
32852 33051 32802 32025 
32759 32799 32817 32257 
32711 32556 32886 32543 
32709 32377 32977 32817 
32703 32195 33005 32956 
32749 32126 33009 33055 
32805 32143 32946 33081 
32863 32268 32818 33057 
32900 32459 32633 33012 
32902 32674 32413 32967 
32844 32882 32189 32956 
32697 32997 31973 32887 
32543 33100 31879 32890 
32389 33112 31914 32911 
32266 33059 32097 32928 
32157 32899 32354 32900 
32121 32717 32697 32833 
32206 32536 33071 32732 
32369 32399 33392 32577 
32625 32341 33638 32398 
32925 32376 33757 32231 
33229 32483 33729 32096 
33479 32660 33554 32040 
33664 32875 33306 32076 
33695 33050 32953 32165 
33566 33169 32581 32359 
33323 33208 32268 32618 
32973 33150 32012 32882 
32534 32976 31823 33131 
32126 32750 31763 33362 
31808 32522 31833 33558 
31624 32319 31999 33659 
31572 32149 32200 33620 
31687 32087 32481 33515 
31989 32163 32803 33333 
32353 32314 33096 33060 
32769 32545 33347 32725 
33183 32840 33548 32371 
33524 33078 33626 31994 
33742 33268 33607 31677 
33814 33375 33485 31479 
33738 33381 33287 31417 
33539 33299 33026 31498 
33246 33123 32732 31734 
32920 32923 32436 32085 
32606 32728 32209 32557 
32313 32546 32034 33077 
32116 32419 31965 33578 
32007 32336 32000 33987 
31984 32303 32118 34240 
32034 32285 32308 34295 
32136 32270 32536 34143 
32258 32286 32756 33822 
32398 32307 32929 33328 
32515 32327 33000 32765 
32646 32421 33030 32276 
32813 32575 33018 31950 
32952 32771 32960 31856 
33056 32963 32848 31889 
33213 33199 32821 31964 
33323 33410 32819 31813 
33402 33539 32877 31370 
33414 33567 32958 30785 
33328 33469 33038 30310 
33200 33285 33098 30342 
33012 33053 33139 31148 
32770 32735 33073 32635 
32525 32464 32954 34562 
32279 32203 32747 36385 
32100 32022 32516 37731 
31982 31904 32250 38156 
31946 31895 32018 37629 
32051 32028 31894 36359 
32240 32228 31871 34473 
32513 32495 31932 32131 
32972 32950 32160 29741 
33453 33425 32447 27454 
33725 33780 32804 25680 
33453 33658 33123 24751 
32582 32915 33433 25056 
31205 31546 33625 26682 
29834 29964 33743 29593 
29258 28893 33692 33346 
30157 29174 33500 37229 
32589 31144 33232 40651 
36087 34593 32923 42985 
39496 38549 32597 43677 
41439 41608 32334 42517 
41079 42706 32142 39601 
38301 41237 31994 35322 
33764 37444 31908 30283 
28892 32456 31952 25578 
24960 27489 32030 22027 
22649 23308 32184 20264 
21906 20251 32343 20573 
22390 18554 32558 23073 
23643 18528 32769 27209 
25663 20433 32975 32280 
28985 24533 33212 37446 
34241 30842 33402 41852 
41109 38594 33557 44609 
48571 46586 33650 45365 
54494 53289 33604 43961 
56702 57336 33490 40729 
53290 57680 33258 36005 
44509 54017 32969 30994 
32253 46794 32629 26384 
19330 36814 32302 22962 
8883 24888 32007 21238 
3700 12720 31788 21493 
4524 2404 31691 23579 
10464 133 31763 27076 
19779 61 31926 31311 
30688 96 32208 35637 
41173 12809 32487 39149 
50210 27601 32823 41504 
56633 44307 33060 42300 
59621 60331 33264 41539 
58203 65355 33335 39383 
52587 65483 33388 36436 
43344 65504 33342 33116 
31625 65511 33239 29978 
19310 65236 33122 27522 
9312 46913 32993 26108 
3650 28766 32862 25788 
3876 10938 32775 26566 
10221 363 32703 28214 
21042 83 32644 30304 
34102 50 32580 32497 
46665 38 32515 34438 
56536 9556 32467 35905 
61397 23473 32401 36674 
60606 39888 32371 36760 
54427 55930 32334 36227 
43782 65233 32377 35288 
30709 65480 32393 34121 
17564 65520 32469 32992 
6948 65535 32582 32042 
1480 62558 32766 31438 
2818 41301 32889 31135 
10688 20301 33016 31161 
23278 1667 33114 31427 
37741 94 33203 31818 
51225 29 33267 32206 
60457 33 33248 32492 
63902 8993 33178 32682 
61345 21476 33057 32756 
53859 34615 32826 32693 
42722 46235 32601 32617 
30541 54508 32412 32606 
18955 59072 32240 32641 
9768 59819 32134 32755 
4175 56790 32127 32959 
3310 50101 32208 33184 
7162 40761 32353 33380 
15201 29753 32624 33544 
26152 18553 32843 33522 
38427 9204 33030 33348 
50587 3402 33190 33071 
60226 2269 33287 32724 
65213 5657 33287 32335 
65480 12602 33196 31995 
59537 21851 33029 31752 
48917 31547 32858 31730 
35485 40644 32644 31837 
21513 48231 32511 32160 
9404 53951 32392 32521 
1553 57548 32341 32939 
98 58767 32353 33301 
146 57852 32435 33560 
9554 54841 32528 33619 
20074 49910 32687 33557 
31909 43189 32803 33302 
43262 35140 32893 32964 
52955 26068 32966 32590 
59831 16583 33008 32284 
62950 7263 32949 32007 
61889 484 32883 31935 
56786 109 32721 31933 
48479 74 32598 32147 
37805 3777 32504 32504 
26656 13440 32431 32851 
16685 27316 32436 33229 
9326 43095 32493 33500 
5502 58451 32631 33647 
5557 65287 32804 33602 
8944 65472 32975 33393 
14934 65496 33128 33036 
22746 65503 33225 32598 
31605 65448 33275 32167 
40724 49879 33213 31779 
49157 33866 33079 31526 
55960 18182 32886 31504 
59600 5461 32650 31697 
59247 199 32435 32070 
54875 65 32245 32532 
47155 80 32093 33025 
37414 10919 32039 33499 
27084 23668 32132 33929 
18567 36659 32285 34096 
12673 47876 32527 34065 
9911 55190 32790 33833 
10281 57220 32998 33363 
13485 53869 33165 32838 
18647 46571 33235 32304 
25110 37355 33220 31864 
32061 28277 33108 31574 
38984 21019 32982 31537 
45061 16775 32787 31674 
49899 15647 32631 31994 
52966 17430 32571 32423 
53565 21719 32563 32863 
51156 27735 32602 33199 
45869 34786 32707 33426 
38198 41836 32832 33481 
29112 47909 32945 33355 
20946 51296 33025 33121 
14880 51341 32986 32773 
12072 47910 32896 32453 
12837 41424 32736 32210 
16722 33317 32482 32050 
22912 25192 32315 32102 
30130 18589 32158 32278 
37447 14658 32080 32592 
43269 14313 32113 32951 
47001 17131 32243 33287 
48139 22416 32474 33542 
46655 28987 32795 33680 
42880 35523 33091 33587 
37586 40780 33324 33336 
31550 43989 33517 32961 
26270 44505 33558 32496 
22596 42883 33539 32086 
21219 39785 33403 31761 
22578 36082 33155 31534 
26598 32945 32857 31528 
32086 31102 32526 31685 
37920 30591 32292 32065 
42510 30939 32058 32498 
44596 31671 31886 32950 
43454 32297 31824 33435 
39347 32541 31861 33807 
33281 32402 32020 34033 
26543 31862 32237 34058 
20973 31018 32542 33914 
17581 29812 32879 33601 
16989 28189 33160 33130 
19528 26495 33446 32628 
24735 25325 33664 32150 
31871 25300 33752 31721 
39842 26988 33678 31404 
47590 30733 33559 31340 
53307 35991 33321 31443 
55516 41574 32992 31701 
53504 46372 32624 32080 
47354 49252 32330 32574 
37734 49276 32065 33072 
26786 46267 31842 33463 
16604 40737 31770 33777 
9241 33494 31813 33948 
6187 25521 31950 33923 
8138 18455 32178 33719 
14472 13304 32454 33405 
23907 10920 32756 33001 
34754 11799 33051 32573 
44784 15940 33308 32206 
52481 22820 33435 31908 
56542 31609 33459 31735 
56184 41375 33352 31704 
51602 49859 33163 31859 
43915 55950 32968 32158 
34571 58329 32752 32515 
25178 56263 32582 32913 
17775 50029 32465 33248 
13507 40787 32392 33453 
13144 30424 32461 33587 
16550 20749 32552 33518 
22699 14052 32663 33323 
30323 11115 32766 33021 
37785 12064 32801 32638 
43920 16319 32858 32287 
47417 22501 32855 32016 
47917 29253 32771 31828 
45627 35565 32689 31819 
40999 40613 32630 31989 
34802 43779 32552 32267 
28492 44924 32528 32653 
22934 44339 32542 33037 
19172 42407 32581 33376 
18118 39555 32647 33626 
20267 36424 32772 33738 
25235 33370 32878 33672 
32117 30796 32971 33467 
39451 28882 33047 33146 
45271 27746 33026 32736 
48260 27397 32979 32363 
47541 27595 32861 32054 
43170 28022 32659 31807 
36255 28521 32503 31765 
28842 28908 32362 31863 
22667 29293 32273 32067 
19324 29930 32320 32398 
19323 31052 32435 32750 
22297 32820 32642 33068 
26913 34983 32870 33285 
32047 37252 33118 33388 
36579 39068 33306 33357 
40125 40105 33429 33215 
42296 40125 33435 32999 
43094 39265 33284 32738 
42427 37758 33030 32486 
40129 35742 32723 32323 
36287 33301 32412 32275 
31267 30376 32124 32328 
25979 27090 31896 32434 
21696 23884 31813 32646 
19791 21613 31898 32886 
20904 21020 32064 33043 
24996 22612 32373 33171 
31083 26182 32710 33184 
37786 31143 33065 33134 
43139 36260 33356 32962 
45915 40501 33544 32737 
45572 43324 33679 32554 
42126 44448 33659 32353 
36453 43948 33473 32167 
30365 42258 33239 32088 
25092 39636 32956 32124 
21648 36188 32628 32196 
20572 32074 32328 32386 
21860 27733 32089 32626 
25017 23581 31884 32843 
29494 20407 31784 33090 
34476 18882 31769 33279 
39247 19571 31892 33429 
42896 22518 32134 33522 
44842 27334 32455 33516 
44694 33486 32835 33429 
42358 39703 33175 33194 
38395 44914 33515 32939 
33335 48247 33719 32586 
28022 49282 33842 32257 
23144 47708 33781 31932 
19716 43745 33584 31679 
18331 37796 33263 31557 
19446 30575 32896 31594 
23126 22883 32501 31765 
28747 16274 32170 32060 
35311 11927 31898 32449 
41588 11067 31771 32912 
46406 14389 31752 33360 
48681 21539 31879 33750 
48162 31227 32086 33996 
45006 41639 32388 34077 
39768 50739 32713 33969 
33481 56396 33012 33647 
27425 57553 33233 33213 
22418 54172 33365 32689 
19162 46987 33416 32196 
17947 37155 33357 31792 
18766 26629 33147 31473 
21400 17209 32908 31411 
25525 10551 32655 31557 
30863 7940 32501 31948 
36603 9863 32357 32361 
42043 15979 32350 32859 
46214 24975 32421 33295 
48141 35337 32570 33612 
47165 44648 32739 33723 
43501 51434 32912 33633 
37955 54592 33012 33339 
31809 53764 33071 32947 
26562 49216 33077 32550 
23185 42079 32976 32165 
21820 33587 32808 31909 
22292 25147 32602 31821 
24300 18313 32428 31938 
27315 14600 32289 32213 
30996 14613 32239 32618 
34796 18200 32232 33027 
38074 24400 32296 33367 
40245 31817 32481 33651 
40600 38674 32646 33699 
38834 43766 32865 33593 
35430 45870 33053 33294 
31208 45186 33223 32910 
27210 42155 33310 32447 
24479 37464 33378 32044 
23971 32412 33290 31702 
26002 27957 33174 31608 
30195 24788 32936 31660 
35887 23438 32624 31885 
41866 24195 32353 32296 
46296 26658 32129 32793 
48067 30239 31977 33259 
46357 34086 31931 33650 
41127 37512 32022 33916 
33425 39823 32251 33972 
24700 40668 32560 33822 
16804 39963 32907 33479 
11298 37805 33230 32981 
9590 34675 33444 32410 
12170 31238 33598 31907 
18694 28140 33625 31525 
28350 25803 33446 31282 
39186 24737 33176 31312 
49624 24977 32826 31547 
57725 26415 32459 31964 
61928 28710 32173 32533 
61219 31510 31978 33143 
55785 34335 31868 33662 
46452 37011 31924 34055 
34746 39458 32118 34252 
21934 41535 32393 34188 
10448 42964 32718 33946 
1890 43344 32981 33449 
103 42303 33192 32884 
48 39344 33315 32296 
6870 34575 33409 31820 
19069 28341 33332 31429 
33662 21783 33188 31211 
48339 16264 32987 31230 
59892 13421 32792 31432 
65318 13959 32575 31801 
65478 17947 32432 32307 
65426 24645 32294 32842 
54596 32822 32218 33383 
43031 40870 32184 33850 
30210 47885 32262 34184 
17847 53037 32391 34359 
7394 55608 32528 34289 
890 55037 32688 33981 
82 51276 32898 33553 
3813 44363 33064 32984 
12284 35110 33215 32353 
24975 24591 33323 31750 
38661 15076 33372 31267 
51123 8117 33321 30962 
60279 5005 33180 30877 
64351 6423 32996 31072 
62625 11928 32727 31447 
56125 20646 32523 32028 
46045 31210 32329 32679 
34418 42025 32184 33323 
22852 51765 32112 33883 
14000 58260 32149 34278 
8489 60629 32221 34451 
6893 58439 32383 34439 
9140 51799 32523 34190 
14693 42189 32635 33754 
22782 31568 32707 33211 
32365 21988 32797 32692 
42283 15067 32879 32185 
50718 11876 32948 31770 
56342 12078 33022 31509 
57815 14949 33102 31404 
54311 19668 33193 31452 
46504 25205 33252 31615 
35882 31080 33266 31842 
24802 36841 33268 32146 
15680 42150 33190 32480 
11291 46037 33051 32788 
11934 48062 32822 33047 
16839 47801 32534 33252 
24665 45089 32233 33409 
32754 40608 31989 33491 
39788 35200 31817 33541 
44908 29945 31778 33541 
47661 25729 31842 33464 
47716 23225 31998 33307 
45198 22636 32294 33161 
40225 23493 32612 32935 
33429 25310 32950 32708 
25827 27639 33280 32450 
19383 30037 33554 32202 
15893 32219 33710 31986 
16380 34262 33748 31824 
20886 36211 33654 31739 
28481 38025 33424 31740 
36842 39412 33132 31874 
44061 40093 32776 32110 
48495 39751 32418 32449 
49136 38091 32080 32831 
46137 35293 31823 33194 
40558 31816 31697 33543 
33819 28374 31749 33810 
27258 25674 31949 33918 
22104 24351 32207 33789 
19486 24837 32610 33601 
19280 26761 32978 33243 
21432 29738 33285 32771 
25656 33246 33564 32331 
30984 36530 33667 31907 
36659 39222 33638 31616 
41540 41043 33460 31504 
44660 41681 33187 31571 
45142 40911 32846 31804 
43037 38656 32543 32201 
38861 34888 32258 32633 
33554 29910 32048 33057 
28537 24727 31966 33426 
24786 20399 32014 33674 
22967 18127 32168 33790 
23210 18647 32339 33662 
25400 22372 32553 33441 
28907 28475 32727 33111 
33063 35844 32890 32793 
36986 43073 32949 32430 
39818 48628 32991 32194 
40894 51360 33004 32097 
40019 50843 32983 32075 
37544 47269 32995 32205 
33931 40970 32975 32338 
30248 33268 32993 32507 
27170 25249 32963 32589 
25402 18337 32986 32717 
25148 13490 32946 32722 
26459 11651 32854 32667 
29029 13081 32773 32643 
32409 17491 32635 32601 
35908 24329 32486 32593 
38760 32426 32367 32663 
40423 40748 32274 32775 
40527 48096 32220 32931 
39073 53483 32214 33098 
36548 55804 32300 33271 
33577 54656 32436 33378 
30819 50125 32608 33414 
28704 42592 32780 33312 
27496 33643 32971 33123 
26946 24525 33108 32815 
26884 16822 33227 32489 
27227 11638 33309 32161 
28043 9974 33302 31871 
29557 11626 33222 31688 
31965 16083 33056 31660 
35026 22563 32829 31771 
38060 29905 32587 32040 
40207 37132 32334 32395 
40871 43606 32157 32856 
39777 48744 32008 33257 
37357 52002 32012 33644 
34304 53209 32149 33911 
31272 52136 32366 33953 
28696 48615 32648 33793 
26944 42978 32952 33491 
25911 35553 33181 33020 
25822 27146 33388 32527 
26965 18735 33531 32092 
29346 11802 33474 31687 
32792 7531 33299 31479 
36567 6908 33054 31473 
39696 10554 32694 31655 
41073 17941 32406 32039 
40333 27929 32167 32508 
37659 38968 32002 32965 
33733 49508 31949 33403 
29748 57336 32052 33729 
26515 61440 32273 33895 
24632 61184 32567 33865 
24312 56505 32859 33628 
25625 48239 33093 33259 
28426 37446 33226 32808 
32391 25512 33296 32360 
36818 14144 33277 31992 
40738 5038 33159 31715 
43237 340 33001 31640 
43540 68 32800 31688 
41414 5915 32603 31905 
37426 16947 32512 32282 
32315 31301 32414 32649 
27251 46547 32370 33031 
23151 60015 32302 33325 
21093 65352 32366 33579 
21307 65496 32430 33681 
23743 65515 32529 33660 
27826 60532 32632 33517 
32740 44936 32744 33231 
37284 28113 32890 32958 
40533 12456 32991 32576 
41984 1156 33101 32254 
41536 79 33166 31970 
39592 43 33182 31782 
36739 7124 33144 31680 
33583 19397 33044 31724 
30600 34185 32927 31936 
28378 48130 32757 32182 
27356 58973 32582 32534 
27767 64441 32425 32903 
29500 63447 32252 33210 
32316 55968 32176 33495 
35031 43781 32194 33691 
36801 29127 32289 33762 
36941 14933 32400 33670 
35332 3889 32591 33477 
32486 145 32729 33196 
29232 48 32837 32841 
