33544 33282 33464 32226 
33544 33282 33464 32226 
33763 33461 33615 31743 
33840 33558 33660 31367 
33724 33516 33558 31135 
33465 33359 33343 31083 
33156 33134 33090 31258 
32766 32818 32750 31594 
32426 32518 32435 32126 
32173 32280 32190 32762 
31979 32060 31978 33364 
31882 31917 31845 33893 
31907 31886 31824 34283 
32043 31965 31914 34514 
32215 32099 32089 34489 
32415 32274 32337 34250 
32635 32513 32631 33848 
32849 32744 32964 33286 
32978 32941 33226 32646 
33107 33120 33453 32025 
33200 33281 33610 31509 
33235 33406 33649 31159 
33202 33433 33541 30955 
33193 33467 33391 31006 
33146 33423 33137 31233 
33061 33319 32832 31619 
32956 33162 32510 32122 
32855 32969 32246 32674 
32703 32705 32023 33186 
32559 32443 31925 33674 
32391 32157 31890 34021 
32253 31906 31976 34210 
32132 31703 32141 34206 
32094 31654 32404 34068 
32091 31711 32664 33746 
32170 31891 32925 33321 
32321 32183 33152 32831 
32503 32555 33302 32347 
32726 32967 33362 31943 
32894 33303 33268 31601 
33033 33541 33091 31437 
33170 33685 32885 31487 
33230 33670 32656 31654 
33290 33571 32490 32024 
33278 33339 32381 32409 
33231 33094 32376 32823 
33136 32798 32436 33151 
33013 32559 32577 33389 
32901 32421 32787 33518 
32726 32310 32958 33449 
32548 32282 33087 33251 
32363 32306 33143 32968 
32180 32336 33077 32633 
32076 32396 32963 32389 
32011 32429 32767 32232 
31992 32419 32527 32180 
32076 32417 32346 32310 
32214 32378 32179 32511 
32432 32379 32104 32780 
32701 32434 32144 33051 
33021 32581 32282 33291 
33356 32835 32513 33434 
33605 33125 32750 33388 
33766 33443 32988 33218 
33801 33722 33201 32924 
33689 33911 33364 32586 
33465 33920 33443 32242 
33073 33705 33400 31928 
32595 33278 33249 31711 
32116 32728 33005 31661 
31739 32128 32757 31798 
31495 31561 32467 32041 
31412 31121 32204 32411 
31523 30927 31999 32832 
31799 30989 31897 33254 
32196 31330 31926 33651 
32664 31897 32055 33907 
33143 32598 32333 34035 
33824 33986 33014 33704 
33855 34387 33284 33241 
33809 34606 33544 32759 
33563 34517 33650 32213 
33208 34133 33596 31671 
32825 33568 33412 31290 
32458 32919 33112 31086 
32187 32292 32762 31119 
32046 31794 32429 31398 
32024 31459 32127 31872 
32088 31343 31920 32465 
32263 31454 31888 33136 
32447 31681 31966 33738 
32622 32020 32177 34237 
32767 32379 32471 34507 
32826 32697 32773 34486 
32803 32918 33013 34183 
32762 33095 33201 33663 
32719 33241 33293 33015 
32723 33349 33303 32301 
32784 33444 33237 31679 
32850 33462 33063 31178 
32960 33446 32864 30932 
33038 33352 32617 30937 
33098 33189 32401 31236 
33081 32967 32258 31758 
33011 32693 32195 32408 
32871 32361 32204 33085 
32644 32019 32296 33709 
32441 31752 32490 34198 
32266 31606 32728 34421 
32143 31585 32939 34344 
32099 31748 33125 34003 
32197 32098 33279 33461 
32373 32550 33310 32816 
32651 33093 33289 32174 
32938 33634 33159 31621 
33179 34045 32946 31248 
33356 34230 32704 31122 
33450 34198 32497 31315 
33390 33887 32309 31696 
33218 33373 32203 32251 
32903 32687 32142 32819 
32577 32020 32174 33385 
32263 31438 32279 33787 
32054 31113 32432 34007 
31943 31052 32602 33996 
32020 31313 32808 33779 
32205 31812 32962 33391 
32509 32471 33109 32947 
32852 33164 33196 32470 
33155 33775 33227 32027 
33403 34184 33196 31722 
33482 34262 33091 31582 
33435 34074 32963 31655 
33194 33581 32753 31887 
32858 32966 32576 32253 
32465 32291 32373 32671 
32170 31773 32292 33158 
31913 31398 32212 33542 
31832 31340 32227 33791 
31955 31595 32339 33858 
32233 32095 32513 33731 
32624 32722 32739 33450 
33009 33290 32941 33000 
33344 33736 33104 32466 
33576 33975 33218 31972 
33642 33914 33244 31558 
33527 33588 33183 31336 
33278 33117 33056 31339 
32936 32552 32852 31554 
32571 32046 32656 31998 
32299 31726 32521 32572 
32081 31605 32380 33151 
31952 31665 32276 33643 
31996 32005 32291 34074 
32163 32456 32382 34285 
32403 32943 32488 34213 
32637 33364 32606 33913 
32874 33685 32750 33424 
33073 33826 32889 32861 
33184 33713 32984 32258 
33208 33442 33056 31720 
33145 33005 33063 31340 
33024 32530 33030 31194 
32879 32083 32934 31285 
32723 31735 32806 31574 
32569 31571 32645 32048 
32482 31645 32505 32602 
32422 31870 32385 33146 
32408 32202 32321 33619 
32461 32664 32346 33966 
32547 33107 32449 34076 
32632 33489 32599 33960 
32721 33738 32769 33644 
32813 33862 32971 33206 
32896 33786 33130 32711 
32940 33577 33232 32222 
32966 33256 33259 31831 
32941 32836 33168 31567 
32889 32409 33015 31542 
32831 32035 32823 31693 
32730 31755 32585 31998 
32644 31641 32403 32411 
32560 31691 32264 32840 
32472 31862 32172 33193 
32442 32161 32195 33485 
32431 32510 32269 33620 
32503 32888 32461 33634 
32553 33188 32618 33445 
32697 33472 32832 33195 
32827 33595 32974 32837 
32976 33638 33110 32526 
33130 33575 33197 32263 
33206 33388 33190 32055 
33184 33086 33098 31953 
33077 32743 32972 31998 
32903 32391 32808 32187 
32643 32075 32632 32454 
32373 31820 32464 32756 
32108 31664 32318 33050 
31934 31676 32248 33285 
31882 31867 32252 33429 
32019 32191 32357 33455 
32277 32613 32533 33356 
32659 33088 32751 33129 
33033 33481 32939 32769 
33422 33811 33141 32433 
33724 33970 33296 32124 
33873 33932 33355 31898 
33823 33689 33316 31783 
33584 33310 33178 31815 
33218 32836 32954 31979 
32744 32313 32668 32254 
32295 31887 32420 32646 
31892 31605 32209 33021 
31571 31453 32014 33299 
31506 31586 32015 33581 
31618 31875 32082 33685 
31894 32265 32260 33661 
32295 32744 32507 33543 
32697 33128 32729 33270 
33083 33447 32922 32959 
33395 33606 33089 32680 
33561 33586 33166 32422 
33605 33431 33208 32250 
33467 33100 33134 32112 
33242 32760 33047 32096 
32992 32464 32952 32203 
32742 32258 32853 32411 
32567 32242 32815 32750 
32448 32334 32779 33006 
32417 32522 32763 33016 
32458 32771 32767 32620 
32543 33011 32787 31821 
32587 33114 32740 30818 
32631 33135 32677 30134 
32651 33042 32591 30131 
32626 32805 32446 31074 
32590 32535 32323 32843 
32566 32302 32253 35012 
32532 32094 32208 36984 
32523 31985 32225 38298 
32594 32074 32365 38624 
32712 32300 32562 37893 
32872 32678 32835 36231 
33014 33075 33055 33902 
33253 33540 33264 31192 
33537 34021 33397 28407 
33848 34452 33511 25922 
33779 34485 33492 24176 
33195 33882 33390 23615 
32004 32530 33206 24473 
30395 30583 32935 26775 
28941 28521 32606 30399 
28539 27319 32304 34686 
29682 27704 32031 38995 
32438 29991 31860 42658 
36099 33851 31743 44909 
39369 38092 31782 45223 
41102 41432 31944 43485 
40519 42745 32198 39842 
37667 41558 32566 34779 
33451 38246 32954 29251 
29099 33799 33317 24126 
25765 29232 33641 20323 
23857 25104 33821 18465 
23368 21913 33851 18966 
23790 19833 33738 21726 
24748 19210 33460 26226 
26528 20583 33121 31881 
29547 24207 32731 37506 
34477 30042 32361 42317 
41044 37458 32024 45443 
48198 45429 31808 46529 
53539 51970 31752 45345 
54949 55825 31827 42196 
51096 56099 32009 37639 
41998 52454 32275 32388 
29920 45447 32557 27503 
17649 35756 32791 23681 
8316 24504 32945 21499 
4176 12767 33050 21270 
6066 3238 33098 22951 
12727 148 33104 26109 
22407 59 33055 30010 
33449 5046 33045 34176 
43840 14955 33023 37658 
52504 30113 33056 40077 
58317 46672 33098 41065 
60356 62212 33135 40569 
57983 65388 33144 38833 
51250 65487 33069 36195 
40967 65505 32947 33273 
28258 65511 32728 30490 
15885 62260 32521 28507 
6092 44887 32269 27433 
1235 26941 32059 27460 
2730 9262 31880 28438 
10399 304 31851 30105 
22513 79 31890 32015 
36478 51 32073 33883 
49897 42 32338 35301 
59743 10629 32667 36071 
64246 24720 33055 36111 
62592 40882 33373 35410 
55266 56736 33642 34221 
43640 65259 33805 32833 
29461 65481 33822 31513 
15410 65520 33682 30535 
4123 65535 33410 30059 
141 57416 33034 30142 
29 39589 32595 30759 
8087 19164 32164 31805 
21822 1328 31839 33038 
37127 89 31629 34162 
51274 34 31594 34984 
61430 40 31748 35381 
65320 9584 32074 35283 
65136 21695 32462 34689 
56036 34404 32934 33765 
44928 45488 33286 32568 
32008 54055 33641 31459 
19635 59046 33800 30586 
9547 60534 33797 30075 
3295 58405 33649 30033 
1811 52486 33279 30388 
5508 43515 32885 31174 
13700 32303 32471 32170 
25132 20577 32137 33239 
38412 10166 31856 34153 
51014 3387 31783 34801 
61143 1088 31860 35107 
65384 3368 32065 35003 
65493 9635 32367 34564 
62102 18326 32674 33862 
50010 28107 32940 33027 
35826 37802 33111 32225 
20897 46689 33203 31578 
8531 53755 33188 31207 
791 58791 33098 31108 
82 61448 32975 31309 
62 61418 32845 31684 
8558 58740 32731 32174 
19421 53542 32703 32664 
31647 45938 32715 33042 
43783 36293 32761 33285 
53803 25625 32849 33365 
60692 14642 32919 33259 
63494 4564 32969 33064 
61819 201 32920 32778 
56080 91 32823 32539 
47037 67 32681 32404 
36096 5523 32472 32368 
24856 14994 32290 32490 
15105 29356 32156 32719 
8347 45091 32092 32985 
5398 59814 32112 33227 
6412 65335 32262 33425 
10779 65482 32525 33533 
17541 65499 32801 33441 
25901 65503 33074 33192 
34734 57894 33300 32845 
43411 43638 33465 32466 
50984 27736 33514 32042 
56451 13120 33447 31710 
58593 2570 33296 31555 
56880 119 33076 31534 
51443 61 32794 31683 
42922 4956 32475 31959 
33356 15417 32298 32420 
24067 28189 32142 32879 
16647 40969 32047 33364 
11967 51471 31999 33735 
10644 57331 32074 34006 
12345 57797 32232 34118 
16432 53138 32415 34011 
22264 44752 32651 33765 
28746 34983 32873 33384 
35312 25813 33074 32892 
41329 19011 33231 32383 
46478 15351 33397 31933 
50126 15024 33442 31511 
51850 17649 33414 31269 
51251 22543 33310 31190 
48050 29104 33171 31329 
42145 36456 32910 31571 
34593 43380 32684 32036 
26497 48818 32460 32572 
19367 51637 32287 33157 
14481 51026 32125 33658 
12916 47017 32044 34052 
14712 40343 32105 34299 
19225 32150 32188 34284 
25660 23934 32355 34067 
32605 17602 32545 33679 
39071 14092 32684 33148 
44240 14007 32827 32576 
47180 17241 32919 32060 
47495 22858 32948 31670 
45357 29728 32937 31474 
41214 36510 32933 31475 
35804 42085 32949 31694 
30269 45307 32976 32024 
25499 45919 33027 32384 
22397 44191 33114 32779 
21530 40673 33162 33041 
23184 36579 33157 33186 
27135 32839 33116 33221 
32544 30192 33018 33142 
38195 28829 32820 32959 
42507 28694 32632 32803 
44314 29212 32365 32628 
43097 30078 32149 32548 
38892 30943 31929 32533 
32847 31755 31815 32600 
26513 32361 31827 32760 
21211 32559 31924 32909 
18090 32186 32163 33085 
17708 31016 32474 33187 
20221 29338 32865 33220 
25223 27589 33216 33139 
32075 26643 33538 32995 
39866 27252 33791 32788 
47041 29702 33847 32488 
52410 33852 33846 32266 
54580 38825 33649 32017 
52656 43568 33321 31849 
46750 46749 32964 31814 
37760 47561 32577 31929 
27060 45523 32166 32119 
17111 40877 31838 32437 
10099 34461 31622 32818 
7168 27185 31503 33177 
8999 20227 31582 33534 
15168 14894 31792 33789 
24173 12227 32116 33883 
34312 12620 32514 33815 
43932 16267 32959 33614 
51542 22891 33376 33275 
55534 31438 33688 32817 
55512 40796 33911 32381 
51551 49370 33992 31960 
44329 55703 33852 31598 
35613 58231 33609 31452 
26709 56311 33215 31422 
19354 50201 32794 31579 
14795 40800 32401 31935 
13885 30236 32039 32362 
16513 20509 31807 32847 
21895 13452 31674 33291 
29005 10199 31701 33675 
36140 11051 31856 33909 
42067 15322 32146 33983 
45792 21817 32484 33874 
46786 29216 32815 33575 
45114 36141 33130 33208 
41232 41582 33336 32739 
35939 45116 33456 32293 
30013 46487 33453 31920 
24686 45806 33331 31700 
20864 43452 33087 31627 
19510 40060 32825 31761 
21107 36130 32559 32008 
25615 32422 32382 32430 
31846 29410 32284 32845 
38498 27288 32277 33188 
43997 26259 32378 33452 
46900 26238 32572 33559 
46297 27010 32806 33514 
42291 28191 32989 33273 
36014 29390 33131 32923 
28847 30406 33206 32565 
23184 31076 33162 32216 
20145 31640 33013 31950 
20187 32358 32799 31848 
22982 33435 32592 31929 
27337 34830 32373 32164 
32117 36346 32224 32521 
36376 37598 32149 32928 
39657 38338 32179 33317 
41764 38432 32285 33587 
42647 37992 32476 33739 
42091 37047 32686 33678 
39977 35743 32911 33462 
36274 33943 33083 33095 
31401 31531 33212 32654 
26175 28546 33310 32226 
22087 25455 33316 31870 
20218 22955 33241 31634 
21256 21837 33054 31558 
25362 22747 32860 31740 
31300 25569 32612 32006 
37707 29859 32396 32447 
42891 34600 32243 32931 
45475 38863 32091 33352 
44888 41943 32090 33731 
41415 43610 32178 33926 
35993 43936 32361 33933 
29897 42975 32590 33719 
24800 40945 32845 33352 
21600 37880 33062 32858 
20791 33952 33233 32327 
22406 29393 33358 31873 
25882 24868 33366 31534 
30557 21108 33270 31384 
35611 18863 33079 31422 
40343 18800 32859 31700 
43695 21042 32585 32098 
45244 25484 32422 32666 
44567 31329 32283 33200 
41655 37729 32187 33643 
37123 43380 32195 33952 
31698 47451 32297 34064 
26263 49309 32471 33991 
21551 48526 32612 33653 
18615 45257 32771 33238 
17939 39744 32891 32698 
19846 32700 32995 32186 
24260 24888 33071 31754 
30350 17817 33061 31450 
37122 12791 33004 31356 
43312 11050 32868 31412 
47753 13499 32757 31725 
49428 20057 32644 32195 
48107 29297 32523 32739 
44119 39538 32439 33266 
38322 48616 32395 33731 
31593 54928 32437 34094 
25555 56841 32547 34211 
20959 54392 32713 34124 
18309 48090 32855 33754 
17860 38930 32994 33223 
19512 28854 33101 32608 
22856 19454 33173 32006 
27434 12394 33174 31502 
32740 8949 33062 31145 
38408 9978 32873 31024 
43319 15251 32685 31177 
46735 23654 32491 31596 
47804 33399 32319 32156 
46021 42896 32207 32795 
41779 49968 32165 33423 
35977 53765 32227 33965 
29960 53723 32369 34306 
24969 49993 32566 34408 
22049 43550 32779 34262 
21309 35409 33007 33898 
22436 26921 33156 33341 
25053 19524 33239 32727 
28655 14866 33263 32129 
32577 13852 33148 31620 
36427 16513 32963 31309 
39542 22133 32706 31174 
41386 29575 32471 31329 
41253 36896 32297 31671 
39034 42707 32192 32138 
35186 46102 32204 32685 
30495 46756 32353 33242 
26190 44765 32537 33645 
23336 40884 32787 33920 
22693 35904 33016 33955 
24751 30740 33204 33783 
29184 26470 33300 33428 
35150 23717 33320 33006 
41381 22856 33224 32525 
46529 23981 33068 32098 
48957 26631 32819 31781 
47898 30216 32576 31642 
43194 33943 32365 31734 
35471 37158 32186 31959 
26530 39336 32103 32337 
18061 40140 32119 32766 
11694 39476 32225 33209 
9013 37514 32385 33507 
10640 34757 32625 33703 
16410 31694 32856 33693 
25667 28841 33081 33497 
36504 26712 33218 33128 
47342 25635 33260 32704 
56330 25752 33243 32316 
61726 26963 33114 31993 
62120 29001 32916 31828 
57655 31601 32668 31825 
49094 34560 32482 32038 
37458 37604 32344 32381 
24726 40388 32292 32746 
12692 42585 32348 33124 
3223 43735 32491 33390 
133 43288 32691 33513 
52 40803 32894 33449 
6062 36164 33043 33182 
16474 29942 33157 32846 
31070 23037 33181 32435 
45686 17223 33105 32065 
57883 13873 32930 31814 
65055 13907 32731 31756 
65469 17526 32516 31897 
65484 23846 32303 32209 
56818 31745 32180 32647 
45690 39885 32158 33137 
32582 47201 32193 33553 
19854 52513 32358 33860 
8924 55255 32592 33959 
1546 54996 32848 33861 
94 51481 33053 33499 
61 44866 33205 33042 
9660 35881 33298 32524 
21970 25604 33325 32014 
35986 15970 33246 31608 
49023 8877 33070 31356 
59115 5568 32912 31377 
64252 6491 32719 31568 
63587 11498 32545 31949 
57879 19713 32423 32407 
48264 29847 32321 32908 
36528 40641 32266 33375 
25061 50089 32259 33761 
15470 56909 32268 33973 
9115 59945 32366 34049 
6578 58385 32446 33916 
8071 52669 32588 33659 
13109 43897 32730 33309 
21023 33785 32862 32866 
30944 24260 32995 32394 
41169 17346 33176 32007 
50284 13632 33293 31678 
56719 13055 33389 31494 
58934 14963 33381 31420 
56038 18673 33296 31501 
48393 23404 33134 31718 
37627 28733 32929 32086 
25955 34270 32674 32489 
16213 39575 32411 32936 
10625 44091 32184 33348 
10173 47037 32001 33666 
14497 47902 31949 33922 
21820 46336 31998 33974 
30125 42679 32118 33870 
37833 37645 32326 33626 
43983 32167 32541 33279 
47736 27517 32764 32910 
48884 24262 32923 32502 
47328 22754 33064 32180 
42907 22808 33106 31909 
36365 24106 33132 31791 
28709 26144 33117 31807 
21467 28562 33075 31899 
16834 31044 33026 32070 
16007 33588 33018 32309 
19308 36097 33012 32514 
26051 38445 33008 32728 
34099 40215 32981 32869 
41574 41104 32943 32991 
46653 40722 32817 33017 
48298 38901 32685 33058 
46312 35793 32500 33077 
41540 31928 32280 33056 
35299 28155 32125 33076 
28954 25204 31989 33059 
23754 23758 31927 33037 
20533 24089 31986 33026 
19617 26036 32148 32966 
21057 29070 32388 32880 
24549 32628 32710 32787 
29469 36033 33060 32658 
35089 38853 33348 32464 
40215 40767 33578 32302 
43854 41630 33737 32209 
45146 41136 33705 32090 
43871 39218 33558 32050 
40398 35891 33334 32104 
35596 31418 33022 32202 
30414 26333 32627 32342 
26277 21965 32306 32571 
23760 19269 32005 32781 
23203 19134 31779 33014 
24606 21948 31674 33219 
27584 27306 31731 33410 
31377 34034 31928 33555 
35207 40731 32212 33628 
38246 46203 32581 33621 
39816 49399 32940 33466 
39541 49631 33225 33181 
37705 47055 33482 32866 
34716 41907 33621 32482 
31411 35063 33651 32086 
28598 27775 33535 31718 
26825 21132 33324 31477 
26348 16157 33053 31380 
27264 13644 32769 31485 
29302 14030 32452 31710 
32132 17265 32233 32119 
35162 22921 32069 32594 
37847 30361 32022 33109 
39413 38023 32053 33558 
39657 45177 32177 33910 
38501 50813 32327 34050 
36279 54101 32568 34064 
33605 54177 32774 33866 
31061 50989 32949 33514 
29110 44923 33070 33064 
27919 36694 33146 32581 
27416 27921 33183 32137 
27315 19842 33144 31783 
27471 13731 33007 31521 
28059 10512 32852 31471 
29268 10626 32676 31591 
31384 13744 32517 31885 
34271 19226 32414 32292 
37316 26253 32365 32739 
39751 33758 32361 33159 
40848 41063 32410 33484 
40284 47520 32575 33731 
38225 52334 32802 33823 
35282 54879 32981 33668 
32156 54906 33122 33379 
29369 52142 33199 32971 
27214 46517 33222 32553 
25858 38670 33140 32129 
25435 29365 32993 31828 
26211 19732 32752 31621 
28385 11369 32548 31691 
31741 5719 32351 31898 
35664 4054 32228 32263 
39059 6866 32153 32672 
40976 14029 32203 33117 
40770 24398 32310 33461 
38575 36360 32525 33732 
34880 48129 32733 33788 
30814 57378 32931 33648 
27229 62770 33025 33332 
24876 63499 33116 32997 
24023 59439 33074 32560 
24897 51361 32970 32217 
27422 40333 32807 31946 
31350 27891 32684 31896 
36029 15462 32580 31957 
40343 5448 32567 32166 
43351 265 32584 32428 
44215 69 32678 32700 
42580 3945 32829 32947 
38772 14089 32950 33066 
33668 28250 33074 33106 
28333 43741 33145 33050 
23795 58064 33123 32882 
21089 65298 33011 32692 
20646 65487 32838 32526 
22541 65514 32611 32421 
26261 65318 32366 32362 
31024 48445 32157 32442 
35809 31720 32018 32592 
39622 15299 31977 32840 
41636 2845 32041 33079 
41822 112 32266 33338 
40363 46 32508 33466 
37780 5171 32799 33458 
34795 16594 33136 33387 
31797 30743 33347 33086 
29423 45076 33545 32763 
28025 56965 33583 32346 
28036 63684 33536 31988 
29366 63981 33338 31649 
31736 58173 33100 31500 
34288 47228 32844 31539 
36059 33256 32583 31727 
36369 19030 32357 32059 
35044 7364 32229 32526 
32432 951 32121 32993 
29283 98 32018 33394 
