33678 33270 33521 31613 
33678 33270 33521 31613 
33512 33320 33342 31502 
33229 33281 33136 31567 
32816 33066 32853 31729 
32355 32743 32545 31996 
31996 32439 32333 32459 
31701 32117 32140 32909 
31542 31845 31972 33323 
31572 31734 31909 33700 
31747 31776 31905 33964 
32059 31983 32013 34126 
32442 32295 32149 34134 
32819 32658 32308 33958 
33182 33036 32523 33649 
33458 33370 32744 33246 
33617 33609 32976 32759 
33668 33717 33211 32265 
33604 33712 33441 31824 
33411 33525 33589 31423 
33171 33253 33683 31179 
32888 32917 33648 31094 
32638 32593 33550 31196 
32468 32343 33354 31482 
32332 32158 33045 31878 
32302 32116 32717 32416 
32299 32140 32346 32958 
32334 32237 32028 33499 
32374 32344 31784 33932 
32389 32456 31651 34206 
32386 32529 31673 34306 
32388 32561 31811 34220 
32418 32560 32054 33952 
32449 32532 32322 33550 
32532 32538 32643 33093 
32665 32584 32922 32621 
32804 32672 33143 32178 
32972 32830 33306 31846 
33169 33058 33433 31655 
33303 33299 33442 31593 
33395 33515 33414 31666 
33405 33633 33346 31829 
33345 33652 33263 32044 
33191 33514 33142 32272 
32968 33229 33000 32471 
32709 32843 32846 32669 
32458 32416 32690 32823 
32247 32022 32525 32944 
32125 31733 32380 33079 
32032 31558 32197 33131 
32065 31598 32069 33240 
32188 31810 31994 33307 
32365 32138 31994 33382 
32545 32506 32042 33394 
32721 32877 32178 33360 
32849 33181 32367 33248 
32945 33418 32628 33069 
32977 33507 32886 32831 
32958 33444 33109 32550 
32932 33303 33312 32274 
32894 33086 33410 32056 
32824 32818 33411 31889 
32773 32573 33302 31839 
32781 32417 33187 31934 
32773 32317 32980 32083 
32804 32348 32793 32324 
32841 32464 32652 32592 
32877 32630 32558 32847 
32872 32780 32508 33031 
32834 32889 32521 33138 
32768 32926 32567 33140 
32681 32909 32629 33081 
32589 32795 32675 32955 
32492 32651 32664 32821 
32438 32530 32630 32736 
32430 32441 32567 32687 
32464 32418 32492 32708 
32500 32437 32376 32777 
32582 32528 32320 32907 
32658 32653 32320 33048 
32765 32811 32416 33178 
32798 32892 32526 33165 
32857 32993 32758 33100 
32857 33030 32961 32896 
32877 33046 33188 32628 
32889 33026 33367 32316 
32894 32988 33470 32010 
32868 32898 33455 31740 
32854 32791 33344 31608 
32877 32724 33183 31681 
32888 32650 32952 31900 
32884 32562 32691 32212 
32856 32482 32436 32636 
32695 32349 32039 33520 
32561 32304 31929 33846 
32396 32275 31883 34013 
32267 32322 31953 34051 
32172 32422 32085 33895 
32179 32601 32319 33614 
32270 32822 32605 33234 
32394 33023 32864 32736 
32610 33254 33158 32243 
32887 33451 33436 31844 
33138 33516 33635 31518 
33317 33442 33714 31344 
33393 33222 33652 31302 
33380 32940 33508 31467 
33256 32588 33246 31747 
33091 32294 32958 32176 
32855 32038 32608 32608 
32615 31914 32280 33104 
32398 31895 32013 33499 
32289 32077 31876 33847 
32233 32319 31826 34000 
32271 32630 31884 33996 
32399 32972 32064 33860 
32509 33214 32264 33553 
32674 33401 32544 33202 
32803 33449 32794 32780 
32881 33363 33032 32366 
32909 33186 33230 32030 
32894 32929 33347 31786 
32818 32622 33382 31636 
32719 32346 33327 31660 
32621 32131 33191 31790 
32549 32017 32997 32030 
32500 31997 32764 32316 
32510 32086 32544 32658 
32569 32285 32380 33024 
32666 32514 32283 33334 
32772 32768 32274 33578 
32858 32977 32333 33663 
32969 33188 32491 33645 
33034 33319 32667 33483 
33113 33454 32895 33248 
33110 33437 33014 32850 
33106 33406 33133 32507 
33062 33311 33176 32163 
32969 33164 33130 31908 
32778 32907 32971 31730 
32579 32622 32767 31722 
32400 32350 32572 31906 
32234 32093 32392 32169 
32103 31874 32252 32513 
32013 31730 32173 32897 
32030 31711 32213 33252 
32131 31806 32337 33512 
32317 31990 32525 33660 
32561 32266 32734 33637 
32866 32654 32957 33532 
33117 32999 33057 33228 
33315 33333 33083 32861 
33490 33668 33063 32519 
33545 33885 32990 32252 
33482 33915 32869 32043 
33293 33795 32741 31981 
33034 33527 32659 32036 
32697 33137 32622 32190 
32382 32662 32632 32364 
32146 32239 32715 32606 
31996 31867 32790 32765 
31960 31598 32846 32831 
32066 31554 32869 32868 
32293 31719 32883 32860 
32568 32013 32831 32810 
32875 32402 32739 32760 
33109 32807 32611 32726 
33277 33189 32487 32728 
33265 33411 32338 32747 
33185 33540 32280 32843 
32993 33496 32292 32955 
32744 33318 32368 33054 
32499 33035 32523 33128 
32336 32761 32736 33178 
32239 32455 32909 33088 
32284 32295 33120 32970 
32431 32219 33239 32726 
32681 32320 33300 32470 
32980 32544 33297 32240 
33198 32792 33159 31993 
33346 33013 32961 31861 
33324 33139 32701 31840 
33170 33121 32458 31976 
32883 32937 32249 32240 
32487 32602 32076 32564 
32134 32266 32051 33006 
31856 31939 32102 33381 
31695 31729 32221 33651 
31759 31740 32425 33777 
32038 32016 32717 33767 
32488 32483 33027 33604 
32960 33009 33246 33241 
33415 33564 33394 32783 
33811 34069 33478 32339 
34030 34356 33474 31947 
33958 34319 33284 31623 
33709 34038 33067 31529 
33235 33437 32748 31550 
32700 32733 32469 31820 
32155 31972 32255 32221 
31661 31251 32046 32649 
31421 30834 31999 33139 
31339 30658 31999 33491 
31544 30859 32130 33762 
31994 31451 32373 33911 
32504 32216 32615 33788 
33026 33041 32856 33516 
33505 33832 33074 33152 
33835 34420 33238 32738 
33954 34698 33311 32304 
33867 34648 33337 31942 
33573 34266 33260 31709 
33165 33636 33112 31648 
32709 32891 32917 31729 
32281 32141 32733 31953 
31974 31548 32564 32295 
31773 31172 32404 32658 
31699 31009 32259 33000 
31780 31127 32170 33298 
31957 31493 32142 33533 
32236 32030 32169 33651 
32557 32607 32274 33636 
32894 33199 32458 33542 
33150 33654 32653 33324 
33380 33976 32895 33035 
33530 34078 33133 32718 
33593 34005 33351 32427 
33560 33748 33491 32186 
33418 33370 33518 32064 
33257 32988 33472 32146 
33031 32609 33313 32266 
32830 32303 33106 32286 
32560 32062 32808 32014 
32292 31882 32474 31431 
32064 31817 32180 30816 
31904 31827 31960 30493 
31840 31943 31866 30811 
31879 32119 31865 31903 
32020 32347 31983 33600 
32254 32634 32192 35605 
32526 32887 32454 37245 
32812 33083 32716 38147 
33055 33249 32966 38087 
33203 33302 33116 37012 
33317 33331 33244 35187 
33353 33296 33258 32939 
33416 33287 33224 30484 
33606 33453 33201 28149 
33733 33587 33078 26050 
33632 33599 33011 24751 
33014 33124 32923 24533 
31832 32054 32836 25545 
30372 30536 32807 27886 
29112 29000 32760 31203 
28830 28194 32670 35169 
30115 28887 32587 39035 
32826 31266 32448 42152 
36312 34902 32318 43925 
39382 38722 32215 44003 
40809 41467 32092 42068 
39859 41953 32069 38522 
36773 40058 32134 33894 
32475 36267 32283 28895 
28151 31568 32499 24281 
24976 27054 32776 20987 
23509 23571 33027 19703 
23467 21253 33296 20573 
24289 20167 33494 23423 
25660 20601 33623 27925 
27699 22867 33625 33159 
30962 27053 33491 38187 
36053 33093 33285 42290 
42542 40249 32990 44764 
49165 47311 32705 45267 
53934 53000 32403 43633 
54290 55610 32165 40303 
49408 54672 32001 35828 
39782 50187 31910 31005 
27499 42587 31938 26651 
15426 32436 32001 23393 
6934 21043 32139 21862 
4080 10202 32291 22189 
6836 1475 32498 24219 
14058 108 32692 27488 
24113 55 32892 31483 
34824 5750 33110 35385 
44855 17806 33270 38548 
53036 33380 33439 40569 
58390 50011 33554 41151 
60006 64553 33566 40243 
57284 65430 33559 38222 
50472 65492 33445 35440 
40280 65506 33215 32394 
27918 65511 32953 29673 
15759 57705 32608 27699 
6566 41698 32277 26791 
2331 23507 31995 27003 
4111 6422 31770 28151 
11891 207 31710 30022 
23767 69 31717 32123 
36992 47 31857 34072 
49222 88 32109 35595 
58012 13008 32399 36465 
61743 27736 32721 36581 
59670 44310 32996 35975 
52020 60013 33201 34814 
40744 65347 33328 33455 
27642 65493 33404 32167 
15066 65525 33432 31137 
5592 65535 33384 30510 
1908 53889 33293 30360 
5068 34417 33201 30668 
14298 13969 33066 31264 
27369 485 32982 32084 
41742 57 32821 32858 
53960 29 32651 33456 
61405 95 32490 33838 
62994 12841 32347 33919 
58977 25759 32189 33733 
50244 38685 32044 33374 
38753 49304 31974 32954 
26724 56378 31958 32565 
15886 59818 32089 32336 
7787 59483 32253 32227 
3598 55424 32462 32263 
4156 48199 32759 32486 
9266 38407 33052 32753 
18157 27157 33293 33005 
29784 16042 33484 33171 
42360 7362 33607 33222 
53725 2777 33614 33110 
62205 2777 33503 32865 
65408 7033 33312 32557 
65396 14669 33068 32251 
55997 24247 32711 31957 
44213 33768 32416 31884 
30416 42429 32115 31914 
16982 49530 31927 32168 
6248 54814 31832 32546 
530 57955 31872 33010 
76 58752 31987 33399 
4520 57512 32266 33745 
12999 54123 32553 33853 
23970 48852 32876 33760 
35869 41710 33146 33436 
46815 33291 33386 33015 
55650 23899 33528 32513 
61310 14233 33543 32018 
63029 5294 33477 31652 
60544 246 33266 31437 
54298 93 33004 31445 
45095 66 32714 31695 
34199 5809 32491 32188 
23049 17256 32269 32696 
13666 32184 32140 33260 
7463 47786 32113 33725 
5023 61813 32163 34008 
6278 65381 32286 34057 
10789 65484 32488 33902 
17705 65499 32660 33490 
25990 65500 32839 32998 
35023 57921 32967 32442 
44035 43406 33058 31935 
52074 27274 33087 31547 
57641 13014 33050 31386 
59746 2431 32937 31444 
57788 117 32804 31726 
51933 60 32630 32155 
43066 4950 32516 32696 
33126 15376 32467 33256 
23644 28074 32445 33706 
16136 40666 32504 34003 
11532 50746 32636 34064 
10179 56502 32810 33898 
11925 56830 33009 33550 
16092 52326 33153 33044 
21896 44473 33248 32488 
28524 35271 33257 31941 
35371 26557 33168 31522 
41586 20179 32998 31305 
46781 16639 32756 31305 
50498 16043 32474 31529 
52272 18234 32230 31952 
51477 22606 32020 32419 
47963 28773 31948 32984 
41862 35759 31951 33444 
34064 42622 32129 33850 
25739 48149 32410 34045 
18760 51016 32733 34065 
14265 50547 33029 33867 
13042 46705 33253 33518 
15171 40008 33384 33082 
20095 31916 33426 32641 
26543 24186 33342 32265 
33487 18174 33158 31981 
39811 14951 32896 31791 
44720 15062 32671 31770 
47335 18373 32498 31864 
47233 23740 32377 32029 
44777 30172 32414 32273 
40451 36382 32490 32502 
34847 41363 32623 32687 
29274 44025 32797 32843 
24714 44191 32880 32908 
21961 42398 32953 32988 
21523 39328 32933 33021 
23646 35899 32812 33033 
27964 33142 32691 33095 
33473 31396 32488 33126 
38945 30774 32330 33159 
43038 30945 32260 33224 
44209 31320 32205 33191 
42346 31673 32314 33169 
37874 31776 32497 33063 
31862 31615 32729 32889 
25762 31263 32990 32655 
20853 30626 33236 32390 
18270 29597 33398 32124 
18425 28202 33483 31890 
21356 26759 33452 31750 
26662 25837 33320 31703 
33704 26086 33082 31772 
41214 28105 32830 31991 
47970 31882 32549 32290 
52599 36967 32296 32691 
53813 42363 32045 33061 
50928 46666 31894 33456 
44287 48883 31853 33809 
34946 48327 31919 34007 
24418 44856 32081 34063 
15163 38925 32319 33936 
9304 31669 32656 33686 
7732 24119 32982 33285 
10771 17539 33302 32803 
17891 12931 33562 32283 
27314 11285 33749 31810 
37528 12791 33772 31419 
46680 17478 33663 31181 
53370 24964 33467 31180 
56139 34144 33134 31335 
54648 43417 32761 31673 
49467 51550 32428 32188 
41489 56874 32090 32719 
32072 58275 31868 33293 
23175 55008 31728 33726 
16575 47857 31749 34055 
13293 38095 31936 34230 
13715 27619 32147 34126 
17624 18569 32441 33895 
24142 12536 32726 33488 
31610 10556 32939 33003 
38798 12430 33115 32538 
44289 17299 33232 32148 
47228 23836 33225 31844 
47316 30888 33183 31720 
44653 37195 33107 31746 
40024 41864 33036 31912 
34194 44606 32966 32129 
28177 45425 32921 32392 
22793 44431 32868 32583 
19645 42221 32901 32765 
19201 39206 32881 32814 
21795 35917 32837 32794 
26986 32859 32775 32761 
33865 30289 32650 32696 
40571 28547 32528 32714 
45595 27566 32384 32783 
47557 27284 32210 32884 
45816 27462 32061 33037 
40704 27894 32038 33298 
33695 28237 32071 33481 
26566 28497 32218 33626 
21175 28793 32442 33624 
18781 29429 32730 33453 
19751 30724 33030 33154 
23369 32713 33301 32745 
28467 35156 33527 32262 
33739 37688 33636 31782 
38401 39795 33637 31379 
41752 41026 33549 31199 
43669 41216 33335 31196 
44101 40459 33077 31417 
42890 38859 32783 31850 
39819 36446 32448 32381 
35160 33396 32144 32971 
29462 29699 31882 33532 
23869 25681 31708 34022 
19678 21930 31669 34317 
18276 19445 31764 34422 
20243 19204 31969 34284 
25192 21442 32262 33942 
32044 25906 32657 33471 
39267 31825 33059 32863 
44705 37703 33401 32244 
47141 42394 33683 31702 
46208 45312 33842 31320 
42320 46318 33876 31115 
36320 45469 33721 31089 
29828 43122 33441 31262 
24444 39705 33083 31636 
21070 35453 32699 32126 
20145 30684 32324 32631 
21713 25832 32006 33155 
25222 21686 31768 33575 
30104 18972 31712 33896 
35381 18244 31758 34035 
40331 19879 31960 34026 
43863 23647 32211 33846 
45480 29050 32544 33580 
44750 35199 32859 33203 
41781 41127 33134 32783 
37057 45718 33361 32393 
31497 48157 33460 32080 
25908 48185 33435 31837 
21220 45826 33306 31729 
18181 41248 33035 31735 
17660 35188 32758 31871 
19837 28324 32531 32122 
24497 21625 32369 32446 
31003 16075 32274 32746 
38050 13194 32322 33062 
44251 13726 32455 33278 
48459 18007 32646 33368 
49906 25658 32863 33353 
48300 34992 33038 33223 
44064 44271 33132 33010 
38073 51542 33158 32762 
31305 55374 33085 32536 
25144 54878 32946 32378 
20397 50337 32704 32275 
17707 42668 32464 32291 
17245 33257 32274 32398 
18951 23529 32138 32574 
22407 15603 32106 32784 
27115 10653 32167 32966 
32713 9678 32334 33131 
38517 12877 32581 33223 
43796 19829 32868 33225 
47307 28806 33087 33088 
48354 38313 33318 32914 
46565 46478 33451 32691 
42268 51943 33480 32456 
36276 53813 33380 32216 
30263 51897 33209 32059 
25389 46781 32945 31987 
22402 39477 32625 32005 
21502 31186 32349 32158 
22409 23204 32108 32436 
24653 17276 31930 32740 
27879 14422 31851 33050 
31635 15217 31918 33369 
35443 19387 32066 33586 
38772 26128 32348 33709 
40767 33582 32715 33697 
40869 40240 33050 33495 
38960 44781 33349 33147 
35433 46564 33591 32722 
31062 45530 33708 32282 
26931 41993 33656 31837 
24377 37191 33509 31588 
23913 31928 33192 31477 
25963 27295 32869 31565 
30293 23992 32486 31853 
35869 22678 32171 32244 
41555 23416 31958 32719 
45908 25937 31848 33176 
47629 29609 31844 33540 
45911 33812 32001 33808 
40855 37470 32234 33886 
33384 40062 32521 33775 
24917 41168 32813 33522 
17092 40575 33030 33121 
11859 38478 33240 32735 
10353 35273 33347 32333 
12943 31603 33355 31987 
19370 28178 33272 31772 
28630 25600 33125 31691 
39350 24232 32919 31806 
49455 24329 32692 32028 
57239 25786 32529 32387 
61152 28178 32374 32753 
60405 31153 32296 33133 
54710 34420 32249 33420 
45366 37533 32333 33617 
33542 40357 32490 33682 
21252 42534 32650 33541 
10184 43943 32877 33313 
2029 44086 33020 32900 
100 42488 33147 32453 
47 38837 33215 32039 
8351 33345 33187 31757 
20882 26606 33084 31589 
35471 19925 32902 31622 
49805 14739 32709 31857 
60786 12593 32514 32226 
65374 14035 32333 32677 
65479 18873 32233 33140 
65370 26162 32169 33521 
53879 34725 32246 33830 
42153 42863 32392 33942 
29376 49612 32573 33855 
17022 54151 32732 33570 
6715 55907 32858 33178 
669 54458 32936 32725 
77 49824 32977 32294 
3619 42257 32946 31947 
12647 32667 32903 31752 
25479 22296 32874 31727 
39153 13311 32820 31807 
51578 7314 32850 32045 
60508 5335 32898 32361 
64298 7807 32978 32705 
62151 14423 33009 32942 
55239 23629 32992 33093 
45129 34126 32959 33148 
33559 44404 32865 33129 
22552 52980 32728 33028 
13687 58524 32551 32912 
8391 59822 32371 32816 
6927 56570 32170 32717 
9278 49459 32059 32703 
14999 39822 32039 32755 
23524 29367 32115 32874 
33338 20583 32293 32972 
43191 14756 32546 33068 
51607 12438 32852 33105 
56952 13264 33119 33018 
57914 16538 33348 32825 
53897 21225 33495 32597 
45568 26645 33553 32342 
34613 32239 33498 32107 
23353 37653 33298 31903 
14758 42427 33073 31833 
10809 45807 32770 31860 
11901 47382 32493 32035 
17151 46788 32274 32340 
24943 43921 32094 32696 
32994 39394 31984 33042 
39951 34071 31928 33341 
44994 29093 31999 33623 
47674 25302 32143 33797 
47827 23226 32386 33884 
45341 22942 32633 33782 
40417 24070 32891 33582 
33701 26087 33121 33282 
26352 28487 33313 32883 
20024 30971 33463 32451 
16648 33241 33525 32023 
17109 35229 33453 31603 
21519 37064 33335 31321 
28757 38619 33128 31181 
36880 39612 32882 31223 
43625 39805 32612 31455 
47577 38980 32404 31885 
47920 36967 32220 32430 
44762 33856 32066 33007 
39219 30289 32026 33601 
32837 27075 32104 34124 
26852 24816 32201 34412 
22387 24071 32374 34500 
20065 25033 32601 34386 
20048 27333 32727 33975 
22241 30573 32855 33431 
26191 34056 32900 32782 
31392 37293 32919 32138 
36941 39859 32928 31609 
41537 41342 32899 31251 
44364 41660 32896 31135 
44741 40614 32928 31245 
42591 38085 32991 31566 
38534 34227 33040 31975 
33588 29480 33095 32442 
28881 24614 33150 32897 
25271 20569 33125 33258 
23621 18777 33036 33461 
23979 19825 32891 33524 
26003 23650 32670 33419 
29275 29691 32459 33291 
33099 36780 32204 33054 
36520 43196 31973 32825 
38912 47912 31861 32671 
39758 50025 31866 32627 
38838 49091 31956 32612 
36475 45307 32209 32744 
33309 39344 32520 32853 
30086 32145 32863 32967 
27543 24908 33202 33011 
26127 18650 33446 32939 
26192 14597 33625 32785 
27646 13423 33683 32545 
30180 15142 33601 32255 
33302 19517 33400 31955 
36512 26005 33118 31722 
38977 33493 32819 31642 
40249 41100 32521 31703 
40078 47760 32301 31993 
38468 52414 32116 32347 
35813 54302 31999 32836 
32864 52909 31953 33357 
30231 48369 32003 33843 
28300 41294 32105 34198 
27148 32759 32247 34366 
26697 24084 32461 34339 
26695 16965 32697 34061 
27058 12384 32929 33567 
27917 10938 33114 32913 
29646 12752 33319 32220 
32352 17310 33480 31547 
35567 23596 33531 31013 
38785 30692 33523 30734 
41039 37686 33386 30692 
41672 43983 33143 30898 
40510 48765 32877 31400 
37922 51787 32601 32096 
34571 52757 32317 32853 
31145 51441 32098 33600 
28194 47689 31905 34164 
26161 41956 31914 34564 
24949 34526 31977 34670 
24809 26249 32131 34505 
26056 18050 32397 34138 
28802 11240 32660 33552 
32597 7505 32895 32912 
36696 7464 33116 32291 
39985 11443 33270 31768 
41551 19196 33347 31389 
40871 29355 33344 31221 
38193 40334 33240 31241 
34328 50306 33084 31469 
30228 57649 32860 31798 
26757 61254 32625 32221 
24702 60485 32453 32719 
24224 55514 32282 33129 
25417 47048 32183 33449 
28306 36091 32193 33682 
32322 24418 32299 33765 
36789 13461 32503 33726 
40741 4874 32737 33534 
43191 460 32950 33241 
43403 88 33132 32880 
41222 7232 33242 32528 
37166 18390 33297 32264 
32074 32574 33212 32053 
26999 47710 33044 31935 
22983 60857 32766 31908 
21144 65370 32547 32063 
21589 65496 32327 32289 
24192 65514 32198 32550 
28461 57305 32140 32813 
33354 42051 32162 33018 
37740 25503 32274 33184 
40788 10598 32487 33296 
41936 635 32726 33294 
41227 71 32946 33198 
39080 45 33124 33001 
36151 8425 33266 32783 
32978 20961 33305 32510 
30143 35428 33298 32308 
28089 49412 33185 32164 
27305 59736 32982 32123 
28019 64647 32752 32203 
30026 63145 32510 32405 
32851 55506 32283 32688 
35473 43022 32120 32997 
36963 28507 32055 33298 
36810 14713 32112 33548 
34994 4461 32254 33622 
32091 244 32485 33564 
