33270 33651 33274 31049 
33270 33651 33274 31049 
33286 33497 33036 31156 
33220 33259 32766 31485 
33040 32902 32445 31947 
32828 32536 32188 32500 
32600 32205 31995 33085 
32363 31896 31869 33586 
32201 31718 31851 33979 
32149 31698 31970 34169 
32164 31801 32169 34162 
32278 31993 32403 33968 
32416 32231 32634 33593 
32578 32519 32841 33158 
32722 32800 33003 32697 
32808 33014 33069 32223 
32840 33190 33086 31868 
32855 33315 33091 31694 
32842 33393 33082 31685 
32795 33389 33051 31770 
32803 33354 33070 31972 
32830 33270 33077 32229 
32872 33144 33068 32463 
32949 32999 33067 32689 
32995 32807 32995 32856 
32983 32556 32838 32919 
33006 32391 32705 33007 
32942 32202 32512 33045 
32816 32054 32277 33032 
32668 31958 32097 33024 
32480 31915 31931 32990 
32341 32018 31906 33014 
32229 32176 31967 33027 
32208 32427 32163 33046 
32224 32690 32402 33027 
32331 32988 32722 32993 
32458 33207 33013 32868 
32630 33377 33278 32716 
32837 33493 33486 32549 
33025 33522 33602 32362 
33171 33436 33588 32165 
33277 33312 33492 32041 
33256 33054 33238 31934 
33184 32801 32960 31968 
33021 32464 32604 32063 
32871 32224 32330 32328 
32600 31947 32032 32611 
32416 31834 31882 32957 
32231 31776 31799 33258 
32135 31861 31860 33522 
32125 32052 32036 33671 
32218 32363 32335 33730 
32379 32715 32683 33615 
32587 33075 33047 33372 
32777 33374 33332 32993 
32975 33603 33555 32571 
33180 33760 33714 32218 
33240 33687 33632 31828 
33278 33539 33481 31622 
33192 33237 33175 31541 
33042 32869 32799 31611 
32881 32498 32438 31866 
32704 32178 32142 32231 
32517 31941 31913 32664 
32379 31825 31805 33123 
32279 31819 31832 33500 
32248 31950 31988 33775 
32275 32175 32247 33875 
32385 32474 32583 33814 
32517 32781 32919 33621 
32654 33024 33189 33267 
32774 33210 33365 32856 
32923 33358 33490 32428 
33039 33414 33514 32076 
33106 33374 33403 31797 
33119 33252 33220 31642 
33056 33050 32950 31635 
32988 32833 32682 31771 
32876 32620 32433 32030 
32730 32403 32212 32362 
32573 32228 32060 32748 
32426 32095 31965 33117 
32315 32054 31988 33451 
32260 32083 32081 33698 
32302 32224 32280 33848 
32383 32419 32525 33818 
32552 32688 32828 33668 
32686 32906 33065 33327 
32859 33130 33310 32937 
32989 33289 33481 32476 
33096 33406 33585 32040 
33133 33408 33572 31649 
33126 33342 33451 31419 
33068 33208 33259 31371 
32960 32982 32948 31484 
32843 32757 32622 31800 
32775 32584 32351 32275 
32688 32404 32098 32771 
32589 32248 31886 33264 
32518 32150 31818 33667 
32493 32163 31881 33982 
32465 32197 32054 34076 
32434 32248 32294 33981 
32423 32341 32564 33725 
32411 32429 32821 33355 
32388 32505 33010 32913 
32394 32590 33132 32454 
32485 32752 33231 32115 
32570 32857 33207 31832 
32705 33014 33154 31699 
32857 33177 33069 31736 
33035 33339 33009 31863 
33195 33451 32950 32059 
33308 33507 32923 32292 
33355 33460 32898 32522 
33342 33348 32909 32740 
33244 33129 32885 32887 
33034 32797 32792 32957 
32788 32417 32659 33004 
32553 32105 32525 33055 
32310 31812 32339 33065 
32086 31585 32134 33054 
31968 31551 32003 33080 
31945 31662 31937 33113 
32006 31905 31987 33151 
32166 32246 32150 33150 
32379 32638 32399 33125 
32670 33079 32753 33066 
32874 33406 33048 32888 
33088 33681 33345 32660 
33262 33858 33563 32412 
33351 33874 33676 32157 
33362 33738 33643 31928 
33271 33463 33452 31739 
33180 33167 33219 31698 
33040 32814 32918 31777 
32906 32467 32632 31959 
32773 32154 32366 32265 
32629 31917 32155 32639 
32464 31732 31989 33003 
32262 31623 31863 33334 
32161 31706 31924 33702 
32078 31857 32027 33952 
32039 32075 32202 34021 
32049 32350 32419 33960 
32167 32703 32699 33746 
32319 33032 32935 33396 
32538 33336 33154 32922 
32821 33596 33345 32413 
33157 33806 33499 31904 
33444 33868 33557 31486 
33671 33797 33505 31208 
33756 33576 33345 31085 
33713 33290 33136 31203 
33552 32939 32876 31502 
33277 32550 32613 31988 
32891 32161 32360 32564 
32452 31827 32144 33158 
32028 31582 32000 33685 
31705 31497 31938 34106 
31527 31549 31982 34302 
31529 31739 32086 34304 
31697 32063 32266 34106 
32060 32460 32513 33741 
32470 32895 32748 33228 
32897 33285 32957 32648 
33355 33681 33183 32123 
33675 33924 33339 31650 
33872 34013 33452 31355 
33842 33917 33444 31230 
33623 33640 33318 31332 
33249 33248 33122 31618 
32783 32769 32856 32086 
32331 32284 32590 32596 
31967 31859 32359 33145 
31686 31498 32150 33576 
31777 31430 32113 34071 
32060 31666 32240 33985 
32451 32057 32451 33690 
32953 32605 32772 33289 
33380 33140 33033 32776 
33662 33598 33210 32223 
33830 34000 33341 31787 
33793 34185 33365 31485 
33551 34148 33238 31387 
33185 33879 33007 31499 
32770 33468 32761 31818 
32318 32923 32471 32264 
31983 32370 32268 32776 
31769 31858 32130 33266 
31697 31444 32083 33646 
31811 31275 32162 33883 
32067 31335 32360 33933 
32384 31564 32585 33771 
32709 31943 32813 33466 
33002 32393 32991 33044 
33234 32867 33134 32639 
33333 33255 33163 32244 
33309 33536 33113 31962 
33234 33707 33028 31848 
33091 33730 32910 31879 
32934 33644 32795 32057 
32791 33467 32704 32302 
32713 33263 32690 32618 
32640 33002 32654 32841 
32633 32785 32679 32991 
32640 32581 32725 33042 
32685 32421 32766 33015 
32693 32269 32760 32859 
32671 32169 32713 32677 
32619 32093 32637 32498 
32543 32040 32524 32374 
32452 32055 32438 32377 
32391 32120 32400 32535 
32354 32231 32411 32770 
32360 32385 32465 33052 
32440 32605 32600 33340 
32582 32843 32755 33561 
32747 33101 32931 33642 
32948 33337 33071 33556 
33168 33561 33214 33331 
33316 33666 33241 32932 
33391 33664 33192 32475 
33427 33608 33118 32027 
33337 33408 32970 31634 
33147 33107 32762 31369 
32907 32751 32591 31320 
32650 32390 32460 31562 
32361 32022 32330 32045 
32121 31722 32260 32722 
31909 31514 32204 33401 
31808 31453 32216 33849 
31789 31534 32269 33800 
31909 31762 32376 33290 
32111 32087 32513 32452 
32438 32557 32723 31748 
32793 33049 32916 31493 
33148 33520 33072 31896 
33482 33966 33226 32917 
33766 34267 33381 34274 
33868 34346 33431 35388 
33876 34247 33463 36059 
33679 33896 33375 35937 
33368 33380 33203 35125 
32963 32776 32958 33786 
32566 32181 32662 32109 
32352 31810 32412 30391 
32306 31672 32122 28690 
32371 31784 31883 27274 
32340 31971 31779 26473 
31860 31818 31751 26542 
30987 31238 31923 27741 
29868 30260 32183 29947 
29024 29265 32485 32977 
29226 29007 32818 36540 
30976 30178 33124 39772 
34058 32846 33354 42214 
37664 36537 33477 43295 
40670 40229 33491 42680 
41753 42546 33385 40326 
40493 42665 33238 36530 
37092 40363 33024 31796 
32476 36218 32853 26864 
28076 31397 32671 22672 
24948 26934 32619 20012 
23334 23268 32570 19266 
23100 20668 32599 20740 
23749 19366 32650 24190 
24904 19560 32659 29009 
26817 21600 32653 34487 
30113 25734 32582 39696 
35257 31877 32496 43857 
41957 39295 32387 46237 
48921 46922 32270 46490 
53737 52845 32241 44617 
54381 55948 32254 40910 
49767 55505 32367 36055 
40159 51278 32536 30686 
28088 43904 32816 25959 
16380 34078 33083 22419 
8065 22979 33333 20624 
5036 11995 33503 20770 
7589 2839 33569 22715 
14558 138 33520 26060 
24408 57 33351 30210 
34888 5616 33135 34384 
44679 16110 32827 37930 
52627 31372 32550 40448 
57812 48237 32293 41598 
59124 63007 32071 41262 
56278 65401 31902 39711 
49285 65489 31851 37292 
38802 65504 31878 34401 
26701 65509 32044 31702 
14927 59727 32297 29533 
6028 43689 32588 28123 
2081 24965 32904 27616 
4547 7837 33166 27959 
12852 254 33439 28993 
25095 73 33561 30350 
39114 48 33646 31844 
51592 53 33579 33097 
60428 11975 33440 34030 
63791 26377 33224 34515 
61124 42893 32944 34555 
53155 58184 32634 34267 
41133 65293 32362 33780 
26976 65490 32135 33262 
13123 65525 31983 32834 
3007 65535 31924 32599 
107 55677 31960 32564 
30 36783 32046 32677 
10258 16417 32223 32939 
24159 744 32432 33183 
39390 72 32677 33367 
53324 33 32963 33440 
62561 49 33163 33270 
65428 11180 33351 32953 
61822 23635 33440 32503 
54540 36239 33474 32041 
43156 46986 33385 31616 
30236 54777 33193 31344 
17731 59223 32908 31277 
8057 60049 32660 31525 
2380 57202 32400 31961 
1670 50896 32190 32496 
6286 41260 32096 33116 
15248 30026 32113 33652 
27281 18715 32251 34030 
40587 9291 32453 34142 
53371 3359 32698 34004 
63046 2054 32942 33631 
65425 5151 33113 33100 
65499 11724 33211 32519 
64023 20651 33241 32016 
49537 30265 33146 31650 
34804 39488 32978 31504 
19834 47599 32773 31622 
7166 54190 32606 32000 
348 58594 32466 32477 
73 60638 32384 32970 
64 60143 32349 33424 
9043 57042 32392 33712 
20003 51634 32506 33845 
32191 44041 32651 33710 
43958 34816 32836 33453 
53977 24191 32930 32975 
60588 13632 33040 32506 
63098 4060 33100 32067 
61261 193 33098 31731 
55170 89 32965 31501 
45994 65 32812 31525 
34933 5688 32648 31763 
23771 16895 32452 32130 
14142 31781 32292 32596 
7877 47337 32236 33106 
5453 61285 32195 33534 
6898 65371 32299 33885 
11736 65485 32527 34068 
18761 65500 32776 34033 
27219 65500 33035 33752 
36249 56576 33279 33364 
45077 41642 33465 32868 
52480 26035 33523 32324 
57497 12231 33488 31872 
59037 2254 33305 31526 
56649 113 33039 31357 
50509 61 32678 31370 
41748 5773 32368 31626 
31558 16564 32062 32001 
22185 29314 31877 32447 
14981 41853 31843 32946 
10760 51658 31907 33347 
9929 57059 32135 33731 
12142 56963 32415 33934 
16781 52065 32783 33988 
22950 43796 33046 33803 
30014 34187 33294 33515 
36799 25678 33445 33140 
42925 19523 33493 32745 
47934 16391 33430 32342 
51408 16314 33266 31991 
52700 18867 33008 31734 
51521 23526 32724 31623 
47591 29676 32485 31719 
40986 36566 32256 31915 
32697 43073 32140 32253 
24323 47945 32104 32608 
17315 50293 32164 32974 
13009 49483 32314 33301 
12159 45535 32544 33563 
14701 39109 32772 33669 
19968 31444 32976 33603 
26880 24071 33161 33419 
34466 18390 33317 33150 
41071 15526 33321 32751 
46053 15867 33287 32393 
48594 19066 33161 32071 
48368 24513 32943 31835 
45527 30818 32700 31750 
40683 36936 32501 31851 
34741 41612 32308 32049 
28768 44117 32184 32366 
23834 44250 32201 32770 
20818 42248 32251 33124 
20332 38944 32383 33423 
22613 35233 32584 33634 
27149 32101 32716 33647 
33139 30187 32870 33581 
39038 29477 32904 33356 
43525 29753 32919 33075 
45198 30513 32893 32783 
43632 31310 32832 32506 
39177 31991 32788 32283 
32794 32425 32747 32121 
26250 32599 32764 32050 
20874 32426 32827 32060 
17794 31710 32916 32099 
17565 30372 33012 32171 
20306 28661 33085 32277 
25602 27148 33133 32408 
32624 26519 33099 32536 
40501 27474 32994 32681 
47635 30274 32807 32837 
52724 34527 32588 33005 
54499 39437 32351 33195 
52111 43928 32158 33375 
45675 46620 32005 33499 
36324 46904 31985 33577 
25611 44412 32021 33516 
15928 39553 32211 33400 
9422 33174 32470 33177 
7247 26287 32774 32871 
9782 20069 33086 32529 
16539 15471 33355 32149 
25864 13461 33550 31839 
36115 14377 33628 31610 
45528 18210 33592 31514 
52641 24704 33427 31582 
55985 32831 33204 31807 
55129 41400 32895 32119 
50433 49083 32555 32511 
42702 54521 32259 32998 
33643 56238 31979 33420 
24781 53806 31814 33783 
17795 47543 31769 34031 
13825 38365 31841 34088 
13648 28524 32027 33981 
17008 19824 32334 33728 
23041 13941 32673 33327 
30601 11823 33068 32863 
37822 13507 33385 32332 
43592 18156 33626 31836 
46952 24559 33769 31453 
47443 31499 33751 31219 
45205 37633 33600 31177 
40825 42183 33301 31310 
35204 44800 32983 31673 
29026 45332 32585 32150 
23696 44112 32252 32709 
20070 41515 31975 33239 
18991 38152 31805 33702 
21000 34559 31800 34069 
25691 31344 31901 34202 
32098 28837 32100 34142 
38827 27263 32365 33911 
44328 26652 32650 33525 
46932 26911 32868 33092 
46039 27773 33022 32621 
41797 28870 33116 32198 
35200 29925 33159 31895 
28319 30689 33166 31747 
22815 31174 33117 31691 
20058 31675 33079 31797 
20510 32464 33051 31980 
23615 33649 33029 32190 
28193 35201 33002 32391 
33083 36859 32966 32590 
37522 38242 32916 32735 
40670 38871 32822 32801 
42410 38720 32671 32834 
42826 37922 32535 32915 
41778 36596 32369 32976 
39053 34791 32163 33014 
34910 32620 32046 33127 
29836 30025 32021 33273 
24718 27023 32049 33356 
20830 24109 32174 33430 
19508 22140 32380 33441 
21228 21779 32632 33321 
25856 23458 32910 33117 
32250 27057 33173 32832 
38892 31845 33405 32472 
44134 36796 33586 32085 
46637 40967 33642 31744 
45763 43572 33598 31503 
41863 44511 33418 31403 
35998 43930 33123 31472 
29366 41990 32728 31712 
23994 39168 32352 32139 
20693 35574 32030 32660 
19876 31380 31760 33188 
21579 26909 31641 33707 
25264 22882 31697 34107 
30219 19877 31879 34263 
35622 18685 32243 34261 
40631 19630 32640 33953 
44273 22822 33078 33505 
45937 27861 33435 32902 
45332 33962 33713 32266 
42411 40250 33814 31671 
37817 45460 33745 31265 
32159 48748 33505 31031 
26464 49691 33186 31106 
21533 47999 32793 31404 
18264 43879 32420 31917 
17311 37734 32119 32537 
19050 30300 31928 33154 
23338 22585 31861 33687 
29552 15866 31946 34077 
36585 11478 32114 34206 
43048 10634 32353 34101 
47857 14117 32581 33749 
49724 21392 32763 33289 
48607 31234 32895 32781 
44745 41714 32969 32293 
38808 50789 32971 31916 
32202 56412 32984 31739 
25915 57675 32961 31700 
20992 54460 32957 31866 
18042 47313 32972 32106 
17464 37795 33039 32433 
19048 27445 33092 32728 
22447 18051 33112 32950 
27220 11115 33084 33053 
32875 8225 32996 33037 
38567 9874 32853 32931 
43598 15611 32658 32793 
47057 24282 32449 32645 
48020 34330 32232 32536 
45996 43610 32047 32499 
41487 50438 31974 32572 
35453 53809 31988 32732 
29290 53362 32106 32929 
24306 49361 32309 33147 
21611 42832 32617 33330 
21121 34805 32911 33413 
22583 26612 33145 33338 
25543 19624 33340 33131 
29413 15437 33442 32823 
33542 14844 33432 32464 
37414 17770 33320 32098 
40457 23440 33149 31790 
42013 30854 32955 31614 
41427 37825 32728 31608 
38697 42955 32549 31761 
34399 45575 32425 32072 
29416 45448 32304 32442 
24863 42868 32224 32890 
22025 38663 32202 33328 
21657 33763 32249 33751 
24023 29023 32278 33979 
29023 25386 32427 34090 
35717 23443 32556 33958 
42338 23582 32730 33690 
47538 25532 32923 33277 
49903 28773 33055 32718 
48578 32730 33218 32202 
43496 36327 33290 31716 
35535 39019 33297 31359 
26274 40464 33243 31186 
17430 40368 33094 31227 
11134 38799 32903 31466 
8636 36163 32732 31920 
10470 32896 32505 32413 
16695 29622 32331 32959 
26305 26954 32213 33485 
37393 25338 32147 33875 
48345 24920 32165 34090 
57136 25739 32275 34143 
62076 27530 32447 34018 
62015 29981 32617 33685 
57094 32777 32829 33263 
47886 35723 32967 32739 
36066 38614 33131 32274 
23318 41158 33238 31869 
11436 43064 33233 31561 
2209 43929 33144 31435 
109 43142 32956 31473 
50 40349 32729 31684 
6164 35514 32524 32083 
18301 28946 32305 32513 
33000 21976 32179 32950 
47317 16260 32121 33316 
59018 13213 32247 33666 
65208 13646 32461 33846 
65470 17571 32737 33825 
65423 24227 33022 33647 
55232 32392 33265 33349 
44046 40693 33409 32926 
31198 48132 33449 32500 
18805 53468 33394 32141 
8350 56039 33155 31806 
1518 55497 32884 31670 
93 51436 32514 31646 
2453 44337 32264 31885 
11628 34892 32085 32214 
23681 24363 31947 32548 
37513 14568 31980 32982 
50584 7369 32085 33287 
59902 4527 32335 33576 
64146 6142 32602 33682 
62791 11871 32869 33626 
56254 21165 33108 33394 
46100 32189 33283 33075 
34657 43113 33413 32743 
23572 52582 33437 32399 
14580 59022 33378 32114 
8761 61249 33187 31911 
6873 58739 32951 31861 
8735 51960 32648 31927 
14005 42189 32375 32167 
22100 31278 32150 32505 
31654 21605 32018 32869 
41574 14669 31965 33193 
50292 11282 32040 33467 
56298 11268 32244 33607 
57872 14114 32515 33562 
54455 18756 32827 33402 
46686 24524 33103 33048 
36175 30806 33350 32668 
25054 37289 33511 32240 
16399 43025 33523 31842 
12006 47483 33456 31623 
12469 49853 33272 31584 
17069 49614 33000 31694 
24122 46779 32685 32010 
31808 41836 32438 32480 
38566 35652 32165 32925 
43712 29414 31997 33396 
46634 24306 31930 33760 
47063 21346 32008 33978 
44988 20481 32169 33987 
40462 21434 32399 33793 
33723 23759 32633 33416 
26358 26721 32816 32922 
20164 29844 32947 32420 
16747 32857 33055 32026 
17176 35621 33119 31744 
21715 38169 33107 31625 
28834 40106 33073 31688 
36870 41323 33056 31917 
43727 41510 33012 32194 
47901 40423 33002 32541 
48384 38009 32974 32832 
45482 34542 32927 33020 
40116 30620 32850 33118 
33584 27006 32784 33144 
27165 24410 32609 33012 
22497 23601 32517 32931 
19905 24479 32376 32834 
19617 26739 32240 32718 
21668 30017 32165 32694 
25590 33482 32170 32747 
30761 36679 32226 32831 
36293 39179 32354 32947 
41163 40818 32550 33064 
44214 41279 32782 33139 
44718 40388 33000 33119 
42676 38074 33161 33004 
38732 34474 33317 32831 
33720 29822 33387 32561 
28988 25124 33374 32272 
25485 21357 33279 32015 
23791 19549 33091 31781 
24098 20475 32830 31696 
26139 24132 32541 31739 
29449 29895 32317 31999 
33269 36520 32085 32340 
36796 42815 31972 32806 
39118 47280 31940 33263 
39808 49242 32026 33685 
38746 48368 32260 34024 
36236 44784 32553 34144 
32879 38975 32896 34030 
29621 32062 33217 33732 
27128 25077 33457 33251 
25888 19153 33582 32671 
26180 15267 33635 32127 
27771 14047 33472 31600 
30428 15662 33214 31263 
33643 19838 32896 31143 
36872 26193 32505 31249 
39265 33439 32206 31595 
40402 40822 31988 32093 
40046 47288 31912 32661 
38222 51966 31964 33226 
35478 53876 32118 33714 
32451 52668 32350 34041 
29759 48279 32636 34155 
27907 41266 32883 34055 
26952 32864 33056 33729 
26741 24371 33162 33293 
27051 17230 33263 32837 
27636 12442 33191 32291 
28711 10819 33120 31865 
30433 12306 32988 31553 
32953 16613 32820 31441 
35952 22844 32629 31509 
38781 30049 32532 31833 
40602 37209 32427 32218 
40841 43691 32353 32666 
39425 48912 32360 33146 
36657 52402 32416 33542 
33424 53749 32556 33840 
30349 52689 32697 33893 
27915 49150 32845 33763 
26299 43123 32979 33473 
25567 35286 33045 33011 
25868 26423 33056 32516 
27388 17756 33065 32078 
30129 10535 32966 31669 
33892 6128 32828 31457 
37563 5795 32649 31403 
40362 9813 32543 31651 
41292 17672 32455 32035 
40033 28426 32420 32535 
37014 40018 32453 33097 
32967 50669 32484 33581 
28966 58730 32557 33939 
25867 62924 32677 34117 
24270 62420 32798 34094 
24288 57445 32863 33807 
25958 48701 32922 33363 
29253 36902 32958 32820 
33484 24396 32973 32275 
37961 12568 32994 31819 
41617 3270 32911 31429 
43651 141 32843 31307 
43284 58 32702 31359 
40582 5478 32589 31661 
36126 17008 32465 32112 
30786 32144 32374 32645 
25920 47623 32367 33229 
22393 60913 32398 33704 
20865 65374 32477 34013 
21753 65499 32651 34141 
24718 65514 32832 34022 
29167 60785 32985 33646 
34134 45100 33137 33148 
38564 27796 33212 32551 
41473 12297 33261 32039 
42398 1183 33190 31595 
41421 82 33029 31342 
38998 44 32827 31335 
35684 7425 32557 31531 
32368 19680 32402 31998 
29419 33939 32222 32496 
27424 47612 32145 33025 
26773 58491 32127 33501 
27767 63569 32235 33847 
30071 62284 32399 33959 
33081 55071 32608 33879 
35903 43086 32827 33597 
37438 28999 33003 33179 
37228 15603 33143 32727 
35294 5621 33258 32297 
32141 1079 33292 31957 
