33114 33003 32041 32377 
33114 33003 32041 32377 
32860 32727 31939 32937 
32577 32437 31970 33504 
32305 32132 32091 33930 
32095 31903 32303 34191 
31949 31759 32530 34250 
31883 31710 32708 34052 
31925 31799 32859 33702 
32059 31990 32947 33221 
32288 32313 33002 32734 
32609 32724 33049 32281 
32950 33163 33065 31913 
33232 33528 33030 31611 
33488 33841 33034 31508 
33679 34003 33060 31572 
33706 33980 33050 31724 
33618 33787 33026 31974 
33406 33470 32986 32289 
33106 33025 32915 32606 
32733 32512 32783 32897 
32355 32020 32635 33155 
32018 31603 32462 33338 
31796 31350 32297 33462 
31701 31294 32179 33499 
31750 31423 32083 33456 
31920 31737 32065 33354 
32219 32226 32135 33206 
32609 32776 32300 33020 
32957 33285 32496 32806 
33263 33724 32729 32592 
33491 34011 32977 32392 
33590 34114 33213 32247 
33547 33999 33393 32126 
33399 33737 33522 32060 
33133 33330 33525 32033 
32823 32860 33419 32069 
32512 32381 33239 32170 
32244 31916 32967 32322 
32057 31589 32623 32530 
31987 31440 32317 32784 
32000 31418 32020 33000 
32121 31566 31816 33236 
32346 31881 31784 33448 
32608 32271 31882 33570 
32870 32710 32109 33602 
33081 33137 32430 33487 
33200 33480 32769 33216 
33259 33743 33116 32896 
33257 33884 33413 32546 
33180 33877 33604 32203 
33017 33695 33619 31867 
32826 33404 33492 31645 
32624 33032 33243 31568 
32491 32687 32962 31688 
32404 32342 32654 31954 
32409 32087 32405 32336 
32425 31878 32189 32751 
32485 31800 32074 33181 
32557 31823 32059 33538 
32658 31972 32141 33807 
32745 32185 32304 33909 
32764 32401 32470 33796 
32801 32677 32685 33577 
32779 32907 32860 33205 
32711 33068 32982 32734 
32667 33209 33088 32280 
32641 33273 33128 31876 
32623 33262 33098 31581 
32676 33228 33041 31519 
32742 33148 32925 31620 
32814 33006 32758 31882 
32899 32886 32618 32295 
32942 32738 32500 32767 
32933 32582 32411 33199 
32887 32457 32412 33597 
32772 32334 32454 33787 
32664 32281 32566 33810 
32582 32313 32752 33668 
32491 32360 32907 33354 
32445 32459 33040 32912 
32475 32606 33131 32491 
32557 32767 33153 32108 
32669 32912 33091 31816 
32799 33014 32957 31669 
32920 33070 32769 31708 
32988 33063 32547 31894 
33041 33036 32384 32215 
33022 32932 32242 32591 
32950 32802 32170 32956 
32820 32653 32180 33254 
32717 32567 32299 33490 
32625 32512 32498 33598 
32550 32509 32741 33559 
32490 32537 32959 33390 
32453 32576 33140 33113 
32445 32615 33253 32809 
32465 32687 33291 32523 
32502 32737 33236 32321 
32499 32698 33029 32134 
32559 32691 32823 32129 
32611 32650 32562 32185 
32704 32634 32375 32370 
32799 32604 32238 32566 
32927 32650 32238 32806 
33060 32717 32334 32993 
33169 32803 32512 33087 
33218 32901 32712 33066 
33223 33017 32950 32957 
33147 33073 33115 32719 
33036 33123 33233 32501 
32858 33096 33219 32281 
32666 33023 33135 32145 
32444 32877 32956 32107 
32262 32701 32723 32203 
32143 32532 32512 32466 
32102 32376 32340 32798 
32096 32213 32199 33117 
32183 32145 32172 33449 
32317 32123 32226 33651 
32515 32189 32359 33724 
32751 32349 32569 33639 
32964 32558 32775 33380 
33140 32781 32959 33002 
33278 33007 33105 32555 
33367 33228 33194 32122 
33390 33382 33225 31752 
33344 33462 33184 31515 
33214 33433 33053 31444 
33027 33295 32888 31558 
32787 33062 32670 31837 
32541 32785 32472 32229 
32289 32459 32293 32686 
32113 32196 32201 33193 
31944 31926 32145 33603 
31887 31796 32208 33922 
31951 31808 32377 34080 
32085 31935 32597 34045 
32313 32191 32862 33831 
32584 32503 33099 33434 
32876 32851 33287 32941 
33181 33223 33416 32419 
33437 33526 33427 31905 
33616 33738 33322 31480 
33665 33798 33114 31236 
33652 33743 32879 31250 
33477 33528 32574 31427 
33205 33196 32290 31819 
32889 32823 32096 32330 
32541 32403 32000 32903 
32212 32041 32007 33461 
31948 31749 32112 33890 
31783 31602 32309 34119 
31755 31633 32576 34161 
32051 32066 33071 33611 
32328 32441 33253 33136 
32633 32823 33321 32580 
32973 33223 33374 32102 
33221 33519 33297 31693 
33412 33701 33162 31476 
33490 33708 32953 31450 
33445 33564 32707 31599 
33330 33344 32482 31971 
33106 32981 32243 32347 
32864 32630 32087 32820 
32634 32296 32042 33241 
32453 32072 32095 33572 
32327 31944 32240 33756 
32263 31942 32448 33746 
32298 32089 32754 33609 
32374 32295 33030 33313 
32471 32556 33287 32934 
32601 32828 33463 32535 
32702 33032 33518 32143 
32802 33205 33467 31895 
32849 33278 33291 31754 
32866 33259 33017 31782 
32868 33175 32702 31955 
32880 33064 32407 32302 
32876 32901 32164 32662 
32856 32714 31984 33008 
32812 32524 31916 33268 
32811 32431 32008 33493 
32782 32379 32191 33554 
32750 32376 32427 33464 
32712 32433 32709 33271 
32662 32526 32975 32990 
32645 32648 33217 32691 
32629 32761 33379 32397 
32619 32837 33454 32156 
32615 32860 33399 31996 
32613 32812 33239 31941 
32643 32772 33028 32063 
32666 32696 32764 32255 
32688 32622 32486 32530 
32711 32578 32243 32858 
32691 32529 32038 33145 
32722 32591 32005 33411 
32698 32644 32052 33542 
32718 32757 32249 33573 
32726 32853 32520 33428 
32740 32954 32815 33170 
32765 33023 33115 32823 
32813 33048 33348 32435 
32884 33067 33502 32077 
32946 33049 33527 31810 
32965 32968 33407 31646 
32982 32867 33190 31674 
32940 32723 32874 31851 
32876 32603 32561 32177 
32771 32492 32281 32591 
32647 32391 32071 33026 
32504 32312 31957 33427 
32361 32245 31952 33712 
32258 32224 32059 33864 
32260 32292 32298 33860 
32343 32424 32590 33704 
32425 32558 32855 33374 
32613 32761 33132 32969 
32773 32937 33298 32485 
32971 33151 33408 32076 
33152 33347 33443 31761 
33245 33410 33328 31542 
33269 33385 33122 31549 
33192 33236 32855 31708 
33006 32976 32541 32044 
32816 32704 32298 32559 
32599 32422 32120 33212 
32363 32148 32001 33839 
32226 32009 32049 34295 
32135 31956 32195 34268 
32179 32060 32465 33654 
32320 32267 32783 32538 
32548 32572 33114 31249 
32787 32873 33364 30198 
32994 33154 33495 29857 
33206 33426 33521 30462 
33334 33580 33405 31842 
33387 33627 33197 33693 
33274 33480 32849 35434 
33080 33216 32498 36598 
32842 32861 32191 37011 
32570 32468 31971 36646 
32316 32098 31878 35560 
32191 31880 31947 33940 
32252 31864 32118 31917 
32524 32139 32378 29726 
32868 32609 32696 27685 
32909 32904 32942 26167 
32468 32762 33144 25703 
31498 31990 33238 26435 
30267 30779 33235 28473 
29437 29625 33148 31618 
29737 29341 33000 35297 
31557 30523 32844 38888 
34711 33252 32734 41720 
38181 36868 32646 43141 
40886 40444 32668 42789 
41488 42332 32728 40547 
39652 41912 32809 36734 
35797 39121 32866 31915 
31009 34674 32916 26929 
26741 29840 32900 22780 
23890 25503 32830 20205 
22672 22135 32695 19695 
22762 19929 32521 21398 
23691 19069 32325 25176 
25156 19876 32166 30249 
27513 22612 32083 35788 
31399 27512 32114 40912 
37279 34384 32223 44731 
44365 42119 32468 46566 
51072 49408 32763 46135 
55216 54784 33075 43528 
54640 57018 33339 39081 
48609 55469 33545 33765 
38019 50154 33599 28334 
25353 41721 33570 23767 
13569 30809 33411 20700 
6062 19126 33182 19712 
4164 8027 32849 20749 
7817 432 32516 23631 
15641 87 32212 27773 
25915 49 31962 32523 
36502 7149 31808 36946 
46155 20040 31788 40517 
53836 36080 31939 42710 
58511 53225 32077 43137 
59194 65036 32375 41970 
55591 65454 32693 39497 
47920 65497 33019 36200 
37130 65510 33259 32591 
24736 65512 33518 29350 
13413 54662 33636 26904 
5413 37784 33692 25615 
2699 19452 33614 25485 
6225 2596 33407 26486 
15398 136 33119 28307 
27783 60 32775 30540 
41029 43 32441 32853 
52567 7532 32143 34817 
60218 16707 31930 36246 
62196 32239 31840 36901 
58504 48728 31901 36833 
49921 63272 32037 36124 
37538 65420 32288 34988 
23899 65507 32537 33707 
11482 65533 32797 32529 
2980 65535 32983 31602 
571 50436 33083 31062 
5490 29493 33129 30983 
16133 9105 33089 31268 
30086 248 33008 31799 
44400 41 32939 32378 
56381 28 32908 32936 
63126 7594 32918 33301 
63636 15697 32918 33371 
58632 28971 32993 33197 
49372 41565 33019 32797 
37602 51534 33044 32304 
25308 57927 33036 31864 
14486 60450 32958 31563 
6571 59068 32765 31490 
3057 53998 32554 31705 
4338 45723 32284 32137 
10203 35125 32081 32754 
19952 23248 31928 33407 
31806 12579 31876 33987 
44253 4824 31965 34389 
55384 1359 32165 34525 
63226 2576 32448 34372 
65433 8152 32804 33975 
65236 16611 33141 33353 
54702 26457 33434 32654 
42520 36354 33689 32001 
28044 45432 33804 31437 
14919 52370 33769 31089 
5101 57154 33570 30975 
403 59671 33262 31149 
74 59767 32859 31514 
5985 57551 32416 32029 
14935 53225 32011 32628 
26013 47021 31708 33191 
37691 39029 31544 33656 
48188 29935 31568 33957 
56413 20235 31799 34072 
61364 10638 32180 33986 
62348 2116 32627 33733 
59223 147 33072 33316 
52544 83 33428 32846 
43156 62 33704 32420 
31894 8715 33803 32019 
21418 21263 33784 31839 
12804 36512 33526 31701 
7348 52103 33184 31775 
5591 64767 32829 31983 
7367 65438 32452 32224 
12057 65490 32140 32546 
18921 65502 31981 32887 
27330 65502 31891 33140 
36462 54425 31952 33352 
45197 39164 32108 33424 
52789 23346 32351 33400 
58051 9486 32659 33299 
59601 547 32935 33108 
56945 82 33092 32804 
50642 57 33216 32533 
41734 7567 33257 32345 
31516 19069 33168 32205 
22165 32085 32988 32149 
14989 44208 32808 32255 
10780 53105 32602 32427 
9843 57213 32487 32695 
11889 55962 32429 32945 
16327 50113 32452 33142 
22519 41296 32564 33266 
29582 31841 32746 33255 
36635 23934 32964 33147 
43032 18583 33115 32889 
48361 16265 33195 32568 
52183 16983 33246 32282 
53453 20124 33114 31978 
51979 25174 32910 31806 
47525 31526 32652 31796 
40338 38458 32405 31984 
31756 44517 32150 32267 
23187 48840 32017 32689 
16283 50389 31992 33144 
12283 48609 32052 33548 
12043 43864 32285 33895 
15216 36932 32582 34026 
20989 29229 32884 33961 
28361 22179 33144 33652 
35744 17416 33332 33234 
42207 15610 33458 32715 
46771 16948 33475 32216 
48775 20987 33379 31735 
47967 26660 33206 31406 
44670 32863 33005 31314 
39601 38340 32788 31401 
33575 42082 32552 31650 
27673 43614 32401 32102 
23077 42794 32268 32587 
20532 40240 32172 33080 
20534 36791 32090 33474 
23327 33480 32103 33816 
28252 31173 32135 33960 
34269 30219 32256 33964 
39952 30441 32444 33817 
43846 31312 32618 33469 
44829 32385 32858 33108 
42660 33161 33103 32693 
37905 33539 33338 32289 
31588 33438 33514 31920 
25456 32928 33633 31671 
20737 31896 33628 31543 
18399 30390 33564 31596 
18827 28356 33344 31754 
22029 26325 33032 32017 
27504 24953 32667 32351 
34496 24991 32253 32710 
41984 27051 31918 33111 
48405 31044 31686 33437 
52494 36381 31622 33697 
53083 41900 31704 33808 
49520 46448 31913 33743 
42355 48718 32245 33601 
32780 48128 32587 33330 
22648 44716 32928 33013 
13942 38759 33166 32625 
8867 31539 33357 32354 
8294 24061 33426 32142 
12236 17586 33402 32041 
20025 13141 33312 32022 
29801 11704 33183 32127 
39914 13475 33048 32262 
48677 18379 32930 32418 
54567 26017 32834 32564 
56401 35041 32778 32649 
54012 44271 32723 32679 
47926 52109 32715 32703 
39149 57090 32651 32675 
29684 57861 32564 32647 
21112 54159 32463 32652 
15001 46563 32347 32723 
12384 36351 32226 32833 
13753 25717 32112 33006 
18530 17034 32088 33202 
25622 11716 32128 33392 
33496 10475 32288 33554 
40852 13129 32526 33578 
46091 18616 32785 33475 
48560 25586 33037 33197 
48063 32745 33288 32855 
44811 39003 33503 32444 
39626 43452 33629 32040 
33301 45784 33635 31682 
26921 46068 33537 31470 
21532 44521 33352 31427 
18422 41667 33086 31544 
18237 38066 32764 31825 
21195 34313 32440 32205 
26951 30855 32125 32679 
34050 28238 31875 33174 
40849 26547 31666 33574 
45816 25892 31585 33884 
47637 26192 31657 34048 
45693 27163 31883 34067 
40549 28410 32202 33916 
33615 29528 32566 33585 
26764 30504 33025 33226 
21765 31262 33422 32750 
19846 32207 33835 32346 
21047 33342 34031 31890 
24641 34860 34079 31554 
29437 36604 33979 31395 
34213 38123 33688 31352 
38232 39107 33287 31491 
40982 39273 32806 31760 
42467 38630 32318 32103 
42635 37385 31892 32542 
41286 35687 31580 32982 
38325 33671 31419 33372 
33977 31346 31469 33714 
28790 28621 31664 33905 
23766 25670 32014 33966 
20446 23162 32429 33905 
19717 21753 32819 33680 
22014 22098 33104 33336 
27125 24590 33344 32999 
33632 28736 33442 32636 
39988 33771 33460 32337 
44540 38518 33367 32077 
46252 42077 33213 31900 
44726 44049 33046 31817 
40540 44356 32932 31853 
34764 43261 32816 31919 
28859 41082 32773 32038 
24021 37992 32739 32175 
21382 34331 32745 32355 
21089 30205 32730 32516 
22971 25987 32674 32650 
26677 22268 32608 32835 
31389 19766 32449 32961 
36253 19207 32320 33125 
40504 20828 32201 33307 
43456 24478 32107 33461 
44585 29796 32105 33603 
43475 35955 32177 33673 
40430 41561 32330 33640 
35978 45915 32576 33517 
30818 48281 32873 33298 
25614 48252 33163 32956 
21447 45826 33409 32564 
18965 41269 33577 32162 
18743 35070 33627 31752 
21123 27834 33549 31430 
25889 20771 33363 31290 
32068 15213 33086 31292 
38687 12326 32782 31469 
44379 13021 32461 31790 
48134 17752 32202 32238 
49037 25609 31997 32724 
47125 35269 31930 33259 
42654 44732 31876 33699 
36595 52191 31984 34109 
30167 55827 32144 34306 
24380 55195 32370 34359 
20108 50514 32651 34214 
17805 42483 32905 33863 
17794 32513 33132 33348 
19878 22971 33359 32812 
23566 15115 33466 32211 
28482 10456 33502 31667 
34251 9879 33445 31233 
40000 13606 33317 30976 
44896 20800 33107 30909 
47973 30055 32862 31059 
48353 39656 32620 31435 
45669 47755 32381 31972 
40658 52533 32241 32617 
34412 53538 32144 33243 
28356 50781 32084 33809 
23783 44965 32169 34282 
21347 37102 32273 34522 
21118 28754 32410 34518 
22689 21309 32591 34284 
25559 16161 32752 33854 
29351 14356 32903 33265 
33523 16392 33045 32628 
37360 21599 33127 32007 
40317 28760 33194 31526 
41610 36218 33144 31173 
40748 42516 33060 31054 
37913 46066 32958 31217 
33611 46595 32757 31503 
28989 44460 32615 32023 
24977 40027 32463 32592 
22938 34592 32357 33126 
23464 29334 32308 33587 
26654 25161 32375 33932 
31917 22781 32520 34082 
38246 22551 32710 34030 
44012 24400 32899 33785 
47852 27786 33041 33355 
48603 32034 33156 32895 
45574 36244 33186 32380 
39240 39479 33132 31946 
30798 41326 33009 31640 
21902 41437 32804 31506 
14218 39818 32612 31584 
9836 36739 32423 31870 
9745 32985 32294 32229 
13911 29177 32179 32621 
21773 26090 32198 33040 
32284 24178 32297 33430 
43359 23817 32492 33695 
53257 24905 32704 33778 
60088 27179 32880 33639 
62470 30274 33074 33391 
59888 33521 33208 33073 
52722 36601 33248 32653 
42230 39300 33202 32277 
29586 41512 33087 32013 
16779 42967 32872 31853 
6087 43440 32632 31874 
284 42661 32416 32051 
66 40283 32284 32375 
56 35972 32216 32735 
11543 30171 32226 33071 
25111 23677 32335 33302 
40094 17838 32568 33443 
53873 13975 32801 33382 
63594 13422 33056 33213 
65436 16360 33219 32890 
65486 22321 33311 32547 
63024 30319 33346 32250 
50937 38776 33227 32006 
38403 46258 33032 31920 
25212 51965 32789 31984 
13085 55210 32523 32191 
3827 55580 32332 32550 
166 52747 32185 32896 
60 46826 32102 33213 
5568 38086 32095 33444 
15805 27841 32260 33617 
29201 17902 32470 33615 
43033 9869 32668 33448 
54810 5315 32904 33186 
62503 5124 33088 32817 
64327 9361 33207 32441 
60798 17219 33283 32113 
52839 27413 33239 31846 
41894 38680 33159 31725 
30277 48841 32975 31750 
19888 56658 32805 31934 
12125 60751 32587 32193 
7913 60284 32412 32588 
7665 55133 32268 32983 
11114 46407 32218 33393 
17675 35734 32217 33668 
26601 25059 32320 33862 
36409 16854 32486 33836 
45832 12134 32700 33647 
53391 11129 32912 33329 
57420 13279 33064 32839 
56686 17709 33209 32351 
51147 23212 33289 31904 
41770 29172 33282 31550 
30483 34995 33185 31341 
19883 40404 33007 31344 
12860 44717 32806 31584 
10738 47480 32614 32001 
13525 48146 32436 32510 
20071 46459 32299 33073 
28285 42597 32200 33551 
36167 37462 32189 33945 
42565 31993 32256 34126 
46724 27221 32352 34090 
48390 23910 32503 33879 
47353 22483 32640 33508 
43637 22699 32734 33040 
37644 24191 32851 32590 
30054 26380 32913 32168 
22704 28763 32963 31863 
17256 31109 32996 31677 
15289 33309 33027 31675 
17662 35475 33092 31822 
23992 37571 33117 32015 
32232 39306 33131 32247 
40442 40462 33085 32446 
46729 40757 33065 32675 
49585 39763 32941 32819 
48506 37442 32779 32903 
44185 34104 32595 32975 
37842 30315 32399 33019 
30780 26799 32214 33091 
24666 24378 32057 33133 
20423 23515 31973 33194 
18535 24283 31958 33238 
19216 26533 32072 33289 
22282 29772 32276 33318 
27060 33312 32566 33278 
32814 36690 32842 33127 
38546 39523 33140 32928 
43170 41514 33385 32641 
45578 42254 33574 32365 
45270 41459 33645 32062 
42404 38963 33545 31747 
37734 34864 33392 31581 
32428 29717 33105 31489 
27748 24572 32836 31598 
24479 20524 32535 31814 
23228 18790 32328 32200 
24029 20122 32121 32599 
26554 24346 32042 33079 
30099 30546 32027 33515 
33944 37416 32072 33868 
37253 43696 32156 34089 
39241 47899 32277 34167 
39539 49419 32457 34116 
38050 47910 32596 33849 
35282 43643 32764 33473 
31988 37432 32913 32983 
28968 30278 33041 32451 
26932 23414 33228 31984 
26209 17799 33343 31522 
26969 14623 33441 31233 
29022 14270 33486 31104 
31958 16774 33446 31139 
35209 21796 33341 31372 
38166 28690 33137 31763 
40058 36291 32871 32240 
40499 43568 32525 32760 
39439 49595 32258 33313 
36999 53298 31972 33767 
33897 53875 31765 34064 
30867 51194 31738 34220 
28364 45332 31768 34138 
26897 37275 31975 33954 
26286 28467 32210 33605 
26335 20317 32508 33212 
26766 14115 32783 32765 
27639 10825 33040 32360 
29058 10915 33210 32010 
31284 14104 33329 31784 
34301 19705 33411 31676 
37616 26851 33386 31660 
40421 34388 33331 31766 
41974 41478 33306 31971 
41738 47404 33224 32181 
39664 51667 33088 32367 
36408 53767 32945 32575 
32836 53478 32800 32755 
29474 50668 32583 32874 
26843 45562 32408 33024 
25018 38247 32220 33129 
24215 29740 32043 33227 
24645 20933 31925 33313 
26534 13088 31885 33386 
29932 7472 31959 33455 
34144 5432 32103 33441 
38254 7553 32311 33365 
41157 13813 32595 33238 
41962 23521 32863 32988 
40435 35184 33122 32674 
37142 46545 33351 32340 
33006 55977 33558 32048 
28999 61927 33635 31782 
25913 63355 33620 31603 
24347 60173 33491 31546 
24460 52826 33273 31621 
26253 42419 32966 31829 
29611 30040 32612 32148 
33920 17757 32301 32566 
38267 7131 32021 33028 
41665 469 31795 33452 
43287 79 31722 33815 
42466 65 31833 34067 
39417 11055 32053 34130 
34810 24625 32374 34002 
29701 40211 32730 33666 
25131 55332 33112 33231 
22158 65087 33403 32678 
21330 65474 33596 32139 
22751 65512 33615 31630 
26235 65517 33493 31293 
30893 53338 33259 31155 
35620 36425 32920 31240 
39444 19503 32611 31595 
41610 5480 32342 32100 
41786 168 32133 32654 
40211 49 32046 33226 
37488 164 32062 33677 
34266 13168 32207 33994 
31136 26978 32422 34089 
28590 41862 32676 33976 
27181 54455 32906 33669 
27218 62606 33094 33235 
28770 64584 33202 32734 
31576 60026 33245 32239 
34681 49644 33159 31809 
37049 35852 33016 31586 
37916 21091 32811 31550 
36919 8468 32589 31744 
34190 630 32381 32087 
30686 65 32224 32506 
27220 6958 32139 32952 
