32088 32089 32858 31098 
32088 32089 32858 31098 
31823 31573 32652 31495 
31771 31324 32473 32081 
31891 31346 32331 32686 
32206 31663 32289 33312 
32629 32198 32306 33820 
33111 32860 32436 34163 
33800 33989 32787 34130 
33878 34242 32978 33793 
33740 34201 33126 33299 
33404 33847 33206 32721 
32963 33294 33216 32177 
32450 32615 33122 31730 
31986 31941 32954 31474 
31631 31389 32721 31402 
31530 31147 32508 31593 
31596 31152 32283 31895 
31920 31510 32162 32356 
32353 32084 32114 32840 
32815 32722 32154 33252 
33249 33375 32272 33575 
33584 33908 32468 33746 
33715 34160 32676 33727 
33692 34180 32930 33578 
33449 33902 33115 33250 
33105 33427 33283 32858 
32744 32887 33372 32469 
32407 32337 33381 32135 
32177 31878 33293 31912 
32042 31559 33110 31805 
32035 31439 32855 31855 
32103 31483 32530 32018 
32287 31746 32271 32350 
32491 32105 32053 32725 
32652 32496 31901 33057 
32799 32917 31882 33346 
32943 33352 32042 33563 
33058 33715 32320 33637 
33105 33894 32633 33518 
33149 33949 32999 33298 
33145 33834 33345 32978 
33100 33555 33564 32592 
33044 33231 33702 32258 
32923 32794 33658 31940 
32793 32355 33460 31736 
32633 31956 33145 31655 
32493 31680 32767 31758 
32419 31601 32415 31988 
32358 31659 32094 32299 
32348 31885 31903 32689 
32384 32181 31828 33071 
32428 32541 31891 33423 
32523 32912 32105 33717 
32564 33139 32308 33804 
32657 33343 32617 33813 
32710 33391 32867 33666 
32712 33277 33009 33374 
32753 33112 33095 33052 
32803 32941 33114 32704 
32866 32762 33075 32380 
32948 32634 33003 32117 
32995 32563 32910 31892 
33053 32563 32869 31774 
33086 32610 32891 31751 
33070 32675 32923 31780 
33003 32752 32994 31915 
32869 32779 33041 32069 
32739 32822 33073 32297 
32588 32796 33007 32530 
32451 32745 32865 32804 
32339 32673 32652 33080 
32292 32616 32407 33391 
32299 32546 32146 33634 
32322 32480 31907 33809 
32397 32444 31771 33865 
32498 32433 31780 33820 
32615 32462 31940 33637 
32734 32529 32244 33365 
32860 32635 32643 32984 
32979 32762 33081 32561 
33089 32917 33498 32101 
33174 33058 33799 31698 
33217 33201 33957 31420 
33208 33263 33915 31261 
33131 33273 33703 31282 
32986 33178 33336 31456 
32815 33029 32923 31800 
32624 32820 32479 32253 
32375 32505 32035 32738 
32210 32264 31750 33263 
32106 32077 31625 33761 
32064 31949 31614 34124 
32116 31936 31773 34323 
32249 32029 32032 34351 
32449 32226 32384 34207 
32662 32466 32736 33867 
32895 32750 33089 33378 
33057 32991 33335 32780 
33193 33218 33514 32160 
33260 33372 33572 31553 
33291 33484 33544 31116 
33238 33495 33397 30825 
33144 33415 33175 30743 
33052 33315 32948 30956 
32896 33117 32690 31353 
32767 32907 32471 31963 
32612 32659 32328 32701 
32455 32398 32233 33418 
32305 32149 32212 34054 
32195 31948 32261 34503 
32126 31824 32356 34726 
32099 31798 32462 34645 
32171 31896 32572 34345 
32290 32080 32663 33785 
32483 32380 32709 33131 
32705 32721 32707 32459 
32947 33087 32702 31881 
33118 33362 32645 31388 
33246 33543 32624 31201 
33289 33560 32642 31219 
33246 33461 32721 31448 
33126 33223 32865 31812 
32977 32949 33038 32229 
32811 32676 33218 32640 
32706 32497 33396 32997 
32596 32355 33442 33180 
32575 32376 33427 33282 
32582 32480 33290 33250 
32587 32623 33023 33116 
32624 32771 32713 32973 
32594 32830 32342 32849 
32549 32823 32034 32791 
32483 32724 31786 32815 
32407 32566 31669 32915 
32349 32387 31699 33060 
32362 32250 31861 33189 
32416 32201 32134 33253 
32566 32272 32479 33242 
32768 32453 32867 33094 
32944 32682 33179 32798 
33154 32975 33457 32449 
33272 33212 33608 32053 
33311 33378 33641 31712 
33273 33429 33579 31499 
33177 33400 33447 31480 
32965 33204 33203 31563 
32741 32962 32947 31865 
32500 32660 32650 32239 
32366 32446 32431 32798 
32237 32222 32192 33289 
32135 32063 31991 33729 
32132 32021 31886 34072 
32190 32048 31886 34234 
32309 32158 31977 34197 
32462 32323 32152 33977 
32618 32508 32393 33593 
32792 32713 32696 33099 
32976 32930 32987 32562 
33107 33108 33248 31980 
33241 33279 33458 31511 
33343 33443 33599 31205 
33343 33486 33579 31053 
33305 33486 33491 31142 
33166 33371 33284 31394 
32971 33175 33030 31828 
32711 32887 32719 32349 
32460 32572 32448 32921 
32209 32250 32189 33470 
32059 32003 32029 33890 
32046 31893 32001 34174 
32088 31859 32025 34210 
32245 31958 32148 34061 
32473 32157 32328 33772 
32685 32385 32499 33338 
32861 32602 32666 32885 
32981 32799 32800 32473 
32986 32899 32877 32092 
32947 32974 32923 31868 
32848 32995 32959 31771 
32772 33010 32988 31817 
32695 33018 33005 31932 
32700 33085 33058 32105 
32795 33195 33125 32312 
32889 33286 33174 32469 
33036 33405 33223 32607 
33135 33389 33195 32652 
33148 33277 33091 32677 
33074 33045 32908 32701 
32910 32706 32684 32746 
32685 32312 32434 32858 
32431 31912 32184 33000 
32149 31550 31925 33150 
32026 31411 31814 33365 
31967 31430 31784 33509 
32038 31633 31877 33588 
32234 32039 32122 33568 
32488 32518 32450 33396 
32762 33026 32827 33111 
33001 33475 33185 32702 
33185 33836 33498 32269 
33329 34034 33737 31898 
33342 34028 33779 31554 
33296 33865 33698 31404 
33205 33597 33488 31414 
33077 33242 33184 31592 
32912 32840 32807 31915 
32773 32447 32478 32347 
32633 32098 32195 32851 
32448 31750 31928 33284 
32287 31509 31794 33677 
32166 31420 31791 33951 
32086 31459 31904 34042 
32022 31599 32058 33930 
32128 31959 32367 33752 
32275 32373 32683 33430 
32501 32871 32982 33032 
32768 33359 33235 32567 
33080 33838 33458 32167 
33345 34141 33571 31836 
33523 34261 33595 31604 
33555 34142 33498 31493 
33490 33855 33321 31552 
33316 33419 33096 31733 
33042 32892 32806 31991 
32755 32390 32523 32321 
32545 32041 32325 32803 
32321 31738 32103 33277 
32178 31627 31978 33775 
32167 31694 31980 34198 
32216 31846 32082 34263 
32292 32022 32250 33816 
32364 32174 32451 32887 
32425 32286 32643 31702 
32462 32390 32809 30673 
32488 32477 32912 30220 
32523 32619 32959 30648 
32608 32829 32970 31894 
32740 33123 32952 33634 
32901 33442 32935 35362 
33093 33801 32953 36622 
33305 34053 33003 37045 
33419 34121 33056 36538 
33495 34027 33125 35279 
33478 33761 33168 33488 
33414 33346 33137 31322 
33452 33021 33094 29156 
33427 32680 32927 27173 
33205 32279 32711 25790 
32516 31626 32454 25385 
31299 30559 32156 26158 
29761 29179 31922 28181 
28374 27873 31745 31304 
28048 27433 31753 35088 
29262 28468 31864 38846 
32226 31325 32101 41977 
36071 35491 32454 43726 
39661 39908 32850 43766 
41726 43216 33215 41885 
41460 44326 33566 38344 
38821 42762 33799 33654 
34586 38892 33881 28536 
29912 33647 33780 23788 
26176 28389 33538 20431 
23941 23852 33243 19057 
23096 20372 32862 19836 
23265 18165 32462 22823 
24061 17670 32132 27449 
25548 19173 31872 32941 
28411 23089 31707 38466 
33190 29310 31699 42991 
39820 37181 31798 45837 
47167 45498 32005 46654 
53176 52721 32273 45209 
55340 57078 32573 41855 
52194 57787 32911 37174 
43781 54477 33171 31883 
31922 47586 33431 26921 
19488 37735 33565 22991 
9665 26133 33638 20724 
4754 14005 33604 20388 
5775 3617 33469 21943 
11725 157 33264 25030 
20888 60 32979 29080 
31739 85 32689 33498 
42162 12594 32416 37417 
51008 27259 32206 40365 
57330 44188 32032 41928 
59946 59763 31957 41986 
58264 65337 31966 40635 
52257 65483 32064 38249 
42374 65504 32218 35217 
30273 65510 32394 32179 
17824 65329 32627 29611 
7535 47301 32803 27811 
1768 28884 32935 26964 
2292 11190 33025 27155 
9028 398 33103 28218 
20549 86 33148 29799 
34641 51 33137 31588 
47983 39 33144 33262 
58406 8995 33138 34528 
63793 22958 33100 35188 
62924 39508 33091 35278 
56430 55454 33039 34800 
45344 65176 32944 33979 
31134 65475 32792 32974 
16986 65518 32654 32157 
5511 65535 32513 31636 
224 63340 32333 31481 
36 42412 32163 31737 
7049 21678 32051 32302 
20038 2899 32020 33055 
35441 109 32049 33795 
49758 34 32170 34300 
60341 36 32372 34530 
65075 8250 32662 34415 
62872 20196 32954 33897 
57052 32926 33202 33099 
46475 44304 33419 32208 
33700 53105 33570 31322 
21153 58393 33608 30665 
10662 60097 33530 30290 
3782 58134 33348 30274 
1657 52650 33129 30671 
4624 44010 32850 31352 
12233 33035 32508 32202 
23624 21231 32244 33167 
36574 11029 31982 33975 
49441 4140 31852 34622 
60112 1618 31812 34966 
65330 3660 31866 35030 
65487 9542 32042 34794 
65283 17987 32311 34324 
51680 27812 32657 33690 
37020 37761 32991 32958 
22190 46408 33283 32265 
9477 53500 33569 31701 
1131 58590 33688 31238 
85 61451 33760 31012 
61 61573 33646 30936 
7877 59061 33444 31042 
18454 53946 33115 31280 
31005 46054 32717 31641 
42853 36522 32374 32154 
52858 25696 32073 32651 
59885 14496 31855 33155 
62970 3763 31756 33606 
61644 184 31840 34001 
56242 90 31999 34189 
47568 65 32259 34253 
36699 5477 32568 34144 
25688 15201 32822 33864 
16035 29735 33045 33487 
9003 46202 33210 33062 
5979 60601 33229 32590 
6708 65357 33226 32213 
10625 65485 33140 31881 
17103 65502 33027 31665 
25212 65504 32937 31624 
33958 57403 32876 31698 
42601 42413 32815 31823 
50390 26470 32826 32031 
56145 12199 32831 32242 
58722 1824 32825 32425 
57489 104 32796 32604 
52231 58 32739 32734 
44183 5649 32690 32930 
34568 16263 32519 33027 
25146 29257 32419 33208 
17209 42386 32268 33319 
12224 52602 32186 33472 
10401 58228 32164 33573 
11639 58318 32233 33644 
15477 53092 32371 33618 
21051 44370 32595 33518 
27615 34213 32872 33300 
34342 24747 33098 32953 
40750 17632 33310 32549 
46146 13985 33456 32144 
50185 13747 33517 31764 
52338 16538 33446 31456 
52074 21881 33268 31300 
48994 28801 33025 31295 
43306 36593 32786 31506 
35572 43971 32497 31810 
26993 49918 32281 32236 
19481 52944 32121 32706 
14330 52457 32044 33188 
12415 48356 32034 33651 
13888 41333 32100 34025 
18281 32674 32216 34233 
24608 24138 32389 34317 
31962 17244 32611 34239 
38741 13426 32741 33907 
44204 13178 32909 33460 
47545 16327 33072 32935 
48264 22290 33224 32340 
46301 29368 33341 31781 
42161 36371 33407 31282 
36545 42053 33409 30950 
30557 45301 33359 30837 
25419 45803 33264 30970 
21898 43855 33039 31267 
20828 40410 32856 31858 
22412 36256 32558 32472 
26468 32753 32336 33194 
32048 30364 32090 33800 
38022 29345 31930 34273 
42582 29422 31845 34513 
44597 30078 31854 34505 
43477 30860 31988 34292 
39262 31534 32184 33849 
33199 31985 32443 33311 
26655 32144 32701 32721 
21154 31983 32944 32203 
17801 31277 33175 31784 
17386 30029 33360 31565 
19918 28364 33484 31515 
25052 26858 33528 31615 
32115 26264 33512 31827 
39972 27238 33455 32091 
47399 30123 33359 32379 
52980 34604 33166 32587 
55146 39713 32940 32749 
53219 44420 32697 32838 
47165 47453 32447 32914 
37635 47959 32174 32924 
26866 45692 31988 33001 
16817 40867 31812 33020 
9478 34188 31774 33177 
6545 26636 31849 33322 
8586 19873 32006 33474 
14846 14733 32240 33538 
24090 12179 32557 33523 
34670 12680 32881 33402 
44402 16338 33174 33125 
51924 22823 33463 32817 
55951 31277 33619 32375 
55814 40675 33693 31958 
51646 49125 33632 31596 
44442 55281 33476 31364 
35610 57888 33281 31327 
26502 56042 33022 31455 
19142 49973 32735 31737 
14664 40876 32466 32168 
13772 30483 32234 32673 
16474 20722 32046 33206 
21911 13826 31906 33646 
28885 10738 31873 34033 
36128 11622 31874 34190 
41989 15875 32026 34236 
45663 22225 32239 34089 
46585 29273 32461 33723 
44900 36074 32772 33285 
41101 41328 33072 32787 
35902 44672 33341 32247 
30244 45982 33591 31811 
24950 45315 33703 31440 
21282 43096 33689 31225 
20054 39904 33564 31201 
21687 36308 33332 31350 
26017 32867 33037 31676 
32125 29992 32700 32110 
38629 27926 32387 32596 
43995 26802 32138 33125 
46533 26551 31915 33527 
45617 26992 31836 33854 
41357 27817 31857 34003 
34921 28723 32031 34044 
27969 29478 32231 33875 
22417 30110 32475 33588 
19639 30850 32772 33220 
20136 31892 33004 32783 
23377 33409 33223 32387 
28199 35280 33354 32053 
33360 37206 33396 31765 
37763 38713 33367 31661 
40885 39414 33222 31693 
42589 39258 33001 31843 
42944 38358 32751 32092 
41891 36957 32537 32453 
39320 35179 32353 32801 
35263 32994 32165 33086 
30171 30385 32145 33344 
25157 27520 32242 33514 
21244 24632 32366 33523 
19697 22517 32607 33423 
21181 21878 32847 33213 
25524 23181 33046 32889 
31796 26449 33226 32591 
38369 30956 33324 32306 
43722 35903 33309 32051 
46342 40076 33224 31960 
45639 42845 32999 31937 
41958 44117 32760 32085 
36257 43927 32511 32330 
29991 42515 32304 32664 
24585 40070 32149 32985 
21078 36654 32088 33280 
20160 32511 32127 33472 
21685 28018 32255 33510 
25173 23669 32416 33414 
30009 20243 32647 33238 
35325 18432 32836 32964 
40140 18845 32956 32647 
43765 21643 33075 32405 
45490 26425 33090 32210 
45002 32553 33077 32143 
42367 39056 33074 32214 
37945 44734 33012 32320 
32417 48704 32985 32494 
26862 50193 32973 32700 
22035 49010 32950 32837 
18786 45220 32908 32903 
17792 39124 32843 32881 
19452 31650 32769 32789 
23605 23712 32662 32660 
29655 16584 32553 32520 
36687 11600 32406 32404 
43033 10221 32293 32385 
47604 12987 32199 32453 
49502 19964 32157 32612 
48341 29584 32177 32831 
44478 40162 32297 33090 
38684 49490 32480 33335 
31975 55837 32716 33517 
25804 57792 32986 33598 
20970 55169 33195 33475 
18196 48697 33382 33261 
17676 39266 33468 32896 
19300 28860 33450 32486 
22721 19206 33350 32099 
27380 11934 33157 31784 
32814 8393 32921 31588 
38374 9323 32645 31539 
43380 14574 32440 31698 
46956 23391 32253 31973 
48016 33387 32189 32349 
46207 42828 32171 32727 
41902 50056 32239 33139 
35636 53894 32293 33436 
29399 53658 32428 33682 
24337 49756 32511 33772 
21363 43081 32585 33739 
20662 34616 32663 33610 
22028 26151 32728 33428 
24892 19097 32802 33170 
28724 14826 32876 32863 
33076 14251 32967 32558 
37248 17481 33106 32300 
40639 23624 33240 32040 
42547 31232 33336 31833 
42365 38774 33406 31684 
39926 44267 33366 31637 
35687 47022 33266 31692 
30514 46735 33043 31823 
25621 43770 32793 32091 
22232 38920 32454 32394 
21303 33327 32173 32811 
23203 28008 31910 33220 
27818 23866 31737 33592 
34113 21778 31750 33905 
40822 21902 31895 34067 
46418 24081 32125 34059 
49460 27921 32427 33845 
48694 32320 32748 33520 
44123 36489 33026 33107 
36579 39735 33261 32676 
27467 41538 33385 32221 
18674 41708 33432 31864 
12045 40245 33371 31615 
9009 37463 33284 31561 
10404 33977 33126 31624 
16104 30431 32975 31799 
25193 27435 32865 32078 
36200 25368 32762 32364 
47226 24542 32713 32662 
56365 24967 32671 32915 
61840 26505 32600 33075 
62264 28796 32552 33190 
57741 31576 32489 33208 
49031 34598 32392 33187 
37256 37706 32303 33184 
24172 40610 32249 33178 
12064 42886 32214 33175 
2635 44187 32234 33196 
123 43922 32321 33182 
51 41582 32466 33152 
5906 37004 32635 33016 
16544 30663 32867 32862 
31203 23521 33098 32632 
45897 17362 33305 32380 
58212 13601 33453 32097 
65166 13233 33497 31859 
65471 16604 33446 31676 
65487 22878 33314 31623 
57741 30993 33175 31785 
46142 39569 32931 31974 
33234 47048 32638 32270 
20278 52672 32416 32699 
9031 55640 32180 33101 
1192 55426 31958 33465 
89 51860 31833 33770 
52 45085 31797 33956 
8562 35651 31898 33992 
20645 25212 32042 33847 
34626 15503 32316 33582 
47975 8280 32666 33249 
58490 4876 32994 32801 
64179 5957 33331 32380 
64190 11249 33619 31989 
58780 19874 33785 31642 
49606 30449 33850 31464 
38251 41431 33772 31408 
26541 51388 33556 31495 
16778 58376 33272 31737 
10072 61277 32888 32038 
7109 59537 32489 32434 
8056 53321 32123 32860 
12564 43854 31810 33252 
20019 32999 31628 33590 
29551 22724 31599 33818 
39601 15265 31748 33932 
48728 11306 31987 33877 
55345 10832 32283 33688 
57922 13299 32601 33408 
55503 17742 32898 33080 
48379 23352 33123 32727 
38066 29598 33282 32401 
26543 36026 33355 32155 
16990 41826 33342 31963 
11467 46474 33259 31887 
11016 49283 33191 31944 
15288 49597 33092 32028 
22526 47320 33006 32157 
30805 42809 32946 32293 
38476 37009 32894 32424 
44456 30878 32824 32517 
48063 25890 32781 32630 
49039 22602 32679 32696 
47321 21361 32567 32785 
42737 21907 32411 32908 
35987 23737 32251 33054 
28109 26279 32112 33202 
20541 29156 32029 33368 
15701 31891 32023 33501 
14909 34364 32122 33587 
18378 36585 32277 33535 
25389 38600 32555 33422 
33860 40025 32832 33183 
41719 40627 33114 32830 
47206 40151 33359 32450 
49176 38375 33573 32092 
47302 35471 33620 31770 
42537 31960 33601 31574 
36089 28469 33463 31501 
29598 25884 33251 31586 
24165 24657 32966 31767 
20700 25076 32692 32078 
19592 27012 32439 32491 
20998 29964 32186 32907 
24469 33115 31983 33304 
29376 36042 31849 33609 
34924 38363 31805 33851 
40178 39882 31855 33936 
43609 40363 32002 33913 
44685 39653 32259 33778 
43138 37632 32545 33502 
39440 34352 32862 33146 
34556 30149 33191 32729 
29686 25734 33497 32348 
25756 21981 33713 31957 
23719 20130 33804 31643 
23715 20864 33780 31482 
25526 24259 33577 31384 
28822 29841 33330 31507 
32780 36412 32977 31702 
36531 42628 32585 32011 
39359 47355 32238 32439 
40457 49464 31952 32870 
39657 48619 31746 33266 
37265 45067 31728 33689 
33779 39214 31815 33980 
30221 32224 32030 34131 
27287 25116 32300 34094 
25583 18939 32623 33895 
25378 14831 32891 33493 
26697 13483 33104 33000 
29238 15013 33257 32485 
32518 19188 33317 32009 
35923 25489 33281 31635 
38644 32788 33117 31397 
40266 40258 32951 31381 
40378 46892 32770 31559 
38999 51858 32632 31925 
36530 54159 32577 32348 
33598 53392 32602 32826 
30769 49332 32647 33210 
28737 42770 32784 33535 
27544 34541 32921 33698 
27029 25909 32965 33629 
27029 18220 33001 33446 
27342 12951 32922 33114 
28111 10771 32783 32742 
29614 11877 32628 32393 
31940 15737 32419 32095 
34951 21673 32251 31951 
38008 28692 32140 31944 
40358 36219 32116 32118 
41137 42806 32241 32447 
40112 48122 32406 32815 
37555 51760 32631 33168 
34208 53284 32877 33465 
30914 52402 33087 33592 
28158 49143 33232 33558 
26235 43611 33325 33342 
25197 35864 33331 32968 
25290 27334 33273 32543 
26670 18854 33147 32118 
29381 11712 32958 31762 
33228 7170 32754 31575 
37266 6491 32560 31638 
40409 9925 32340 31848 
41781 17382 32175 32250 
40843 27528 32067 32724 
37975 38854 32088 33266 
33856 49389 32160 33691 
29622 57563 32338 33993 
26173 62014 32563 34045 
24131 62009 32828 33861 
23748 57469 33067 33438 
25130 49176 33256 32895 
28131 38239 33361 32292 
32413 25798 33415 31762 
37014 13952 33335 31381 
41074 4348 33158 31205 
43552 190 32892 31267 
43780 62 32633 31610 
41548 5956 32405 32159 
37365 15482 32236 32788 
31940 30650 32115 33382 
26879 46262 32105 33889 
22991 60021 32188 34168 
21039 65350 32327 34204 
21420 65494 32555 34042 
23984 65515 32775 33625 
28129 65296 32983 33097 
33076 47517 33133 32495 
37591 30411 33246 31943 
40772 14304 33255 31509 
42064 1926 33181 31287 
41429 94 33049 31302 
39273 46 32833 31526 
36262 5934 32618 31961 
32928 17900 32402 32477 
29964 32031 32227 33023 
27844 45897 32136 33536 
26992 56912 32169 33942 
27678 62855 32300 34139 
29760 62523 32542 34133 
32663 56144 32789 33864 
35517 44647 33030 33390 
37307 30890 33272 32874 
37369 17354 33400 32269 
35692 6974 33439 31751 
32716 1857 33382 31384 
29321 2999 33147 31176 
