33182 32986 32950 33079 
33182 32986 32950 33079 
33309 33231 33232 32618 
33377 33465 33492 32200 
33372 33628 33684 31824 
33281 33697 33754 31550 
33159 33663 33709 31433 
32974 33511 33531 31440 
32763 33223 33243 31563 
32605 32902 32919 31877 
32459 32517 32553 32251 
32311 31883 31971 33112 
32284 31648 31782 33460 
32310 31574 31747 33757 
32383 31649 31857 33920 
32457 31822 32036 33905 
32555 32085 32286 33751 
32626 32398 32534 33484 
32680 32731 32771 33129 
32691 33038 32944 32730 
32711 33301 33061 32383 
32766 33517 33162 32131 
32797 33617 33193 31961 
32852 33631 33211 31901 
32929 33560 33208 31968 
32988 33401 33186 32065 
33081 33224 33163 32226 
33126 33008 33114 32376 
33154 32779 33044 32502 
33166 32603 32987 32651 
33079 32405 32861 32732 
32921 32213 32692 32756 
32698 32064 32507 32791 
32450 31942 32299 32825 
32230 31895 32129 32931 
32056 31932 32002 33056 
31940 32003 31917 33167 
31944 32167 31951 33312 
32044 32378 32060 33390 
32259 32635 32268 33410 
32543 32937 32545 33354 
32836 33212 32828 33158 
33121 33450 33121 32882 
33365 33646 33376 32559 
33558 33803 33586 32275 
33625 33778 33667 31988 
33531 33632 33608 31749 
33351 33386 33463 31637 
33093 33042 33247 31676 
32789 32660 32978 31833 
32514 32275 32707 32083 
32258 31928 32446 32417 
32047 31618 32177 32765 
31942 31473 31992 33151 
31904 31454 31853 33447 
32004 31639 31845 33743 
32148 31926 31889 33892 
32345 32309 32033 33889 
32581 32749 32262 33770 
32788 33170 32524 33510 
33009 33552 32836 33165 
33179 33823 33138 32731 
33339 33972 33447 32321 
33404 33947 33636 31937 
33403 33758 33729 31622 
33334 33464 33691 31455 
33205 33066 33541 31420 
33012 32639 33286 31552 
32807 32248 32963 31827 
32572 31889 32594 32167 
32386 31707 32282 32620 
32213 31652 32013 33057 
32112 31738 31841 33453 
32062 31916 31767 33722 
32144 32238 31858 33918 
32232 32523 32001 33875 
32446 32900 32312 33802 
32627 33160 32583 33515 
32831 33396 32892 33189 
32983 33491 33122 32751 
33121 33546 33333 32373 
33223 33507 33450 32047 
33217 33344 33444 31775 
33159 33116 33336 31628 
33012 32798 33111 31607 
32847 32495 32861 31786 
32664 32205 32611 32066 
32496 31988 32394 32453 
32353 31825 32227 32867 
32232 31749 32131 33237 
32247 31871 32197 33564 
32316 32059 32334 33714 
32459 32386 32567 33698 
32673 32781 32833 33535 
32875 33150 33059 33172 
33059 33488 33221 32753 
33234 33767 33322 32345 
33341 33921 33320 32002 
33339 33881 33177 31770 
33228 33665 32930 31695 
32993 33314 32603 31806 
32775 32920 32350 32105 
32481 32429 32108 32464 
32237 32006 32020 32903 
32041 31662 32039 33297 
31944 31474 32179 33577 
31942 31424 32391 33681 
32071 31574 32686 33657 
32297 31846 32957 33457 
32547 32167 33125 33136 
32792 32551 33212 32786 
33053 32968 33232 32478 
33232 33335 33124 32202 
33344 33627 32972 32048 
33374 33819 32796 32024 
33352 33878 32666 32105 
33238 33818 32573 32255 
33092 33644 32563 32425 
32914 33377 32611 32573 
32747 33059 32710 32692 
32591 32717 32838 32764 
32481 32360 32950 32780 
32368 32022 32987 32734 
32331 31800 32956 32733 
32320 31675 32848 32723 
32330 31677 32676 32759 
32374 31815 32479 32847 
32410 32014 32280 32969 
32451 32289 32139 33102 
32522 32605 32114 33242 
32576 32888 32147 33291 
32668 33151 32316 33285 
32795 33376 32576 33213 
32923 33484 32850 33033 
33057 33532 33138 32778 
33205 33487 33369 32486 
33339 33411 33536 32219 
33393 33260 33557 31975 
33368 33072 33462 31785 
33258 32870 33270 31711 
33066 32663 33010 31769 
32831 32478 32721 31942 
32517 32289 32435 32224 
32190 32117 32172 32565 
31914 31949 31973 32935 
31672 31803 31841 33295 
31593 31743 31844 33626 
31659 31767 31939 33852 
31928 31954 32179 33976 
32251 32188 32429 33900 
32700 32578 32775 33725 
33163 33032 33085 33398 
33586 33471 33340 32949 
33914 33893 33528 32472 
34063 34166 33615 31986 
34040 34283 33608 31582 
33820 34176 33484 31318 
33448 33855 33271 31219 
32970 33352 32983 31287 
32458 32750 32676 31573 
32020 32147 32419 32041 
31676 31597 32186 32562 
31460 31183 32003 33073 
31492 31018 31944 33596 
31668 31081 31961 33990 
31990 31379 32077 34189 
32407 31898 32281 34235 
32822 32478 32521 34040 
33202 33074 32762 33673 
33476 33599 32968 33181 
33607 33965 33119 32623 
33598 34123 33231 32118 
33447 34049 33242 31718 
33153 33731 33128 31475 
32812 33296 32968 31421 
32501 32817 32787 31587 
32226 32344 32614 31907 
32109 32019 32538 32316 
32132 31859 32544 32763 
32214 31788 32548 33075 
32444 31968 32696 33382 
32682 32210 32815 33475 
32932 32530 32973 33470 
33116 32846 33060 33331 
33221 33103 33081 33107 
33210 33247 32981 32820 
33099 33266 32829 32556 
32919 33201 32626 32374 
32692 33025 32401 32263 
32463 32809 32207 32254 
32249 32554 32050 32296 
32179 32404 32058 32485 
32208 32316 32157 32675 
32330 32330 32358 32870 
32520 32416 32597 33020 
32786 32609 32907 33133 
33027 32800 33179 33153 
33212 32963 33373 33063 
33345 33113 33533 32930 
33330 33142 33523 32703 
33222 33119 33445 32497 
32998 32986 33224 32279 
32705 32783 32929 32141 
32386 32533 32586 32080 
32135 32312 32266 32144 
31968 32157 32014 32300 
31915 32071 31855 32538 
31978 32072 31806 32810 
32185 32219 31921 33120 
32478 32429 32158 33373 
32830 32725 32475 33558 
33175 33035 32852 33605 
33439 33287 33172 33483 
33623 33500 33455 33263 
33637 33567 33590 32894 
33545 33546 33630 32499 
33324 33405 33523 32111 
32978 33129 33260 31757 
32624 32801 32939 31547 
32283 32461 32596 31539 
32052 32200 32331 31760 
31896 31971 32109 32062 
31867 31845 31997 32466 
31949 31838 32009 32917 
32129 31944 32132 33369 
32382 32140 32311 33727 
32691 32441 32563 33982 
32968 32748 32805 34076 
33182 33037 32965 34070 
33348 33317 33101 33964 
33424 33531 33173 33663 
33389 33603 33158 33012 
33245 33555 33081 31974 
33054 33401 32978 30687 
32781 33088 32801 29422 
32500 32742 32635 28741 
32308 32415 32514 29021 
32168 32122 32415 30333 
32111 31915 32350 32506 
32148 31822 32340 35052 
32312 31928 32449 37275 
32502 32126 32598 38664 
32730 32410 32801 38967 
32927 32729 32970 38089 
33079 33056 33123 36249 
33218 33358 33219 33764 
33370 33636 33222 30918 
33602 33963 33180 28090 
33740 34169 33048 25610 
33509 34009 32828 24039 
32754 33283 32598 23726 
31486 31956 32398 24954 
29949 30146 32229 27606 
28743 28418 32111 31485 
28770 27740 32118 35910 
30376 28668 32189 40075 
33454 31393 32360 43357 
37159 35385 32580 45037 
40294 39510 32835 44700 
41514 42268 33062 42273 
40351 42740 33236 38083 
37029 40674 33314 32782 
32419 36615 33322 27160 
27965 31678 33239 22349 
24725 26962 33014 19228 
23015 23046 32741 18316 
22725 20304 32535 19884 
23350 18848 32339 23757 
24595 19157 32199 29116 
26742 21556 32163 35020 
30441 26159 32254 40504 
36057 32842 32459 44670 
43249 40819 32687 46820 
50303 48520 32965 46635 
55028 54451 33187 44164 
55333 57340 33343 39858 
49955 56399 33387 34367 
39484 51354 33315 28671 
26857 43049 33124 23993 
15033 32340 32885 20920 
6897 20442 32587 19875 
4252 8776 32344 21033 
7238 516 32134 23981 
14547 90 32034 28188 
24388 50 32040 32832 
35117 6161 32149 37271 
44969 18675 32328 40645 
52887 34593 32544 42494 
57935 51188 32784 42694 
59135 64803 32933 41159 
56010 65443 33079 38455 
48769 65496 33152 35108 
38382 65508 33133 31656 
26380 65511 33114 28734 
14738 55676 33047 26687 
6296 38501 32965 25860 
3193 20228 32904 26227 
6095 3538 32880 27570 
14483 152 32843 29553 
26768 61 32818 31821 
39894 42 32793 33853 
51451 5810 32745 35392 
59195 15647 32657 36259 
61693 30916 32581 36403 
58354 47667 32447 35875 
50063 62348 32342 34920 
38182 65401 32219 33743 
24844 65502 32177 32670 
12274 65531 32213 31847 
3565 65535 32304 31390 
1059 51079 32476 31386 
5443 30912 32705 31718 
15693 10635 32922 32218 
29731 290 33162 32759 
43988 46 33345 33180 
55860 28 33478 33399 
62851 4017 33487 33356 
63644 15203 33422 33071 
58760 28463 33235 32593 
49611 41049 33019 32067 
37895 51093 32758 31594 
25433 57691 32542 31375 
14649 60237 32383 31428 
6857 58944 32260 31715 
3216 54138 32191 32241 
4194 46101 32151 32847 
10014 35320 32178 33548 
19340 23841 32196 34109 
31080 13264 32302 34489 
43431 5457 32380 34549 
54774 1808 32506 34331 
62725 2994 32656 33884 
65416 8354 32806 33232 
64154 16702 32985 32495 
54748 26671 33187 31806 
42732 36664 33375 31270 
29118 45287 33537 30990 
16138 52052 33587 30922 
6193 56702 33557 31118 
992 59134 33472 31566 
1037 59152 33235 32103 
5903 56977 32948 32707 
14444 52746 32594 33259 
25395 46569 32224 33705 
36688 38980 31904 33960 
47047 30216 31697 34047 
55309 20843 31641 33950 
60431 11496 31692 33661 
61821 3058 31892 33311 
59178 171 32174 32932 
52973 88 32484 32576 
43999 65 32801 32304 
33279 7906 33083 32122 
22820 19960 33270 32073 
14102 34940 33404 32142 
8305 50633 33491 32315 
6079 64226 33479 32510 
7334 65424 33411 32673 
11556 65488 33337 32797 
17969 65499 33204 32790 
25883 65500 33074 32726 
34640 57198 32947 32602 
43450 42375 32796 32438 
51346 26512 32618 32270 
57115 12257 32438 32190 
59562 1838 32268 32203 
57964 105 32091 32348 
52467 60 31927 32571 
43941 5416 31881 32955 
34056 15895 31872 33331 
24523 28636 32002 33712 
16720 41139 32226 33960 
11648 51164 32528 34051 
9924 56482 32918 33990 
11189 56479 33243 33670 
15056 51767 33564 33235 
20853 43579 33744 32629 
27611 34405 33827 32011 
34654 26107 33758 31478 
41237 20012 33533 31070 
47146 16740 33241 30883 
51260 16544 32885 30952 
53228 18927 32512 31241 
52565 23499 32228 31816 
48893 29563 31970 32462 
42323 36441 31783 33147 
34073 42856 31740 33807 
25435 47771 31804 34311 
18114 50223 31991 34649 
13413 49453 32204 34681 
12229 45336 32500 34477 
14633 38926 32817 34050 
19799 31393 33093 33440 
26592 24241 33328 32761 
34025 18802 33515 32048 
40709 16175 33588 31429 
45591 16682 33601 31029 
48022 19862 33492 30799 
47770 24950 33335 30836 
44896 30970 33102 31091 
40178 36526 32842 31548 
34447 40658 32601 32167 
28719 42704 32356 32816 
23923 42504 32128 33417 
21228 40599 31998 33960 
21049 37701 31944 34291 
23477 34760 31956 34398 
28269 32542 32078 34324 
34280 31554 32291 34070 
39878 31591 32481 33623 
43754 32176 32663 33079 
44840 32830 32858 32548 
42676 33162 33002 32038 
37870 33054 33112 31681 
31523 32535 33177 31508 
25171 31723 33235 31527 
20195 30605 33217 31678 
17599 29155 33222 31972 
17930 27464 33177 32293 
21141 25882 33140 32639 
26764 24924 33063 32924 
34090 25309 32947 33123 
41695 27517 32805 33198 
48497 31557 32644 33182 
53085 36906 32516 33113 
54155 42524 32327 32939 
51084 46972 32183 32794 
44202 49231 32059 32669 
34692 48726 32020 32639 
24116 45244 32043 32664 
14714 39128 32136 32746 
9004 31800 32338 32910 
7717 24216 32613 33086 
10983 17574 32871 33174 
18089 12961 33100 33171 
27991 11197 33342 33089 
38114 12735 33476 32896 
47067 17438 33521 32640 
53363 24755 33504 32350 
55873 33903 33363 32043 
54190 43219 33200 31868 
48779 51333 32974 31759 
40807 56752 32752 31834 
31737 58228 32529 32007 
23032 55195 32321 32332 
16647 48179 32145 32716 
13534 38496 32032 33143 
14068 27974 31921 33489 
18123 18672 31926 33784 
24803 12458 32001 33895 
32313 10540 32210 33886 
39335 12426 32463 33665 
44683 17320 32771 33348 
47474 23954 33059 32892 
47362 31233 33329 32394 
44662 37597 33581 31993 
39942 42347 33691 31635 
34074 45152 33689 31469 
28006 45957 33577 31462 
22711 44919 33365 31644 
19441 42471 33064 31964 
18892 39118 32706 32345 
21361 35472 32374 32789 
26575 31937 32075 33194 
33184 29111 31861 33534 
39835 27178 31759 33733 
44899 26269 31795 33811 
47039 26287 31949 33709 
45595 27013 32198 33493 
40942 28071 32492 33165 
34442 29135 32837 32828 
27768 30007 33135 32467 
22631 30747 33372 32168 
20387 31525 33482 31979 
21135 32578 33447 31908 
24274 33983 33292 31977 
28623 35623 33035 32131 
33224 37287 32759 32400 
37075 38448 32502 32662 
39937 38953 32352 32941 
41631 38733 32291 33127 
42142 37910 32358 33243 
41273 36669 32545 33248 
38877 35062 32761 33129 
35009 32985 32954 32906 
30158 30389 33106 32666 
25383 27434 33225 32472 
21742 24446 33161 32273 
20578 22430 33030 32201 
22320 22023 32775 32215 
26723 23634 32524 32366 
32874 27129 32279 32585 
39099 31847 32063 32820 
43574 36437 31999 33076 
45346 40160 32037 33277 
44033 42497 32185 33378 
40057 43438 32468 33397 
34456 43027 32792 33293 
28805 41548 33118 33098 
24231 39107 33339 32794 
21693 35906 33522 32493 
21404 31948 33555 32179 
23403 27708 33498 31976 
26994 23792 33294 31844 
31564 20912 33015 31850 
36304 19698 32678 31949 
40549 20643 32365 32221 
43462 23820 32089 32547 
44438 28590 31954 32959 
43347 34226 31898 33309 
40393 39814 32004 33617 
36038 44422 32207 33814 
30786 47310 32492 33828 
25839 47843 32811 33684 
21766 46026 33070 33363 
19326 42042 33269 32941 
19111 36194 33412 32462 
21420 29258 33432 32011 
25902 22323 33346 31634 
31819 16494 33145 31404 
38201 13097 32913 31378 
43969 13277 32688 31592 
47587 17486 32478 31979 
48494 24959 32349 32471 
46642 34389 32295 32998 
42397 43727 32272 33479 
36556 51268 32356 33873 
30376 55161 32455 34055 
24838 54929 32601 34070 
20700 50615 32699 33844 
18507 42987 32783 33450 
18458 33704 32861 32973 
20320 24226 32877 32434 
23771 16282 32925 31982 
28462 11187 32922 31612 
33747 10118 32848 31392 
39197 13209 32790 31402 
43932 19872 32734 31624 
46987 28831 32651 32014 
47504 38109 32627 32545 
45187 45929 32559 33031 
40608 51119 32559 33556 
34765 52805 32609 33937 
28861 50770 32726 34122 
24544 45740 32832 34056 
22273 38689 32966 33777 
21976 30806 33041 33282 
23440 23384 33101 32704 
26119 18089 33070 32091 
29550 15840 32978 31571 
33310 17013 32831 31221 
36863 21279 32641 31114 
39709 27804 32504 31345 
40980 34629 32365 31751 
40312 40453 32293 32353 
37719 44149 32308 33022 
33603 45114 32336 33617 
29179 43539 32468 34094 
25431 39989 32635 34338 
23348 35332 32813 34312 
23661 30449 32948 34011 
26557 26411 33023 33474 
31494 24002 33080 32865 
37527 23471 33077 32229 
43296 24884 33049 31685 
47374 27886 32948 31301 
48397 31666 32846 31160 
45876 35542 32720 31272 
39992 38684 32595 31607 
31744 40594 32506 32147 
22817 40887 32416 32720 
15294 39627 32384 33311 
10601 37047 32379 33813 
9777 33631 32401 34102 
13308 30050 32514 34207 
20588 27051 32648 34076 
30517 25072 32820 33710 
41389 24364 32950 33153 
51681 25093 33129 32553 
59132 27023 33262 31963 
62169 29685 33315 31475 
60295 32623 33285 31171 
53851 35545 33186 31141 
43582 38234 32967 31320 
31172 40525 32739 31766 
18706 42223 32490 32363 
7810 43108 32240 32991 
612 42831 32028 33552 
77 41032 31987 34059 
46 37178 31982 34262 
10122 31795 32122 34239 
23266 25490 32381 34011 
38072 19389 32624 33545 
52040 14960 32889 33000 
62405 13511 33075 32394 
65411 15621 33238 31961 
65483 20805 33291 31644 
63640 28115 33243 31516 
51762 36369 33138 31595 
39615 44018 32992 31832 
26733 50248 32851 32155 
14839 54319 32785 32549 
5485 55632 32745 32887 
408 53763 32706 33130 
69 48749 32722 33256 
5397 40901 32738 33252 
15342 31141 32715 33146 
28462 20789 32703 32983 
42099 11909 32606 32779 
53681 6335 32518 32670 
61408 4924 32397 32590 
63792 7893 32308 32612 
60643 14831 32234 32676 
52886 24615 32232 32794 
42393 35497 32314 32926 
30990 46039 32466 33032 
20556 54633 32714 33101 
12702 59864 32987 33074 
8303 60666 33209 32917 
7744 56928 33413 32731 
10824 49256 33524 32507 
17304 38688 33492 32237 
25888 28179 33394 32063 
35540 19383 33233 32003 
44939 13638 32947 32009 
52761 11492 32682 32156 
57144 12637 32413 32374 
56919 16140 32186 32673 
51868 21070 32001 32940 
42797 26749 31891 33192 
31489 32754 31875 33380 
20497 38607 31980 33538 
13106 43416 32138 33560 
10494 46838 32401 33511 
12837 48208 32692 33358 
19180 47197 33009 33146 
27290 43928 33276 32830 
35425 39084 33490 32498 
42236 33675 33658 32205 
46863 28752 33700 31941 
48966 25030 33601 31729 
48246 23219 33379 31643 
44860 23158 33116 31728 
39005 24320 32757 31880 
31371 26308 32450 32215 
23566 28579 32169 32589 
17576 30737 31964 32967 
14910 32752 31860 33321 
16446 34640 31884 33617 
22005 36504 32022 33815 
29908 38136 32255 33861 
38193 39274 32490 33705 
44891 39681 32734 33471 
48556 39058 32987 33161 
48431 37141 33120 32733 
45013 34306 33239 32355 
39375 31010 33289 32014 
32878 27937 33246 31766 
26784 25726 33137 31639 
22344 24915 32970 31661 
20034 25600 32791 31856 
20077 27533 32652 32154 
22298 30352 32534 32555 
26413 33477 32461 32955 
31519 36351 32403 33286 
36959 38783 32462 33603 
41487 40421 32536 33746 
44194 41053 32649 33726 
44346 40332 32769 33534 
42036 38147 32855 33214 
37964 34539 32919 32814 
33103 29880 32915 32376 
28535 24977 32901 32023 
25324 21109 32836 31788 
23873 19272 32742 31687 
24302 20211 32666 31813 
26455 24112 32596 32073 
29730 30131 32549 32423 
33361 36881 32532 32811 
36656 43133 32546 33153 
38836 47646 32583 33422 
39546 49659 32706 33620 
38506 48599 32744 33577 
36218 44876 32841 33454 
33204 38989 32890 33188 
30110 31598 32913 32823 
27866 24356 32975 32513 
26780 18412 32978 32244 
26932 14530 32909 32000 
28356 13475 32864 31958 
30681 15319 32741 31976 
33449 19856 32615 32162 
36098 26338 32475 32398 
38102 33936 32381 32702 
38984 41584 32318 32981 
38544 48334 32296 33220 
37042 52914 32409 33429 
34829 54614 32568 33495 
32504 52992 32744 33428 
30614 48189 32953 33270 
29329 40686 33128 32995 
28684 31997 33252 32672 
28413 23431 33328 32358 
28282 16388 33303 32089 
28295 11893 33177 31867 
28726 10699 32937 31750 
29999 12768 32682 31785 
32181 17466 32450 31965 
35021 23944 32263 32271 
37886 31412 32190 32673 
39742 38633 32161 33031 
40166 44930 32218 33359 
39060 49779 32376 33637 
36671 52711 32543 33729 
33725 53361 32780 33760 
30874 51372 32877 33552 
28505 46981 32943 33284 
26735 40464 32968 32990 
25663 32169 32874 32636 
25660 23478 32810 32371 
26934 15415 32722 32156 
29671 9337 32684 32050 
33490 6423 32681 31999 
37440 7720 32755 32023 
40350 13154 32874 32119 
41412 22019 32990 32206 
40377 32952 33130 32341 
37444 44341 33192 32414 
33571 53958 33217 32544 
29646 60364 33104 32615 
26529 62561 32946 32744 
24677 60130 32701 32868 
24435 53495 32433 33028 
25820 43635 32171 33199 
28784 31592 31970 33386 
32888 19237 31861 33544 
37188 8599 31898 33638 
40775 1190 32007 33621 
42766 94 32254 33517 
42517 54 32558 33248 
40058 9446 32894 32891 
35932 22385 33212 32464 
31094 37740 33485 32057 
26502 53154 33669 31674 
23320 64639 33707 31430 
22083 65455 33642 31330 
23001 65506 33455 31398 
25956 65517 33170 31632 
30087 56208 32825 31990 
34573 40157 32500 32432 
38338 23112 32190 32945 
40623 8064 31926 33430 
41039 295 31776 33860 
39791 59 31732 34125 
37351 45 31773 34213 
34352 10476 31982 34184 
31364 23974 32250 33939 
29011 38505 32598 33579 
27664 51652 32971 33130 
27622 61016 33256 32564 
29166 64338 33567 32055 
31805 61059 33749 31619 
34798 52080 33781 31282 
37198 38934 33680 31070 
38228 24017 33497 31086 
37344 10936 33209 31282 
34800 2167 32861 31614 
31332 99 32506 32122 
