31923 31963 31948 33408 
31923 31963 31948 33408 
32102 32081 32039 33827 
32423 32353 32281 34059 
32781 32673 32577 34066 
33136 32999 32895 33859 
33352 33206 33133 33428 
33455 33298 33302 32973 
33428 33278 33383 32519 
33255 33123 33337 32122 
32936 32834 33140 31822 
32619 32572 32929 31741 
32316 32346 32674 31812 
32136 32265 32487 32047 
32082 32297 32377 32343 
32147 32445 32325 32609 
32352 32679 32403 32840 
32660 32980 32583 33011 
32946 33219 32758 33048 
33238 33403 32960 33005 
33407 33435 33093 32898 
33460 33323 33157 32767 
33356 33063 33114 32681 
33095 32695 32955 32615 
32784 32299 32738 32651 
32440 31958 32479 32755 
32157 31740 32262 32897 
31952 31687 32083 33033 
31899 31835 32038 33145 
31999 32120 32103 33172 
32226 32519 32299 33120 
32540 32955 32572 32972 
32855 33326 32867 32739 
33143 33619 33158 32470 
33353 33777 33387 32204 
33479 33780 33526 31987 
33465 33630 33541 31871 
33352 33384 33444 31921 
33119 33018 33202 32041 
32825 32592 32885 32289 
32548 32220 32571 32649 
32280 31876 32257 33025 
32062 31614 31979 33349 
31933 31514 31808 33588 
31964 31604 31810 33733 
32097 31828 31933 33702 
32324 32182 32195 33550 
32630 32640 32551 33273 
32949 33108 32942 32875 
33175 33511 33259 32436 
33379 33844 33530 32050 
33502 34044 33683 31754 
33491 34052 33683 31584 
33359 33861 33515 31577 
33134 33500 33235 31725 
32820 32993 32859 31992 
32489 32427 32468 32359 
32236 31919 32182 32819 
32004 31456 31947 33216 
31876 31170 31826 33544 
31916 31160 31881 33800 
32068 31387 32059 33865 
32335 31854 32324 33780 
32655 32439 32614 33556 
33003 33090 32915 33238 
33248 33653 33109 32803 
33462 34116 33273 32403 
33536 34346 33341 32053 
33502 34315 33340 31794 
33328 34026 33238 31626 
33021 33483 33055 31602 
32719 32862 32871 31727 
32399 32192 32668 31968 
32160 31625 32525 32313 
32017 31243 32402 32734 
31930 31074 32281 33116 
31963 31160 32222 33475 
32118 31491 32209 33748 
32352 32040 32269 33916 
32678 32714 32426 33928 
32945 33333 32569 33747 
33170 33873 32744 33432 
33332 34179 32935 33013 
33387 34250 33114 32534 
33355 34082 33277 32073 
33238 33690 33390 31688 
33025 33144 33383 31415 
32792 32539 33286 31290 
32645 32066 33149 31414 
32512 31714 32915 31675 
32456 31600 32629 32082 
32490 31732 32370 32599 
32572 32047 32142 33119 
32674 32456 32026 33610 
32751 32878 32009 33970 
32754 33184 32078 34127 
32687 33352 32236 34107 
32548 33312 32447 33901 
32383 33078 32681 33540 
32205 32711 32872 33113 
32061 32255 32996 32619 
32045 31899 33069 32170 
32145 31721 33091 31842 
32363 31788 33048 31629 
32764 32130 33025 31626 
33154 32644 32962 31716 
33563 33277 32926 31919 
33883 33889 32918 32151 
34021 34331 32927 32435 
33976 34524 32944 32713 
33678 34334 32906 32897 
33268 33881 32886 33092 
32724 33125 32763 33170 
32204 32328 32642 33247 
31789 31557 32508 33298 
31487 30923 32343 33261 
31382 30564 32185 33178 
31480 30557 32110 33095 
31777 30915 32135 33008 
32144 31542 32211 32866 
32584 32387 32377 32738 
33026 33291 32632 32626 
33348 34051 32861 32499 
33564 34565 33085 32387 
33645 34808 33273 32330 
33572 34687 33376 32265 
33453 34330 33443 32301 
33233 33714 33381 32324 
32986 32980 33230 32355 
32729 32238 32989 32417 
32551 31651 32743 32539 
32404 31261 32483 32692 
32305 31102 32240 32802 
32221 31160 32046 32920 
32212 31465 31986 33079 
32202 31887 32009 33174 
32267 32413 32196 33306 
32337 32903 32436 33326 
32426 33301 32704 33243 
32550 33601 32969 33100 
32720 33769 33208 32907 
32891 33782 33362 32655 
33105 33696 33465 32406 
33244 33463 33389 32142 
33335 33191 33245 31975 
33346 32881 33001 31880 
33267 32579 32721 31885 
33183 32393 32516 32091 
33006 32255 32326 32340 
32768 32142 32182 32616 
32519 32122 32134 32936 
32299 32134 32172 33214 
32148 32202 32296 33444 
32125 32440 32673 33582 
32225 32579 32852 33469 
32425 32752 33015 33262 
32650 32907 33142 32955 
32904 33089 33222 32683 
33080 33215 33215 32383 
33194 33271 33173 32137 
33154 33215 33000 31961 
33030 33080 32795 31895 
32871 32919 32593 31968 
32682 32737 32384 32150 
32500 32563 32232 32399 
32416 32441 32167 32700 
32387 32361 32176 32944 
32441 32341 32273 33152 
32629 32447 32527 33330 
32818 32561 32797 33371 
32985 32658 33044 33259 
33130 32790 33263 33087 
33180 32871 33405 32836 
33147 32919 33425 32592 
33055 32945 33358 32408 
32863 32895 33164 32262 
32612 32805 32872 32211 
32327 32654 32521 32221 
32197 32602 32279 32406 
32116 32543 32071 32593 
32119 32513 31966 32777 
32237 32533 31957 32927 
32462 32619 32090 33049 
32757 32773 32328 33122 
33041 32928 32634 33119 
33274 33053 32939 33043 
33411 33129 33230 32906 
33419 33118 33416 32753 
33311 33021 33511 32605 
33067 32829 33442 32432 
32765 32589 33243 32330 
32459 32359 32973 32315 
32174 32155 32630 32334 
32000 32035 32311 32431 
31977 32040 32103 32617 
32014 32101 31948 32768 
32190 32297 31954 32940 
32482 32586 32132 33117 
32810 32925 32415 33218 
33101 33227 32733 33217 
33321 33478 33041 33110 
33466 33646 33326 32940 
33501 33671 33510 32701 
33430 33592 33581 32467 
33252 33364 33498 32220 
33003 33039 33279 32038 
32732 32682 32972 31948 
32477 32327 32634 31995 
32327 32117 32359 32202 
32161 31918 32076 32434 
32115 31864 31953 32758 
32115 31897 31956 33082 
32184 32029 32084 33385 
32302 32216 32298 33602 
32412 32380 32521 33651 
32562 32579 32772 33572 
32707 32749 32937 33377 
32847 32905 33022 33081 
32961 33027 33003 32738 
33092 33183 32975 32441 
33190 33303 32890 32204 
33240 33374 32822 32034 
33242 33414 32789 31973 
33195 33397 32812 32016 
33079 33299 32869 32088 
32949 33172 32975 32236 
32747 32955 33069 32392 
32571 32700 33152 32568 
32382 32403 33160 32703 
32263 32134 33091 32823 
32171 31911 32891 32889 
32149 31764 32637 32925 
32264 31810 32399 33019 
32418 31946 32129 33073 
32611 32209 31943 33131 
32801 32516 31830 33178 
32973 32864 31885 33227 
33043 33119 32014 33211 
33050 33306 32277 33164 
32995 33394 32620 33076 
32875 33357 32966 32930 
32768 33260 33306 32808 
32695 33140 33581 32745 
32688 33015 33732 32703 
32727 32917 33737 32558 
32832 32855 33630 32185 
32911 32749 33350 31452 
32923 32642 32976 30539 
32895 32512 32575 29771 
32833 32419 32221 29571 
32637 32247 31884 30197 
32458 32129 31713 31763 
32283 32056 31717 33976 
32138 32020 31875 36314 
32106 32084 32166 38156 
32160 32225 32537 39062 
32314 32446 32917 38835 
32542 32728 33223 37424 
32899 33133 33485 35155 
33296 33568 33586 32423 
33787 34077 33577 29526 
34284 34585 33429 26812 
34515 34879 33166 24633 
34203 34694 32862 23538 
33192 33745 32548 23794 
31517 31997 32281 25510 
29567 29715 32137 28827 
28180 27690 32066 33016 
28176 26867 32082 37442 
29957 27930 32217 41460 
33239 30880 32422 44314 
37185 35171 32685 45420 
40209 39287 32901 44406 
41295 42017 33061 41368 
40005 42443 33169 36748 
36604 40408 33176 31147 
32166 36528 33092 25602 
28066 31967 32934 21187 
25124 27560 32729 18623 
23548 23766 32513 18345 
23150 20897 32391 20556 
23507 19302 32299 24736 
24568 19438 32324 30244 
26766 21736 32464 36108 
30862 26504 32671 41450 
36987 33332 32927 45242 
44402 41305 33126 46904 
51317 48950 33293 46246 
55566 54800 33367 43299 
54681 57162 33319 38773 
48290 55652 33171 33407 
37421 50205 32897 28068 
24354 41334 32607 23648 
12910 30275 32336 20965 
5658 18224 32103 20283 
4030 6903 31974 21616 
8036 289 31973 24731 
16066 77 32066 28862 
26304 45 32261 33358 
37043 8325 32550 37476 
47062 22133 32836 40567 
54746 38563 33086 42106 
59307 55176 33281 42044 
59950 65177 33425 40574 
56019 65466 33457 37867 
47985 65499 33357 34605 
36874 65513 33210 31389 
24332 65513 32986 28667 
12359 52162 32693 26833 
4264 33676 32445 26266 
2066 15162 32193 26800 
6079 722 32031 28283 
15458 103 32004 30335 
28349 53 32076 32587 
41663 38 32259 34552 
53150 6672 32562 35961 
60458 19738 32849 36597 
62169 36446 33117 36403 
58067 52899 33377 35605 
49077 64953 33522 34354 
36792 65459 33496 32876 
23050 65516 33379 31552 
11065 65535 33154 30621 
3287 65525 32862 30211 
1689 47028 32547 30328 
7057 25419 32278 30976 
17974 5316 32093 31959 
31725 154 31976 33015 
45555 34 31980 33972 
56811 28 32132 34675 
62594 6573 32391 34969 
62001 18649 32650 34796 
56075 32064 32882 34196 
46300 44225 33131 33338 
34133 53701 33287 32308 
22260 59138 33415 31464 
12460 60460 33410 30825 
6032 57975 33336 30528 
3809 51869 33119 30557 
6227 42808 32879 30981 
12917 31732 32586 31662 
22926 20140 32326 32510 
35013 9821 32100 33375 
47412 2894 31937 34094 
57523 948 31928 34588 
63900 3757 32046 34756 
65402 10486 32291 34667 
60639 19989 32641 34296 
51359 30210 33007 33702 
38692 39958 33324 32969 
25032 48269 33596 32252 
12565 54643 33738 31605 
3985 58536 33679 31131 
402 60073 33508 30920 
1805 59165 33190 30941 
7905 56001 32811 31235 
17201 50844 32407 31701 
28271 44053 32074 32310 
39487 35893 31843 32930 
49680 26593 31684 33448 
57250 17131 31726 33861 
61551 8170 31927 34093 
61956 892 32236 34141 
58402 122 32562 33957 
51277 78 32914 33628 
41669 166 33218 33237 
30908 11583 33422 32781 
20645 24778 33619 32414 
12206 40430 33614 32044 
7087 55457 33524 31815 
5569 65143 33338 31707 
7412 65457 33051 31737 
12240 65493 32738 31868 
19302 65501 32428 32138 
27743 65494 32176 32470 
36849 51734 31985 32810 
45814 36077 31894 33109 
53641 20517 31926 33359 
58739 7833 32106 33546 
60162 394 32372 33605 
57337 76 32656 33497 
50465 59 32960 33275 
41290 9282 33196 32970 
31187 20904 33400 32667 
21869 33843 33509 32358 
14688 45471 33466 32088 
10466 53821 33322 31911 
9627 57077 33108 31876 
11727 55148 32845 31931 
16274 49038 32598 32115 
22463 40498 32392 32413 
29483 31551 32255 32738 
36597 23946 32162 33032 
43246 18778 32168 33316 
48749 16603 32267 33510 
52371 17262 32423 33610 
53608 20363 32604 33578 
51935 25375 32794 33428 
47123 31826 32925 33141 
39883 38565 33014 32813 
31248 44607 33022 32454 
22856 48848 33013 32192 
16062 50216 32896 31954 
12656 48262 32787 31891 
12802 43345 32695 31980 
16150 36331 32577 32140 
22052 28604 32566 32431 
29266 21791 32608 32744 
36383 17289 32694 33018 
42400 15716 32813 33221 
46550 17237 32977 33331 
48057 21482 33088 33282 
46794 27162 33132 33110 
43262 33282 33138 32893 
38072 38588 32998 32605 
32208 42244 32836 32368 
26829 43601 32607 32217 
22868 42816 32403 32175 
21049 40391 32195 32242 
21853 37152 32085 32429 
25180 34160 32078 32685 
30387 32006 32161 32958 
36297 31005 32352 33213 
41459 30912 32580 33353 
44396 31380 32855 33430 
44341 31908 33116 33359 
41245 32211 33324 33169 
35575 32216 33439 32846 
29159 31990 33475 32520 
23294 31508 33412 32210 
19181 30678 33248 31961 
17605 29323 32989 31812 
18929 27685 32701 31813 
22943 26149 32411 31984 
29053 25375 32135 32248 
36408 26116 31971 32633 
43766 28692 31898 33023 
49888 33049 31960 33400 
53383 38517 32140 33680 
53108 43789 32423 33847 
48876 47729 32777 33826 
41128 49214 33062 33560 
31132 47846 33339 33197 
21254 43702 33528 32750 
13332 37367 33561 32249 
9000 29839 33482 31811 
9186 22213 33315 31544 
13663 15917 33015 31421 
21458 11925 32703 31513 
31260 10978 32415 31828 
40861 13367 32164 32226 
48784 18913 32050 32715 
53708 26969 32009 33198 
54772 36594 32097 33632 
51877 45899 32242 33909 
45674 53567 32480 34011 
37414 58003 32728 33915 
28507 58149 32958 33651 
20932 53738 33131 33238 
15890 45599 33230 32743 
14299 35357 33317 32299 
16283 24794 33267 31885 
21172 16421 33106 31568 
27930 11517 32907 31490 
35064 10631 32701 31618 
41271 13404 32486 31902 
45470 18838 32322 32299 
46994 25685 32215 32751 
45703 32833 32179 33187 
42056 38709 32203 33499 
36894 42997 32377 33731 
30992 45288 32599 33769 
25296 45637 32867 33639 
21056 44249 33084 33345 
19127 41633 33255 32937 
20072 38293 33351 32486 
24044 34798 33387 32109 
30066 31629 33274 31770 
36949 29164 33083 31627 
43080 27562 32807 31654 
46954 26868 32540 31879 
47383 26981 32323 32241 
44160 27531 32120 32619 
38225 28273 32055 33033 
30934 28889 32079 33366 
24470 29402 32211 33593 
20339 29935 32385 33654 
19350 30760 32618 33591 
21402 32127 32837 33401 
25467 33936 32996 33135 
30322 35959 33031 32812 
34979 37872 33068 32574 
38780 39191 33001 32373 
41369 39710 32935 32283 
42683 39406 32849 32262 
42623 38386 32772 32264 
41067 36832 32751 32322 
37891 34776 32787 32382 
33341 32152 32832 32379 
28053 28991 32901 32380 
23472 25752 32974 32386 
20668 23001 32973 32364 
20647 21585 32945 32384 
23691 22148 32821 32457 
29057 24808 32690 32640 
35424 29038 32502 32846 
41166 33932 32333 33126 
44766 38346 32194 33409 
45378 41531 32114 33632 
42925 43186 32140 33761 
38014 43316 32253 33769 
32079 42167 32435 33609 
26477 40048 32680 33317 
22455 37176 32933 32908 
20639 33587 33126 32397 
21354 29754 33301 31950 
24216 25987 33400 31579 
28560 22842 33394 31334 
33763 20995 33294 31260 
38905 21077 33167 31432 
42928 23113 32968 31741 
45259 26871 32708 32144 
45437 31907 32483 32678 
43214 37352 32300 33222 
39085 41914 32104 33657 
33745 45073 32038 34001 
28048 46326 32055 34197 
22691 45407 32144 34187 
18940 42490 32295 33997 
17335 37915 32521 33647 
18312 32154 32766 33202 
22041 25652 32991 32640 
27829 19939 33220 32135 
34722 15807 33349 31662 
41528 14412 33454 31356 
46979 16494 33431 31182 
49833 21985 33341 31209 
49707 30024 33160 31416 
46685 39075 32950 31789 
41291 47424 32702 32277 
34748 52970 32497 32835 
28176 54737 32280 33328 
22611 52499 32147 33756 
18764 46453 32112 34082 
17241 38105 32114 34161 
17941 28799 32208 34059 
20545 20090 32337 33819 
24719 13374 32479 33423 
29839 10153 32596 32996 
35409 10916 32664 32528 
40873 15672 32778 32166 
45197 23385 32863 31897 
47493 32629 32952 31746 
47124 41565 33041 31720 
44046 48800 33139 31841 
39084 52819 33268 32022 
33317 53250 33353 32246 
28141 50208 33399 32457 
24514 44310 33363 32656 
22930 36783 33255 32820 
23100 28730 33014 32872 
24664 21585 32696 32883 
27315 16696 32401 32937 
30454 15081 32091 32973 
33743 16934 31839 33015 
36741 21693 31679 33077 
38879 28322 31680 33166 
39488 35048 31802 33247 
38335 40592 32076 33314 
35564 43938 32435 33335 
31750 44757 32830 33248 
27999 43176 33194 33051 
25278 39846 33531 32817 
24345 35550 33705 32485 
25784 31139 33780 32183 
29413 27582 33697 31885 
34640 25391 33477 31665 
40307 24884 33173 31552 
45268 26117 32836 31594 
47924 28635 32504 31769 
47408 31848 32231 32060 
43391 34994 32023 32432 
36303 37523 31893 32872 
27784 38896 31865 33322 
19378 38932 31941 33707 
12862 37719 32107 34027 
9610 35422 32321 34163 
10442 32538 32582 34147 
15399 29679 32837 33948 
23910 27311 33059 33549 
34362 25965 33235 33085 
45175 25742 33352 32525 
54587 26748 33450 32021 
60828 28724 33395 31471 
62272 31263 33344 31184 
58811 33951 33195 31054 
51137 36516 33021 31142 
40064 38854 32780 31412 
27591 40777 32581 31896 
15308 42118 32402 32448 
4968 42592 32234 33025 
195 41686 32073 33526 
59 39214 32065 33953 
313 34924 32080 34164 
13587 29190 32190 34191 
28071 22701 32404 34046 
42778 17299 32611 33724 
55650 14141 32830 33309 
64312 14183 33030 32833 
65453 17681 33153 32357 
65486 23923 33234 31988 
59094 31667 33159 31672 
48428 39793 33097 31618 
35592 47071 32913 31667 
22639 52336 32730 31868 
11148 55137 32587 32137 
2833 55092 32518 32503 
126 51727 32516 32822 
56 45396 32589 33084 
7960 36632 32710 33226 
19459 26618 32842 33283 
33080 17013 32984 33212 
46434 9524 33035 33045 
57225 5581 33039 32864 
63491 5903 32942 32655 
63802 10585 32816 32528 
58753 18508 32580 32404 
49731 28583 32405 32447 
38409 39225 32258 32545 
26637 49171 32148 32711 
16812 56520 32170 32934 
10081 60171 32271 33119 
7195 59429 32482 33283 
8249 54125 32716 33299 
12920 45527 32959 33223 
20461 35287 33175 33022 
29740 25395 33323 32727 
39825 17610 33437 32424 
48793 13182 33374 32080 
55309 12141 33275 31836 
57889 13865 33081 31708 
55570 17618 32815 31732 
48589 22471 32511 31889 
38397 28005 32296 32244 
27018 33675 32082 32642 
17053 39317 31992 33156 
11073 44159 31962 33580 
10546 47293 32089 33934 
14684 48294 32286 34076 
22022 46922 32568 34039 
30591 43246 32838 33738 
38375 38177 33098 33304 
44396 32753 33336 32778 
48061 27973 33492 32208 
49080 24574 33527 31689 
47370 23006 33458 31319 
43047 23084 33302 31178 
36565 24385 33075 31242 
28802 26422 32784 31543 
21589 28691 32487 31998 
16682 31027 32285 32584 
15405 33223 32122 33158 
18219 35277 32025 33634 
24660 37279 32083 34013 
32763 38835 32183 34141 
40480 39719 32349 34063 
46124 39642 32556 33807 
48198 38225 32686 33335 
46567 35708 32795 32877 
42063 32420 32823 32406 
36069 29130 32891 32093 
29784 26418 32891 31865 
24730 25050 32907 31802 
21554 25283 32927 31876 
20664 27023 33026 32097 
22060 29916 33121 32345 
25288 33114 33204 32549 
29845 36148 33236 32698 
34966 38600 33268 32799 
39670 40176 33189 32802 
42927 40724 33018 32740 
44029 40121 32808 32694 
42617 38178 32529 32647 
39140 34993 32232 32672 
34421 30748 31945 32707 
29701 26138 31791 32881 
25763 21852 31703 33047 
23691 19351 31795 33252 
23688 19517 31993 33400 
25476 22473 32315 33459 
28635 27864 32712 33429 
32543 34771 33117 33262 
36231 41497 33443 32960 
39047 46919 33699 32600 
40439 50032 33848 32251 
39952 50113 33786 31862 
37884 47274 33626 31623 
34777 41992 33374 31550 
31345 35076 33040 31600 
28281 27450 32641 31788 
26378 20664 32319 32141 
25762 15547 32006 32521 
26533 12977 31798 32976 
28525 13327 31679 33384 
31315 16587 31733 33755 
34350 22190 31860 33951 
37060 29445 32120 34029 
38902 37541 32419 33905 
39431 45025 32749 33622 
38636 50973 33078 33235 
36818 54506 33384 32778 
34427 54862 33591 32276 
32167 51788 33743 31894 
30392 45656 33701 31554 
29270 37460 33547 31394 
28656 28301 33293 31412 
28297 20076 32998 31616 
28014 13843 32620 31895 
28098 10665 32355 32342 
28717 10742 32091 32781 
30264 13866 31932 33207 
32734 19345 31920 33587 
35621 26294 31963 33821 
38262 33854 32148 33916 
39736 40899 32353 33824 
39722 46910 32584 33612 
38321 51330 32820 33308 
35963 53679 32978 32904 
33287 53665 33100 32477 
30803 51105 33209 32131 
28676 45913 33242 31865 
27089 38609 33202 31711 
26169 29905 33099 31706 
26281 20903 32969 31862 
27705 12921 32775 32106 
30473 7405 32615 32440 
34055 5479 32447 32789 
37580 7935 32341 33143 
39884 14531 32285 33382 
40341 24384 32324 33550 
38866 35881 32473 33615 
35880 47125 32616 33478 
32257 56328 32815 33247 
28904 61948 32996 32935 
26373 62962 33086 32561 
25268 59443 33182 32266 
25614 51754 33163 32031 
27416 41045 33048 31876 
30565 28709 32853 31843 
34493 16495 32639 31958 
38408 6200 32436 32188 
41452 323 32270 32478 
42631 73 32192 32814 
41607 131 32192 33092 
38511 12354 32263 33320 
34060 26577 32480 33523 
29260 42100 32675 33540 
25149 56575 32911 33479 
22546 65193 33122 33322 
21979 65481 33253 33063 
23631 65511 33333 32787 
27025 65510 33316 32481 
31452 51480 33191 32212 
36044 33938 32986 31987 
39387 17304 32710 31853 
41123 3984 32459 31883 
41028 138 32229 32026 
39332 48 32041 32247 
