33374 33301 33508 31989 
33374 33301 33508 31989 
33413 33397 33579 31713 
33352 33374 33544 31561 
33210 33239 33422 31556 
33004 33017 33215 31696 
32755 32721 32941 31938 
32552 32441 32674 32305 
32405 32218 32439 32748 
32273 32030 32211 33161 
32196 31923 32033 33531 
32172 31908 31935 33821 
32216 31997 31925 33982 
32276 32149 31996 33990 
32335 32354 32117 33832 
32445 32599 32319 33577 
32568 32876 32568 33241 
32685 33133 32814 32788 
32871 33394 33090 32374 
33233 33718 33542 31647 
33372 33721 33648 31461 
33433 33571 33635 31350 
33430 33329 33534 31434 
33336 32997 33344 31625 
33152 32622 33071 31948 
32939 32280 32768 32366 
32625 31932 32389 32786 
32386 31778 32097 33252 
32160 31710 31847 33618 
32048 31843 31733 33931 
32007 32041 31749 34065 
32082 32350 31928 34066 
32208 32633 32180 33905 
32348 32855 32487 33594 
32489 32988 32767 33191 
32609 33036 33016 32728 
32697 33005 33184 32304 
32764 32934 33274 31942 
32803 32836 33243 31675 
32851 32795 33154 31577 
32926 32812 33010 31609 
33029 32889 32881 31747 
33163 33028 32817 31981 
33294 33183 32804 32248 
33377 33274 32825 32513 
33395 33299 32897 32764 
33316 33218 32955 32956 
33120 32993 32956 33074 
32846 32693 32898 33156 
32557 32380 32791 33243 
32238 32043 32592 33245 
31953 31771 32346 33245 
31758 31599 32104 33221 
31641 31573 31910 33182 
31721 31748 31854 33164 
31908 32029 31922 33099 
32196 32393 32105 32979 
32543 32840 32393 32834 
32924 33284 32742 32653 
33308 33698 33141 32464 
33609 33982 33448 32222 
33819 34132 33707 32049 
33889 34125 33843 31932 
33783 33888 33789 31850 
33538 33489 33598 31857 
33216 33006 33324 31974 
32818 32435 32966 32142 
32418 31877 32593 32426 
32057 31392 32225 32737 
31742 31064 31876 33029 
31611 31001 31676 33351 
31614 31183 31592 33613 
31785 31604 31680 33818 
32040 32188 31882 33879 
32409 32870 32225 33855 
32733 33463 32547 33637 
33061 33978 32928 33329 
33291 34217 33238 32893 
33467 34256 33526 32453 
33527 34058 33682 32015 
33504 33711 33745 31656 
33355 33205 33619 31356 
33196 32730 33420 31252 
33055 32358 33183 31357 
32876 32043 32862 31585 
32683 31886 32527 31996 
32562 31906 32304 32518 
32399 31977 32098 33012 
32240 32064 31967 33483 
32132 32219 31963 33897 
32061 32347 32039 34118 
32079 32477 32216 34197 
32137 32567 32411 34018 
32321 32704 32659 33718 
32569 32852 32902 33276 
32796 32980 33048 32722 
33083 33170 33163 32218 
33306 33332 33202 31800 
33427 33427 33138 31487 
33393 33423 32984 31397 
33263 33352 32813 31537 
33041 33167 32632 31846 
32777 32932 32514 32268 
32504 32636 32446 32752 
32313 32378 32484 33193 
32183 32122 32557 33492 
32205 32006 32750 33678 
32353 32006 32980 33683 
32517 32053 33114 33422 
32734 32223 33232 33106 
32904 32419 33240 32703 
33046 32662 33147 32329 
33090 32879 32949 32035 
33017 33018 32634 31860 
32909 33146 32348 31875 
32779 33248 32127 32085 
32641 33274 31969 32395 
32521 33245 31918 32774 
32515 33213 32041 33178 
32531 33095 32249 33483 
32574 32915 32512 33635 
32678 32724 32851 33655 
32749 32465 33125 33452 
32808 32256 33347 33136 
32827 32091 33476 32703 
32847 32049 33517 32280 
32821 32077 33428 31892 
32802 32244 33276 31666 
32742 32447 33016 31579 
32714 32709 32733 31718 
32685 33004 32477 32075 
32631 33190 32224 32481 
32542 33256 32020 32942 
32504 33227 31937 33403 
32464 33090 31964 33768 
32436 32864 32068 33953 
32487 32660 32301 33936 
32615 32524 32625 33746 
32745 32444 32933 33352 
32920 32468 33216 32826 
33076 32587 33434 32273 
33274 32811 33602 31857 
33304 32940 33542 31464 
33266 33032 33414 31319 
33127 33056 33167 31406 
32885 32945 32847 31658 
32605 32744 32519 32081 
32355 32535 32264 32609 
32139 32312 32070 33145 
31991 32131 31946 33556 
32017 32123 32006 33893 
32187 32255 32181 34024 
32395 32452 32368 33924 
32715 32782 32659 33720 
33022 33090 32928 33378 
33235 33337 33110 32935 
33402 33511 33278 32519 
33442 33555 33337 32132 
33352 33434 33298 31820 
33179 33189 33176 31661 
32893 32828 32955 31605 
32588 32433 32713 31703 
32327 32117 32501 32014 
32096 31826 32298 32328 
31970 31670 32184 32724 
31920 31652 32138 33088 
32014 31805 32221 33453 
32227 32093 32396 33715 
32518 32475 32615 33815 
32849 32928 32883 33766 
33142 33351 33063 33495 
33463 33811 33269 33175 
33631 34086 33358 32712 
33744 34247 33397 32290 
33690 34194 33324 31892 
33490 33905 33142 31601 
33141 33391 32882 31465 
32735 32779 32601 31555 
32329 32123 32376 31855 
31942 31487 32174 32266 
31683 31032 32050 32766 
31564 30792 32018 33229 
31642 30857 32101 33637 
31896 31229 32277 33904 
32282 31832 32510 33967 
32714 32547 32763 33829 
33129 33283 32979 33538 
33410 33875 33093 33082 
33576 34253 33145 32611 
33589 34382 33127 32189 
33439 34259 33046 31885 
33190 33902 32941 31745 
32898 33425 32822 31769 
32618 32925 32735 31947 
32434 32471 32710 32254 
32331 32134 32739 32596 
32317 31922 32780 32880 
32401 31852 32860 33083 
32541 31944 32941 33207 
32651 32078 32960 33174 
32766 32270 32938 33062 
32841 32473 32866 32877 
32812 32590 32686 32636 
32795 32728 32525 32488 
32729 32783 32324 32395 
32672 32824 32177 32413 
32609 32820 32064 32490 
32592 32837 32071 32695 
32631 32900 32203 32983 
32654 32919 32382 33222 
32711 32977 32661 33434 
32751 33018 32948 33498 
32772 33029 33180 33413 
32811 33051 33397 33186 
32820 33026 33497 32822 
32846 33005 33503 32396 
32892 32988 33423 32002 
32901 32927 33240 31656 
32910 32820 32989 31462 
32900 32690 32724 31460 
32904 32576 32516 31689 
32865 32422 32351 32090 
32751 32229 32210 32532 
32586 32046 32114 33006 
32417 31893 32077 33448 
32281 31862 32117 33853 
32187 31938 32180 34138 
32163 32151 32299 34353 
32261 32507 32480 34473 
32378 32863 32619 34282 
32594 33277 32828 33727 
32806 33604 32986 32688 
33029 33824 33164 31314 
33248 33907 33337 29952 
33372 33800 33439 28994 
33439 33580 33493 28930 
33432 33294 33473 29861 
33366 32980 33380 31631 
33199 32626 33192 33767 
32979 32292 32960 35796 
32730 32041 32682 37176 
32482 31858 32412 37700 
32236 31754 32150 37324 
32045 31763 31957 36169 
31969 31884 31835 34313 
32103 32189 31836 32156 
32454 32689 31946 29849 
32862 33273 32152 27766 
32993 33618 32377 26201 
32640 33441 32655 25693 
31759 32610 32919 26435 
30528 31185 33093 28411 
29608 29790 33223 31409 
29770 29191 33312 35083 
31398 30074 33330 38597 
34387 32540 33294 41327 
37852 36114 33281 42762 
40625 39675 33231 42416 
41449 41866 33145 40237 
39958 41900 33083 36602 
36428 39578 32974 31993 
31833 35511 32866 27213 
27555 30829 32697 23204 
24534 26472 32518 20716 
23027 22919 32296 20210 
22813 20395 32087 21819 
23427 19097 31923 25424 
24584 19387 31817 30292 
26631 21691 31858 35644 
30193 26145 31975 40579 
35848 32857 32245 44357 
42912 40680 32554 46152 
49948 48376 32917 45818 
54734 54335 33236 43338 
55160 57333 33539 39127 
49747 56349 33731 33789 
39735 51497 33778 28535 
27224 43270 33711 24041 
15412 32590 33533 21007 
7100 20510 33252 19899 
4382 8818 32839 20814 
7311 538 32431 23558 
14631 92 32118 27623 
24452 50 31800 32210 
35043 5894 31679 36676 
45190 18451 31714 40368 
53237 34303 31868 42591 
58368 50888 32165 43242 
59696 64589 32521 42270 
56691 65435 32943 39964 
49339 65496 33280 36637 
38765 65507 33536 33032 
26442 65507 33652 29707 
14597 57115 33651 27139 
5754 40838 33478 25628 
2033 22252 33225 25354 
4645 5277 32879 26199 
13034 185 32550 27923 
25338 67 32290 30171 
39225 44 32110 32546 
51734 320 32061 34650 
60203 13911 32101 36111 
63237 28781 32275 36885 
60460 45169 32477 36897 
52388 60238 32651 36230 
40190 65361 32908 35204 
26247 65497 33066 33924 
13002 65526 33162 32713 
3316 65535 33194 31747 
119 53800 33148 31133 
2009 33941 33021 30900 
12905 13625 32854 31064 
26768 465 32684 31503 
41622 58 32530 32077 
54672 31 32409 32643 
62865 103 32337 33103 
64776 12638 32281 33325 
61081 25312 32371 33443 
52318 38043 32459 33286 
40704 48457 32667 33064 
27995 55766 32877 32741 
16176 59577 33067 32382 
6945 59737 33228 32109 
2130 56272 33340 31984 
2218 49390 33342 31959 
7265 39777 33255 32102 
16724 28244 33071 32350 
28903 17146 32869 32673 
42080 8198 32567 32957 
54279 3068 32331 33263 
63537 2397 32135 33462 
65437 6063 32016 33568 
65500 13004 32022 33559 
58851 21933 32151 33464 
47690 31413 32325 33259 
32668 40668 32564 33004 
18159 48483 32819 32739 
6472 54627 33055 32483 
342 58778 33233 32254 
71 60625 33329 32064 
87 59971 33366 31952 
10425 56775 33301 31909 
21557 51180 33168 31938 
33556 43360 32910 31982 
45193 33604 32677 32157 
54468 22943 32445 32417 
60483 12194 32265 32737 
62450 2546 32134 33076 
60082 151 32078 33390 
53750 83 32165 33691 
44623 59 32324 33857 
34038 6981 32564 33861 
23584 19002 32881 33749 
14522 34735 33115 33418 
8845 51051 33348 33004 
7073 64207 33424 32486 
8847 65431 33452 32029 
13403 65492 33339 31600 
20101 65504 33121 31338 
27894 65501 32847 31284 
36194 53538 32589 31455 
44246 37750 32325 31801 
51141 21980 32121 32259 
55928 8149 32029 32824 
57172 383 32026 33350 
54707 76 32115 33786 
48784 55 32285 34036 
40305 8630 32535 34110 
31102 20389 32810 33992 
22584 33638 33045 33662 
16139 46011 33221 33210 
12471 55181 33322 32698 
11991 59146 33334 32220 
14261 57282 33237 31857 
18571 50609 33029 31622 
24228 41007 32774 31602 
30570 30489 32536 31779 
36736 21684 32387 32125 
42286 15714 32270 32474 
46895 13256 32281 32864 
50131 14167 32352 33146 
51408 18106 32541 33347 
50249 24178 32787 33402 
46460 31576 32983 33266 
40278 39395 33149 33039 
32387 46535 33258 32761 
24452 51430 33245 32484 
17893 53200 33148 32270 
13937 51375 32961 32174 
13246 45966 32683 32219 
15837 38226 32433 32414 
20943 29558 32226 32698 
27543 21592 32067 32957 
34695 15797 32025 33235 
40960 13369 32120 33423 
45616 14439 32321 33477 
47930 18558 32578 33378 
47561 24851 32862 33146 
44706 31807 33106 32798 
40004 38166 33327 32437 
34298 42789 33427 32102 
28496 44979 33430 31841 
23865 44593 33345 31719 
21196 42133 33173 31757 
21036 38526 32971 31944 
23560 34706 32703 32218 
28334 31732 32475 32591 
34187 30135 32301 32988 
39713 29704 32116 33303 
43547 30171 32044 33575 
44567 31008 32037 33738 
42368 31787 32106 33750 
37585 32338 32263 33655 
31328 32628 32466 33457 
24994 32584 32686 33157 
20277 32147 32962 32848 
17915 31092 33189 32465 
18423 29524 33404 32153 
21705 27698 33560 31899 
27422 26240 33626 31739 
34567 25918 33561 31673 
42086 27360 33424 31764 
48684 30670 33151 31903 
53070 35501 32828 32152 
53876 40697 32480 32453 
50595 45082 32162 32772 
43620 47611 31914 33064 
33824 47501 31761 33304 
23434 44622 31785 33531 
14631 39395 31900 33632 
9080 32601 32087 33595 
7927 25417 32391 33540 
11342 18826 32684 33399 
18417 14183 32907 33171 
27753 12197 33099 32951 
37679 13331 33211 32729 
46676 17712 33288 32533 
52941 24856 33301 32368 
55436 33679 33294 32256 
53879 42880 33243 32164 
48720 50904 33175 32071 
40939 56375 33120 32012 
32198 57786 33038 31975 
23983 54745 32930 31968 
17766 47761 32781 32009 
14654 37912 32650 32144 
15188 27360 32466 32346 
18972 18455 32277 32616 
25062 12689 32141 32966 
32039 10786 32002 33309 
38732 12804 31999 33686 
43610 17750 32055 33958 
46076 24338 32206 34093 
45851 31321 32429 34070 
43201 37570 32703 33856 
38515 42384 32967 33456 
33026 44995 33197 32960 
27493 45644 33401 32439 
22938 44574 33536 31928 
20259 42090 33567 31490 
20312 38761 33471 31200 
23210 35246 33272 31104 
28507 31969 33006 31224 
35013 29330 32739 31555 
41403 27494 32470 32091 
45847 26568 32211 32661 
47067 26481 32023 33230 
44767 27018 31902 33747 
39443 27906 31913 34110 
32340 28849 32040 34257 
25654 29735 32250 34192 
20964 30569 32530 33927 
19325 31560 32846 33496 
20818 32882 33137 32953 
24721 34536 33363 32350 
29756 36403 33563 31915 
34628 38014 33617 31561 
38549 38996 33504 31388 
41259 39193 33287 31424 
42608 38578 32993 31656 
42553 37362 32629 32005 
41130 35838 32325 32453 
38227 34058 32092 32912 
33774 31852 31931 33280 
28685 29339 31946 33577 
23978 26593 32062 33695 
20856 24066 32268 33680 
20319 22497 32558 33542 
22789 22553 32825 33277 
27821 24535 33050 32944 
34129 28159 33214 32622 
40229 32752 33322 32350 
44529 37283 33335 32141 
45936 40946 33223 32014 
44099 43122 33048 32000 
39646 43814 32829 32079 
33654 43176 32582 32238 
27514 41372 32358 32457 
22863 38679 32221 32719 
20421 35174 32175 32976 
20428 31016 32202 33168 
22854 26605 32349 33323 
27153 22637 32585 33387 
32343 19901 32801 33302 
37666 19031 33037 33148 
42276 20392 33219 32920 
45357 23946 33301 32628 
46275 29291 33338 32350 
44787 35425 33242 32109 
41107 41295 33019 31924 
35875 45961 32777 31898 
29845 48678 32549 32026 
24181 48892 32359 32281 
19650 46589 32214 32585 
17058 42006 32098 32905 
17075 35672 32118 33238 
19918 28179 32212 33483 
25167 20931 32422 33668 
31985 14946 32614 33649 
39158 11643 32869 33523 
45308 11947 33048 33237 
49325 16441 33210 32880 
50289 24312 33277 32437 
48269 34250 33324 32088 
43639 44198 33259 31791 
37155 52288 33095 31607 
30319 56612 32868 31615 
24189 56563 32619 31811 
19632 52216 32372 32133 
17179 44172 32140 32562 
17154 34128 32025 33056 
19235 23922 31992 33478 
23068 15231 32093 33801 
28185 9647 32327 33960 
34215 8272 32640 33908 
40042 11539 32958 33645 
45073 18741 33306 33283 
48203 28368 33539 32773 
48657 38690 33669 32251 
46116 47447 33657 31791 
41121 53279 33483 31436 
34738 55220 33155 31278 
28376 53105 32784 31355 
23487 47418 32364 31621 
20917 39468 32056 32104 
20555 30485 31834 32621 
22141 22091 31765 33177 
25219 15691 31830 33657 
29202 12823 32022 33991 
33608 13906 32335 34171 
37715 18557 32627 34101 
40900 25871 32897 33847 
42329 33858 33128 33494 
41550 40903 33236 33040 
38626 45781 33281 32610 
34066 47758 33242 32212 
28988 46649 33126 31871 
24752 43169 33031 31683 
22285 38118 32887 31592 
22424 32610 32812 31627 
25442 27592 32827 31793 
30784 23936 32803 31950 
37287 22339 32843 32210 
43508 22780 32829 32475 
48004 25087 32806 32764 
49362 28688 32710 33043 
46949 32714 32598 33328 
41020 36356 32449 33558 
32608 39051 32281 33714 
23275 40453 32144 33758 
15145 40325 32096 33725 
10025 38747 32098 33562 
8893 36134 32227 33337 
12146 32983 32420 33015 
19515 29822 32673 32642 
29584 27344 32995 32307 
40853 25763 33261 31957 
51310 25330 33473 31698 
59234 26109 33596 31558 
62768 27876 33633 31572 
61156 30238 33494 31705 
54866 33006 33243 31956 
44811 35924 32883 32271 
32253 38857 32519 32691 
19418 41373 32187 33130 
8030 43132 31908 33487 
538 43704 31784 33793 
73 42461 31804 33934 
45 39151 31982 33949 
9034 33822 32272 33781 
22038 27219 32593 33436 
37091 20566 32947 33020 
51340 15533 33217 32492 
61980 13599 33467 32051 
65402 15179 33567 31664 
65483 20026 33521 31427 
65313 27274 33360 31354 
53103 35417 33108 31497 
40958 43189 32821 31812 
27730 49553 32522 32230 
15273 53722 32283 32743 
5179 55166 32153 33263 
258 53456 32083 33649 
63 48595 32119 33906 
1237 40976 32277 34008 
13519 31211 32455 33873 
26598 21232 32618 33573 
40449 12630 32728 33149 
52735 7022 32826 32724 
61372 5442 32860 32313 
64331 8181 32855 32032 
61778 14720 32829 31868 
54534 24016 32814 31861 
44294 34622 32850 31996 
32642 45255 32910 32215 
22018 53980 33034 32506 
13792 59489 33154 32746 
8943 60729 33238 32891 
7882 57391 33247 32932 
10568 49816 33199 32911 
16413 39820 33030 32795 
24611 29195 32781 32640 
34133 20042 32495 32516 
43549 13821 32201 32463 
51598 11097 31921 32485 
56362 11732 31756 32619 
56802 14892 31761 32850 
52439 19760 31891 33103 
43972 25572 32138 33348 
32856 31965 32477 33519 
22216 38135 32904 33603 
14288 43546 33228 33473 
10934 47612 33534 33256 
12589 49524 33707 32885 
18237 48843 33730 32471 
25992 45677 33636 32075 
34046 40568 33412 31716 
40993 34569 33114 31499 
46074 28761 32778 31438 
48623 24359 32454 31552 
48551 21840 32194 31847 
45735 21274 31987 32225 
40142 22364 31851 32678 
32834 24544 31847 33178 
24999 27274 31922 33619 
18491 30171 32095 33975 
15015 32944 32312 34148 
15861 35518 32564 34127 
20835 37871 32889 33990 
28539 39723 33122 33597 
37023 40917 33369 33147 
44345 41077 33528 32587 
48579 39976 33622 32039 
49092 37592 33638 31585 
46042 34133 33478 31213 
40362 30228 33257 31062 
33593 26748 32984 31126 
27259 24491 32675 31387 
22422 23878 32388 31883 
19763 24941 32131 32458 
19504 27424 31928 33053 
21622 30700 31841 33609 
25665 34120 31888 34055 
30945 37148 32035 34302 
36546 39442 32233 34309 
41418 40797 32481 34099 
44319 40932 32722 33715 
44672 39779 32895 33212 
42502 37300 33028 32679 
38306 33544 33117 32200 
33284 29051 33145 31846 
28512 24545 33130 31625 
25024 21084 33085 31607 
23443 19700 33072 31775 
23940 21052 33040 31985 
26196 25050 33017 32248 
29671 30979 32985 32495 
33713 37665 32981 32728 
37392 43762 32909 32826 
39855 47935 32824 32870 
40596 49521 32718 32855 
39464 48218 32558 32810 
36825 44296 32425 32789 
33210 38194 32241 32770 
29594 31098 32080 32799 
26733 24078 32012 32925 
25161 18233 32010 33112 
25067 14405 32071 33284 
26526 13418 32236 33461 
29153 15266 32430 33497 
32576 19764 32720 33486 
36147 26356 33032 33333 
39059 34028 33286 33001 
40769 41625 33502 32612 
40948 48285 33666 32187 
39594 52928 33701 31766 
37021 54772 33605 31428 
33994 53327 33399 31247 
31136 48679 33140 31291 
28835 41456 32824 31506 
27259 32590 32468 31882 
26469 23935 32250 32438 
26106 16599 32013 32962 
26245 11804 31844 33480 
27103 10229 31783 33938 
28913 11966 31797 34204 
31735 16439 31930 34302 
35148 22748 32089 34190 
38468 30035 32328 33922 
40826 37433 32622 33515 
41476 43957 32910 33025 
40331 49135 33193 32512 
37844 52580 33483 32056 
34568 53889 33670 31617 
31422 52825 33778 31370 
28777 49266 33777 31228 
26850 43363 33642 31232 
25786 35287 33455 31477 
25757 26026 33107 31806 
27025 17314 32746 32188 
29624 10176 32356 32647 
33220 5978 32037 33133 
36957 5722 31736 33529 
39680 9829 31562 33803 
40679 17852 31602 33998 
39549 28496 31742 33997 
36633 40362 32033 33888 
32812 51020 32378 33631 
29041 58977 32738 33303 
26116 62922 33056 32916 
24502 62130 33270 32507 
24518 56891 33390 32175 
26194 47974 33433 31964 
29261 36425 33313 31801 
33543 23697 33171 31805 
37999 12011 33023 31923 
41721 3001 32847 32067 
43828 138 32746 32280 
43685 56 32728 32492 
41102 6512 32745 32658 
36733 18520 32801 32797 
31510 33543 32860 32852 
26487 48899 32854 32870 
22662 62016 32830 32897 
20813 65410 32701 32878 
21360 65501 32567 32956 
24015 65515 32363 33001 
28156 57505 32139 33076 
33013 42147 31989 33160 
37312 25234 31905 33207 
40337 10193 31984 33263 
41509 520 32132 33208 
40944 66 32428 33101 
38972 44 32760 32876 
36276 9133 33096 32598 
33409 22003 33432 32334 
30839 36456 33677 32067 
29006 50201 33803 31859 
28408 60263 33803 31737 
29159 64473 33670 31755 
31072 62213 33392 31887 
33525 54054 33018 32090 
35632 41225 32584 32390 
36534 26429 32201 32785 
35685 12972 31830 33136 
33309 3402 31570 33460 
30121 149 31493 33740 
26920 3215 31592 33936 
