31992 31699 32458 33778 
31992 31699 32458 33778 
32193 31755 32638 33487 
32523 31984 32907 33130 
32839 32234 33069 32651 
33226 32630 33261 32263 
33549 33025 33340 31926 
33734 33351 33269 31670 
33800 33613 33148 31637 
33690 33724 32920 31759 
33457 33696 32664 32001 
33105 33531 32389 32357 
32703 33257 32155 32741 
32284 32921 31996 33061 
31971 32587 31960 33334 
31786 32353 32093 33560 
31746 32185 32294 33606 
31832 32109 32567 33536 
32052 32126 32880 33341 
32282 32163 33137 33028 
32612 32284 33378 32737 
32917 32418 33520 32436 
33137 32506 33494 32184 
33275 32574 33330 32021 
33335 32617 33067 31987 
33243 32619 32697 32044 
33133 32677 32381 32255 
32956 32728 32103 32502 
32797 32835 31975 32822 
32644 32952 31963 33068 
32576 33131 32123 33294 
32580 33320 32415 33399 
32632 33490 32761 33383 
32721 33587 33113 33224 
32769 33534 33351 32921 
32806 33387 33506 32590 
32821 33118 33509 32264 
32748 32708 33367 31976 
32626 32244 33093 31796 
32503 31818 32781 31793 
32383 31489 32442 31942 
32300 31328 32147 32240 
32295 31364 31947 32629 
32401 31669 31916 33100 
32547 32107 31982 33500 
32777 32656 32195 33820 
33005 33238 32497 33940 
33204 33749 32806 33844 
33336 34119 33108 33560 
33377 34250 33346 33153 
33296 34150 33443 32655 
33110 33805 33422 32141 
32839 33291 33259 31736 
32489 32644 32962 31468 
32194 32047 32666 31475 
31993 31539 32421 31712 
31841 31179 32182 32078 
31875 31113 32118 32554 
32063 31301 32189 33038 
32340 31717 32347 33422 
32705 32325 32609 33675 
33108 33017 32911 33742 
33394 33599 33104 33544 
33611 34090 33286 33239 
33702 34353 33371 32862 
33588 34297 33294 32421 
33361 34019 33129 32100 
33023 33514 32865 31875 
32657 32932 32580 31850 
32342 32338 32322 32011 
32113 31851 32167 32325 
31981 31497 32071 32678 
31963 31352 32083 33057 
32045 31396 32172 33338 
32247 31674 32397 33539 
32526 32119 32686 33604 
32757 32554 32927 33469 
32952 32992 33135 33191 
33049 33343 33264 32804 
33118 33737 33344 32067 
33024 33660 33225 31804 
32913 33442 33041 31683 
32788 33141 32806 31765 
32686 32798 32547 31971 
32650 32495 32345 32337 
32632 32257 32174 32767 
32649 32123 32080 33214 
32665 32081 32070 33561 
32713 32190 32195 33837 
32740 32354 32396 33900 
32725 32538 32656 33779 
32675 32710 32937 33484 
32583 32820 33164 33038 
32530 32913 33354 32563 
32511 32951 33451 32070 
32546 32958 33448 31674 
32598 32912 33292 31416 
32724 32881 33086 31379 
32845 32828 32802 31514 
32973 32800 32513 31860 
33079 32799 32292 32344 
33147 32820 32143 32888 
33090 32779 32044 33360 
33009 32787 32084 33791 
32841 32757 32189 34042 
32677 32724 32388 34105 
32489 32663 32616 33975 
32366 32610 32859 33662 
32243 32506 33022 33182 
32224 32448 33155 32633 
32318 32478 33252 32130 
32453 32509 33238 31674 
32644 32590 33153 31379 
32812 32676 32996 31297 
32936 32728 32774 31400 
33030 32796 32580 31750 
33044 32826 32415 32218 
32958 32769 32284 32737 
32803 32695 32227 33285 
32662 32632 32268 33747 
32555 32607 32409 34056 
32525 32644 32613 34142 
32565 32744 32834 33997 
32661 32885 33032 33598 
32828 33056 33206 33107 
33007 33227 33311 32541 
33194 33365 33357 32036 
33261 33379 33251 31573 
33224 33274 33067 31326 
33101 33080 32837 31326 
32867 32792 32564 31541 
32591 32478 32344 31951 
32301 32165 32164 32477 
32020 31870 32055 33010 
31844 31676 32041 33471 
31816 31665 32146 33816 
31923 31781 32320 33942 
32188 32042 32565 33889 
32508 32375 32779 33595 
32876 32777 32959 33231 
33211 33163 33073 32803 
33457 33472 33099 32387 
33623 33723 33115 32136 
33618 33779 33066 31987 
33444 33651 32956 31960 
33166 33403 32867 32081 
32849 33074 32817 32274 
32535 32732 32807 32516 
32328 32464 32859 32742 
32168 32241 32874 32830 
32126 32134 32879 32828 
32224 32184 32878 32784 
32358 32283 32794 32643 
32595 32520 32729 32572 
32795 32721 32587 32502 
32906 32840 32406 32469 
32948 32881 32237 32527 
32928 32828 32118 32681 
32857 32706 32103 32908 
32766 32551 32168 33182 
32659 32363 32348 33402 
32561 32223 32568 33539 
32527 32187 32835 33576 
32523 32245 33078 33448 
32600 32460 33292 33206 
32777 32837 33486 32918 
32922 33224 33523 32493 
33091 33633 33480 32099 
33202 33941 33342 31765 
33274 34075 33165 31582 
33192 33952 32889 31502 
33000 33580 32594 31575 
32743 33017 32328 31845 
32415 32358 32093 32200 
32140 31715 31945 32666 
31925 31195 31867 33129 
31819 30877 31867 33561 
31912 30892 32024 33962 
32115 31189 32223 34154 
32414 31712 32487 34151 
32782 32414 32788 33963 
33161 33157 33104 33605 
33456 33840 33362 33094 
33659 34344 33558 32520 
33741 34638 33699 31989 
33630 34585 33675 31498 
33389 34286 33558 31194 
33025 33718 33314 31056 
32643 33056 33020 31161 
32279 32376 32673 31471 
32029 31804 32376 32005 
31899 31398 32101 32588 
31907 31246 31883 33205 
32083 31366 31808 33770 
32341 31676 31844 34156 
32660 32131 32008 34335 
32977 32638 32279 34318 
33174 33051 32567 34047 
33211 33289 32820 33584 
33101 33334 33003 33025 
32915 33255 33156 32505 
32657 33040 33214 32026 
32419 32777 33210 31681 
32252 32531 33122 31538 
32209 32400 33026 31577 
32327 32404 32951 31782 
32549 32539 32878 32075 
32867 32790 32854 32402 
33176 33075 32828 32679 
33479 33388 32858 32903 
33668 33594 32860 33019 
33676 33660 32828 33019 
33520 33557 32770 32949 
33216 33276 32686 32865 
32769 32825 32540 32754 
32301 32327 32415 32734 
31869 31831 32295 32785 
31479 31376 32150 32842 
31317 31139 32088 32999 
31388 31139 32127 33175 
31679 31401 32252 33330 
32155 31890 32480 33415 
32728 32523 32755 33403 
33292 33191 33039 33253 
33744 33778 33243 32922 
34026 34197 33402 32520 
34154 34458 33540 32150 
34023 34436 33544 31772 
33700 34152 33418 31474 
33227 33654 33180 31320 
32766 33129 32954 31403 
32307 32551 32679 31653 
31978 32048 32453 32121 
31725 31596 32216 32621 
31653 31335 32064 33202 
31683 31217 31946 33708 
31854 31280 31927 34118 
32145 31566 32035 34394 
32441 31938 32186 34420 
32725 32342 32386 34197 
33015 32816 32680 33846 
33231 33222 32950 33362 
33340 33548 33188 32890 
33389 33799 33407 32470 
33388 33944 33571 32070 
33300 33908 33593 31558 
33181 33773 33513 30844 
33016 33530 33317 29985 
32873 33255 33076 29251 
32705 32913 32751 29001 
32578 32588 32465 29612 
32491 32287 32223 31152 
32440 32034 32077 33468 
32368 31812 31979 35922 
32311 31667 31990 38001 
32260 31607 32076 39208 
32275 31709 32281 39368 
32296 31892 32493 38326 
32408 32199 32752 36406 
32588 32590 32984 33849 
32871 33074 33145 30936 
33307 33703 33238 27990 
33742 34326 33257 25516 
33854 34617 33182 23941 
33387 34278 33036 23582 
32258 33149 32835 24668 
30661 31321 32607 27232 
29352 29500 32487 30980 
29048 28401 32399 35304 
30280 28769 32394 39486 
33115 31018 32518 42911 
36689 34594 32700 44718 
39757 38355 32884 44573 
41165 41072 33038 42375 
40212 41755 33155 38358 
37129 40057 33192 33276 
32753 36462 33096 27861 
28436 32054 32975 23175 
25106 27662 32743 19911 
23315 24048 32483 18824 
22854 21353 32246 20044 
23313 19868 32083 23410 
24419 19880 32030 28490 
26408 21849 32096 34272 
29827 25925 32241 39637 
35270 32091 32503 43933 
42369 39610 32806 46368 
49702 47314 33088 46519 
54847 53327 33337 44443 
55722 56465 33489 40519 
51047 55969 33549 35415 
41189 51524 33454 29860 
28580 43762 33259 25009 
16258 33480 32974 21522 
7274 21859 32654 19958 
3697 10237 32360 20527 
5923 1068 32075 22961 
12807 102 31891 26834 
22605 52 31838 31431 
33682 5170 31900 36037 
44084 17134 32166 39832 
52695 32932 32480 42289 
58513 49780 32836 43091 
60549 64558 33158 42163 
58141 65431 33485 39913 
51261 65495 33633 36656 
40769 65510 33651 33028 
28023 65513 33533 29597 
15655 57543 33295 26986 
6026 41248 32960 25485 
1460 22804 32607 25248 
3238 5610 32319 26214 
10994 191 32082 28064 
23046 66 31949 30426 
37130 44 31952 32961 
49889 138 32035 35111 
59198 13716 32253 36672 
63207 28683 32506 37393 
61269 45615 32808 37290 
53462 61405 33025 36361 
41726 65380 33220 35026 
27870 65500 33320 33492 
14459 65528 33316 32050 
4192 65535 33216 30918 
212 53383 32979 30287 
5075 33517 32746 30226 
12213 12755 32488 30642 
25680 399 32320 31401 
40671 51 32239 32373 
53554 28 32246 33212 
62016 107 32353 33835 
64423 13160 32593 34161 
60866 26517 32868 34069 
52578 39276 33093 33641 
41226 49741 33282 33002 
28675 56769 33381 32293 
17047 60037 33395 31697 
7885 59440 33238 31282 
2907 55214 32979 31166 
2760 47810 32670 31397 
7435 37820 32373 31937 
16235 26416 32086 32581 
28121 15260 31911 33343 
40907 6731 31860 33995 
52944 2152 31935 34432 
62196 2202 32170 34590 
65410 6667 32490 34455 
65493 14322 32851 34025 
58813 23687 33155 33351 
47207 33490 33441 32655 
32726 42679 33594 31921 
18648 50157 33644 31350 
7240 55709 33517 30983 
650 59173 33349 30926 
77 60326 33079 31106 
1021 59049 32750 31472 
11179 55563 32487 32029 
22125 49908 32267 32642 
34144 42160 32073 33214 
45277 32993 31946 33673 
54399 22774 31895 33995 
60428 12423 31983 34165 
62495 2686 32140 34138 
60296 160 32344 33945 
54259 87 32608 33608 
45270 63 32885 33225 
34425 6270 33122 32732 
23827 17985 33375 32321 
14852 33004 33592 31975 
8793 48941 33635 31645 
6423 63395 33635 31516 
7622 65410 33469 31474 
11814 65489 33221 31580 
18199 65504 32924 31836 
26131 65504 32572 32142 
34990 56998 32259 32575 
43495 41701 32018 33016 
50933 25322 31813 33357 
56290 10916 31798 33696 
58391 780 31879 33884 
56549 84 32084 33928 
50990 56 32346 33787 
42724 6446 32647 33508 
33247 17622 33005 33220 
23930 30992 33250 32779 
16708 43715 33501 32390 
12262 53368 33626 32041 
10856 58101 33606 31737 
12395 57134 33449 31590 
16334 51238 33211 31649 
21840 42046 32852 31805 
28261 31915 32509 32102 
34991 22796 32181 32508 
41202 16616 31934 32942 
46493 13807 31795 33320 
50449 14413 31856 33665 
52476 18048 32069 33860 
51931 23835 32381 33857 
48535 31061 32768 33664 
42472 38772 33142 33327 
34391 45939 33485 32870 
25789 51130 33691 32362 
18514 53230 33749 31913 
13805 51731 33645 31575 
12459 46774 33393 31425 
14595 39076 33007 31454 
19657 30199 32575 31721 
26371 22141 32185 32144 
33633 16217 31882 32644 
40342 13465 31754 33216 
45432 14168 31741 33660 
48029 17933 31881 33959 
47920 23830 32174 34108 
45184 30570 32487 34023 
40314 36951 32814 33708 
34452 41656 33081 33314 
28548 43997 33243 32806 
23712 43954 33334 32357 
20847 41909 33334 31975 
20577 38667 33244 31713 
23082 35385 33104 31627 
27951 32873 32987 31689 
34063 31581 32856 31876 
40193 31515 32797 32143 
44632 32191 32751 32430 
45981 32983 32752 32720 
43914 33402 32708 32880 
38986 33364 32693 33044 
32169 32801 32655 33141 
25298 31796 32566 33163 
19755 30428 32475 33182 
16618 28664 32347 33152 
16543 26577 32242 33156 
19667 24666 32164 33118 
25402 23649 32206 33134 
32943 24111 32295 33107 
41111 26602 32499 33073 
48608 31118 32704 32916 
53752 37025 33008 32793 
55241 43066 33223 32509 
52562 48044 33445 32283 
45639 50722 33563 32048 
35682 50259 33555 31862 
24943 46712 33466 31770 
15451 40596 33266 31782 
9089 32847 32996 31924 
7231 24407 32678 32185 
10380 17170 32396 32580 
17437 12190 32127 32964 
26939 10139 31925 33352 
37210 11463 31810 33688 
46535 16219 31813 33943 
53018 23694 31955 34056 
55718 32862 32154 33966 
54229 42454 32440 33724 
48954 50863 32754 33352 
40903 56685 33098 32897 
31860 58402 33396 32396 
23397 55724 33637 31937 
17062 48912 33755 31529 
14027 39245 33787 31302 
14756 28885 33645 31207 
18867 19877 33388 31304 
25360 13838 33067 31599 
32826 11631 32716 32056 
39839 13185 32323 32573 
44939 17667 32007 33117 
47372 23804 31789 33600 
46924 30324 31701 33967 
43824 36297 31788 34179 
38778 40679 31955 34174 
32727 43312 32243 34005 
26602 44097 32521 33644 
21451 43279 32820 33243 
18407 41165 33013 32747 
18311 38380 33147 32306 
21340 35426 33212 31978 
27019 32669 33187 31754 
34402 30504 33182 31732 
41459 29061 33099 31776 
46785 28429 33056 31936 
48952 28445 33017 32144 
47241 28899 32982 32343 
42086 29451 32946 32515 
34927 29876 32943 32675 
27481 30006 32880 32751 
21638 30021 32794 32793 
18879 30193 32647 32826 
19474 30865 32469 32881 
22700 32182 32289 32978 
27444 33985 32147 33133 
32630 35976 32026 33289 
36978 37585 32026 33460 
40243 38543 32082 33553 
42274 38774 32259 33615 
42952 38316 32503 33534 
42070 37314 32767 33302 
39555 35838 33040 32968 
35429 33810 33249 32523 
30245 31166 33465 32104 
25212 28088 33551 31685 
21529 25082 33519 31384 
20330 22936 33399 31228 
22170 22435 33223 31263 
26870 24005 33012 31523 
33083 27292 32743 31870 
39329 31737 32514 32373 
43918 36179 32277 32914 
45680 39796 32057 33463 
43985 41930 31911 33940 
39618 42545 31897 34288 
33675 41896 31947 34425 
27656 40311 32086 34384 
22878 37923 32302 34128 
20443 34973 32582 33705 
20497 31530 32843 33120 
22913 27879 33108 32466 
27259 24512 33376 31845 
32616 22118 33553 31280 
37935 21339 33664 30935 
42445 22407 33640 30773 
45406 25317 33513 30852 
46207 29772 33278 31153 
44612 35000 32995 31698 
40887 39992 32652 32337 
35719 43960 32370 33059 
29803 46171 32074 33692 
24090 46311 31876 34206 
19650 44319 31803 34519 
17168 40392 31858 34578 
17151 34866 31954 34371 
19869 28439 32174 33986 
25078 21898 32441 33473 
31784 16546 32664 32877 
38865 13577 32896 32322 
45016 13990 33099 31896 
49063 18230 33218 31577 
50123 25638 33263 31448 
48215 34967 33307 31514 
43775 44375 33323 31734 
37492 51896 33279 31992 
30825 55792 33209 32260 
24840 55524 33170 32567 
20357 51135 33066 32774 
17946 43539 32941 32917 
17712 33799 32755 32963 
19534 24010 32559 32989 
22981 15651 32378 33001 
27644 10213 32194 33005 
33154 8760 32058 33036 
38793 11786 31958 33089 
43642 18577 31977 33214 
46819 27736 32023 33277 
47566 37472 32172 33329 
45460 46192 32372 33307 
40951 52106 32634 33197 
35207 54268 32897 33003 
29481 52645 33124 32681 
25105 47795 33367 32369 
22657 40424 33506 32012 
22247 32108 33550 31735 
23529 24136 33550 31586 
26047 17991 33465 31590 
29269 14800 33286 31697 
32976 15262 33055 31976 
36482 19173 32816 32350 
39175 25405 32515 32745 
40549 32566 32255 33174 
39992 39070 32010 33558 
37531 43505 31854 33848 
33642 45311 31747 33964 
29292 44568 31777 33960 
25491 41594 31912 33799 
23392 37262 32166 33518 
23676 32595 32478 33139 
26496 28457 32885 32731 
31383 25502 33245 32281 
37589 24243 33580 31881 
43453 24826 33810 31588 
47656 27002 33888 31414 
48956 30212 33817 31388 
46682 33734 33628 31541 
40783 36830 33265 31788 
32619 38919 32876 32159 
23654 39738 32488 32604 
15694 39141 32127 33051 
10350 37215 31844 33485 
9025 34378 31683 33808 
12091 31282 31705 33999 
19076 28501 31877 34034 
28901 26451 32095 33885 
39970 25461 32387 33620 
50555 25647 32642 33228 
58428 26934 32903 32840 
62191 28991 33065 32420 
61047 31492 33167 32078 
55162 34247 33223 31860 
45575 36837 33191 31714 
33586 39299 33150 31746 
21010 41478 33142 31895 
9471 43002 33123 32102 
1220 43372 33074 32309 
88 42179 33071 32551 
46 38968 33017 32742 
8088 33770 32887 32822 
21212 27045 32759 32925 
36238 20431 32619 33014 
50206 15429 32424 33043 
61069 13287 32258 33083 
65383 14634 32091 33126 
65482 19412 31964 33159 
64800 26666 31929 33202 
53071 34883 32025 33245 
41264 42815 32187 33236 
28350 49406 32434 33172 
15905 53941 32777 33048 
6068 55628 33094 32843 
489 54193 33372 32591 
72 49570 33595 32307 
5207 41809 33672 32003 
13890 32123 33630 31782 
26704 21932 33495 31656 
40426 12981 33222 31612 
52858 6945 32940 31772 
61359 5152 32630 32024 
64415 7706 32347 32395 
62006 14151 32101 32823 
54555 23534 31877 33220 
43694 34648 31802 33645 
31953 45023 31842 33964 
21083 53577 31984 34116 
12681 58948 32214 34113 
7799 60143 32522 33950 
6841 56669 32853 33606 
9765 49333 33149 33130 
15979 39552 33378 32549 
24673 29298 33580 32029 
34874 20432 33679 31543 
44749 14707 33629 31218 
52935 12453 33483 31082 
57845 13281 33241 31147 
58131 16449 32906 31419 
53392 21000 32584 31890 
44425 26316 32302 32452 
33112 31810 32073 33024 
21699 37276 31930 33570 
13297 42159 31907 33973 
9856 45746 32001 34192 
11518 47508 32176 34205 
17329 47068 32408 34026 
25568 44326 32626 33660 
33963 39933 32822 33226 
41098 34716 32940 32739 
46190 29733 33003 32312 
48823 25820 33040 32005 
48620 23555 33001 31825 
45646 23027 32961 31809 
40057 23777 32896 31878 
32746 25463 32931 32096 
24856 27653 32956 32300 
18589 29962 33033 32521 
15473 32230 33096 32668 
16496 34485 33127 32728 
21645 36737 33086 32706 
29533 38790 32993 32676 
37891 40225 32804 32624 
44775 40777 32602 32628 
48588 40107 32387 32700 
48583 37973 32166 32833 
45060 34702 31987 33005 
39167 30864 31902 33219 
32390 27235 31943 33437 
26037 24577 32106 33621 
21446 23517 32338 33649 
19162 24210 32640 33557 
19364 26408 32956 33311 
21970 29707 33235 32903 
26430 33413 33472 32464 
32038 36972 33606 31998 
37856 39960 33651 31607 
42799 41964 33547 31325 
45604 42654 33351 31281 
45700 41745 33067 31424 
43062 39112 32699 31739 
38318 34792 32341 32228 
32749 29443 32032 32798 
27552 23936 31847 33390 
23748 19502 31760 33888 
21995 17330 31818 34194 
22545 18355 31997 34274 
25096 22524 32296 34132 
29054 29125 32657 33784 
33545 36780 33016 33257 
37726 44033 33317 32644 
40656 49359 33595 32122 
41643 51765 33663 31616 
40607 50896 33594 31314 
37796 46803 33389 31234 
34033 40337 33120 31392 
30087 32407 32769 31690 
26880 24381 32466 32196 
24952 17518 32211 32705 
24648 12882 32046 33186 
26024 11460 32004 33569 
28759 13326 32103 33832 
32347 18147 32287 33901 
36052 25317 32491 33746 
39064 33609 32714 33483 
40846 41983 32946 33169 
40936 49117 33059 32771 
39483 54073 33170 32449 
36701 55911 33163 32149 
33538 54081 33092 31967 
30567 48858 32933 31885 
28316 41083 32781 31956 
26864 31727 32597 32091 
26218 22759 32459 32340 
26108 15462 32343 32596 
26547 10995 32324 32878 
27631 9914 32328 33095 
29747 12361 32436 33298 
32687 17480 32606 33396 
36167 24321 32812 33413 
39385 31855 33006 33303 
41518 39249 33173 33084 
41826 45600 33273 32783 
40272 50203 33312 32466 
37362 52841 33281 32196 
33800 53242 33138 31964 
30318 51224 32931 31841 
27572 46917 32685 31872 
25696 40601 32457 32083 
24788 32793 32249 32371 
25010 24152 32090 32724 
26695 16107 32061 33133 
29726 10023 32105 33464 
33649 6901 32201 33656 
37698 7678 32406 33726 
40772 12586 32638 33626 
41818 20912 32873 33379 
40568 31410 33039 32971 
37490 42496 33207 32588 
33267 52415 33311 32181 
29169 59242 33351 31885 
25949 62028 33289 31687 
24179 60370 33162 31662 
24078 54378 32937 31796 
25752 44980 32714 32071 
28918 33642 32504 32489 
33132 21620 32280 32893 
37602 10690 32136 33304 
41406 2518 32086 33662 
43435 128 32133 33848 
43213 58 32309 33865 
40672 7860 32544 33690 
36371 20125 32804 33369 
31184 35446 33039 32896 
26408 50709 33224 32400 
22966 63260 33370 31966 
21490 65427 33390 31609 
22292 65504 33286 31417 
25271 65517 33086 31429 
29564 57256 32842 31656 
34221 42481 32580 32047 
38195 25334 32381 32533 
40740 9504 32229 33088 
41216 375 32123 33552 
40009 63 32150 33907 
