32542 33599 32828 33829 
32542 33599 32828 33829 
32695 33699 32987 33353 
32793 33597 33065 32791 
32904 33372 33107 32252 
32971 33064 33083 31808 
32985 32692 32949 31505 
32990 32367 32798 31444 
32972 32141 32638 31598 
32967 32086 32526 31986 
32931 32133 32457 32413 
32910 32318 32474 32882 
32855 32529 32530 33264 
32826 32818 32692 33554 
32792 33050 32879 33649 
32745 33184 33038 33540 
32669 33213 33152 33264 
32583 33124 33199 32860 
32487 32938 33151 32441 
32414 32702 33021 32075 
32366 32462 32791 31836 
32368 32278 32526 31765 
32435 32223 32293 31910 
32517 32232 32067 32191 
32634 32354 31957 32604 
32777 32547 31974 33057 
32902 32755 32108 33464 
32973 32936 32332 33768 
32975 33034 32623 33858 
32961 33115 32964 33782 
32868 33036 33208 33446 
32811 32965 33435 33054 
32769 32865 33554 32563 
32740 32783 33560 32063 
32788 32751 33477 31680 
32809 32722 33264 31402 
32845 32728 33001 31332 
32877 32752 32707 31466 
32850 32748 32401 31806 
32753 32680 32130 32276 
32596 32590 31928 32823 
32396 32427 31799 33342 
32188 32257 31773 33817 
32043 32123 31885 34148 
31963 32039 32075 34250 
32020 32071 32368 34175 
32245 32246 32730 33889 
32545 32515 33091 33427 
32960 32915 33468 32894 
33336 33299 33702 32222 
33751 33734 33901 31693 
33973 33995 33896 31259 
34035 34097 33762 31039 
33855 33937 33459 31000 
33496 33601 33074 31241 
32981 33085 32607 31663 
32448 32508 32189 32266 
31924 31943 31828 32882 
31488 31449 31567 33463 
31285 31190 31488 33967 
31319 31183 31594 34267 
31550 31384 31827 34317 
31962 31802 32184 34180 
32421 32274 32542 33819 
32909 32809 32915 33364 
33245 33201 33144 32777 
33526 33534 33348 32288 
33694 33757 33485 31952 
33680 33788 33492 31724 
33498 33620 33388 31647 
33284 33407 33277 31764 
33005 33123 33114 31943 
32725 32841 32947 32168 
32498 32601 32800 32387 
32394 32494 32729 32620 
32338 32447 32635 32748 
32365 32477 32582 32812 
32438 32549 32531 32819 
32519 32628 32457 32799 
32590 32676 32397 32810 
32625 32625 32324 32851 
32624 32519 32274 32956 
32586 32337 32246 33118 
32519 32137 32232 33264 
32478 31955 32280 33400 
32536 31944 32441 33514 
32599 32040 32601 33501 
32739 32304 32815 33383 
32883 32677 33019 33122 
33032 33117 33188 32765 
33186 33620 33338 32361 
33293 34043 33445 31978 
33306 34251 33427 31633 
33238 34278 33352 31431 
33093 34058 33214 31383 
32903 33603 33021 31509 
32629 32967 32757 31760 
32359 32250 32491 32161 
32112 31536 32245 32624 
31917 30955 32037 33148 
31802 30602 31882 33636 
31827 30556 31834 34028 
31983 30843 31907 34248 
32230 31422 32050 34269 
32576 32265 32290 34102 
32988 33197 32623 33748 
33338 34048 32940 33246 
33618 34679 33244 32655 
33810 35038 33528 32074 
33842 35052 33716 31555 
33684 34682 33747 31184 
33420 34020 33658 30995 
33069 33194 33453 31026 
32679 32356 33158 31282 
32324 31611 32814 31749 
32011 31086 32443 32292 
31840 30884 32147 32909 
31763 30927 31919 33470 
31812 31254 31814 33923 
31991 31768 31852 34235 
32199 32296 31959 34280 
32476 32828 32184 34189 
32710 33198 32411 33880 
32899 33421 32625 33475 
33024 33452 32787 32998 
33100 33335 32916 32517 
33167 33169 33036 32135 
33181 32979 33083 31806 
33196 32864 33135 31618 
33175 32822 33155 31556 
33191 32946 33218 31644 
33162 33121 33247 31804 
33112 33326 33264 32021 
33009 33464 33245 32260 
32832 33476 33152 32524 
32607 33297 33004 32781 
32353 32929 32804 32985 
32089 32394 32528 33164 
31946 31873 32310 33365 
31843 31347 32063 33463 
31865 31009 31878 33498 
32014 30926 31801 33490 
32282 31109 31845 33415 
32622 31582 31999 33298 
32974 32260 32235 33099 
33294 33043 32541 32876 
33553 33846 32880 32640 
33687 34500 33200 32378 
33706 34931 33460 32144 
33585 35068 33649 31948 
33342 34865 33726 31850 
33023 34310 33664 31808 
32649 33486 33480 31879 
32241 32474 33158 32015 
31924 31503 32799 32273 
31715 30719 32414 32565 
31642 30196 32057 32879 
31728 30029 31799 33180 
32000 30322 31720 33507 
32334 30963 31785 33713 
32761 31887 32026 33814 
33180 32925 32378 33807 
33489 33863 32751 33596 
33691 34617 33133 33296 
33720 35058 33429 32872 
33620 35169 33608 32435 
33414 34956 33639 32027 
33136 34466 33530 31703 
32774 33705 33260 31480 
32435 32870 32900 31429 
32187 32096 32534 31584 
32046 31475 32230 31906 
32003 31061 32000 32295 
32085 30929 31937 32786 
32187 30979 31933 33183 
32396 31308 32145 33555 
32596 31759 32435 33809 
32756 32226 32751 33875 
32837 32658 33002 33774 
32818 33236 33255 33254 
32755 33356 33189 32896 
32750 33462 33072 32616 
32775 33488 32889 32342 
32855 33506 32682 32150 
32994 33540 32539 32060 
33157 33570 32482 32045 
33263 33528 32466 32063 
33303 33422 32563 32117 
33255 33231 32730 32199 
33087 32929 32887 32286 
32844 32523 33033 32379 
32568 32145 33150 32514 
32250 31729 33140 32634 
32015 31427 33039 32760 
31903 31316 32884 32980 
31842 31304 32613 33113 
31973 31545 32372 33317 
32194 31952 32157 33455 
32505 32461 32050 33562 
32825 33003 32036 33568 
33100 33518 32118 33470 
33351 33943 32317 33276 
33498 34199 32596 33012 
33508 34226 32878 32687 
33440 34070 33176 32347 
33255 33713 33403 32011 
32984 33210 33499 31705 
32682 32647 33465 31510 
32484 32201 33396 31518 
32321 31809 33203 31627 
32248 31613 32971 31891 
32262 31598 32713 32240 
32343 31748 32502 32667 
32510 32047 32378 33141 
32580 32296 32226 33505 
32639 32567 32133 33803 
32686 32805 32137 33968 
32639 32901 32116 33934 
32611 32955 32174 33790 
32592 32952 32279 33534 
32600 32941 32410 33195 
32651 32937 32603 32811 
32742 32963 32808 32435 
32860 33040 33027 32101 
33000 33156 33263 31864 
33112 33242 33452 31675 
33192 33317 33575 31646 
33230 33330 33619 31812 
33204 33256 33534 32120 
33089 33064 33331 32496 
32935 32787 33046 32799 
32726 32446 32705 32801 
32506 32102 32373 32422 
32326 31807 32091 31793 
32171 31599 31874 31165 
32076 31546 31740 31006 
32116 31731 31787 31604 
32227 32073 31928 32919 
32403 32503 32165 34667 
32598 32948 32436 36350 
32745 33326 32708 37504 
32882 33601 32954 37818 
32932 33678 33132 37159 
32934 33603 33249 35736 
32883 33373 33265 33649 
32920 33113 33248 31277 
33106 32987 33198 28902 
33402 33006 33120 26767 
33641 33098 33056 25214 
33469 32954 32982 24537 
32743 32359 32908 25099 
31529 31274 32868 27005 
30127 29904 32780 30012 
29287 28865 32673 33756 
29664 28891 32543 37791 
31612 30510 32444 41328 
34641 33447 32295 43671 
37830 37094 32205 44427 
39957 40188 32108 43251 
40132 41656 32094 40200 
38118 40866 32184 35840 
34468 37968 32331 30750 
30293 33808 32529 25793 
26688 29356 32738 21758 
24519 25539 32968 19518 
23841 22748 33157 19462 
24230 21073 33344 21611 
25164 20599 33429 25539 
26598 21671 33446 30759 
28878 24506 33391 36189 
32714 29256 33256 40952 
38228 35625 33034 44345 
44938 42878 32788 45841 
50860 49336 32494 45116 
53842 53642 32285 42482 
52103 54830 32076 38346 
45280 52578 31972 33488 
34345 46839 31929 28532 
22384 38549 32049 24603 
12140 28454 32238 22112 
6215 17778 32493 21437 
5797 7951 32782 22543 
10610 813 33091 25271 
18946 89 33265 28854 
29094 51 33372 32783 
39383 9395 33424 36410 
48602 23017 33361 39205 
55539 39751 33208 40723 
58925 55763 32997 40774 
58411 65199 32777 39589 
53758 65462 32568 37459 
45031 65497 32371 34746 
33577 65508 32265 32030 
21386 65508 32245 29828 
10644 52714 32249 28325 
3733 35732 32314 27744 
2419 17439 32427 28073 
7259 1667 32565 29120 
17176 124 32681 30578 
30115 60 32814 32139 
43416 44 32935 33527 
54802 5301 32957 34469 
61737 17530 33057 34960 
62966 32966 33079 34900 
58551 49162 33035 34407 
48981 63477 32934 33659 
36172 65421 32791 32873 
22242 65507 32660 32270 
9847 65530 32541 31948 
1706 65532 32449 31922 
72 48404 32368 32152 
5745 28127 32399 32609 
16935 8633 32515 33150 
31151 240 32626 33515 
45725 44 32814 33733 
57150 35 33002 33674 
63516 5728 33146 33337 
63740 15691 33217 32780 
58447 28685 33240 32164 
48987 40869 33123 31548 
37068 50755 32946 31115 
24546 57525 32687 30929 
13517 60767 32448 31070 
5612 60304 32273 31550 
2087 55980 32183 32244 
3542 48104 32153 33008 
9912 37267 32204 33763 
20247 25105 32375 34387 
32664 13969 32582 34729 
45500 5550 32766 34733 
56827 1317 32926 34444 
64471 1800 32994 33864 
65460 6496 32982 33125 
65426 14342 32949 32400 
54554 23946 32897 31762 
41838 33859 32823 31275 
27218 43263 32770 31033 
14013 51114 32794 31073 
4241 57040 32852 31313 
222 60723 32973 31761 
67 61788 33090 32269 
6102 60056 33129 32758 
15534 55759 33147 33163 
26971 49084 33066 33461 
38805 40418 32872 33603 
49429 30307 32630 33593 
57675 19303 32362 33495 
62148 8869 32107 33309 
62385 634 31924 33113 
58423 118 31798 32874 
50558 77 31837 32716 
40476 66 32030 32658 
29378 10122 32309 32622 
19039 22977 32671 32631 
10948 38536 33027 32621 
6536 53573 33353 32640 
6006 64873 33637 32619 
8913 65446 33782 32558 
14751 65493 33816 32496 
22489 65502 33685 32374 
31048 65402 33435 32287 
39836 49911 33113 32223 
47916 34524 32727 32192 
54433 19392 32395 32276 
58052 7153 32130 32437 
57859 382 31922 32610 
53848 76 31816 32830 
46638 75 31828 33057 
37335 10401 31925 33281 
27795 22216 32084 33431 
19542 35014 32316 33538 
13747 46497 32585 33537 
10987 54419 32842 33443 
11337 57397 33052 33237 
14382 55138 33244 32991 
19410 48736 33373 32706 
25672 39978 33475 32446 
32411 30760 33504 32199 
38886 23079 33413 31957 
44507 18282 33294 31829 
48895 16494 33115 31750 
51625 17581 32911 31789 
52158 21134 32721 31938 
49974 26600 32511 32154 
45145 33008 32342 32448 
38118 39555 32197 32763 
30012 45210 32114 33125 
22027 48805 32019 33409 
15872 49426 32025 33695 
12906 46760 32053 33837 
13284 41325 32157 33866 
16712 34154 32305 33775 
22515 26512 32502 33573 
29521 20148 32783 33303 
36493 16334 33042 32959 
42453 15610 33312 32566 
46582 17989 33568 32165 
48315 22916 33736 31787 
47348 29366 33806 31490 
44042 35889 33768 31357 
39053 41243 33594 31310 
33270 44611 33315 31462 
27638 45413 32952 31776 
23352 43724 32533 32163 
21135 40301 32146 32689 
21407 36082 31810 33218 
24241 32039 31541 33695 
29143 29212 31493 34128 
34803 27898 31548 34321 
39874 27932 31756 34325 
43106 28894 32102 34172 
43436 30244 32453 33737 
40775 31635 32886 33271 
35894 32747 33243 32694 
30066 33557 33590 32182 
24577 33887 33800 31719 
20622 33510 33897 31408 
19044 32309 33795 31226 
20173 30468 33647 31312 
23767 28387 33353 31528 
29345 26821 32986 31845 
36344 26613 32621 32266 
43305 28276 32299 32706 
49132 31745 32043 33122 
52461 36390 31892 33476 
52236 41257 31829 33711 
48019 45028 31911 33822 
40464 46635 32066 33796 
30993 45664 32310 33644 
21345 42112 32549 33407 
13493 36451 32806 33125 
9244 29721 32985 32790 
9386 23084 33151 32497 
13698 17609 33243 32242 
21406 14180 33226 32012 
31055 13697 33201 31931 
40527 16208 33087 31877 
48440 21549 32976 31967 
53477 28983 32869 32092 
54814 37570 32765 32303 
52349 45948 32710 32566 
46616 52621 32683 32841 
38728 56217 32663 33072 
30146 55843 32643 33255 
22304 51242 32655 33369 
16871 43295 32655 33387 
14625 33492 32630 33279 
15797 23768 32562 33091 
20113 15987 32515 32901 
26451 11694 32457 32707 
33285 11353 32363 32495 
39507 14530 32323 32379 
43906 20231 32312 32333 
45917 27307 32408 32412 
45264 34243 32542 32528 
42401 40072 32765 32708 
37956 44175 33020 32883 
32636 46192 33257 32990 
27293 46149 33450 33022 
23170 44389 33631 33028 
20992 41365 33658 32898 
21368 37621 33523 32659 
24527 33761 33298 32410 
29937 30306 32962 32179 
36046 27787 32582 32019 
41561 26277 32231 31996 
45000 25740 31893 32034 
45403 26165 31729 32289 
42331 27117 31662 32600 
36867 28323 31773 32984 
30396 29437 31993 33360 
24668 30372 32287 33653 
21187 31239 32643 33846 
20673 32296 33019 33878 
22878 33534 33271 33667 
26910 35112 33457 33328 
31637 36826 33549 32896 
36118 38339 33591 32448 
39432 39171 33470 31973 
41552 39283 33290 31623 
42378 38644 33024 31419 
41866 37393 32720 31405 
39902 35751 32454 31639 
36474 33699 32218 32018 
31886 31206 32053 32490 
26878 28284 31999 32996 
22482 25156 32006 33468 
20158 22632 32160 33867 
20703 21482 32380 34027 
24202 22240 32622 33969 
29914 25014 32878 33713 
36599 29462 33102 33274 
42343 34520 33288 32778 
45828 39131 33396 32257 
46189 42568 33399 31814 
43360 44357 33287 31506 
38062 44573 33121 31453 
31792 43335 32869 31587 
25927 40937 32592 31898 
21782 37646 32376 32378 
19993 33547 32213 32921 
20742 29089 32119 33405 
23696 24702 32111 33746 
28227 21103 32226 33944 
33533 19004 32400 33900 
38745 18907 32621 33650 
42978 21063 32803 33244 
45528 25271 32966 32747 
45878 31060 33118 32247 
43830 37412 33202 31843 
39755 43038 33197 31573 
34372 47172 33162 31540 
28523 49096 33051 31679 
23064 48505 32907 31995 
19055 45402 32720 32359 
17203 40157 32540 32775 
17994 33431 32403 33196 
21347 25921 32246 33461 
27100 18784 32190 33664 
33987 13538 32192 33726 
40824 11344 32292 33670 
46341 12999 32450 33506 
49495 18736 32641 33247 
49653 27498 32872 32965 
46855 37617 33053 32599 
41779 47109 33236 32290 
35347 54045 33352 31996 
28615 57075 33365 31748 
23022 55672 33357 31637 
19120 50138 33202 31589 
17392 41606 32980 31681 
17969 31356 32719 31908 
20586 21524 32508 32247 
24742 13570 32273 32619 
29961 8960 32113 33032 
35636 8613 32030 33426 
41224 12775 32086 33796 
45512 20419 32229 34014 
47677 29991 32401 34063 
47134 39734 32618 33981 
43771 47979 32800 33710 
38447 53017 32935 33314 
32356 54346 33026 32890 
26869 51954 33046 32436 
23025 46298 33008 32001 
21468 38706 32947 31673 
21999 30285 32879 31488 
24183 22541 32833 31459 
27581 16798 32826 31562 
31620 14378 32835 31775 
35667 15712 32914 32105 
39078 20202 32940 32406 
41299 26830 32966 32743 
41689 34200 32964 33060 
39901 40352 32887 33298 
36300 44444 32800 33509 
31581 45862 32627 33599 
26802 44699 32477 33639 
23234 41439 32284 33559 
21765 36912 32138 33415 
22962 32077 32053 33233 
26915 27752 32079 33016 
32683 24744 32144 32743 
39201 23540 32334 32494 
45077 24180 32607 32281 
48838 26413 32911 32098 
49255 29709 33173 31951 
45998 33292 33438 31919 
39430 36522 33582 31933 
30832 38870 33638 32048 
21887 39983 33549 32217 
14343 39771 33402 32471 
9967 38225 33126 32684 
9602 35733 32816 32894 
13485 32743 32468 33046 
21321 29813 32216 33213 
31499 27377 31973 33237 
42465 25800 31817 33236 
52299 25310 31788 33209 
59394 25951 31840 33134 
61820 27558 32026 33119 
59372 29898 32284 33083 
52541 32696 32569 33006 
42129 35842 32868 32914 
30060 38939 33150 32800 
17851 41747 33397 32625 
7383 43767 33572 32430 
710 44410 33650 32199 
73 43092 33629 31991 
75 39520 33502 31834 
11593 33866 33280 31743 
24765 26991 33009 31767 
39576 20107 32692 31931 
52844 15105 32416 32244 
62489 13127 32166 32632 
65408 14700 31977 33046 
65481 19696 31864 33451 
59941 27017 31810 33730 
50043 35351 31950 33968 
38014 43349 32136 33979 
25426 50004 32387 33812 
13644 54491 32662 33499 
4811 56015 32946 33092 
426 54209 33173 32611 
76 49039 33380 32164 
6964 40744 33490 31797 
17303 30633 33471 31534 
30160 20265 33355 31491 
43260 11436 33146 31617 
54573 5720 32853 31880 
61832 4464 32557 32282 
63396 7855 32369 32774 
59748 15076 32194 33207 
51772 25039 32113 33527 
41006 36493 32194 33757 
29571 47453 32389 33807 
19578 56071 32640 33666 
12190 61061 32899 33371 
8263 61457 33107 32973 
8070 56966 33212 32488 
11486 48729 33257 32096 
17917 38231 33185 31784 
26487 27519 32991 31625 
36312 18418 32749 31677 
45582 12601 32471 31880 
53037 10377 32292 32240 
57019 11287 32145 32647 
56409 14766 32136 33101 
51028 19870 32202 33457 
41941 25980 32397 33705 
31029 32545 32649 33787 
20736 39142 32924 33699 
13753 44854 33112 33425 
11573 48800 33242 33091 
13994 50373 33226 32694 
19861 49273 33144 32351 
27519 45519 32946 32055 
35185 39918 32744 31919 
41464 33739 32558 31937 
45806 28099 32455 32082 
47860 23900 32439 32307 
47328 21583 32501 32535 
44138 21243 32622 32747 
38582 22405 32774 32870 
31446 24548 32906 32904 
24079 27286 33044 32901 
18445 30156 33071 32792 
16232 32887 33036 32699 
18006 35510 32900 32611 
23337 37919 32693 32569 
31045 39939 32508 32655 
38718 41085 32301 32784 
44653 41128 32137 32924 
47567 39842 32084 33110 
46982 37208 32157 33282 
43438 33727 32360 33392 
37919 29963 32586 33336 
31868 26779 32891 33214 
26290 24739 33151 32931 
22349 24374 33356 32602 
20594 25619 33499 32292 
21032 28044 33503 31975 
23501 31116 33360 31733 
27710 34391 33153 31613 
32742 37189 32874 31674 
37756 39313 32568 31870 
41811 40573 32345 32189 
43862 40604 32106 32566 
43439 39315 31991 32991 
40762 36631 31952 33386 
36500 32680 31999 33710 
31766 28072 32157 33937 
27496 23574 32352 33973 
24765 20534 32612 33864 
23926 19779 32878 33613 
24932 21762 33097 33245 
27599 26448 33292 32806 
31205 32722 33410 32348 
35009 39430 33489 31949 
38141 45167 33455 31614 
39937 48881 33330 31417 
39902 49717 33139 31365 
38154 47592 32921 31491 
35164 42871 32674 31764 
31694 36340 32473 32147 
28432 28804 32250 32556 
26265 21812 32122 33000 
25461 16351 32034 33374 
26172 13364 32075 33724 
28208 13324 32153 33917 
31246 16424 32299 33934 
34568 21974 32491 33849 
37531 29135 32665 33626 
39611 37004 32814 33319 
40329 44563 32924 32969 
39522 50448 32985 32627 
37419 53900 33001 32293 
34587 54345 33011 32048 
31685 51555 33008 31878 
29305 45805 33008 31791 
27814 38000 33040 31801 
27171 29361 33065 31877 
27179 21253 33094 32011 
27650 14960 33100 32208 
28373 11562 33011 32325 
29629 11398 32933 32547 
31514 14178 32766 32746 
34018 19286 32590 32933 
36806 26138 32381 33127 
39065 33284 32202 33323 
40129 39950 32057 33485 
39670 45557 32006 33588 
37728 49632 31999 33609 
34848 51919 32100 33542 
31825 52100 32311 33430 
29268 50023 32562 33218 
27404 45714 32810 32876 
26382 39461 33081 32544 
26215 31641 33333 32209 
27055 23139 33503 31904 
29046 15648 33560 31689 
32106 10141 33543 31628 
35665 7728 33442 31692 
38930 9174 33217 31847 
40836 14647 32969 32115 
40741 23217 32698 32398 
38679 33609 32456 32748 
35148 44077 32207 33048 
31004 53104 32011 33325 
27367 58938 31906 33528 
24847 60819 31865 33633 
23856 58492 31926 33665 
24496 52102 32059 33603 
26754 42727 32295 33485 
30417 31543 32600 33288 
34819 19962 32911 33025 
39168 9709 33191 32711 
42573 2436 33466 32408 
43968 149 33628 32095 
42993 2973 33677 31825 
39869 11360 33607 31661 
35128 24264 33432 31606 
30010 39041 33177 31689 
25482 53363 32832 31857 
22421 64326 32508 32131 
21433 65456 32242 32532 
22714 65506 32012 32918 
25856 65508 31916 33308 
30107 52191 31943 33630 
34514 36074 32038 33824 
38225 19374 32225 33880 
40360 5686 32460 33799 
40818 188 32725 33626 
39704 53 32916 33289 
37549 76 33059 32890 
34862 12358 33149 32459 
32282 25964 33196 32082 
30167 40481 33162 31751 
28956 53362 33087 31581 
28829 62204 32894 31487 
30015 64950 32732 31639 
32108 61131 32649 32023 
34364 51792 32549 32433 
35938 38552 32497 32881 
36170 23555 32488 33333 
34862 10887 32583 33724 
32311 2613 32693 33928 
29281 235 32802 33897 
