32133 32927 32595 33774 
32133 32927 32595 33774 
32381 33248 32666 33908 
32675 33513 32752 33833 
33005 33697 32880 33599 
33264 33703 32966 33205 
33484 33631 33053 32779 
33578 33429 33081 32341 
33509 33085 33038 31925 
33308 32702 32925 31664 
33036 32324 32773 31605 
32716 32002 32604 31735 
32423 31777 32436 32003 
32169 31642 32302 32361 
32006 31658 32205 32760 
31949 31800 32196 33125 
32007 32021 32262 33417 
32187 32351 32419 33614 
32378 32690 32586 33641 
32606 33034 32794 33510 
32828 33328 32977 33280 
33009 33535 33115 32989 
33169 33666 33223 32677 
33312 33732 33287 32443 
33384 33672 33269 32226 
33344 33479 33137 32067 
33265 33235 32985 32046 
33063 32890 32739 32075 
32832 32541 32525 32207 
32561 32195 32329 32415 
32254 31876 32167 32594 
32015 31650 32086 32783 
31880 31600 32123 32962 
31842 31660 32211 33076 
31976 31912 32435 33196 
32243 32254 32697 33240 
32572 32632 32954 33195 
32916 32983 33167 33058 
33258 33325 33316 32905 
33559 33599 33419 32711 
33726 33741 33404 32513 
33730 33727 33285 32327 
33602 33613 33102 32215 
33313 33368 32839 32156 
32943 33056 32570 32188 
32548 32753 32347 32323 
32189 32464 32193 32528 
31880 32199 32073 32709 
31753 32079 32096 32929 
31763 32031 32177 33076 
31917 32057 32312 33165 
32214 32195 32522 33217 
32508 32313 32683 33174 
32803 32420 32835 33086 
32999 32476 32901 32940 
33120 32526 32959 32822 
33146 32547 32962 32688 
33089 32575 32946 32597 
33016 32664 32947 32527 
32941 32802 32945 32486 
32868 32981 32936 32420 
32873 33248 32980 32401 
32919 33514 33031 32375 
33013 33751 33106 32406 
33075 33858 33113 32403 
33091 33805 33059 32425 
33048 33599 32939 32485 
32896 33219 32716 32540 
32704 32739 32490 32663 
32452 32180 32246 32793 
32185 31607 32022 32919 
31935 31175 31885 33056 
31760 30902 31855 33168 
31712 30877 31940 33224 
31832 31169 32166 33250 
32104 31708 32482 33214 
32500 32439 32845 33124 
32935 33209 33185 32960 
33344 33924 33435 32732 
33759 34551 33673 32563 
33978 34852 33708 32355 
34018 34856 33637 32179 
33871 34530 33442 32062 
33563 33937 33171 32018 
33174 33175 32891 32059 
32673 32301 32552 32130 
32274 31595 32329 32330 
31884 31010 32113 32513 
31595 30694 31948 32712 
31465 30681 31871 32944 
31480 30939 31846 33144 
31685 31508 31947 33357 
32023 32227 32118 33526 
32391 32915 32339 33563 
32820 33575 32628 33551 
33245 34070 32951 33411 
33546 34282 33240 33150 
33741 34236 33479 32807 
33801 33984 33666 32464 
33692 33565 33732 32125 
33476 33088 33670 31827 
33183 32628 33493 31641 
32871 32236 33214 31603 
32541 31967 32855 31704 
32271 31871 32479 31956 
32119 31946 32173 32321 
32019 32101 31928 32724 
31993 32288 31766 33099 
32073 32497 31761 33457 
32163 32653 31857 33671 
32335 32779 32062 33777 
32522 32834 32327 33676 
32726 32855 32640 33495 
32908 32868 32939 33214 
33046 32836 33174 32851 
33183 32862 33386 32524 
33275 32911 33496 32233 
33270 32909 33458 31998 
33247 32943 33353 31915 
33132 32946 33154 31936 
32954 32899 32893 32070 
32735 32800 32616 32282 
32512 32710 32401 32570 
32311 32606 32262 32874 
32125 32482 32173 33112 
32003 32358 32165 33228 
32033 32348 32290 33294 
32214 32436 32510 33254 
32443 32528 32704 33064 
32767 32719 32922 32850 
33088 32910 33107 32618 
33359 33066 33206 32374 
33498 33147 33187 32177 
33516 33164 33100 32111 
33399 33069 32946 32178 
33158 32891 32738 32312 
32866 32685 32548 32551 
32579 32510 32434 32877 
32259 32330 32304 33103 
32035 32247 32290 33299 
31945 32282 32365 33404 
31986 32403 32495 33383 
32111 32562 32636 33242 
32639 32955 32933 32697 
32936 33106 33028 32382 
33221 33218 33105 32154 
33407 33216 33091 31986 
33453 33101 33003 31914 
33369 32903 32879 31972 
33157 32655 32723 32168 
32868 32410 32568 32469 
32524 32169 32400 32774 
32238 32048 32296 33102 
32040 32026 32236 33353 
32004 32161 32309 33542 
32108 32406 32425 33610 
32319 32720 32609 33526 
32600 33037 32822 33300 
32892 33295 33038 32987 
33156 33470 33224 32630 
33326 33511 33362 32272 
33413 33441 33417 31988 
33351 33227 33346 31750 
33223 32973 33220 31700 
32978 32641 32950 31741 
32734 32384 32685 31956 
32518 32215 32414 32293 
32331 32108 32167 32672 
32222 32131 32003 33064 
32193 32233 31944 33421 
32258 32401 32007 33664 
32397 32632 32183 33812 
32560 32811 32424 33765 
32672 32923 32652 33581 
32778 32984 32894 33310 
32799 32934 33058 32959 
32772 32808 33130 32586 
32745 32697 33157 32268 
32709 32581 33107 32032 
32674 32493 32999 31866 
32711 32488 32896 31832 
32806 32586 32831 31942 
32967 32764 32836 32138 
33078 32934 32831 32338 
33167 33106 32868 32549 
33181 33225 32894 32729 
33121 33266 32911 32859 
32983 33188 32862 32904 
32794 33051 32768 32936 
32601 32859 32648 32948 
32397 32616 32468 32921 
32236 32372 32289 32921 
32181 32193 32183 32980 
32129 32034 32083 33032 
32185 31990 32103 33128 
32271 32009 32182 33173 
32420 32151 32393 33212 
32591 32353 32635 33161 
32746 32601 32896 33012 
32882 32842 33119 32781 
33000 33086 33304 32498 
33112 33293 33421 32184 
33210 33441 33462 31931 
33249 33469 33380 31712 
33262 33427 33240 31650 
33265 33334 33069 31723 
33211 33166 32844 31926 
33094 32968 32618 32240 
32895 32716 32395 32622 
32664 32493 32229 33087 
32297 32172 32024 33448 
31971 31942 31939 33778 
31690 31770 31910 33971 
31578 31724 32000 34021 
31586 31778 32147 33869 
31832 31996 32437 33608 
32165 32267 32701 33165 
32663 32692 33054 32694 
33178 33112 33336 32174 
33634 33504 33576 31717 
33962 33791 33688 31397 
34128 33950 33709 31280 
34095 33943 33610 31352 
33842 33745 33369 31620 
33412 33367 33017 32001 
32906 32910 32645 32470 
32396 32446 32299 33011 
31928 32003 32009 33538 
31567 31690 31809 34083 
31360 31529 31720 34434 
31384 31596 31808 34531 
31596 31829 31976 34153 
31963 32176 32260 33239 
32428 32599 32600 31909 
32935 33033 32955 30536 
33355 33346 33203 29548 
33684 33544 33408 29474 
33863 33592 33503 30406 
33838 33454 33477 32117 
33615 33171 33315 34216 
33225 32766 33040 36115 
32776 32368 32723 37285 
32331 32067 32440 37600 
31971 31897 32199 37013 
31813 31972 32071 35659 
31853 32261 32048 33726 
32103 32734 32193 31408 
32410 33196 32431 28944 
32632 33462 32743 26863 
32741 33457 33054 25437 
32825 33249 33302 25060 
32979 32957 33461 25982 
33223 32737 33487 28210 
33490 32662 33391 31498 
33615 32669 33146 35330 
33509 32511 32775 39030 
33286 32073 32381 41935 
32914 31552 32057 43518 
32236 31522 31872 43248 
31243 32506 31845 41151 
30392 34269 31918 37465 
30460 35672 32032 32791 
32143 35167 32203 27786 
35261 32045 32582 23516 
38197 27542 33194 20765 
38854 24443 33986 19939 
35736 25688 34652 21283 
29097 32081 34617 24563 
21451 41722 33511 29356 
16980 49738 31404 34705 
19292 51259 29226 39794 
28358 44211 28300 43512 
41075 30789 29450 45412 
52901 16022 32745 45229 
58971 5984 36975 42971 
56552 4829 40383 38980 
46527 12716 41134 34008 
32939 25549 38630 29013 
19872 38755 33768 24775 
10794 48862 28270 21928 
7103 54868 24256 20974 
8062 57435 22818 21951 
12094 57699 24070 24604 
17954 56221 26963 28456 
25189 52258 30278 32728 
34181 44534 33247 36859 
44593 32427 35603 40026 
55640 17307 37739 41835 
64862 1757 39854 42052 
65451 132 41874 40795 
65525 42 43156 38393 
65535 8 42806 35150 
57379 7704 40300 31834 
39072 23673 35648 28951 
18485 42955 29542 26889 
903 61961 23284 25957 
60 65387 18258 26165 
7 65514 15707 27467 
14 65535 16404 29477 
11848 65535 20259 31777 
26647 65123 26638 34009 
41954 42831 34212 35782 
54935 20335 41556 36847 
62826 1059 47145 37106 
63745 89 49806 36551 
58031 24 49506 35391 
46445 11 46641 33886 
31149 8589 42005 32327 
14664 23649 36430 31067 
849 41300 30323 30207 
79 57847 24319 29881 
27 65300 19202 30158 
43 65501 15708 30882 
13749 65527 14930 31887 
29177 65532 17573 32929 
45877 51925 23663 33829 
60687 31857 32204 34441 
65376 12391 40649 34653 
65495 420 47194 34488 
65509 73 50267 33970 
65504 39 49420 33277 
53850 39 45129 32511 
38458 9906 38970 31827 
23635 22817 32494 31379 
11533 36784 26991 31200 
3610 49368 23132 31266 
462 59079 21256 31610 
2093 64196 21309 32123 
7985 63806 23057 32671 
17072 58025 26159 33241 
27831 47271 30120 33648 
38216 33476 34549 33908 
46060 19595 38819 33981 
49787 8799 42260 33864 
48823 3963 44033 33575 
44597 5344 43613 33189 
39431 11137 40881 32711 
35674 18744 36281 32300 
34434 25890 30561 31887 
35197 32049 24859 31635 
36096 37938 20607 31530 
35324 44503 18880 31575 
32457 51740 20080 31787 
28638 57796 24017 32090 
25805 59839 29948 32476 
25735 55541 36557 32865 
28531 45230 42296 33220 
32909 31295 46177 33506 
36798 17690 47488 33707 
38276 8204 45978 33765 
36462 5775 42173 33698 
31949 10251 36954 33506 
26645 19304 31358 33214 
22484 29985 26189 32909 
20942 39509 22059 32605 
22539 46223 19328 32264 
26815 49127 18530 31976 
32671 48476 20015 31754 
38381 45237 23777 31706 
42986 40118 29329 31716 
45958 33947 35886 31889 
47081 27264 42023 32169 
46474 20688 46368 32527 
44385 15592 47664 32939 
40839 13234 45639 33304 
35808 15046 40922 33631 
29373 21434 34910 33831 
22082 31679 29107 33836 
15409 43436 25206 33670 
11041 53797 23897 33349 
10430 60241 24926 32955 
13813 61494 27231 32465 
20684 57605 29726 32029 
29829 49300 31490 31683 
39882 37532 32337 31499 
49520 23688 32658 31489 
57411 9744 33140 31736 
62430 394 34170 32048 
63113 78 35659 32518 
58141 19 36996 33029 
46930 8052 37297 33468 
31481 20454 36185 33773 
14487 39942 33948 33940 
867 59065 31393 33896 
47 65371 29526 33621 
9 65534 29185 33242 
7549 65531 30505 32784 
20888 65500 32715 32285 
35115 52714 34925 31951 
47255 37272 36056 31692 
55754 22952 35683 31679 
59929 10853 33861 31889 
59515 2222 31334 32210 
55046 135 29018 32602 
47478 80 27710 32990 
38026 1691 27791 33253 
28198 11890 29255 33422 
19593 23880 31564 33385 
12859 37717 34110 33173 
8309 51759 36270 32859 
6233 63879 37729 32503 
7362 65427 38281 32180 
12611 65509 37853 31980 
22433 65535 36532 31922 
35668 65422 34556 32061 
49804 45296 32175 32354 
61132 25460 29704 32737 
65212 9949 27673 33153 
61374 1949 26429 33511 
51546 1652 26204 33729 
39581 6375 27119 33751 
29726 12747 29131 33626 
24684 18178 31713 33299 
23604 22824 34489 32880 
23915 28313 36980 32389 
23191 36083 38891 31962 
20400 46282 39955 31609 
16662 56793 40060 31454 
14289 64141 39150 31498 
15240 65471 37259 31753 
20262 60139 34454 32132 
28528 48119 31017 32560 
38705 31612 27407 33080 
47922 14989 24481 33526 
54444 1892 22966 33851 
57279 96 23256 34002 
55978 41 25250 33924 
50944 7499 28515 33707 
43053 16249 32249 33320 
33783 31501 35731 32814 
25095 46875 38461 32321 
18146 59570 40371 31877 
13848 65354 41444 31516 
12574 65487 41680 31356 
14313 65499 40790 31413 
18358 55288 38605 31685 
23967 42099 35118 32098 
30361 27780 30806 32577 
36792 14312 26657 33089 
42689 3228 23756 33510 
47436 150 23053 33810 
50430 77 24524 33893 
51143 56 27333 33789 
48902 9125 30366 33506 
43369 22477 32669 33201 
34690 39254 33832 32810 
24608 56398 34140 32432 
15835 65258 34456 32197 
10785 65505 35354 32033 
11215 65535 37020 32007 
16999 65534 38885 32098 
26356 55878 40011 32261 
36217 38128 39531 32458 
43782 21255 37163 32596 
47808 8658 33516 32732 
48047 1794 29545 32745 
45552 700 26570 32754 
41467 4592 25306 32696 
37121 12049 26008 32629 
32986 21854 28043 32614 
29101 32762 30499 32621 
25425 43710 32574 32670 
22402 52916 33771 32816 
20711 58374 34057 32944 
21189 58996 33928 33144 
24163 54186 33778 33295 
29197 44761 33952 33399 
35261 32700 34437 33387 
40553 21290 35052 33282 
43832 12967 35432 33031 
44473 9292 35317 32705 
42551 10517 34576 32344 
38797 15900 33326 32029 
34279 23752 31911 31792 
29818 32736 30730 31636 
26139 41576 30202 31656 
23827 48999 30494 31795 
23641 53354 31596 32108 
25694 53220 32857 32475 
29585 48598 33752 32871 
34336 40449 33852 33243 
38590 30700 33191 33610 
40945 21892 32048 33860 
40787 16562 31006 33932 
38531 15177 30509 33857 
34945 17396 30641 33630 
30851 22243 31269 33273 
26912 28870 32237 32859 
23745 36159 33189 32405 
21822 43273 34104 31973 
21732 49070 34940 31600 
24086 52070 35699 31371 
28924 50759 36178 31347 
35432 44826 36093 31486 
42385 34950 35282 31775 
48384 22989 33817 32196 
52188 11653 31957 32686 
52811 3873 30160 33205 
49458 2579 28848 33624 
42208 8846 28415 33954 
31722 21553 28857 34081 
19756 37524 30092 34005 
9250 52936 31780 33769 
3233 63912 33571 33403 
3878 65466 34899 32904 
10838 65497 35470 32408 
21913 56587 35231 31976 
34125 44834 34293 31607 
45097 32269 33113 31424 
53465 20100 32182 31423 
58194 9713 31817 31636 
59078 2379 31968 31984 
56315 131 32417 32450 
50061 65 32818 32980 
40868 8627 32926 33430 
29944 20764 32876 33813 
19321 35077 32880 34005 
10673 49364 33118 33956 
5535 61313 33624 33720 
4739 65373 34129 33333 
8657 65493 34194 32811 
16686 65519 33521 32241 
27891 56775 32196 31727 
40627 42781 30684 31407 
52818 24509 29547 31275 
62050 7814 29343 31377 
65202 220 30217 31698 
61633 35 31738 32177 
52121 100 33404 32716 
38922 13258 34585 33263 
25046 26746 35095 33770 
13243 40472 35045 34086 
5991 51517 34724 34184 
3774 58515 34331 34049 
6468 60392 33879 33728 
13242 56766 33209 33256 
23130 48244 32344 32745 
34097 36686 31519 32303 
44443 24156 30984 31952 
52573 13159 31051 31694 
57052 6017 31751 31637 
57020 4041 32731 31734 
52629 7472 33468 31899 
45506 15110 33642 32148 
37495 25010 33197 32413 
30196 35211 32430 32635 
24295 44519 31740 32837 
19513 52353 31348 32971 
15496 58679 31233 33046 
12844 62567 31320 33107 
12557 62820 31511 33115 
15800 58378 31983 33123 
22729 48731 32956 33122 
32395 34621 34540 33133 
42288 18835 36361 33156 
49835 5198 37649 33180 
53504 170 37747 33132 
52697 50 36260 33008 
48267 79 33575 32850 
41599 11977 30433 32666 
34600 24570 27934 32413 
28633 37610 26719 32193 
24287 48735 26804 31914 
21979 56270 27948 31753 
21607 59306 29556 31679 
22813 57823 31240 31736 
24967 52897 32988 31928 
27355 45968 34878 32231 
29647 38229 36960 32677 
31849 30224 38878 33136 
34205 22432 39948 33583 
36697 15585 39659 33957 
38879 10642 37767 34131 
39980 9171 34618 34138 
39541 12189 30986 33913 
37793 19672 27742 33527 
35571 29598 25576 32982 
34005 39087 24857 32406 
33508 45916 25463 31884 
33539 48929 27033 31412 
33210 48801 29429 31160 
31533 46983 32389 31094 
28348 44932 35694 31311 
24653 42994 38744 31688 
22045 40357 40927 32197 
22098 35930 41642 32804 
25193 29204 40382 33340 
30711 21109 37231 33846 
36631 14148 32828 34132 
41513 10533 28242 34210 
44393 11753 24728 34080 
45068 17514 23250 33742 
43802 26350 24275 33283 
41093 35741 27445 32765 
37169 43971 31755 32271 
32265 49811 35946 31878 
26864 52700 38831 31613 
21752 52614 39952 31562 
18291 49710 39393 31717 
17358 44294 37781 31979 
19516 36953 35807 32366 
24435 28431 33815 32732 
31319 19894 31794 33111 
38448 13076 29548 33305 
44523 9424 27167 33391 
48507 9884 25031 33305 
49838 14683 23960 33083 
48284 23439 24818 32788 
44056 33936 27842 32475 
37736 44136 32471 32255 
30196 52055 37435 32149 
22429 56719 41555 32175 
15728 57713 43856 32357 
11425 55005 43913 32616 
11029 49083 41928 32981 
14961 40539 38407 33275 
22932 29957 34025 33532 
33512 18434 29295 33606 
44607 8017 24929 33549 
53877 1075 21606 33308 
58696 67 20204 32926 
57898 5741 21120 32472 
51585 17310 24483 32072 
41372 32088 29567 31727 
29606 46995 35398 31520 
19383 58588 40466 31504 
13047 64502 43582 31706 
11101 63507 44210 32029 
13259 59002 42576 32468 
18360 49572 39258 32915 
25262 37643 35224 33379 
32504 25636 31530 33762 
39036 15543 28588 34012 
44097 9115 26630 34066 
47122 7249 25602 33920 
47994 9748 25598 33631 
46634 15523 26716 33175 
43564 22642 29013 32743 
38973 29932 32137 32231 
33486 36645 35482 31823 
27960 42387 38153 31517 
23432 46845 39229 31367 
21046 49375 38338 31363 
21028 49657 35766 31519 
22863 47766 32453 31829 
25393 44326 29398 32269 
27212 40530 27532 32730 
27852 37453 27249 33186 
28056 35139 28395 33571 
29390 32721 30519 33864 
33265 28930 33239 34024 
39750 22923 36092 33965 
47114 15660 38583 33754 
52478 9508 40199 33466 
53697 6766 40446 33077 
50094 8846 38983 32652 
43032 15415 35914 32308 
34427 25041 31463 31993 
27037 35096 26838 31837 
21196 44741 22922 31819 
16456 53661 20579 31924 
12122 61791 20382 32069 
8508 65344 22548 32297 
7423 65470 26794 32503 
10895 65525 32451 32653 
20099 65501 38615 32760 
33887 47051 44251 32814 
49717 25349 48340 32821 
63265 4468 49856 32817 
65453 133 48330 32798 
65529 26 43939 32863 
65525 27 37073 32922 
55576 6654 29136 33032 
39508 18723 21715 33152 
23381 32467 16135 33280 
9942 45758 13454 33418 
1077 56822 14102 33421 
84 63981 18066 33349 
49 65455 24322 33136 
7979 60115 31828 32839 
20378 48843 39299 32510 
35079 32932 45454 32123 
50062 14590 49449 31749 
62121 588 50659 31496 
65431 86 49040 31404 
65532 26 45027 31528 
64394 0 39123 31768 
45701 12273 32058 32123 
26636 30649 25097 32612 
8509 50943 19441 33091 
217 65022 16072 33517 
3 65500 15701 33869 
4 65535 18428 34059 
14361 65535 23777 34078 
30617 65513 30440 33930 
46316 46532 37163 33658 
58093 26987 42674 33295 
63729 10972 46069 32925 
62706 768 46811 32495 
56460 96 44974 32131 
46830 78 41145 31794 
35259 4342 36189 31515 
22946 13177 31233 31449 
11351 25536 27131 31478 
2103 39987 24525 31605 
102 53653 23782 31883 
44 63361 24494 32183 
7000 65443 26182 32588 
19078 65498 28263 32991 
33028 55977 30485 33366 
46807 42961 32888 33711 
58384 28098 35352 33935 
65186 13804 37757 34067 
65453 2068 39533 33994 
65496 104 40148 33786 
65520 28 39137 33418 
53759 5949 36597 32990 
36765 20547 33252 32582 
18810 38553 29955 32142 
3819 55542 27681 31850 
94 65198 26785 31637 
19 65524 27274 31606 
6322 65526 28731 31706 
18304 53690 30649 31944 
30260 38911 32605 32235 
39578 25797 34399 32536 
45103 16491 35881 32788 
47136 11142 36863 32949 
46834 9064 37184 33087 
45295 9170 36619 33103 
43000 11360 35265 33091 
39730 16225 33331 33016 
34854 24642 31212 32954 
28322 36304 29377 32912 
21136 49138 28250 32926 
14975 60612 27990 32982 
12161 65382 28672 33039 
14576 65528 30275 33091 
22770 58166 32635 33135 
34689 42893 35190 33044 
47336 24078 37430 32910 
57430 7053 38762 32759 
61903 187 38604 32508 
59529 24 36823 32188 
51287 1773 33841 31937 
39951 15044 30410 31742 
28207 28793 27369 31677 
18194 41788 25410 31740 
11040 52031 24942 31945 
6917 58890 26102 32337 
5557 62109 28508 32790 
6847 61884 31716 33267 
11202 58112 35341 33693 
19213 50214 38957 34040 
30754 37806 42054 34146 
44905 21337 44139 34082 
58681 4167 44479 33811 
65315 155 42487 33331 
65510 21 38000 32732 
65535 0 31506 32126 
65525 9629 23996 31571 
51158 26490 17631 31210 
33895 44838 14023 31061 
18429 60250 14477 31179 
7787 65389 19064 31509 
2992 65505 26894 32032 
3644 65495 35866 32659 
7900 56960 43643 33265 
