32557 32491 32653 33390 
32557 32491 32653 33390 
32948 33066 32982 33379 
33284 33626 33268 33216 
33565 34078 33500 32945 
33757 34364 33679 32646 
33786 34410 33734 32346 
33621 34182 33661 32040 
33331 33715 33468 31830 
32946 33079 33176 31730 
32531 32368 32833 31782 
32205 31742 32529 32009 
31949 31251 32229 32333 
31790 30964 31954 32696 
31730 30921 31746 33062 
31810 31153 31664 33406 
32002 31626 31693 33650 
32295 32274 31876 33831 
32658 32972 32178 33833 
32944 33558 32489 33642 
33240 34056 32874 33373 
33451 34306 33244 32999 
33585 34332 33583 32602 
33622 34148 33837 32205 
33490 33717 33884 31814 
33291 33197 33790 31531 
33023 32650 33560 31406 
32773 32185 33270 31481 
32508 31795 32868 31644 
32305 31591 32474 31975 
32176 31608 32136 32393 
32134 31772 31896 32876 
32140 32001 31746 33313 
32238 32329 31803 33759 
32361 32635 31941 34024 
32470 32853 32146 34086 
32589 33038 32400 34001 
32704 33146 32677 33755 
32764 33154 32871 33365 
32796 33100 33000 32899 
32795 32989 33050 32423 
32821 32902 33059 32026 
32836 32802 33021 31742 
32832 32693 32941 31551 
32911 32705 32938 31605 
32972 32715 32933 31760 
33043 32777 32982 32015 
33076 32833 33024 32300 
33096 32891 33084 32594 
33047 32887 33107 32823 
32926 32822 33063 32996 
32749 32703 32946 33089 
32582 32583 32795 33146 
32390 32425 32567 33124 
32260 32326 32343 33088 
32166 32253 32110 33039 
32165 32273 31962 33019 
32214 32337 31868 32999 
32336 32470 31899 33023 
32503 32647 32055 33054 
32710 32868 32333 33086 
32853 33011 32622 32997 
32968 33128 32931 32859 
33049 33189 33216 32655 
33129 33223 33468 32441 
33146 33167 33610 32188 
33112 33067 33623 31955 
33061 32907 33531 31789 
32981 32721 33341 31703 
32871 32562 33102 31778 
32792 32441 32847 31988 
32649 32301 32532 32228 
32564 32283 32301 32632 
32492 32285 32113 33043 
32375 32283 31943 33423 
32296 32359 31878 33780 
32225 32430 31892 34002 
32216 32568 32025 34117 
32237 32697 32230 34055 
32303 32842 32467 33820 
32448 32979 32751 33417 
32649 33105 33033 32900 
32886 33188 33260 32316 
33160 33257 33471 31755 
33420 33261 33595 31282 
33566 33177 33594 30961 
33612 33041 33495 30861 
33567 32885 33338 31029 
33361 32662 33079 31395 
33079 32479 32791 32009 
32726 32306 32492 32706 
32363 32198 32218 33425 
32079 32185 32029 34062 
31904 32247 31951 34496 
31782 32313 31919 34632 
31848 32477 32036 34551 
31981 32613 32181 34185 
32198 32739 32380 33634 
32445 32806 32570 32946 
32693 32833 32736 32267 
32929 32873 32897 31743 
33069 32833 32967 31329 
33178 32821 33021 31213 
33207 32791 33040 31302 
33223 32835 33094 31642 
33187 32867 33128 32081 
33099 32892 33153 32524 
33063 32979 33231 32957 
32970 33018 33221 33240 
32892 33054 33193 33380 
32843 33072 33143 33373 
32756 33007 32990 33210 
32653 32883 32772 32959 
32516 32679 32494 32673 
32412 32488 32250 32492 
32260 32221 31964 32322 
32175 32040 31803 32330 
32113 31903 31715 32454 
32118 31881 31769 32696 
32220 31974 31952 32980 
32345 32157 32207 33249 
32564 32475 32582 33476 
32810 32837 32991 33556 
33020 33165 33325 33435 
33222 33465 33618 33170 
33338 33650 33764 32769 
33417 33757 33790 32334 
33411 33739 33682 31922 
33340 33590 33454 31605 
33197 33340 33159 31441 
32985 33000 32796 31457 
32712 32599 32439 31633 
32533 32289 32227 32075 
32312 31950 32035 32535 
32182 31736 31962 33062 
32074 31630 31940 33496 
32076 31699 32026 33884 
32119 31870 32147 34080 
32203 32101 32276 34119 
32320 32405 32434 33978 
32438 32693 32579 33661 
32593 32978 32746 33272 
32702 33165 32867 32757 
32900 33352 33058 32320 
33101 33481 33248 31924 
33266 33500 33398 31587 
33428 33493 33518 31408 
33547 33438 33590 31375 
33599 33354 33582 31488 
33522 33206 33454 31702 
33338 32976 33190 32009 
33062 32756 32853 32398 
32751 32540 32499 32851 
32402 32316 32123 33274 
32066 32097 31804 33625 
31813 31951 31619 33912 
31656 31835 31571 34021 
31647 31804 31694 34006 
31774 31847 31959 33823 
31995 31956 32309 33516 
32264 32110 32649 33103 
32606 32365 32999 32692 
32916 32650 33252 32262 
33210 32983 33424 31919 
33420 33314 33474 31689 
33548 33626 33434 31624 
33583 33838 33330 31708 
33530 33924 33177 31913 
33362 33847 33004 32169 
33140 33629 32846 32462 
32929 33355 32761 32762 
32700 32992 32683 32960 
32355 32257 32613 33165 
32265 31946 32573 33132 
32215 31716 32524 33030 
32242 31650 32463 32946 
32276 31667 32379 32841 
32359 31801 32311 32792 
32443 32001 32262 32779 
32558 32291 32269 32843 
32653 32595 32322 32910 
32744 32915 32431 32995 
32807 33202 32593 33036 
32845 33428 32779 33009 
32909 33591 32999 32942 
32945 33664 33182 32784 
32969 33651 33321 32580 
33019 33564 33414 32359 
33048 33400 33398 32135 
33018 33110 33256 31913 
32976 32780 33052 31803 
32909 32441 32807 31844 
32788 32074 32531 32010 
32661 31785 32300 32326 
32505 31560 32135 32706 
32325 31466 32003 33114 
32215 31562 32011 33491 
32189 31838 32142 33820 
32243 32275 32383 33983 
32362 32778 32647 33923 
32541 33311 32927 33685 
32745 33753 33160 33264 
32926 34022 33286 32717 
33161 34172 33423 32261 
33314 34045 33394 31799 
33333 33675 33235 31447 
33278 33205 33018 31332 
33143 32654 32772 31441 
32958 32156 32554 31801 
32721 31735 32369 32259 
32478 31508 32251 32788 
32234 31428 32172 33239 
32087 31569 32191 33630 
32069 31893 32305 33870 
32150 32321 32454 33905 
32320 32798 32617 33732 
32569 33239 32775 33398 
32854 33615 32902 32957 
33114 33806 33004 32517 
33316 33813 33072 32136 
33405 33621 33079 31844 
33325 33265 33012 31701 
33101 32776 32875 31726 
32832 32320 32762 31958 
32524 31961 32653 32329 
32241 31733 32550 32774 
31997 31674 32423 33218 
31920 31833 32388 33713 
32002 32130 32432 34113 
32199 32541 32525 34240 
32543 33000 32698 33940 
32849 33327 32818 32968 
33184 33580 32978 31638 
33442 33679 33104 30260 
33587 33615 33182 29304 
33585 33392 33180 29191 
33458 33079 33104 30115 
33206 32723 32950 31879 
32897 32391 32752 34145 
32535 32106 32528 36234 
32222 31926 32331 37646 
31995 31908 32213 38177 
31880 32000 32133 37696 
31940 32264 32168 36399 
32213 32654 32307 34415 
32549 33078 32487 31930 
32786 33321 32641 29239 
32881 33351 32816 26889 
32770 33070 32942 25211 
32568 32611 33004 24623 
32456 32188 33018 25397 
32529 31981 32988 27560 
32783 32106 32941 30980 
33090 32494 32896 35046 
33324 32841 32838 38980 
33544 32941 32837 42117 
33626 32777 32861 43822 
33340 32795 32901 43687 
32546 33530 32949 41584 
31527 34965 32861 37664 
31249 36157 32696 32663 
32437 35447 32428 27311 
34840 32136 32250 22862 
37246 27234 32389 19944 
37672 23410 32864 19110 
34693 23786 33435 20596 
28590 29658 33611 24217 
21504 39489 32851 29402 
17348 48556 31136 35220 
19251 51790 29294 40556 
27613 46685 28464 44616 
39812 34402 29583 46730 
51554 19446 32835 46543 
58271 8002 37137 44114 
57062 4768 40812 39784 
48268 10869 41846 34334 
35137 23097 39427 28721 
22071 36331 34411 24004 
12310 46935 28554 20748 
7605 53633 24091 19576 
7533 56795 22297 20440 
10939 57768 23385 23223 
16660 56995 26423 27434 
23946 53915 30009 32288 
32529 47251 33114 36828 
42457 36139 35543 40451 
53195 21267 37646 42715 
63233 4891 39716 43310 
65412 192 41719 42245 
65508 53 43094 39804 
65535 12 43054 36430 
63622 3546 40828 32765 
42232 18911 36312 29367 
21625 38265 30182 26791 
2374 57910 23838 25439 
93 65298 18577 25325 
13 65499 15661 26307 
13 65535 15924 28141 
9301 65535 19455 30415 
23667 65535 25895 32858 
39048 48043 33716 34930 
52533 25779 41379 36367 
61496 4062 47279 37063 
63984 142 50192 36987 
59901 31 49944 36259 
49822 11 46966 35111 
35569 8048 42138 33787 
19416 18696 36328 32474 
4497 35969 30281 31451 
145 53498 24378 30844 
35 65080 19169 30596 
23 65482 15634 30794 
10093 65525 14646 31337 
24476 65534 16966 31975 
40488 57596 22770 32647 
55599 39766 31209 33205 
65119 19286 40216 33594 
65474 1316 47510 33734 
65504 104 51276 33623 
65504 44 50670 33285 
55897 36 46343 32849 
41595 6530 39915 32426 
27038 18545 32861 32006 
14656 32442 26779 31745 
5940 45726 22499 31669 
1500 56739 20320 31784 
1767 63611 20336 32082 
6432 65258 22157 32462 
14691 60761 25401 32956 
25126 51128 29612 33373 
35725 37675 34278 33717 
44238 23156 38743 33938 
48939 11140 42374 34017 
49223 4339 44373 33894 
46029 3770 44198 33563 
41487 8348 41603 33163 
37909 15329 36944 32675 
36342 22528 31068 32178 
36429 29085 25194 31786 
36538 35520 20602 31464 
35116 42860 18407 31289 
31620 51434 19357 31369 
27288 58842 23312 31562 
24245 62192 29464 31960 
24109 59052 36298 32415 
27005 49352 42458 32938 
31701 35146 46692 33399 
36253 20269 48287 33852 
38621 8891 46938 34126 
37683 4412 43018 34171 
33944 7231 37671 34031 
28848 15391 31742 33674 
24377 26041 26194 33220 
22086 36275 21658 32633 
22784 44220 18617 32087 
26191 48605 17564 31590 
31129 49427 18822 31309 
36490 47349 22491 31212 
41132 43077 28202 31326 
44490 37322 35141 31694 
46141 30561 41895 32183 
46182 23422 46992 32747 
44673 17137 48925 33308 
41746 13380 47248 33763 
37274 13557 42526 34081 
31270 18486 36141 34169 
24185 27619 29792 33998 
17214 39043 25111 33648 
11965 50248 23015 33182 
10139 58153 23518 32634 
12390 61337 25711 32108 
18462 59312 28344 31675 
27139 52560 30452 31383 
37035 42130 31744 31310 
47184 28597 32537 31469 
55795 14068 33318 31775 
61850 1012 34650 32217 
63720 108 36373 32727 
60266 27 37899 33250 
50688 5 38382 33668 
36102 15132 37324 34002 
18588 34421 34799 34105 
2660 54556 31686 34022 
82 65246 29269 33811 
8 65522 28389 33415 
3637 65535 29295 32932 
16987 65510 31580 32428 
31891 56380 34284 31958 
44911 41219 35990 31527 
54602 25946 36123 31294 
59676 13203 34675 31266 
60247 3366 32228 31371 
56650 161 29755 31670 
49614 82 28084 32060 
40134 71 27761 32542 
29992 9264 28863 33079 
20773 20704 30847 33505 
13316 34564 33212 33863 
8023 49032 35402 34098 
5232 62196 36984 34146 
5590 65388 37712 33968 
10353 65504 37580 33689 
20097 65535 36554 33284 
33467 65535 34882 32871 
48093 49654 32742 32447 
60227 29848 30480 32099 
65348 12918 28490 31863 
65369 3018 27170 31734 
54210 1053 26832 31731 
42206 4908 27651 31831 
32174 10806 29470 32028 
26382 16330 31923 32229 
24472 21174 34529 32411 
24065 26793 36853 32547 
22759 34734 38596 32686 
19545 45224 39539 32805 
15438 56295 39474 32843 
12826 64475 38491 32951 
13620 65472 36582 33067 
18606 65451 33882 33207 
27090 52343 30677 33347 
37418 36180 27346 33494 
47210 18659 24619 33575 
54401 3915 23269 33592 
57917 135 23611 33515 
57220 45 25623 33291 
52684 48 28832 32970 
45159 11872 32483 32534 
35891 26365 35938 32113 
26815 41763 38511 31687 
19221 55478 40229 31397 
14133 64624 41166 31247 
11933 65461 41346 31274 
12658 65496 40619 31505 
16107 58136 38685 31913 
21550 45786 35456 32411 
28285 31667 31288 32959 
35469 17792 27064 33516 
42154 5873 23890 33924 
47609 235 22813 34259 
51172 84 24002 34371 
52122 57 26843 34258 
49927 6537 30194 33918 
44562 19036 32802 33456 
36417 35397 34213 32908 
26748 52889 34630 32335 
17652 65048 34802 31819 
11620 65485 35429 31356 
10639 65535 36904 31102 
15293 65535 38788 31051 
23831 65128 40089 31250 
33623 44715 39918 31621 
42046 26686 37772 32096 
47222 11949 34031 32637 
48495 2609 29696 33154 
46509 123 26013 33638 
42604 85 24199 33941 
38141 7650 24569 34113 
33836 16978 26640 34043 
30016 28218 29580 33842 
26603 39948 32424 33550 
23614 50602 34347 33179 
21428 58381 35158 32708 
21053 61257 35201 32356 
23014 58199 34878 32069 
27225 49684 34646 31880 
32806 37690 34699 31830 
38319 24952 34977 31897 
42377 14520 35193 32013 
44150 8525 35129 32217 
43253 7969 34490 32410 
40311 12178 33377 32605 
36161 19720 32000 32740 
31735 29103 30743 32829 
27835 38885 30057 32863 
25134 47525 30159 32868 
24250 53631 31092 32894 
25493 55397 32415 32892 
28672 52296 33510 32952 
32892 44910 33840 32979 
36966 35062 33361 33067 
39570 25171 32268 33125 
40080 17700 31140 33202 
38450 14018 30430 33200 
35372 14468 30432 33146 
31625 18413 31098 33014 
27840 24755 32102 32760 
24619 32489 33194 32518 
22314 40613 34195 32240 
21691 47936 35077 31969 
23389 52871 35865 31784 
27638 53838 36384 31719 
33934 49649 36377 31769 
41013 40578 35660 31950 
47322 28407 34217 32249 
51690 15527 32275 32613 
53131 5116 30305 33047 
50977 372 28685 33380 
44893 3095 27913 33674 
35254 13822 28205 33884 
23375 29739 29413 33863 
12118 46602 31256 33714 
4206 60512 33283 33474 
2160 65382 34926 33098 
6666 65499 35844 32694 
16652 65464 35836 32309 
29193 53320 34926 31942 
41304 40726 33643 31697 
51136 27764 32510 31621 
57667 15616 31939 31691 
60412 5503 31981 31855 
59240 242 32436 32106 
54101 68 32889 32393 
45506 217 33100 32717 
34859 12594 33012 33008 
23636 26183 32849 33242 
13700 41099 32914 33434 
6619 55044 33242 33519 
3619 64959 33660 33510 
5348 65466 33762 33393 
11712 65514 33165 33241 
21754 65522 31904 33062 
34159 50759 30341 32863 
47088 32696 29142 32679 
58092 14761 28866 32451 
64533 1228 29842 32279 
64874 62 31705 32131 
57517 32 33798 32068 
46018 8403 35354 32024 
32525 20999 36098 32079 
19935 34743 36037 32247 
10443 46965 35416 32403 
5408 56144 34711 32656 
5248 60416 33993 32884 
9634 59351 33228 33100 
17671 53142 32316 33269 
27968 42944 31414 33367 
38890 30382 30747 33342 
48355 18208 30771 33267 
54539 8766 31414 33042 
56189 4475 32419 32804 
53545 5452 33219 32532 
47807 11093 33440 32317 
40809 19775 32973 32158 
34113 29517 32072 32071 
28376 39046 31221 32129 
23230 47768 30731 32287 
18399 55254 30698 32514 
14253 60742 30943 32757 
12123 63218 31469 33008 
13443 61145 32229 33173 
18923 53823 33474 33284 
27699 41595 35236 33279 
37615 26595 37216 33169 
46506 11699 38737 32993 
52016 915 38959 32811 
53110 78 37408 32578 
50308 48 34347 32416 
44772 7425 30604 32298 
38156 18819 27331 32301 
31837 31635 25349 32327 
26715 43793 25109 32450 
23341 52917 26291 32527 
21951 57838 28334 32650 
22220 58267 30590 32704 
23719 55071 32940 32738 
25775 49453 35332 32733 
27965 42588 37780 32725 
30184 35195 39948 32695 
32661 27387 41276 32707 
35445 19561 40999 32736 
38025 13212 38902 32826 
39696 9663 35326 32930 
39873 10314 31052 33036 
38691 15594 27178 33150 
36804 24062 24474 33177 
35221 33363 23360 33159 
34429 41112 23783 33009 
34260 45614 25527 32790 
33810 47038 28241 32558 
32193 46798 31678 32321 
29166 46223 35537 32106 
25467 45723 39290 31956 
22599 44521 42235 31906 
22061 41095 43572 31969 
24584 34605 42635 32167 
29454 25751 39310 32448 
35141 16626 34094 32773 
39667 10562 28536 33052 
42426 9280 23953 33351 
43289 13129 21566 33590 
42606 20839 21984 33697 
40787 30269 25000 33655 
37962 39578 29827 33535 
34087 47052 34816 33280 
29352 51947 38749 32928 
24657 53731 40652 32506 
21158 52585 40729 32154 
19743 48565 39504 31854 
20981 41934 37614 31625 
24738 33282 35474 31553 
30340 23601 33049 31630 
36402 14780 30208 31859 
41678 8781 26997 32166 
45212 7152 24035 32542 
46628 10457 22217 32934 
45790 18213 22513 33300 
42779 28841 25347 33598 
37906 40251 30312 33810 
31351 50457 36357 33826 
24423 57195 41639 33712 
18306 59847 45051 33487 
14398 58252 45890 33128 
13941 52823 44226 32733 
17362 44275 40685 32360 
24281 33103 35790 32007 
33519 20500 30302 31789 
43338 8555 25028 31691 
51517 506 20783 31741 
56112 60 18510 31934 
55677 48 18925 32268 
49940 13218 22187 32635 
40529 28369 27555 32993 
29620 44135 33933 33272 
19887 57293 39839 33445 
13576 64960 44043 33521 
11609 65468 45653 33382 
13837 65317 44650 33148 
19268 53326 41509 32833 
26110 40934 37425 32495 
33173 27707 33227 32200 
39537 15952 29582 32021 
44398 7833 26762 31986 
47266 4623 24875 32063 
48033 6372 24102 32272 
46806 12076 24652 32574 
43821 20004 26736 32919 
39229 28511 30057 33193 
33670 36461 33887 33431 
27799 43338 37273 33545 
22845 48642 39247 33509 
19933 51758 39192 33344 
19604 52196 37245 33029 
21503 49929 34098 32635 
24439 45742 30966 32275 
26918 40914 28763 31962 
28186 36763 27981 31748 
28804 33661 28602 31734 
30217 30814 30217 31798 
33986 27140 32586 32118 
40346 21565 35227 32508 
47843 14626 37755 32936 
53442 8680 39563 33359 
54457 6405 40094 33718 
50360 9167 38962 33896 
42712 16396 36145 33844 
33943 26321 32105 33587 
26175 36842 27620 33172 
20161 46697 23589 32657 
15495 55632 20992 32168 
11303 63531 20332 31701 
7987 65384 22011 31437 
7181 65476 25874 31386 
11119 65530 31391 31574 
20688 65492 37600 31961 
34722 46321 43460 32420 
50304 24478 47943 32968 
63766 3068 50040 33525 
65464 113 49021 33864 
65531 21 44979 34094 
65526 22 38381 34068 
55917 6631 30512 33837 
39717 19206 22761 33354 
23500 33375 16862 32843 
9896 47086 13708 32302 
915 58480 13890 31858 
85 65122 17278 31514 
49 65484 23185 31382 
7664 64723 30636 31442 
20372 49548 38179 31743 
35564 31746 44543 32164 
50487 12211 48769 32689 
62375 401 50402 33220 
65439 74 49237 33597 
65532 21 45606 33895 
64646 0 39969 34007 
46029 11323 33032 33919 
26958 29823 25926 33596 
8702 50632 20054 33175 
225 65028 16373 32670 
6 65502 15755 32195 
0 65535 18272 31753 
13156 65535 23427 31441 
29718 65535 30303 31375 
46029 47193 37256 31517 
58497 26109 42899 31822 
64444 8719 46238 32274 
63693 289 46934 32790 
57622 79 45031 33262 
47803 72 41109 33675 
35866 6040 36050 33954 
22948 12858 30767 33997 
10811 25995 26458 33902 
1547 40797 23839 33612 
95 55036 23073 33213 
44 64940 23862 32735 
6045 65474 25740 32310 
18264 65513 28207 31907 
32320 64077 30778 31627 
46136 47342 33472 31528 
57778 30712 36146 31590 
65140 13999 38673 31849 
65450 777 40515 32204 
65497 85 41028 32613 
65523 22 39818 33010 
56232 2134 36950 33396 
39807 17686 33236 33676 
21556 35488 29656 33792 
5874 52934 27160 33744 
150 64651 26231 33559 
24 65513 26775 33243 
7523 65508 28294 32796 
16312 51660 30248 32387 
27794 36674 32187 31993 
36643 23591 33916 31730 
42164 14380 35416 31634 
44756 9317 36513 31725 
45468 7441 36995 31970 
45179 7962 36701 32326 
44126 10837 35590 32749 
41826 16692 33832 33115 
37711 25890 31862 33381 
31624 38200 30161 33590 
24217 51848 28969 33615 
17431 63909 28595 33521 
13586 65457 29083 33275 
14984 65535 30489 32952 
22149 65535 32573 32614 
33083 51108 34936 32344 
44992 31006 36961 32064 
54651 11950 38149 31980 
59188 434 37934 32010 
57345 36 36175 32134 
49898 35 33240 32363 
39519 10615 29879 32608 
28638 23085 27015 32901 
19384 35405 25281 33146 
12716 45563 25057 33277 
8692 53086 26509 33337 
7343 57400 29237 33325 
8535 58586 32776 33117 
12769 56365 36444 32890 
20614 50001 39973 32643 
31875 38923 42879 32369 
45277 23857 44655 32122 
58613 7449 44679 31973 
65328 217 42295 31940 
65512 23 37274 32008 
65535 0 30307 32201 
65403 10952 22636 32492 
47473 28241 16073 32808 
30375 46846 12572 33155 
15552 62276 13348 33405 
5588 65440 18638 33566 
1789 65508 27226 33637 
3232 65494 36657 33520 
8313 57571 44912 33304 
15589 47109 50395 33037 
