32351 32294 32933 33739 
32351 32294 32933 33739 
32509 32606 33152 33644 
32737 32934 33365 33442 
32941 33200 33448 33099 
33110 33380 33444 32703 
33238 33488 33367 32325 
33241 33437 33168 31964 
33138 33280 32902 31686 
32971 33073 32620 31601 
32754 32839 32356 31664 
32508 32597 32127 31882 
32330 32444 32032 32241 
32174 32321 32003 32623 
32131 32295 32100 33057 
32166 32310 32245 33410 
32307 32386 32463 33666 
32502 32474 32682 33790 
32706 32507 32837 33682 
32916 32594 32980 33536 
33060 32602 33017 33258 
33149 32587 33007 32935 
33146 32574 32948 32617 
33080 32567 32885 32325 
32966 32613 32851 32127 
32811 32671 32812 31991 
32667 32779 32835 31949 
32556 32954 32897 31969 
32494 33120 32961 32046 
32522 33330 33057 32186 
32604 33474 33109 32330 
32712 33553 33106 32515 
32788 33489 32994 32654 
32814 32982 32527 32911 
32789 32625 32275 33085 
32729 32232 32055 33236 
32625 31840 31870 33334 
32531 31536 31812 33429 
32463 31390 31889 33481 
32449 31443 32100 33473 
32437 31627 32389 33352 
32520 32001 32767 33154 
32601 32445 33111 32863 
32728 32956 33434 32507 
32856 33428 33646 32132 
32990 33865 33745 31809 
33110 34143 33718 31578 
33184 34242 33557 31488 
33208 34153 33305 31535 
33163 33878 33009 31731 
33023 33408 32643 32013 
32900 32934 32380 32475 
32681 32359 32106 32901 
32464 31833 31908 33373 
32257 31414 31780 33756 
32070 31171 31736 34009 
31965 31127 31820 34101 
31950 31302 31991 34046 
32026 31653 32230 33805 
32220 32158 32554 33453 
32484 32714 32911 33020 
32753 33205 33209 32491 
33044 33655 33490 31993 
33336 33983 33715 31594 
33554 34108 33812 31345 
33675 34029 33776 31261 
33666 33758 33600 31357 
33533 33379 33324 31618 
33320 32952 32974 32001 
33001 32500 32584 32429 
32671 32169 32230 32919 
32295 31921 31909 33329 
32004 31843 31717 33670 
31780 31900 31646 33883 
31702 32075 31731 33946 
31760 32282 31910 33853 
31955 32550 32214 33638 
32242 32758 32545 33340 
32599 32917 32910 32989 
32925 32962 33212 32584 
33212 32953 33440 32219 
33415 32854 33547 31916 
33506 32746 33544 31766 
33448 32623 33397 31728 
33280 32512 33153 31817 
33013 32469 32842 32031 
32740 32500 32554 32309 
32493 32655 32339 32676 
32302 32860 32203 32994 
32178 33066 32149 33198 
32225 33327 32278 33364 
32396 33543 32518 33425 
32582 33614 32755 33335 
32805 33547 32983 33150 
32974 33291 33133 32874 
33109 32954 33205 32633 
33158 32516 33147 32403 
33141 32128 33032 32299 
33003 31736 32797 32237 
32813 31487 32530 32267 
32622 31440 32327 32421 
32422 31538 32169 32594 
32291 31835 32131 32804 
32239 32237 32197 32986 
32235 32692 32320 33095 
32346 33210 32575 33167 
32514 33644 32840 33127 
32689 33911 33049 32975 
32897 34040 33241 32785 
33051 33950 33338 32559 
33230 33759 33391 32396 
33240 33342 33273 32210 
33166 32852 33052 32102 
33036 32379 32794 32140 
32872 31982 32539 32282 
32642 31696 32290 32508 
32401 31569 32078 32772 
32218 31642 32004 33055 
32121 31875 32047 33324 
32135 32209 32227 33523 
32201 32538 32452 33552 
32432 32943 32792 33497 
32646 33190 33050 33207 
32921 33375 33290 32867 
33197 33462 33462 32497 
33394 33388 33477 32075 
33484 33249 33372 31760 
33458 33021 33162 31559 
33281 32780 32881 31554 
33021 32585 32595 31749 
32726 32474 32358 32114 
32381 32409 32159 32558 
32128 32458 32095 33075 
31901 32504 32062 33492 
31858 32621 32177 33837 
31960 32730 32354 34004 
32172 32781 32567 33956 
32501 32804 32814 33748 
32809 32710 32968 33330 
33152 32647 33129 32839 
33412 32592 33231 32335 
33545 32570 33259 31883 
33539 32569 33195 31528 
33401 32630 33070 31366 
33158 32729 32900 31419 
32807 32785 32682 31635 
32455 32834 32466 32036 
32177 32838 32301 32532 
31977 32801 32197 33081 
31839 32670 32105 33537 
31944 32612 32201 34002 
32115 32525 32336 34205 
32404 32513 32561 34189 
32713 32561 32811 33953 
33015 32674 33046 33505 
33280 32849 33253 32945 
33461 33037 33406 32329 
33567 33266 33495 31762 
33520 33394 33444 31289 
33359 33417 33283 31035 
33124 33318 33049 31038 
32835 33086 32751 31273 
32545 32777 32460 31740 
32286 32395 32174 32330 
32131 32072 32018 33015 
32006 31746 31897 33583 
32010 31604 31930 34065 
32064 31596 32048 34295 
32227 31791 32276 34319 
32462 32148 32575 34130 
32652 32527 32819 33698 
32840 32951 33029 33201 
32968 33312 33141 32632 
33095 33644 33230 32175 
33173 33847 33242 31850 
33177 33846 33164 31644 
33135 33726 33063 31666 
33039 33462 32926 31789 
32939 33142 32823 32002 
32818 32755 32758 32255 
32712 32418 32742 32503 
32617 32118 32741 32674 
32567 31932 32779 32800 
32520 31825 32783 32820 
32512 31848 32769 32836 
32536 31972 32718 32851 
32595 32208 32651 32913 
32641 32454 32529 32986 
32659 32704 32397 33089 
32682 32946 32281 33215 
32655 33104 32187 33296 
32628 33209 32168 33351 
32607 33262 32243 33326 
32606 33243 32395 33213 
32625 33183 32614 33018 
32674 33067 32841 32715 
32748 32926 33077 32375 
32852 32775 33284 32085 
32961 32647 33432 31843 
33048 32549 33495 31717 
33092 32469 33463 31729 
33071 32424 33325 31825 
33015 32455 33135 32058 
32902 32487 32874 32366 
32713 32530 32573 32688 
32537 32598 32309 33022 
32332 32616 32038 33307 
32174 32634 31872 33548 
32083 32620 31796 33679 
32058 32588 31817 33692 
32187 32606 32013 33670 
32401 32640 32310 33515 
32679 32692 32643 33262 
32984 32797 33033 32948 
33269 32924 33365 32593 
33501 33063 33642 32243 
33589 33174 33757 31925 
33573 33257 33756 31704 
33369 33204 33567 31583 
33119 33126 33318 31618 
32754 32947 32942 31764 
32393 32692 32557 32008 
32116 32479 32245 32385 
31916 32259 31989 32749 
31827 32072 31823 33095 
31893 31998 31824 33419 
32082 32012 31932 33647 
32388 32188 32160 33866 
32730 32414 32408 33995 
33079 32733 32703 34088 
33355 33035 32962 33984 
33505 33293 33147 33518 
33540 33466 33305 32616 
33443 33519 33386 31374 
33217 33408 33367 30133 
32889 33153 33240 29271 
32524 32811 33040 29221 
32218 32459 32819 30168 
31979 32141 32573 32034 
31887 31964 32393 34277 
31860 31869 32207 36281 
31996 31955 32162 37636 
32223 32166 32187 38061 
32531 32482 32308 37511 
32911 32871 32505 36147 
33319 33282 32713 34063 
33705 33701 32948 31602 
33890 33878 33119 29019 
33844 33811 33286 26759 
33482 33401 33326 25138 
32969 32800 33259 24558 
32504 32223 33106 25376 
32235 31862 32875 27697 
32175 31840 32644 31067 
32184 32084 32417 35116 
32247 32336 32235 39113 
32367 32351 32129 42336 
32490 32164 32143 44159 
32379 32199 32283 44085 
31864 32988 32469 42027 
31218 34464 32621 38229 
31253 35682 32698 33332 
32599 35210 32653 28096 
35231 32281 32676 23497 
38029 27637 32941 20256 
38813 24006 33446 19063 
36120 24614 34040 20228 
30019 30631 34176 23473 
22681 40196 33374 28264 
17805 49138 31649 33743 
18881 52585 29578 39214 
26963 47317 28569 43465 
39327 34535 29566 45811 
51171 19433 32726 45935 
58019 7902 37009 43962 
56867 4452 40593 40202 
48243 9884 41648 35360 
35027 21469 39250 30126 
21584 34525 34038 25556 
11552 45339 27827 22300 
7162 52080 23286 21054 
7422 55629 21535 21690 
11062 57199 22805 24073 
16789 57168 26086 27665 
24030 54740 29957 31761 
32962 48492 33569 35825 
43201 37714 36372 38974 
54307 22971 38742 40956 
64330 6670 40911 41459 
65434 228 42850 40536 
65515 55 44014 38430 
65535 13 43601 35556 
65156 2634 40968 32553 
44199 18194 36129 29878 
23854 36702 29720 27911 
4000 56062 23008 26957 
108 65256 17338 27051 
13 65494 14310 28103 
11 65535 14648 29831 
8527 65535 18488 31845 
22447 65535 25128 33786 
37775 48324 33448 35323 
51160 26852 41508 36238 
60319 5815 47867 36414 
63370 170 51345 35869 
59785 36 51507 34762 
49754 14 48625 33336 
35258 7476 43620 31959 
19086 18629 37480 30805 
4143 35615 30893 30120 
143 52547 24459 29965 
38 64868 18796 30351 
21 65474 14641 31148 
10401 65523 13311 32250 
25030 65531 15515 33307 
41302 56563 21400 34267 
56307 39315 29901 34861 
65186 19623 39114 35136 
65477 1693 46938 34934 
65503 113 51258 34427 
65505 46 51345 33587 
56834 37 47670 32690 
44456 6026 41559 31893 
29210 17964 34428 31184 
15796 31922 28005 30753 
6252 45177 23406 30707 
1148 55991 20801 30904 
312 62927 20307 31393 
4506 64803 21634 32042 
12613 60803 24661 32764 
22909 51674 28698 33380 
33741 38638 33371 33876 
42824 24467 38024 34164 
48289 12473 41902 34216 
49334 5455 44311 34027 
46659 4721 44517 33676 
42364 8964 42240 33191 
38710 15734 37844 32687 
37008 22688 32014 32218 
37053 28884 25980 31845 
37298 34932 20946 31576 
35982 42013 18308 31530 
32672 49794 18899 31734 
28210 56859 22425 31970 
24704 60558 28237 32378 
23840 58367 35050 32780 
26157 49441 41562 33109 
30696 35901 46289 33397 
35401 21182 48298 33568 
37932 10451 47257 33597 
37288 5956 43638 33471 
33772 8251 38337 33251 
28794 15784 32375 32971 
24232 26019 26575 32726 
21902 35926 21783 32507 
22505 43305 18596 32316 
25781 47491 17391 32209 
30776 48414 18523 32174 
36401 46695 22195 32228 
41349 42934 27941 32283 
45003 37625 35119 32359 
46900 31283 42184 32422 
47059 24702 47354 32503 
45626 18712 49446 32539 
42636 14799 47903 32613 
38049 14483 43124 32709 
31660 18735 36259 32772 
24138 27257 29421 32896 
16883 37914 24347 33020 
11462 48278 22027 33195 
9360 55952 22439 33362 
11335 59245 24702 33425 
17343 57616 27736 33419 
26257 51393 30359 33337 
36296 41738 32079 33166 
46345 29599 33164 32917 
55253 16228 34168 32579 
61836 3484 35554 32235 
64371 143 37322 31937 
61314 33 38768 31676 
52184 9 39082 31568 
37687 14894 37831 31640 
20550 33505 35096 31831 
4603 53137 31686 32100 
114 65170 28840 32517 
11 65516 27594 32911 
793 65531 28278 33258 
15682 65507 30436 33550 
29686 57213 33089 33790 
42580 42861 35011 33816 
52494 28198 35530 33761 
58353 15060 34430 33637 
59565 5151 32325 33407 
56665 242 30125 33150 
50255 88 28610 32789 
41596 70 28452 32466 
31877 7922 29633 32145 
22916 18930 31703 31842 
15483 32532 34117 31621 
10034 46960 36265 31519 
6865 60307 37713 31498 
6689 65349 38273 31604 
10823 65501 37862 31869 
19530 65535 36557 32199 
32079 65535 34567 32605 
46171 50796 32174 33090 
58387 31012 29637 33529 
64286 13983 27480 33907 
61879 3880 26121 34148 
53075 1758 25856 34180 
41708 5161 26772 34026 
31814 10703 28749 33700 
26048 16074 31461 33274 
24401 20847 34406 32779 
24372 26379 36976 32307 
23490 34232 38979 31929 
20669 44449 40094 31650 
16869 55333 40296 31604 
14074 63877 39451 31656 
14588 65461 37688 31886 
19207 65374 35030 32145 
27328 52003 31738 32416 
37193 36398 28268 32655 
46855 19276 25295 32883 
53954 4780 23504 32963 
57466 156 23381 32966 
56859 47 24990 32942 
52409 54 27863 32894 
44813 12332 31310 32854 
35705 26613 34570 32882 
26525 41932 37156 32931 
18857 55513 39023 33048 
13737 64600 40250 33187 
11629 65462 40808 33309 
12679 65497 40477 33377 
16365 57397 38972 33361 
21922 45030 36105 33166 
28653 31130 32294 32917 
35697 17577 28352 32591 
42386 5920 25305 32192 
47851 239 24232 31831 
51466 85 25288 31576 
52640 59 27779 31442 
50808 7075 30575 31458 
45620 19539 32684 31703 
37099 35913 33580 32061 
26694 53259 33497 32490 
17051 65058 33318 32966 
10642 65484 33835 33436 
9479 65534 35325 33835 
13907 65535 37378 34082 
22608 63378 39047 34190 
32816 43234 39277 34123 
41385 25695 37584 33841 
46808 11593 34337 33434 
48518 2916 30535 32964 
47143 240 27397 32464 
43861 2428 25910 31939 
39712 8932 26391 31513 
35518 18207 28368 31228 
31383 29108 30952 31112 
27295 40396 33188 31160 
23567 50458 34484 31412 
20826 57655 34721 31826 
20143 60028 34294 32356 
22016 56792 33672 32900 
26383 48550 33348 33460 
32225 37035 33467 33914 
38108 24743 33889 34173 
42459 14925 34325 34264 
44298 9670 34467 34171 
43473 9232 34034 33845 
40512 13116 33113 33394 
36275 20092 31899 32879 
31538 29189 30831 32400 
27379 38549 30347 32000 
24507 46811 30707 31730 
23544 52325 31772 31592 
24904 54009 33193 31664 
28319 51077 34323 31817 
33101 44114 34769 32112 
37701 34802 34241 32350 
40695 25871 33123 32603 
41420 19282 31905 32804 
39854 16207 31007 32900 
36721 16771 30770 32974 
32619 20259 31020 32916 
28352 25830 31601 32867 
24519 32497 32245 32810 
21664 39593 32899 32786 
20532 46000 33578 32830 
21826 50190 34314 32896 
25927 50742 34989 33068 
32156 46687 35290 33233 
39439 38334 34996 33350 
46338 27202 34073 33398 
51454 15688 32720 33350 
53604 6599 31232 33176 
51878 3253 30111 32870 
46014 7163 29669 32489 
36453 17973 30007 32092 
24720 33126 31060 31750 
13306 48903 32515 31507 
5309 61481 34056 31481 
3289 65406 35021 31526 
7802 65498 35314 31802 
17260 59524 34714 32128 
29036 48450 33467 32595 
40680 35834 31976 33051 
49848 23596 30839 33459 
55953 12666 30484 33802 
58508 4113 30842 33982 
57476 210 31717 34004 
52609 69 32658 33883 
44506 4818 33323 33622 
34390 15343 33661 33315 
23675 29240 33852 32925 
14147 44110 34133 32521 
7538 57518 34620 32162 
4962 65248 35044 31828 
7068 65477 34985 31564 
13578 65514 34182 31470 
23617 65521 32553 31486 
35873 50747 30574 31617 
48375 32725 28889 31848 
58887 14711 28194 32160 
64337 1437 28819 32560 
63042 68 30450 32959 
55576 34 32431 33325 
43659 8358 34178 33709 
30048 20635 35166 33903 
17545 34282 35527 33999 
8574 46569 35380 33936 
4750 55065 35061 33714 
5740 59021 34636 33395 
11010 57794 33954 33029 
19609 51540 32968 32621 
30223 41261 31836 32232 
40792 29342 30973 31946 
49691 18007 30711 31735 
55360 9601 31151 31664 
56712 5827 32085 31719 
53717 7327 32985 31892 
47524 13254 33359 32058 
40039 21983 33144 32288 
32965 31491 32535 32493 
27018 40621 31942 32758 
21899 48729 31512 32909 
17428 55503 31387 33051 
13902 60301 31401 33162 
12377 62054 31490 33247 
14242 59384 31836 33309 
20108 51359 32694 33327 
29075 38585 34247 33353 
39064 23429 36161 33310 
47415 9477 37729 33267 
52358 471 38125 33127 
53056 67 36929 32942 
49699 48 34184 32711 
43746 9606 30858 32437 
36862 21905 28025 32174 
30584 34850 26458 31906 
25730 46437 26376 31725 
22679 54745 27420 31645 
21537 58756 29020 31690 
22113 58247 30818 31843 
23907 54161 32658 32175 
26166 47804 34632 32571 
28467 40419 36815 32984 
30795 32760 38915 33431 
33407 24980 40345 33815 
36159 17820 40346 34042 
38645 12220 38627 34095 
40137 9729 35467 33947 
40076 11553 31605 33608 
38591 17901 27958 33124 
36528 26891 25449 32561 
34883 36157 24388 32011 
34144 43178 24714 31556 
33958 46782 26165 31217 
33466 47337 28562 31126 
31707 46222 31664 31285 
28555 44927 35169 31652 
24798 43720 38550 32142 
22066 41922 41207 32748 
21777 38040 42326 33291 
24674 31567 41376 33795 
29800 23478 38293 34085 
35545 15894 33724 34167 
40409 11278 28706 34030 
43373 11328 24634 33730 
44248 16197 22600 33266 
43374 24455 23346 32767 
41172 33683 26499 32346 
37808 42077 30946 31966 
33495 48381 35486 31757 
28567 52020 38830 31717 
23606 52766 40323 31807 
20086 50641 40030 32028 
18846 45783 38516 32262 
20511 38824 36588 32522 
24754 30392 34548 32720 
30688 21607 32367 32842 
37275 13792 29735 32905 
42809 9124 26805 32914 
46371 8752 24165 32879 
47614 12957 22717 32879 
46394 21028 23331 32883 
42820 31616 26427 32936 
37308 42379 31454 33029 
30616 51042 37062 33126 
23632 56566 41867 33180 
17625 58463 44865 33247 
13809 56628 45431 33215 
13349 51223 43612 33070 
16867 42930 40022 32881 
24038 32314 35286 32610 
33607 20470 30044 32343 
43747 9356 25065 32057 
52296 1460 21094 31815 
56828 75 19157 31701 
56024 4899 19784 31667 
50036 15150 23028 31820 
40355 29701 28292 32073 
29444 44457 34308 32438 
19632 56574 39768 32827 
13487 63380 43313 33236 
11607 64090 44379 33603 
13722 59597 43089 33916 
18701 50838 40059 34018 
25514 39370 36237 33994 
32739 27297 32575 33785 
39178 17144 29671 33421 
44178 10464 27563 32930 
47257 8278 26331 32412 
48270 10375 26013 31924 
47211 15699 26729 31498 
44259 22531 28655 31241 
39793 29477 31455 31183 
34205 35842 34604 31301 
28402 41245 37157 31631 
23443 45414 38233 32099 
20412 47917 37444 32616 
19833 48395 35014 33198 
21274 46776 31841 33681 
23663 43767 29042 34024 
25700 40406 27432 34174 
26895 37695 27435 34185 
27787 35720 28913 33987 
29747 33596 31375 33578 
34119 30117 34305 33135 
40831 24467 37175 32604 
48310 17369 39632 32102 
53887 10871 41101 31631 
55214 7505 41172 31366 
51330 8964 39383 31258 
43565 15156 35847 31369 
34618 24150 31167 31673 
26507 34048 26173 32120 
20071 43630 21903 32644 
15021 52643 19303 33213 
10678 60828 18909 33666 
7329 65326 21114 34054 
6521 65465 25495 34167 
10283 65523 31493 34057 
19714 65452 38211 33745 
33677 46670 44456 33248 
49849 25190 49223 32652 
63854 3993 51336 32065 
65465 127 50164 31563 
65530 25 45793 31233 
65528 25 38925 31170 
57793 6437 30730 31387 
42402 18917 22554 31793 
25619 33266 16122 32332 
11222 47149 12694 32946 
1623 58475 12864 33539 
94 65109 16395 33984 
51 65479 22542 34186 
6646 65332 30178 34211 
18865 50826 37999 33922 
33796 33729 44671 33491 
48708 14318 49126 32979 
60643 538 50788 32476 
65396 84 49685 32043 
65526 25 45965 31718 
58817 0 40282 31612 
43981 10779 33287 31649 
25393 28921 26163 31825 
7745 49394 20283 32086 
195 64892 16583 32389 
3 65493 15895 32700 
9 65535 18469 32956 
14798 65535 23607 33080 
31391 65532 30251 33167 
47651 47499 36989 33176 
60063 27159 42553 33123 
65360 9581 46020 33073 
65488 346 46617 33016 
58858 83 44582 32986 
48726 76 40547 32973 
36503 5720 35436 32964 
23450 12998 30299 32943 
10860 25935 26148 32929 
1080 40759 23701 32825 
89 54658 23206 32695 
45 64610 24270 32533 
5473 65466 26292 32304 
16963 65508 28750 32132 
30923 57291 31348 31979 
44780 45870 33989 31914 
56441 29855 36535 31955 
64739 13920 38891 32112 
65439 987 40482 32329 
65497 85 40835 32721 
65522 23 39357 33103 
53549 7697 36354 33470 
36770 19341 32586 33786 
19046 37336 29082 33966 
4309 54474 26702 33940 
104 65085 25956 33767 
21 65520 26685 33390 
6667 65517 28392 32914 
18409 52074 30463 32352 
30205 37317 32545 31830 
39397 24132 34374 31404 
44991 14627 35890 31183 
47215 9405 36919 31202 
47184 7483 37231 31457 
45987 7958 36726 31914 
43955 10781 35447 32498 
40833 16526 33622 33110 
35936 25870 31578 33661 
29294 38357 29863 34086 
21796 51827 28752 34246 
15260 63580 28474 34146 
12102 65450 29085 33842 
14158 65535 30581 33381 
21917 65535 32734 32795 
33690 48370 35205 32250 
46120 28583 37276 31767 
55959 10152 38422 31502 
60384 313 38086 31414 
58298 32 36224 31539 
50510 41 33134 31895 
39592 11953 29611 32369 
28345 24664 26610 32875 
18853 37099 24808 33332 
12174 47245 24647 33691 
8359 54377 26152 33915 
7100 58418 28942 33837 
8484 59359 32613 33582 
12911 56772 36560 33160 
20766 50014 40246 32628 
32046 38679 43359 32130 
45397 23479 45233 31719 
58588 7007 45189 31459 
65319 215 42727 31449 
65512 24 37536 31640 
65535 0 30393 32039 
65376 10527 22533 32548 
47217 27642 15842 33102 
30004 46147 12190 33565 
14950 61750 13025 33937 
5219 65428 18403 34040 
1760 65504 26866 33964 
3513 65494 36460 33685 
8864 58274 44912 33313 
