32172 32214 31942 33812 
32172 32214 31942 33812 
32352 32414 32024 33958 
32619 32682 32208 33922 
32860 32921 32441 33659 
33075 33112 32706 33228 
33258 33267 33008 32701 
33352 33276 33256 32113 
33353 33181 33440 31601 
33264 33002 33509 31253 
33122 32788 33484 31118 
32937 32565 33350 31206 
32736 32381 33129 31505 
32523 32274 32830 31969 
32346 32245 32527 32534 
32279 32341 32317 33164 
32182 32411 32091 33644 
32180 32542 31986 34025 
32202 32663 31962 34176 
32318 32821 32098 34170 
32471 32938 32290 33928 
32697 33052 32571 33586 
32939 33152 32852 33148 
33082 33150 33051 32626 
33244 33143 33231 32200 
33289 33038 33291 31822 
33268 32889 33267 31603 
33071 32610 33064 31523 
32850 32343 32854 31645 
32601 32104 32627 31917 
32367 31934 32443 32260 
32202 31883 32344 32648 
32133 31978 32337 32998 
32183 32213 32415 33245 
32375 32611 32603 33424 
32630 33046 32823 33441 
32899 33475 33041 33315 
33151 33820 33212 33112 
33324 33935 33285 32848 
33370 33866 33263 32595 
33273 33571 33124 32379 
33052 33127 32851 32233 
32786 32609 32550 32222 
32553 32159 32299 32369 
32357 31802 32098 32575 
32184 31564 31941 32783 
32147 31573 31938 33000 
32183 31719 32035 33148 
32355 32050 32299 33259 
32546 32416 32624 33231 
32743 32764 32948 33083 
32923 33073 33251 32861 
33028 33290 33445 32563 
33126 33470 33585 32319 
33168 33547 33584 32100 
33120 33533 33446 31960 
33038 33448 33222 31932 
32939 33316 32951 32053 
32817 33120 32659 32266 
32659 32880 32379 32561 
32507 32584 32131 32860 
32361 32294 31965 33197 
32265 32044 31900 33471 
32217 31850 31921 33631 
32228 31747 32026 33679 
32341 31810 32242 33640 
32487 31943 32468 33416 
32708 32252 32788 33176 
32896 32572 33042 32797 
33093 32952 33315 32439 
33198 33251 33509 32066 
33232 33486 33609 31773 
33230 33622 33648 31597 
33140 33587 33544 31547 
33021 33467 33363 31642 
32908 33274 33099 31870 
32750 33010 32764 32158 
32659 32794 32444 32566 
32580 32611 32158 32988 
32526 32479 31940 33382 
32487 32416 31819 33716 
32443 32372 31815 33901 
32393 32350 31926 33934 
32336 32308 32123 33815 
32300 32261 32370 33542 
32265 32199 32618 33221 
32275 32144 32828 32833 
32356 32135 33002 32436 
32512 32234 33145 32152 
32709 32359 33219 31909 
32960 32616 33277 31832 
33168 32878 33268 31827 
33350 33154 33259 31906 
33469 33430 33229 32083 
33485 33629 33183 32260 
33412 33735 33118 32481 
33218 33701 32991 32638 
32999 33576 32848 32797 
32719 33340 32642 32885 
32523 33091 32473 33024 
32304 32769 32265 33107 
32172 32436 32096 33179 
32092 32115 31982 33214 
32077 31830 31945 33222 
32120 31631 32003 33223 
32229 31567 32150 33206 
32325 31571 32348 33111 
32473 31742 32597 33002 
32632 32016 32869 32855 
32834 32409 33131 32692 
33040 32877 33366 32516 
33237 33345 33531 32328 
33374 33748 33592 32148 
33441 34020 33562 32022 
33425 34087 33423 31946 
33300 33952 33188 31959 
33049 33594 32858 32000 
32766 33154 32527 32164 
32486 32677 32219 32436 
32234 32219 31985 32731 
32052 31860 31836 33043 
31980 31671 31829 33363 
32022 31695 31952 33629 
32150 31873 32183 33775 
32370 32164 32512 33796 
32627 32493 32863 33662 
32864 32779 33181 33392 
33058 32994 33401 33003 
33173 33099 33503 32536 
33296 33178 33541 32151 
33330 33154 33437 31796 
33271 33064 33201 31566 
33122 32962 32914 31511 
32949 32902 32633 31637 
32776 32857 32384 31924 
32555 32786 32172 32276 
32405 32762 32103 32713 
32277 32712 32088 33104 
32196 32641 32166 33421 
32242 32624 32360 33678 
32306 32568 32541 33736 
32458 32559 32761 33667 
32640 32590 32953 33484 
32827 32614 33083 33190 
33023 32694 33179 32876 
33164 32749 33204 32554 
33221 32784 33168 32265 
33162 32719 33017 32025 
33009 32628 32845 31913 
32777 32477 32628 31912 
32529 32369 32463 32053 
32303 32304 32331 32285 
32148 32319 32278 32584 
32143 32481 32334 32921 
32235 32692 32424 33165 
32452 32992 32604 33348 
32758 33314 32831 33404 
33093 33580 33065 33355 
33364 33700 33225 33182 
33522 33662 33305 32902 
33541 33459 33311 32597 
33385 33095 33190 32283 
33083 32632 32947 32039 
32731 32178 32685 31924 
32379 31826 32434 31946 
31898 31563 32064 32353 
31861 31733 32042 32717 
31960 32018 32121 33065 
32163 32377 32290 33367 
32439 32777 32517 33578 
32738 33135 32767 33638 
33019 33437 32990 33552 
33226 33607 33159 33314 
33403 33700 33292 33010 
33477 33645 33340 32627 
33477 33507 33321 32270 
33362 33260 33212 31980 
33129 32921 33003 31766 
32853 32559 32772 31740 
32524 32197 32524 31882 
32200 31883 32302 32165 
31906 31617 32115 32507 
31720 31521 32001 32880 
31699 31604 32004 33211 
31880 31900 32152 33489 
32197 32319 32385 33609 
32619 32854 32679 33597 
33056 33367 32951 33389 
33470 33823 33202 33068 
33774 34086 33404 32705 
33903 34119 33504 32347 
33820 33908 33487 32043 
33533 33456 33347 31831 
33087 32849 33091 31757 
32612 32235 32810 31865 
32164 31706 32519 32129 
31864 31428 32298 32522 
31710 31379 32122 32919 
31705 31545 32010 33256 
31894 31946 32017 33533 
32206 32482 32137 33680 
32550 33019 32331 33657 
32890 33469 32556 33445 
33162 33792 32797 33128 
33316 33840 32983 32691 
33385 33693 33144 32296 
33312 33370 33189 31953 
33126 32919 33128 31740 
32901 32435 33000 31702 
32662 32020 32822 31881 
32466 31755 32670 32224 
32328 31658 32533 32642 
32248 31767 32453 33060 
32282 32020 32486 33420 
32374 32374 32595 33636 
32554 32808 32768 33680 
32711 33184 32916 33484 
32921 33539 33072 33180 
33121 33783 33186 32791 
33222 33832 33168 32329 
33267 33729 33081 31948 
33184 33441 32858 31664 
32980 33030 32590 31572 
32757 32603 32369 31744 
32506 32157 32174 32058 
32247 31758 32037 32493 
32080 31525 32032 33071 
32010 31489 32096 33699 
32101 31678 32281 34287 
32322 32056 32531 34597 
32627 32509 32806 34428 
32908 32953 33041 33597 
33167 33355 33238 32237 
33343 33658 33387 30729 
33417 33800 33479 29546 
33324 33722 33440 29106 
33094 33483 33295 29692 
32819 33154 33098 31262 
32486 32740 32803 33406 
32214 32337 32502 35512 
32058 32038 32236 37135 
32011 31859 32018 37932 
32099 31830 31904 37758 
32346 31983 31893 36710 
32688 32283 32021 34839 
33095 32703 32272 32494 
33352 33033 32567 29894 
33384 33175 32886 27398 
33168 33091 33179 25449 
32830 32865 33420 24517 
32553 32653 33563 24916 
32490 32635 33619 26842 
32577 32803 33497 30022 
32720 33110 33259 33930 
32866 33346 32943 37963 
33040 33274 32631 41438 
33084 32808 32295 43587 
32886 32474 32109 44037 
32243 32785 32029 42483 
31353 33731 31956 39065 
31007 34647 31955 34416 
31928 34194 31994 29289 
34228 31529 32166 24486 
36926 27267 32587 20960 
37980 24051 33198 19512 
35886 24578 33882 20305 
30515 30153 34183 23258 
23658 39152 33658 27844 
18626 48068 32186 33410 
19280 51591 30529 38766 
26296 47268 29487 43033 
37579 35981 29973 45554 
49594 21321 32371 45889 
56723 10131 35871 43941 
56174 6684 38908 40161 
48275 11636 40054 35204 
36103 22264 38537 29937 
23505 34341 34691 25242 
13878 44562 29829 21896 
9257 50915 25872 20477 
9126 54007 23990 21084 
12209 54980 24467 23581 
17222 54501 26709 27450 
23686 51933 29636 32030 
31615 46154 32429 36496 
40931 36568 34689 40042 
51124 23443 36613 42183 
60954 8882 38554 42758 
65354 316 40372 41639 
65502 66 41745 39140 
65535 24 41866 35821 
56411 6765 40273 32314 
39359 18422 36745 29095 
19726 36393 31764 26686 
1465 55610 26276 25471 
83 65224 21569 25510 
18 65486 18687 26679 
16 65527 18369 28693 
10094 65535 20800 31154 
24585 65535 25691 33635 
39842 49532 31827 35681 
53270 28945 38095 37023 
62450 8574 43241 37608 
65400 237 46246 37286 
61847 44 46866 36327 
52047 20 45090 34853 
38069 7882 41690 33257 
22172 17654 37269 31719 
7213 33913 32448 30536 
229 50224 27602 29834 
46 63580 23068 29675 
28 65445 19707 30033 
8577 65513 18182 30676 
22212 65526 19413 31602 
37555 55682 23526 32541 
52293 38140 30006 33415 
63306 19198 37172 34003 
65431 2697 43140 34279 
65493 127 46611 34310 
65465 50 46804 34083 
53469 41 43977 33676 
39937 7180 39076 33193 
26578 19070 33672 32788 
15224 32664 28846 32417 
7478 45549 25403 32188 
3839 55898 23552 32036 
4537 62594 23361 32036 
9198 64052 24621 32154 
17030 60305 26949 32272 
26793 51644 30034 32408 
36777 39376 33528 32554 
44988 25712 37074 32685 
49502 14154 40011 32811 
49601 7498 41744 32923 
46098 6486 41810 32980 
40985 10190 40062 33024 
36449 16357 36641 33056 
33992 22884 32005 33030 
33758 28657 27176 32968 
34272 33913 23285 32835 
33880 39849 21234 32681 
31739 46776 21547 32525 
28461 53358 24252 32386 
25591 57204 28874 32279 
24976 55845 34355 32232 
27100 48587 39531 32233 
31229 37074 43429 32335 
35572 24357 45256 32520 
38267 14138 44721 32759 
37971 9546 41987 32982 
34915 11278 37845 33197 
30349 17895 33089 33335 
26007 26875 28447 33381 
23475 35780 24569 33340 
23555 42619 21760 33166 
26281 46323 20553 32942 
30609 46829 21146 32645 
35480 44822 23680 32364 
39875 41010 27971 32122 
43040 35979 33396 31946 
44652 30143 39097 31907 
44747 24272 43576 32008 
43483 19012 45748 32217 
40971 15618 45059 32489 
37180 15472 41731 32847 
31873 19461 36494 33146 
25446 27574 30902 33408 
19237 37724 26695 33524 
14456 47749 24631 33527 
12412 55307 24791 33372 
13928 58798 26602 33112 
18994 57603 29056 32772 
26587 52091 31202 32432 
35433 43091 32529 32118 
44483 31603 33157 31908 
52598 18771 33567 31809 
58868 6069 34276 31866 
61619 221 35313 32047 
59545 51 36402 32333 
51816 9 36873 32702 
38955 11653 36211 33029 
22867 29077 34378 33332 
7811 48053 31973 33531 
242 63899 29882 33610 
26 65467 28931 33551 
62 65520 29543 33379 
13738 65505 31414 33056 
27182 60308 33766 32723 
40070 46606 35585 32368 
50279 32791 36210 32095 
56837 20021 35344 31888 
59379 9128 33340 31811 
57754 1429 30932 31884 
52576 117 29046 32105 
44920 76 28152 32382 
36075 4938 28524 32782 
27307 14611 29931 33159 
19521 27328 31925 33471 
13208 41711 34069 33636 
9027 55385 35879 33658 
7446 65041 37108 33520 
9421 65464 37569 33213 
15864 65521 37235 32819 
26760 65535 36063 32349 
39923 54601 34300 31953 
52145 36950 32136 31635 
59796 20043 29991 31548 
60356 8476 28218 31643 
54074 4026 27163 31923 
44098 5551 27131 32328 
34829 9869 28098 32818 
28882 14451 29872 33314 
26784 18606 32156 33735 
26697 23387 34531 34009 
26134 30419 36641 34030 
23742 39966 38185 33845 
19887 50851 39030 33478 
16316 60282 38981 32973 
15248 65083 38077 32444 
18061 63260 36201 31930 
24657 54571 33519 31513 
33774 40316 30319 31311 
42782 24410 27411 31364 
50097 9811 25289 31664 
54329 474 24430 32061 
54874 67 25094 32588 
51630 41 27161 33181 
45203 9404 30005 33625 
37110 22682 32982 33967 
28680 37827 35691 34082 
21381 51951 37905 33963 
16234 62598 39555 33632 
13988 65418 40534 33153 
14650 65489 40613 32615 
17799 59713 39567 32113 
22640 48966 37142 31607 
28638 35781 33684 31368 
34984 22066 29742 31328 
41018 10074 26475 31542 
45934 1437 24749 31927 
49407 114 24875 32412 
50844 67 26537 32947 
49617 5138 28891 33414 
45133 15568 31161 33827 
37451 30759 32640 33989 
27894 47361 33353 33945 
18476 62373 33852 33685 
11775 65419 34652 33296 
9928 65519 36064 32873 
13815 65531 37786 32406 
21863 65408 39045 32068 
31658 47239 39086 31882 
40546 30276 37511 31835 
46533 15878 34573 31946 
48892 5945 30957 32207 
47813 1846 27893 32444 
44548 2945 26315 32691 
40413 8120 26537 32897 
36013 16255 28154 32977 
31650 26261 30474 32972 
27381 36971 32623 32882 
23448 47187 34080 32732 
20680 54766 34609 32614 
19856 58225 34446 32538 
21567 56487 33985 32543 
25738 49809 33622 32646 
31537 39386 33515 32804 
37446 27889 33653 32983 
41850 18355 33869 33184 
43915 12502 33902 33322 
43447 11149 33630 33366 
40893 13920 33058 33297 
36966 19919 32251 33058 
32632 27935 31590 32760 
28703 36465 31362 32432 
25727 44342 31668 32067 
24363 50175 32502 31803 
25015 52537 33488 31630 
27789 50578 34243 31644 
32077 44348 34314 31841 
36328 35823 33589 32172 
39345 26991 32300 32572 
40408 20103 30972 33056 
39299 16445 30009 33505 
36533 16392 29768 33863 
32871 19476 30238 34043 
29068 24709 31202 34052 
25514 31331 32338 33786 
22810 38584 33519 33376 
21548 45456 34654 32822 
22563 50403 35668 32252 
26093 51782 36356 31737 
31757 48731 36516 31370 
38623 41325 35973 31209 
45289 30681 34645 31221 
50541 18899 32818 31510 
52943 9261 30910 31970 
51808 4319 29383 32547 
46606 6009 28562 33138 
37704 14478 28623 33641 
26146 28199 29613 34071 
14616 43327 31239 34244 
6386 55818 33013 34171 
3651 62940 34522 33872 
7171 63441 35399 33438 
15771 58422 35456 32913 
27215 49470 34704 32352 
38807 38706 33507 31860 
48315 27848 32369 31511 
55009 17674 31691 31387 
58368 9147 31580 31438 
58157 3535 31926 31630 
54112 2164 32440 31987 
46538 6019 32810 32368 
36732 14678 33000 32816 
25901 26834 33068 33197 
15885 40401 33242 33548 
8419 53072 33563 33763 
4828 63004 33954 33866 
5907 65422 34045 33785 
11488 65500 33574 33578 
20892 61570 32477 33279 
32915 47665 31062 32903 
45554 31153 29856 32519 
56703 14572 29408 32146 
63238 2312 29961 31843 
63458 88 31352 31655 
57498 37 33071 31570 
46700 8141 34544 31692 
33508 20569 35376 31907 
20930 34251 35521 32220 
11630 46345 35156 32565 
6630 55429 34631 32960 
6260 60144 33976 33300 
10153 59783 33205 33533 
17683 54344 32285 33680 
27643 44632 31303 33700 
37880 33047 30613 33603 
46933 21532 30468 33381 
53274 12428 31012 33115 
55629 7461 31970 32764 
53643 7418 32997 32453 
48090 11920 33567 32132 
40942 19355 33595 31958 
33798 27976 33150 31831 
27602 36426 32540 31818 
22480 44185 32065 31967 
18073 51053 31717 32151 
14696 56408 31531 32413 
13431 59165 31528 32759 
15237 57915 31720 33060 
20684 51776 32361 33295 
29278 40943 33654 33512 
38904 27402 35312 33556 
47054 14410 36796 33488 
51969 4775 37446 33323 
52655 663 36772 33042 
49456 2730 34812 32680 
43476 10375 32108 32295 
36607 21475 29600 32000 
30170 33706 27879 31761 
25186 44873 27322 31707 
22064 53076 27725 31802 
21026 57344 28776 32051 
21874 57161 30100 32392 
24037 53513 31606 32853 
26738 47482 33363 33241 
29441 40378 35389 33533 
32028 33075 37516 33755 
34510 25684 39149 33791 
37009 18696 39627 33636 
39075 13338 38576 33384 
40162 10675 36119 33016 
39735 11937 32815 32599 
37957 17340 29533 32249 
35482 25830 26911 31930 
33485 34694 25566 31768 
32505 41831 25465 31728 
32428 45926 26498 31798 
32514 47129 28469 32008 
31744 46547 31185 32286 
29663 45521 34285 32564 
26767 44536 37347 32812 
24310 42984 39842 33013 
23703 39685 41141 33182 
25715 33752 40698 33278 
29757 25919 38361 33256 
34651 18059 34611 33228 
38899 12515 30247 33147 
41638 11156 26383 33050 
42582 14544 24036 32966 
41934 21770 23949 32837 
40228 30370 26119 32781 
37577 38692 29702 32678 
34092 45448 33734 32587 
29977 49912 37065 32471 
25689 51751 39031 32350 
22267 50858 39453 32275 
20627 47348 38670 32221 
21407 41470 37270 32210 
24572 33793 35561 32202 
29566 25410 33668 32287 
35392 17544 31390 32428 
40611 12093 28769 32591 
44338 10253 26127 32788 
46007 12621 24181 32956 
45468 18936 23791 33138 
42729 28104 25496 33298 
38046 38272 29297 33451 
32182 46950 33976 33496 
25768 53154 38490 33455 
19868 56169 41836 33340 
15662 55737 43372 33112 
14342 51891 42919 32798 
16834 44911 40743 32467 
22990 35516 37337 32165 
31817 24420 33124 31845 
41551 13449 28740 31635 
50151 4942 24865 31573 
55459 1310 22202 31645 
55742 4230 21530 31841 
50861 13188 23077 32142 
42163 26262 26608 32559 
31698 40356 31231 32974 
21982 52561 35921 33361 
15087 60717 39639 33682 
12368 63265 41564 33904 
13539 60503 41540 33930 
17764 53312 39956 33817 
23884 42969 37429 33564 
30859 31113 34562 33223 
37630 19869 31923 32865 
42845 11892 29796 32500 
46217 8071 28211 32216 
47565 8649 27282 32025 
46840 12769 27157 31861 
44354 19330 28169 31849 
40416 26672 30161 31913 
35410 33917 32782 31993 
30024 40448 35309 32118 
25292 45856 36955 32296 
22082 49523 37152 32461 
21082 50772 35867 32627 
22015 49484 33629 32789 
23923 46104 31226 32904 
25823 41808 29509 33078 
26947 37576 28800 33214 
27644 34243 29246 33350 
29051 31341 30552 33459 
32479 27912 32393 33497 
38195 23193 34507 33508 
45159 17308 36575 33411 
50858 12094 38197 33250 
53118 9513 38984 33022 
50881 11029 38534 32738 
44895 16678 36677 32423 
36985 25177 33560 32097 
29438 34357 29821 31791 
23304 43050 26259 31605 
18433 50856 23599 31525 
14227 57788 22484 31582 
10585 63467 23203 31763 
8868 65404 25779 32059 
10866 65442 29761 32404 
17989 55488 34588 32812 
30057 40401 39575 33216 
44658 21461 43750 33629 
58037 3152 46140 33919 
65270 123 46303 34096 
65506 30 43955 34079 
65520 28 39320 33930 
53830 8159 33191 33569 
39068 20959 26945 33193 
24055 35352 21597 32700 
11331 49115 18242 32223 
2693 60415 17484 31806 
124 65348 19460 31423 
60 65483 23731 31258 
8125 65514 29381 31239 
19701 57292 35380 31377 
33845 41521 40739 31698 
48583 22497 44611 32132 
60871 4217 46436 32641 
65384 161 46113 33141 
65515 44 43743 33551 
65535 13 39670 33939 
52230 5921 34364 34044 
34635 21040 28868 34072 
16203 39915 23844 33930 
1401 58323 20223 33637 
48 65345 18758 33226 
1 65535 19942 32805 
8279 65535 23496 32398 
22907 65532 28716 32064 
38467 48751 34502 31816 
51383 29538 39693 31746 
59279 12728 43440 31773 
60913 1656 44980 31907 
57172 107 44273 32106 
49573 79 41601 32318 
39653 6519 37643 32557 
28299 12100 33108 32735 
17092 24075 29001 32856 
7845 37823 26078 32912 
2202 51421 24602 32917 
1882 62083 24530 32931 
7244 65409 25490 32982 
17712 65499 27196 33041 
30230 59501 29220 33131 
42914 47299 31441 33188 
54105 32833 33961 33293 
62692 17862 36581 33334 
65396 5033 38909 33340 
65479 178 40256 33240 
65436 42 40151 33033 
52599 216 38505 32767 
37099 15775 35549 32405 
19775 32930 32225 32067 
4831 49979 29388 31731 
130 62705 27676 31527 
23 65464 27190 31467 
3646 65524 27739 31547 
15791 54167 28972 31792 
28172 40387 30497 32134 
38655 27452 32107 32583 
45597 17932 33676 33063 
48883 12485 35027 33521 
49444 10457 35983 33931 
48297 10878 36300 34225 
46019 13112 35852 34286 
42703 17556 34786 34185 
37983 24719 33341 33904 
31519 34914 31825 33438 
23947 46787 30622 32892 
16988 57715 29989 32326 
12632 64769 30045 31764 
12865 65495 30795 31322 
18515 58465 32178 31034 
28782 44411 33901 30928 
40700 26985 35528 31068 
51120 10175 36597 31405 
57191 364 36671 31923 
57225 39 35557 32518 
51485 39 33415 33171 
42068 11857 30772 33727 
31694 25225 28366 34195 
22494 38619 26765 34467 
15853 49676 26347 34488 
11933 57453 27228 34268 
10543 61459 29158 33861 
11296 62072 31786 33331 
14310 59336 34695 32730 
20092 52894 37572 32174 
29320 41784 40216 31701 
40899 26929 42001 31420 
53009 10364 42529 31344 
62743 355 41309 31462 
65434 49 38072 31728 
65519 3 33100 32072 
57143 6040 27107 32454 
42956 21325 21407 32854 
27536 39134 17692 33111 
14061 55099 17094 33252 
5335 64931 20016 33280 
2474 65481 25791 33221 
4949 65494 33140 33082 
10908 56693 39993 32905 
18733 45485 45076 32799 
