32681 32791 32739 33980 
32681 32791 32739 33980 
32617 32838 32741 34314 
32568 32858 32760 34453 
32540 32831 32766 34364 
32545 32795 32792 34070 
32544 32727 32786 33581 
32575 32658 32777 32971 
32630 32615 32758 32306 
32708 32619 32738 31671 
32765 32619 32692 31151 
32810 32643 32641 30818 
32852 32685 32607 30721 
32865 32731 32589 30894 
32864 32773 32590 31308 
32855 32813 32630 31934 
32820 32811 32666 32636 
32784 32823 32754 33432 
32717 32788 32795 34139 
32684 32775 32858 34681 
32642 32739 32885 34967 
32612 32697 32888 34966 
32613 32656 32859 34658 
32618 32624 32801 34060 
32628 32611 32730 33236 
32644 32601 32643 32303 
32716 32667 32638 31445 
32724 32680 32586 30694 
32750 32714 32584 30223 
32805 32794 32635 30112 
32789 32790 32662 30312 
32825 32850 32750 30932 
32835 32865 32815 31785 
32814 32858 32864 32765 
32790 32826 32864 33782 
32743 32755 32832 34613 
32732 32741 32813 35248 
32683 32676 32714 35508 
32667 32656 32656 35416 
32603 32595 32554 34888 
32586 32591 32513 34091 
32577 32579 32503 33065 
32564 32566 32519 31951 
32617 32612 32623 30990 
32671 32639 32720 30261 
32730 32681 32834 29858 
32781 32703 32923 29851 
32848 32774 33004 30277 
32881 32830 33027 31009 
32910 32895 33021 32006 
32914 32929 32958 33055 
32870 32931 32822 34072 
32831 32927 32709 34902 
32783 32872 32588 35454 
32719 32807 32476 35618 
32651 32705 32398 35398 
32613 32617 32390 34799 
32553 32509 32403 33899 
32530 32443 32483 32835 
32506 32407 32581 31740 
32531 32447 32728 30789 
32574 32524 32857 30120 
32614 32606 32946 29775 
32682 32727 33012 29834 
32743 32837 33016 30265 
32789 32908 32975 31019 
32854 32983 32923 32053 
32916 33030 32865 33145 
32906 32980 32764 34162 
32913 32918 32695 35008 
32897 32809 32654 35591 
32844 32701 32601 35766 
32797 32596 32579 35539 
32705 32489 32530 34879 
32635 32435 32523 33937 
32582 32433 32522 32780 
32539 32476 32523 31624 
32561 32581 32592 30660 
32570 32670 32637 29942 
32614 32769 32710 29589 
32668 32872 32792 29708 
32720 32923 32865 30217 
32787 32986 32959 31115 
32823 32993 32991 32217 
32830 32952 32988 33360 
32809 32860 32944 34417 
32776 32737 32861 35228 
32728 32635 32781 35709 
32672 32519 32681 35734 
32595 32427 32565 35340 
32564 32381 32488 34564 
32539 32359 32440 33490 
32562 32414 32438 32361 
32674 32576 32528 31357 
32747 32703 32592 30515 
32867 32877 32705 30014 
32930 32994 32777 29888 
32959 33074 32824 30140 
32977 33116 32882 30771 
32939 33079 32879 31663 
32885 33004 32894 32696 
32773 32853 32834 33613 
32685 32703 32793 34422 
32575 32550 32747 34936 
32480 32423 32702 35163 
32429 32345 32666 35038 
32400 32317 32643 34611 
32416 32364 32638 33946 
32476 32441 32630 33150 
32578 32557 32641 32317 
32732 32742 32705 31618 
32827 32846 32694 31043 
32953 32962 32729 30726 
33001 33026 32742 30663 
33064 33073 32767 30867 
33041 33036 32766 31255 
32999 32990 32778 31836 
32906 32886 32791 32447 
32796 32788 32792 33095 
32646 32656 32753 33649 
32554 32591 32738 34122 
32486 32528 32725 34392 
32458 32491 32710 34464 
32437 32465 32664 34326 
32478 32470 32659 34019 
32536 32504 32662 33578 
32629 32563 32671 33057 
32728 32646 32709 32510 
32839 32760 32765 31999 
32882 32818 32768 31532 
32896 32869 32781 31231 
32877 32901 32783 31082 
32860 32941 32785 31125 
32808 32912 32759 31317 
32766 32889 32746 31662 
32722 32831 32708 32114 
32693 32758 32685 32619 
32694 32700 32686 33172 
32656 32617 32657 33676 
32659 32581 32653 34120 
32665 32564 32675 34415 
32668 32569 32688 34515 
32674 32580 32698 34394 
32700 32622 32737 34084 
32723 32686 32761 33616 
32712 32730 32777 33030 
32719 32769 32778 32386 
32735 32821 32798 31768 
32744 32846 32800 31193 
32725 32823 32767 30786 
32737 32757 32717 30613 
32768 32739 32718 30924 
32746 32670 32675 31459 
32741 32637 32671 32200 
32743 32630 32673 33035 
32716 32625 32668 33882 
32705 32657 32680 34634 
32708 32707 32699 35186 
32711 32758 32702 35429 
32732 32810 32731 35347 
32737 32839 32738 34891 
32744 32835 32755 34121 
32732 32808 32748 33079 
32722 32759 32752 31964 
32743 32743 32787 30904 
32710 32691 32784 30007 
32679 32653 32790 29414 
32662 32641 32796 29293 
32636 32643 32785 29647 
32632 32652 32767 30463 
32656 32667 32748 31642 
32672 32697 32720 33086 
32724 32711 32685 34498 
32773 32717 32651 35691 
32830 32729 32622 36520 
32868 32723 32588 36799 
32916 32759 32614 36529 
32908 32768 32622 35675 
32860 32752 32647 34355 
32823 32781 32718 32782 
32738 32790 32775 31085 
32642 32786 32814 29537 
32559 32765 32850 28460 
32485 32761 32867 27930 
32440 32717 32842 28080 
32434 32690 32799 28961 
32491 32680 32768 30443 
32553 32642 32704 32265 
32678 32652 32692 34258 
32755 32611 32649 36037 
32871 32626 32655 37406 
32968 32654 32677 38100 
33034 32682 32704 38007 
33064 32720 32729 37144 
33054 32765 32761 35594 
33015 32834 32789 33623 
32882 32827 32742 31415 
32776 32858 32727 29380 
32647 32853 32717 27755 
32485 32795 32653 26810 
32379 32743 32595 26805 
32309 32674 32574 27657 
32314 32636 32585 29263 
32378 32610 32630 31460 
32470 32591 32679 33803 
32618 32619 32771 36006 
32742 32624 32821 37686 
32877 32666 32889 38674 
33000 32721 32937 38814 
33086 32800 32975 38095 
33111 32845 32956 36585 
33085 32871 32903 34533 
33010 32892 32834 32175 
32909 32855 32751 29920 
32762 32784 32631 28063 
32615 32698 32532 26880 
32508 32605 32459 26560 
32385 32478 32377 27152 
32340 32432 32366 28595 
32352 32429 32417 30632 
32400 32461 32482 32921 
32487 32554 32605 35242 
32629 32705 32772 37093 
32753 32863 32913 38251 
32877 33007 33038 38565 
32973 33148 33133 38032 
33022 33193 33160 36662 
33037 33187 33131 34768 
33002 33080 33038 32569 
32958 32946 32924 30415 
32825 32699 32713 28562 
32739 32481 32575 27375 
32610 32243 32410 27009 
32514 32067 32298 27520 
32474 32027 32276 28862 
32464 32072 32303 30808 
32459 32214 32372 33057 
32501 32443 32495 35210 
32580 32759 32671 37031 
32680 33054 32837 38218 
32747 33278 32937 38547 
32806 33416 33009 37978 
32848 33449 33035 36631 
32911 33400 33043 34700 
32900 33201 32976 32363 
32877 32938 32889 29956 
32834 32676 32803 27915 
32803 32452 32735 26583 
32747 32265 32658 26109 
32694 32149 32595 26625 
32665 32144 32563 28166 
32628 32195 32531 30387 
32614 32320 32529 33022 
32589 32464 32522 35680 
32618 32650 32577 38031 
32671 32835 32634 39587 
32660 32919 32638 40123 
32710 33031 32710 39656 
32721 33069 32759 38143 
32726 33042 32808 35722 
32724 32982 32847 32871 
32744 32920 32898 29941 
32727 32808 32903 27290 
32732 32719 32901 25360 
32757 32666 32883 24499 
32735 32588 32799 24747 
32749 32582 32738 26209 
32754 32602 32667 28659 
32772 32653 32620 31793 
32757 32684 32581 34997 
32753 32727 32574 37947 
32756 32770 32595 40154 
32710 32736 32602 41319 
32711 32720 32660 41286 
32711 32693 32718 40022 
32718 32665 32787 37681 
32700 32609 32804 34568 
32705 32602 32824 31104 
32728 32611 32839 27888 
32725 32641 32824 25357 
32714 32689 32776 23872 
32702 32748 32726 23707 
32699 32827 32700 24961 
32665 32859 32643 27349 
32644 32871 32617 30550 
32654 32894 32637 34054 
32666 32877 32670 37359 
32693 32823 32703 39978 
32763 32804 32789 41442 
32782 32712 32809 41544 
32847 32669 32870 40392 
32888 32633 32883 38054 
32862 32556 32846 34857 
32839 32539 32813 31445 
32774 32524 32728 28204 
32687 32548 32644 25654 
32594 32584 32563 24138 
32529 32643 32508 23981 
32477 32717 32464 25138 
32489 32779 32489 27478 
32552 32858 32559 30607 
32656 32924 32673 34075 
32763 32941 32779 37272 
32878 32936 32882 39713 
32977 32901 32965 41083 
33049 32866 33029 41204 
33046 32788 33034 40002 
33036 32732 33019 37689 
32917 32640 32923 34645 
32753 32554 32787 31330 
32593 32495 32674 28237 
32432 32474 32536 25788 
32301 32444 32404 24411 
32265 32498 32357 24380 
32280 32534 32329 25572 
32390 32638 32396 27895 
32559 32736 32496 30877 
32739 32836 32651 34205 
32909 32914 32785 37167 
33053 32963 32903 39453 
33142 32998 33002 40719 
33161 32991 33037 40762 
33122 32952 33038 39599 
33012 32869 32984 37428 
32849 32743 32890 34555 
32694 32633 32801 31444 
32536 32541 32701 28460 
32456 32499 32651 26209 
32366 32432 32562 24850 
32334 32418 32511 24687 
32378 32470 32498 25718 
32417 32527 32492 27828 
32565 32684 32569 30650 
32685 32798 32637 33713 
32775 32881 32691 36585 
32871 32949 32746 38946 
32957 32986 32829 40342 
32999 32986 32867 40553 
32994 32913 32865 39617 
32979 32831 32862 37731 
32919 32730 32830 35065 
32806 32603 32764 32028 
32745 32562 32756 29213 
32628 32485 32677 26856 
32498 32432 32604 25350 
32453 32465 32586 24980 
32432 32515 32567 25767 
32489 32620 32609 27564 
32539 32706 32634 30083 
32637 32821 32699 32960 
32721 32896 32750 35840 
32832 32987 32838 38172 
32905 33018 32887 39630 
32933 32998 32903 40077 
32959 32986 32939 39514 
32918 32891 32898 37890 
32840 32754 32832 35512 
32773 32636 32765 32811 
32695 32515 32692 30087 
32624 32430 32607 27776 
32574 32362 32537 26159 
32517 32338 32474 25545 
32474 32345 32423 25961 
32489 32435 32456 27388 
32534 32562 32501 29576 
32628 32726 32616 32268 
32763 32932 32775 34956 
32842 33043 32858 37221 
32931 33147 32961 38838 
32971 33180 33010 39529 
32994 33158 33023 39230 
32991 33102 33009 38021 
32912 32944 32924 36003 
32804 32771 32823 33479 
32693 32595 32718 30923 
32582 32454 32636 28647 
32479 32314 32556 26951 
32418 32248 32510 26110 
32380 32201 32477 26238 
32407 32254 32494 27339 
32467 32344 32521 29236 
32589 32496 32609 31690 
32680 32659 32641 34205 
32818 32851 32732 36485 
32917 32997 32779 38149 
33010 33139 32825 39036 
33036 33210 32841 38952 
33050 33251 32874 37978 
33014 33208 32864 36215 
32916 33086 32837 33886 
32806 32930 32820 31393 
32666 32713 32766 29135 
32549 32528 32733 27460 
32430 32342 32677 26539 
32354 32203 32641 26553 
32307 32111 32589 27472 
32344 32138 32586 29223 
32449 32238 32620 31502 
32584 32410 32658 33975 
32722 32595 32676 36147 
32900 32835 32745 37832 
32988 32999 32747 38706 
33094 33187 32796 38714 
33144 33309 32833 37779 
33122 33340 32848 36121 
33035 33280 32819 33931 
32890 33134 32782 31579 
32730 32926 32742 29373 
32548 32673 32680 27716 
32419 32446 32628 26824 
32312 32228 32578 26800 
32268 32092 32540 27698 
32349 32106 32584 29381 
32428 32152 32606 31505 
32569 32303 32656 33808 
32732 32527 32748 35950 
32873 32759 32810 37583 
32971 32983 32862 38450 
33053 33188 32941 38463 
33075 33308 32955 37632 
33054 33338 32963 36060 
32974 33259 32910 33959 
32871 33108 32839 31698 
32737 32903 32735 29582 
32636 32686 32663 27949 
32551 32475 32573 26979 
32443 32241 32449 26854 
32389 32100 32387 27632 
32407 32078 32384 29197 
32483 32164 32472 31322 
32528 32274 32513 33634 
32627 32489 32644 35855 
32754 32763 32786 37537 
32817 32963 32881 38462 
32889 33166 32992 38558 
32930 33305 33059 37771 
32967 33377 33113 36270 
32928 33319 33080 34175 
32907 33202 33018 31894 
32839 32992 32891 29643 
32749 32744 32725 27887 
32712 32537 32598 26915 
32664 32356 32472 26821 
32577 32168 32336 27550 
32527 32081 32266 29130 
32510 32095 32286 31215 
32523 32199 32365 33518 
32531 32324 32477 35633 
32583 32539 32666 37368 
32651 32770 32839 38373 
32705 32961 32990 38492 
32777 33125 33109 37778 
32852 33249 33158 36355 
32912 33294 33151 34346 
32941 33265 33072 32133 
32907 33130 32916 29992 
32857 32953 32757 28269 
32830 32793 32625 27248 
32717 32567 32469 26999 
32675 32434 32420 27665 
32611 32320 32395 29006 
32575 32282 32422 30906 
32526 32275 32457 33076 
32559 32387 32570 35123 
32600 32510 32685 36785 
32659 32654 32789 37825 
32720 32799 32875 38149 
32760 32865 32907 37605 
32785 32905 32917 36402 
32828 32947 32942 34718 
32820 32912 32905 32719 
32795 32856 32850 30729 
32747 32756 32768 29072 
32692 32674 32687 27968 
32666 32637 32619 27562 
32622 32586 32525 27853 
32609 32609 32505 28867 
32613 32637 32483 30381 
32674 32724 32541 32201 
32732 32816 32643 34051 
32786 32875 32730 35673 
32839 32901 32829 36838 
32853 32911 32908 37410 
32893 32907 32992 37363 
32833 32798 32975 36623 
32800 32734 32969 35386 
32724 32602 32881 33792 
32639 32484 32772 32080 
32569 32385 32646 30478 
32537 32368 32537 29238 
32490 32336 32399 28438 
32520 32421 32362 28344 
32556 32527 32371 28813 
32651 32707 32459 29860 
32719 32869 32576 31272 
32819 33029 32742 32863 
32893 33148 32899 34390 
32936 33209 33013 35602 
32946 33187 33084 36410 
32954 33153 33125 36712 
32891 33013 33087 36412 
32813 32831 32976 35591 
32715 32632 32825 34382 
32632 32453 32676 32913 
32564 32310 32519 31443 
32537 32241 32425 30236 
32495 32188 32346 29359 
32510 32225 32344 29032 
32523 32307 32368 29250 
32596 32469 32473 30036 
32660 32630 32604 31155 
32740 32810 32751 32521 
32788 32965 32893 33856 
32793 33049 32952 34949 
32841 33144 33033 35722 
32859 33183 33059 36004 
32880 33185 33044 35755 
32862 33104 32958 35010 
32822 32976 32842 33904 
32802 32834 32727 32644 
32804 32709 32640 31470 
32761 32549 32554 30471 
32719 32428 32487 29861 
32633 32299 32420 29710 
32581 32270 32435 30087 
32526 32271 32469 30858 
32510 32345 32545 31979 
32499 32446 32636 33142 
32520 32562 32718 34205 
32603 32729 32838 35017 
32672 32846 32905 35419 
32772 32963 32976 35394 
32870 33050 33010 34912 
32951 33101 33026 34103 
33012 33108 33009 33090 
32994 33034 32906 32014 
32977 32987 32823 31096 
32848 32829 32650 30395 
32749 32717 32530 30144 
32627 32599 32425 30285 
32514 32482 32351 30761 
32449 32427 32341 31600 
32418 32403 32402 32574 
32450 32441 32524 33534 
32528 32499 32679 34336 
32623 32578 32830 34857 
32745 32662 32983 35044 
32846 32741 33084 34880 
32941 32823 33128 34407 
32998 32873 33109 33678 
32982 32889 33009 32848 
32905 32836 32829 31961 
32841 32825 32690 31277 
32732 32767 32521 30815 
32620 32719 32398 30643 
32520 32681 32325 30772 
32456 32635 32324 31194 
32437 32641 32395 31831 
32498 32695 32555 32574 
32590 32741 32727 33278 
32669 32751 32857 33856 
32795 32801 33003 34233 
32887 32819 33067 34343 
32982 32854 33122 34253 
32999 32838 33079 33908 
32987 32792 32978 33402 
32922 32728 32832 32858 
32847 32668 32709 32343 
32768 32619 32594 31938 
32626 32518 32439 31625 
32536 32480 32393 31533 
32429 32431 32341 31610 
32410 32449 32378 31852 
32428 32513 32472 32174 
32503 32639 32613 32587 
32596 32776 32749 32971 
32667 32871 32841 33234 
32758 32979 32932 33415 
32858 33083 33013 33504 
32935 33128 33052 33458 
32990 33122 33049 33302 
33002 33038 33012 33074 
32964 32897 32901 32783 
32915 32737 32786 32513 
32837 32574 32655 32274 
32745 32445 32546 32119 
32641 32315 32423 32028 
32548 32270 32353 32035 
32480 32301 32342 32159 
32449 32394 32397 32372 
32462 32515 32497 32643 
32495 32667 32644 32936 
32533 32782 32776 33199 
32620 32893 32919 33433 
32685 32946 33021 33540 
32740 32964 33063 33526 
32832 32982 33092 33436 
32903 32941 33047 33176 
32943 32874 32966 32839 
32957 32789 32830 32443 
32970 32740 32705 32069 
32940 32702 32576 31750 
32888 32689 32467 31555 
32772 32647 32364 31485 
32665 32651 32327 31633 
32592 32672 32378 31975 
32500 32653 32438 32395 
32481 32683 32590 32946 
32472 32658 32709 33489 
32503 32636 32842 33952 
32548 32603 32969 34229 
32655 32595 33059 34304 
32747 32604 33109 34153 
32845 32613 33110 33750 
32888 32638 33029 33184 
32933 32694 32926 32547 
32917 32752 32778 31870 
32823 32776 32578 31273 
32772 32857 32455 30969 
32662 32873 32319 30869 
32568 32880 32258 31057 
32534 32886 32267 31521 
32551 32885 32379 32168 
32568 32828 32503 32834 
32624 32766 32666 33499 
32736 32739 32878 34076 
32809 32661 33033 34387 
32895 32622 33167 34482 
32943 32585 33221 34277 
32949 32546 33194 33841 
32916 32546 33104 33234 
32834 32525 32938 32572 
32769 32588 32774 31997 
32635 32601 32558 31506 
32537 32636 32378 31261 
32431 32655 32227 31225 
32374 32703 32174 31446 
32379 32750 32203 31851 
32451 32812 32349 32360 
32542 32840 32516 32878 
32680 32884 32736 33370 
32806 32889 32920 33675 
32957 32896 33093 33830 
33073 32908 33217 33796 
33143 32884 33247 33557 
33142 32842 33190 33199 
33064 32778 33056 32779 
32964 32720 32893 32371 
32801 32643 32691 32028 
32657 32595 32550 31863 
32485 32507 32394 31800 
32362 32468 32315 31909 
32293 32436 32289 32156 
32296 32458 32357 32512 
32358 32495 32446 32868 
32446 32543 32552 33183 
32595 32663 32718 33435 
32751 32773 32854 33553 
32852 32860 32927 33470 
32965 32947 32995 33299 
33013 33021 33001 33011 
33011 33037 32951 32660 
33032 33087 32960 32387 
32973 33037 32881 32117 
32859 32930 32790 31942 
32745 32784 32694 31903 
32655 32644 32629 32016 
32577 32500 32575 32228 
32495 32367 32529 32475 
32495 32323 32529 32793 
32508 32306 32537 33069 
32567 32396 32590 33304 
32654 32510 32662 33434 
32737 32663 32725 33444 
32815 32830 32801 33372 
32840 32920 32824 33140 
32861 33017 32863 32915 
32841 33059 32872 32656 
32775 33043 32839 32414 
32726 32999 32829 32257 
32626 32850 32737 32126 
32566 32690 32672 32114 
32553 32560 32634 32185 
32579 32448 32589 32343 
32617 32366 32567 32510 
32684 32336 32560 32650 
32785 32425 32619 32805 
32864 32540 32682 32883 
32922 32696 32760 32924 
32988 32874 32840 32936 
32959 32999 32890 32892 
32931 33124 32946 32873 
32837 33162 32947 32862 
32745 33152 32937 32888 
32595 33010 32844 32893 
32470 32823 32745 32899 
32399 32620 32662 32925 
32372 32423 32564 32923 
32395 32254 32485 32862 
32429 32124 32401 32727 
32552 32120 32382 32575 
32704 32222 32421 32446 
32844 32393 32519 32302 
32947 32603 32606 32192 
33032 32843 32736 32154 
33027 33017 32827 32146 
33001 33190 32944 32251 
32946 33295 33037 32443 
32880 33351 33128 32708 
32761 33287 33132 32952 
32684 33153 33099 33170 
32603 32951 33003 33319 
32555 32729 32860 33373 
32548 32515 32705 33331 
32579 32346 32560 33226 
32573 32203 32395 32997 
32598 32142 32288 32765 
32602 32155 32250 32550 
32597 32223 32260 32371 
32595 32340 32325 32254 
32609 32503 32453 32253 
32629 32679 32613 32293 
32688 32857 32797 32421 
32734 32968 32936 32525 
32811 33084 33061 32646 
32922 33204 33173 32768 
32951 33191 33165 32771 
33009 33191 33150 32788 
33005 33111 33029 32737 
32995 33016 32900 32688 
32881 32861 32706 32597 
32799 32727 32585 32606 
32678 32579 32471 32640 
32558 32457 32427 32743 
32444 32322 32379 32851 
32356 32221 32400 32978 
32345 32214 32482 33126 
32370 32227 32559 33208 
32449 32327 32665 33222 
32565 32475 32760 33150 
32699 32636 32833 32972 
32837 32819 32873 32731 
32937 32979 32894 32437 
32997 33110 32853 32159 
33048 33216 32840 31977 
32994 33186 32767 31832 
32941 33132 32733 31859 
32831 33009 32683 32021 
32702 32837 32647 32269 
32602 32685 32649 32655 
32536 32533 32653 33020 
32479 32400 32665 33315 
32499 32354 32714 33563 
32546 32368 32755 33669 
32638 32429 32793 33618 
32742 32541 32837 33436 
32823 32661 32848 33136 
32882 32768 32847 32759 
32910 32862 32833 32416 
32881 32887 32765 32103 
32808 32865 32679 31914 
32692 32785 32564 31851 
32604 32713 32477 31937 
32520 32652 32436 32157 
32473 32610 32434 32453 
32462 32583 32458 32767 
32496 32598 32535 33048 
32586 32658 32657 33261 
