33184 32843 33121 33052 
33184 32843 33121 33052 
33341 32967 33048 32642 
33424 33100 32935 32262 
33367 33132 32767 31936 
33191 33048 32578 31731 
32941 32911 32420 31709 
32664 32726 32314 31881 
32373 32505 32253 32156 
32131 32288 32258 32523 
32048 32207 32382 32975 
32031 32164 32516 33330 
32174 32258 32694 33598 
32437 32481 32918 33726 
32715 32720 33068 33639 
33006 33007 33196 33407 
33245 33254 33262 33040 
33357 33357 33235 32580 
33386 33404 33190 32192 
33234 33263 33025 31816 
33007 33035 32843 31592 
32719 32748 32629 31584 
32469 32497 32467 31780 
32278 32297 32335 32104 
32156 32183 32233 32516 
32151 32185 32210 32972 
32250 32256 32220 33396 
32466 32440 32327 33734 
32750 32676 32508 33927 
33011 32881 32696 33913 
33206 32991 32856 33675 
33307 33042 33010 33346 
33307 33020 33118 32909 
33166 32908 33177 32431 
32936 32728 33158 32007 
32612 32517 33041 31712 
32292 32313 32868 31564 
32009 32184 32653 31587 
31863 32186 32467 31804 
31870 32308 32326 32114 
32066 32570 32298 32540 
32381 32894 32339 32953 
32779 33235 32472 33318 
33166 33529 32671 33569 
33519 33706 32918 33669 
33714 33682 33109 33596 
33758 33497 33274 33372 
33581 33132 33288 33008 
33314 32711 33229 32633 
32949 32312 33082 32303 
32537 31929 32825 32017 
32157 31685 32542 31860 
31884 31632 32277 31885 
31777 31756 32090 32050 
31836 32015 32011 32345 
32064 32389 32075 32724 
32342 32765 32208 33062 
32650 33108 32436 33332 
32949 33381 32712 33489 
33192 33542 33005 33532 
33283 33512 33211 33393 
33245 33332 33314 33126 
33129 33078 33324 32807 
32943 32768 33220 32487 
32701 32445 32990 32188 
32520 32223 32731 32002 
32419 32150 32489 31997 
32396 32213 32301 32083 
32477 32395 32215 32307 
32647 32677 32287 32607 
32849 32969 32468 32907 
32981 33150 32681 33087 
33098 33246 32938 33209 
33104 33173 33155 33168 
33039 33004 33295 33039 
32902 32748 33334 32822 
32670 32430 33202 32554 
32476 32199 32991 32358 
32294 32041 32672 32221 
32169 32000 32351 32192 
32144 32126 32074 32330 
32233 32382 31910 32580 
32377 32696 31854 32864 
32605 33069 31989 33190 
32824 33387 32228 33425 
33025 33611 32576 33545 
33189 33713 32958 33531 
33224 33567 33264 33280 
33223 33310 33547 32973 
33139 32941 33664 32590 
32994 32478 33619 32152 
32861 32093 33447 31812 
32744 31799 33176 31581 
32655 31657 32837 31535 
32589 31703 32466 31659 
32560 31924 32189 31953 
32547 32230 31994 32344 
32491 32591 31902 32799 
32457 32961 31955 33303 
32305 33199 32016 33693 
32230 33390 32234 34020 
32173 33441 32476 34132 
32197 33397 32745 34094 
32317 33277 32993 33854 
32464 33031 33138 33376 
32741 32837 33270 32853 
33056 32659 33329 32283 
33403 32573 33348 31774 
33629 32503 33267 31330 
33737 32495 33130 31053 
33699 32537 32963 30999 
33542 32606 32808 31195 
33223 32642 32629 31581 
32843 32678 32504 32147 
32392 32637 32363 32754 
31970 32546 32277 33368 
31679 32446 32257 33920 
31556 32382 32278 34285 
31645 32355 32365 34445 
31892 32404 32473 34360 
32232 32503 32570 34043 
32669 32688 32689 33585 
33049 32880 32742 33020 
33334 33041 32753 32421 
33526 33201 32785 31944 
33502 33231 32743 31545 
33365 33203 32753 31410 
33110 33056 32780 31438 
32824 32856 32853 31657 
32550 32632 32949 31960 
32379 32449 33086 32333 
32307 32353 33227 32704 
32337 32330 33307 32984 
32454 32402 33314 33172 
32629 32553 33214 33216 
32817 32759 33036 33177 
32970 32942 32775 33054 
33028 33049 32451 32889 
33020 33091 32127 32739 
32930 33033 31880 32653 
32769 32880 31728 32667 
32544 32604 31679 32696 
32380 32371 31839 32862 
32244 32145 32076 33020 
32172 32015 32418 33171 
32240 32048 32854 33284 
32374 32219 33245 33250 
32578 32505 33552 33113 
32827 32892 33771 32861 
33051 33261 33795 32514 
33267 33625 33734 32190 
33381 33812 33503 31850 
33407 33786 33183 31602 
33295 33542 32799 31483 
33157 33183 32467 31586 
32931 32693 32162 31846 
32697 32193 31961 32264 
32426 31710 31828 32737 
32176 31382 31776 33249 
32018 31290 31864 33729 
31944 31439 32045 34091 
31961 31793 32297 34272 
32046 32263 32551 34194 
32288 32896 32897 33990 
32477 33385 33093 33479 
32776 33854 33318 32945 
33070 34120 33482 32371 
33326 34178 33563 31825 
33494 33989 33532 31360 
33534 33600 33408 31091 
33473 33123 33217 31044 
33113 32211 32736 31608 
32877 31902 32484 32108 
32633 31769 32289 32711 
32392 31773 32106 33289 
32206 31906 32009 33780 
32111 32098 31978 34090 
32103 32329 32044 34221 
32179 32549 32190 34177 
32294 32696 32378 33897 
32468 32787 32610 33467 
32640 32849 32846 32965 
32773 32853 33038 32417 
32915 32909 33230 31993 
32946 32923 33290 31618 
32974 32993 33305 31512 
32927 33047 33207 31551 
32857 33124 33065 31810 
32766 33158 32859 32165 
32729 33203 32704 32638 
32720 33188 32568 33065 
32722 33096 32478 33373 
32791 32980 32493 33564 
32827 32787 32521 33537 
32908 32608 32656 33383 
32922 32357 32744 33028 
32923 32176 32843 32644 
32871 32021 32881 32241 
32778 31951 32845 31910 
32682 32003 32768 31776 
32588 32158 32664 31834 
32530 32407 32568 32099 
32448 32654 32442 32454 
32400 32926 32390 32935 
32377 33133 32378 33400 
32364 33223 32403 33737 
32437 33294 32527 33970 
32569 33293 32704 33986 
32705 33227 32859 33753 
32852 33106 32999 33326 
33013 33018 33121 32794 
33151 32898 33196 32183 
33267 32824 33251 31682 
33258 32670 33178 31266 
33218 32563 33094 31141 
33072 32402 32905 31218 
32843 32213 32656 31538 
32612 32094 32446 32099 
32379 32014 32268 32751 
32206 32016 32151 33432 
32032 32063 32075 33994 
31979 32256 32130 34375 
32042 32558 32271 34496 
32249 32929 32523 34358 
32482 33245 32746 33871 
32815 33574 33015 33219 
33154 33796 33244 32493 
33494 33900 33436 31916 
33701 33816 33498 31540 
33739 33535 33432 31434 
33608 33146 33273 31522 
33275 32625 32988 31564 
32878 32124 32712 31482 
32413 31672 32423 31188 
31963 31382 32175 30921 
31651 31328 32012 30982 
31560 31542 31989 31675 
31673 31945 32064 33000 
31979 32466 32231 34701 
32441 33061 32515 36392 
32920 33568 32784 37554 
33334 33892 33025 37864 
33648 33979 33210 37234 
33787 33827 33290 35767 
33786 33552 33305 33785 
33616 33155 33181 31481 
33330 32738 32987 29162 
32877 32261 32740 27095 
32307 31797 32525 25649 
31674 31315 32324 25025 
31192 31039 32175 25499 
31144 31172 32183 27325 
31524 31731 32282 30226 
32231 32669 32503 33808 
32974 33672 32746 37568 
33598 34373 32974 40874 
34111 34475 33192 43136 
34247 33986 33323 43792 
33833 33556 33394 42634 
32770 33735 33333 39720 
31569 34501 33114 35458 
31127 34832 32709 30467 
32295 33456 32310 25587 
34745 29751 32010 21733 
37226 25118 32133 19654 
37637 22299 32600 19642 
34412 24338 33196 21836 
27825 32317 33387 26025 
20969 43071 32751 31227 
17391 51979 31302 36740 
20111 54155 29791 41604 
29402 47099 29226 45095 
42270 32756 30521 46498 
53528 16821 33570 45660 
58915 5486 37375 42757 
56116 3122 40283 38348 
46043 9847 40719 33099 
32157 22448 38113 27825 
19214 35686 33304 23547 
10351 46413 28035 20902 
6802 53374 24226 20242 
7829 57189 22951 21524 
12082 59015 24304 24573 
18076 58976 27221 28685 
25458 56161 30594 33198 
34266 49045 33517 37315 
44871 36465 35971 40532 
56040 19953 38053 42187 
64955 2578 40032 42197 
65451 149 41815 40729 
65524 41 42841 38138 
65535 3 42301 34871 
61601 8124 39722 31583 
40241 20824 34992 28758 
19685 40278 29063 26904 
1180 59936 23110 26246 
68 65351 18414 26667 
9 65512 16152 28085 
13 65535 17069 30070 
11233 65535 21104 32209 
25737 65497 27468 34121 
40749 44353 34904 35567 
53680 21265 41992 36302 
61754 1091 47168 36320 
63173 92 49433 35668 
58004 22 48736 34606 
46908 7 45604 33384 
31681 7469 40756 32267 
15050 22914 35081 31389 
1144 40843 29367 30956 
87 57828 24042 30971 
29 65300 19579 31302 
43 65508 16717 31950 
13963 65534 16513 32598 
29681 65535 19549 33144 
46040 53283 25502 33480 
60347 33814 33305 33591 
65367 13414 41078 33464 
65492 427 46960 33121 
65508 70 49372 32718 
65503 36 47985 32342 
55089 34 43551 32090 
40402 8953 37504 32055 
25553 21755 31285 32122 
12854 36128 26114 32386 
4079 49575 22794 32746 
364 59462 21591 33073 
106 64804 22210 33323 
6216 65404 24328 33447 
14982 58814 27603 33408 
25973 47590 31673 33203 
36536 33216 35863 32877 
44697 18770 39650 32531 
48829 7775 42427 32217 
48580 2610 43560 31996 
45033 3941 42455 31879 
40864 9773 39320 32004 
37925 17328 34485 32277 
37037 24600 28893 32639 
37413 31121 23669 33015 
37286 37935 19979 33382 
35112 45984 18932 33639 
31011 54291 20802 33658 
26600 60937 25306 33560 
23955 62820 31481 33284 
24439 58032 38042 32850 
28057 46560 43704 32347 
33221 31411 47285 31917 
37538 17080 48074 31631 
39110 7365 46041 31476 
37299 4667 41860 31543 
32770 8804 36367 31818 
27150 17861 30441 32241 
22673 28307 25102 32708 
20803 37749 20884 33232 
21973 44360 18238 33611 
25807 47609 17667 33915 
31266 47630 19438 33966 
37002 45186 23589 33857 
41965 40938 29545 33541 
45462 35432 36351 33124 
47245 29143 42594 32648 
47374 22658 46954 32250 
45835 17297 48133 31956 
42611 14505 45994 31810 
37567 15714 41195 31821 
30739 21490 35136 31960 
22706 31259 29322 32197 
15221 42730 25413 32516 
10120 52697 23970 32745 
8818 59177 24743 32921 
11894 60723 26808 33009 
18984 57110 29152 32979 
28726 48966 30911 32893 
39308 37680 31915 32781 
49480 24211 32504 32661 
58119 10123 33269 32592 
63767 413 34490 32569 
64454 77 36054 32647 
59860 17 37251 32797 
48629 5874 37413 32955 
32710 19846 36199 33117 
14995 39431 33913 33267 
723 59223 31272 33279 
36 65393 29422 33214 
3 65534 29144 33018 
7012 65529 30426 32755 
20512 65500 32658 32444 
34897 53428 34826 32150 
47531 37769 36020 31871 
56270 23107 35677 31727 
60358 10932 34002 31745 
59843 1832 31607 31890 
55117 127 29398 32199 
47078 77 28055 32559 
36969 150 28062 33029 
26725 10890 29252 33424 
17727 23021 31292 33757 
10773 37278 33552 33933 
6256 51856 35529 33893 
4558 64493 36939 33657 
6522 65437 37582 33292 
12996 65516 37382 32835 
24166 65535 36431 32327 
38524 65503 34861 31906 
53751 45456 32732 31534 
64547 25218 30530 31389 
65503 9623 28650 31475 
65522 1673 27403 31751 
54038 1404 27092 32177 
40939 5899 27754 32638 
30245 11897 29401 33186 
24422 17057 31580 33584 
22431 21916 33988 33867 
21697 28104 36182 33969 
19854 37113 37891 33838 
16394 48464 38863 33525 
12775 59382 38969 33119 
11230 65306 38221 32659 
13514 65502 36614 32242 
20133 65416 34156 31872 
29917 49653 31184 31668 
40500 32467 28184 31620 
50007 14899 25846 31809 
56584 1042 24618 32062 
59130 85 24878 32376 
57319 37 26634 32744 
51695 2498 29331 33107 
43322 15211 32331 33362 
33824 30169 35059 33548 
24826 45464 37152 33589 
17570 58480 38648 33530 
13249 65226 39558 33374 
11964 65481 39878 33165 
13525 65409 39382 32881 
17494 53593 37805 32566 
23386 40244 35057 32307 
30332 25775 31494 32061 
37260 12563 28124 31946 
43525 2062 25781 31859 
48452 131 25186 31868 
51394 72 26367 31963 
51687 60 28757 32172 
48739 10937 31183 32435 
42478 25259 32792 32721 
33552 42535 33341 33008 
23477 59727 33244 33268 
14675 65360 33254 33489 
10040 65519 34053 33603 
11119 65535 35680 33626 
17462 65535 37575 33504 
26980 56071 38859 33298 
36950 38282 38687 33040 
44758 20388 36701 32719 
48703 7064 33403 32472 
48667 442 29817 32232 
45811 80 27101 32098 
41502 1173 26033 32060 
36864 10860 26811 32123 
32616 21351 28860 32217 
28726 33161 31354 32328 
25167 44845 33467 32431 
22134 54789 34708 32511 
20431 60830 35008 32546 
20975 61133 34732 32579 
24053 55539 34313 32589 
29186 45048 34065 32619 
35187 32122 34041 32678 
40586 19549 34149 32804 
43842 10669 34124 32988 
44436 6865 33742 33191 
42522 8282 32974 33425 
38791 13936 31894 33587 
34128 22639 30812 33675 
29652 32547 30155 33645 
26019 42264 30182 33454 
23936 50329 31027 33116 
23945 55251 32548 32692 
26275 55490 34133 32223 
30358 50781 35153 31747 
35152 42322 35289 31368 
39239 32182 34501 31157 
41405 22735 33130 31159 
41075 16488 31750 31356 
38608 14229 30802 31744 
34828 15746 30457 32264 
30474 20178 30609 32841 
26097 26705 31081 33410 
22468 34312 31750 33925 
20194 42052 32577 34315 
20034 48562 33492 34467 
22580 52254 34429 34407 
28025 51662 35257 34158 
35174 46092 35593 33724 
42929 36344 35332 33200 
49620 24131 34348 32581 
54043 12279 33019 32035 
54996 3791 31539 31486 
51876 1931 30467 31129 
44463 7792 30029 30966 
33542 20428 30284 30952 
20614 37068 31200 31193 
9168 52989 32423 31578 
2181 64269 33617 32124 
1731 65470 34360 32675 
7893 65500 34427 33249 
18902 58456 33762 33773 
31475 47708 32631 34118 
43264 34734 31562 34350 
52490 22038 30939 34378 
58356 10704 31009 34199 
60419 1892 31710 33816 
58514 114 32699 33331 
52750 59 33573 32788 
43721 5719 34107 32254 
32150 17579 34232 31775 
20621 32202 34206 31435 
11069 47002 34233 31318 
4936 59850 34320 31382 
3295 65335 34274 31631 
6554 65491 33751 32012 
14514 65523 32596 32454 
25936 63980 30998 32885 
39149 45273 29419 33238 
52075 26661 28467 33467 
62011 9743 28678 33608 
65436 320 30043 33587 
65392 40 32049 33381 
54397 47 34076 33093 
41411 11832 35525 32813 
27298 24933 36117 32513 
14921 38623 35957 32311 
6810 49963 35377 32201 
3617 57568 34644 32217 
5371 60281 33861 32338 
11705 57555 32979 32569 
21296 49735 31912 32766 
32354 38690 30988 32982 
43002 26373 30468 33103 
51525 15224 30615 33162 
56278 7467 31330 33070 
56521 4582 32381 32897 
52605 6932 33152 32655 
46059 13482 33415 32432 
38697 22415 33104 32215 
31969 32037 32498 32102 
26146 41448 31938 32110 
21019 49835 31568 32190 
16336 57073 31477 32431 
12737 62279 31522 32736 
11694 63831 31695 33079 
14647 60260 32209 33374 
21602 51106 33194 33543 
31178 37561 34799 33630 
41137 21994 36574 33547 
49017 7885 37846 33318 
53120 279 37892 32974 
52779 58 36389 32546 
48843 54 33681 32147 
42727 10240 30537 31806 
36117 22313 27971 31621 
30099 35290 26575 31632 
25575 46460 26522 31772 
22874 54390 27514 32104 
21934 58088 29041 32497 
22479 57544 30733 32898 
24107 53588 32617 33312 
26128 47606 34702 33636 
28195 40585 36936 33786 
30397 33083 38983 33751 
32924 25321 40201 33582 
35843 17758 39999 33302 
38446 11920 38172 32959 
39976 9388 35044 32569 
39970 11443 31409 32205 
38688 17942 28154 31936 
36924 27274 25898 31788 
35663 36427 24994 31784 
35138 43124 25284 31872 
34883 46463 26586 32069 
33947 47048 28741 32382 
31453 46310 31644 32740 
27498 45535 35018 33111 
23324 44771 38225 33409 
20611 42946 40681 33631 
20845 38712 41660 33726 
24308 31641 40682 33666 
30078 22729 37724 33478 
36295 14658 33354 33115 
41254 10267 28874 32692 
44231 10929 25443 32258 
45140 16367 23986 31855 
44352 24882 24918 31574 
42105 34449 27913 31442 
38617 42760 31861 31544 
33889 48846 35582 31807 
28369 52205 38101 32200 
22977 52729 38983 32668 
18879 50455 38436 33207 
17401 45559 37026 33677 
18992 38357 35304 33988 
23510 29696 33617 34133 
29943 20761 31871 34085 
36923 13063 29757 33787 
43031 8609 27382 33315 
47087 8634 25271 32716 
48741 13456 24300 32157 
47761 22135 25142 31662 
44161 32888 28024 31298 
38266 43765 32495 31168 
30853 52505 37421 31300 
23159 57614 41446 31689 
16498 58762 43668 32208 
12398 56215 43780 32830 
12054 50072 41823 33422 
16266 40787 38271 33900 
24223 29670 33994 34160 
34538 17604 29404 34123 
45186 6756 25191 33875 
53810 382 22057 33402 
58240 50 20665 32782 
57023 6761 21608 32179 
50457 16924 24708 31621 
40139 32365 29498 31301 
28588 47498 34861 31236 
18401 59433 39582 31440 
12164 65160 42502 31882 
10498 65473 43216 32489 
12944 59534 41781 33085 
18569 49493 38887 33676 
25894 37164 35438 34121 
33377 24871 32248 34282 
40124 14702 29659 34142 
45271 8474 27821 33780 
48340 6994 26737 33206 
49152 9952 26460 32543 
47784 15910 27194 31916 
44474 23221 29020 31424 
39490 30575 31660 31100 
33369 37197 34611 31092 
26835 42927 36984 31321 
21793 46978 37920 31807 
19077 49126 37152 32435 
19043 49016 34916 33076 
21131 46803 32034 33672 
24131 43193 29408 34148 
26462 39590 27960 34347 
27700 37000 27947 34322 
28602 35221 29184 34029 
30743 33182 31333 33528 
35429 29437 33968 32925 
42542 23233 36699 32283 
50167 15533 39109 31746 
54952 9134 40490 31332 
55035 6400 40507 31131 
50136 8680 38900 31146 
41802 15462 35645 31323 
32582 25270 31328 31771 
24610 35893 26688 32257 
18622 45936 22845 32812 
13850 55385 20495 33305 
9735 63908 20222 33752 
6702 65390 22145 34021 
6667 65486 26236 34153 
11602 65535 31696 34043 
22233 65535 37820 33764 
37038 46777 43464 33385 
53045 24432 47624 32963 
64970 2458 49342 32527 
65499 97 48002 32161 
65535 17 43786 31876 
65525 24 37462 31760 
55153 7349 30126 31748 
39020 19950 23195 31883 
22294 34473 17840 32078 
8765 48178 15217 32255 
553 59477 15735 32470 
75 65288 19148 32643 
47 65495 24782 32779 
9048 63576 31690 32854 
22346 47928 38545 32893 
37486 29646 44079 32967 
52242 9734 47644 33056 
63534 299 48757 33152 
65467 63 47303 33222 
65535 12 43457 33277 
58754 0 37976 33311 
43412 12974 31618 33293 
24193 31977 25346 33240 
5830 53077 20251 33051 
124 65196 17361 32849 
0 65522 17314 32529 
23 65535 20244 32254 
15731 65535 25445 32015 
32616 65484 31971 31805 
49013 43731 38418 31679 
60436 23120 43270 31739 
65162 6411 45936 31874 
63560 201 46088 32149 
56111 76 43668 32464 
45321 72 39451 32846 
32830 4721 34427 33231 
19800 14654 29552 33548 
7752 28198 25740 33823 
346 43409 23584 33959 
66 57824 23167 33878 
41 65287 24292 33683 
7768 65493 26348 33360 
20277 65516 28873 32952 
34482 63223 31574 32491 
48506 46312 34388 32043 
60175 29300 37043 31661 
65325 12352 39349 31411 
65466 516 40842 31342 
65503 69 40945 31481 
65530 15 39306 31776 
56321 7985 36230 32198 
39783 19674 32474 32680 
20830 37772 29010 33154 
4330 55339 26604 33582 
99 65149 25892 33893 
23 65523 26547 33977 
5883 64719 28054 33840 
16450 48839 30065 33645 
27437 34224 32084 33289 
36197 21441 34040 32864 
41446 12961 35673 32416 
44024 8527 36922 32086 
44905 7082 37488 31840 
44822 7893 37177 31722 
43752 11178 35954 31764 
41177 17696 34105 31938 
36460 27921 32048 32219 
29744 40986 30243 32544 
21993 55039 28976 32863 
15347 65069 28476 33119 
12435 65488 28892 33342 
15203 65535 30192 33451 
23665 65535 32148 33457 
35762 50280 34416 33375 
48415 29709 36432 33166 
58123 10737 37681 32959 
62039 326 37615 32625 
59183 33 36199 32364 
50947 45 33710 32132 
39674 11543 30743 31956 
27945 23896 28108 31918 
17743 36117 26408 31982 
10435 45885 26052 32139 
5970 52866 27046 32382 
4192 57017 29170 32695 
5316 58256 32018 33010 
10020 55909 35246 33279 
18918 48979 38460 33458 
31483 37364 41208 33560 
46208 21766 42949 33476 
60488 5186 43188 33373 
65384 157 41189 33103 
65522 12 36794 32801 
65535 0 30676 32513 
65521 12889 23937 32285 
51127 31023 18275 32179 
33794 49976 15279 32072 
18269 64630 16236 32117 
8023 65475 21008 32224 
3596 65509 28462 32350 
4272 65495 36715 32523 
8501 58162 43869 32645 
