32347 32393 32214 32365 
32347 32393 32214 32365 
32284 32208 32086 32756 
32260 32088 32046 33160 
32289 32039 32126 33554 
32336 32049 32274 33823 
32444 32122 32518 33948 
32564 32206 32766 33862 
32724 32348 33021 33608 
32880 32498 33204 33190 
33052 32675 33339 32699 
33243 32901 33440 32207 
33331 33069 33386 31728 
33364 33199 33250 31392 
33325 33312 33071 31281 
33230 33391 32867 31378 
33039 33398 32626 31671 
32804 33328 32413 32103 
32557 33221 32261 32636 
32298 33027 32142 33166 
32086 32804 32120 33643 
31944 32529 32152 33967 
31951 32344 32321 34133 
32044 32159 32493 34056 
32227 32038 32676 33782 
32492 31978 32855 33344 
32736 31971 32951 32785 
32969 32054 33014 32276 
33164 32216 33022 31887 
33244 32375 32960 31618 
33218 32560 32860 31562 
33115 32756 32753 31703 
32973 32953 32688 32002 
32805 33130 32652 32384 
32695 33316 32689 32797 
32625 33460 32757 33121 
32610 33552 32842 33342 
32681 33608 32954 33427 
32794 33552 33038 33348 
32899 33433 33085 33156 
32930 33159 33011 32836 
32895 32829 32887 32530 
32838 32485 32753 32318 
32685 32125 32563 32188 
32498 31785 32352 32177 
32280 31529 32159 32294 
32142 31460 32073 32544 
32042 31506 32033 32789 
32061 31736 32128 33050 
32183 32085 32279 33222 
32458 32566 32556 33345 
32784 33052 32835 33317 
33115 33500 33098 33139 
33414 33854 33313 32869 
33652 34066 33501 32603 
33750 34085 33575 32316 
33659 33875 33516 32059 
33404 33476 33316 31884 
33050 33001 33057 31872 
32619 32476 32709 31991 
32229 32027 32391 32278 
31909 31689 32096 32654 
31671 31480 31855 33024 
31610 31494 31754 33360 
31736 31711 31843 33637 
31974 32041 32025 33734 
32322 32472 32333 33706 
32706 32916 32705 33480 
33376 33580 33366 32682 
33598 33753 33604 32229 
33664 33707 33669 31810 
33602 33525 33600 31557 
33401 33213 33389 31469 
33125 32831 33080 31558 
32834 32450 32752 31838 
32575 32172 32446 32268 
32389 31993 32197 32744 
32218 31909 31985 33175 
32171 31985 31922 33591 
32178 32155 31948 33844 
32265 32434 32105 33941 
32353 32704 32337 33838 
32462 32950 32602 33570 
32551 33121 32863 33194 
32588 33176 33049 32730 
32632 33187 33195 32300 
32678 33088 33234 31934 
32686 32896 33145 31695 
32725 32693 32991 31662 
32774 32507 32805 31810 
32843 32343 32611 32065 
32931 32299 32503 32438 
33040 32337 32463 32822 
33104 32451 32506 33104 
33142 32629 32614 33293 
33201 32900 32830 33395 
33122 33057 32963 33265 
33035 33223 33102 33083 
32899 33287 33159 32829 
32735 33260 33128 32559 
32515 33071 32951 32281 
32361 32861 32739 32166 
32207 32577 32467 32133 
32132 32325 32226 32268 
32095 32133 32057 32495 
32085 31982 31957 32741 
32186 31988 32033 33040 
32318 32089 32215 33267 
32501 32299 32484 33411 
32736 32614 32814 33452 
32952 32913 33102 33339 
33155 33183 33332 33094 
33339 33416 33470 32791 
33501 33562 33526 32461 
33534 33556 33409 32097 
33490 33425 33238 31844 
33332 33152 32956 31690 
33069 32782 32652 31685 
32761 32424 32381 31880 
32396 32051 32146 32161 
32062 31793 32004 32561 
31809 31668 31966 33000 
31636 31688 32007 33411 
31675 31929 32194 33804 
31875 32261 32434 33993 
32200 32725 32740 34019 
32575 33165 32983 33792 
33002 33597 33219 33423 
33423 33938 33389 32942 
33697 34041 33433 32372 
33839 33964 33405 31860 
33767 33662 33259 31451 
33498 33166 33025 31223 
33114 32591 32768 31234 
32713 32037 32562 31470 
32309 31541 32352 31877 
31984 31236 32195 32370 
31815 31168 32127 32919 
31838 31363 32159 33442 
32020 31789 32271 33861 
32335 32378 32448 34114 
32671 32999 32617 34115 
33001 33602 32786 33939 
33255 34052 32934 33580 
33442 34324 33074 33176 
33462 34317 33131 32693 
33334 34048 33126 32222 
33049 33547 33043 31819 
32732 32938 32931 31586 
32333 32216 32728 31499 
32053 31616 32592 31661 
31837 31172 32435 31921 
31790 30994 32329 32281 
31933 31130 32317 32720 
32226 31524 32381 33114 
32612 32129 32505 33432 
33045 32817 32704 33630 
33438 33475 32912 33646 
33722 33993 33100 33492 
33856 34282 33254 33205 
33774 34282 33302 32846 
33543 34008 33258 32469 
33180 33534 33099 32159 
32746 32943 32876 31950 
32295 32318 32602 31881 
31974 31843 32379 32008 
31727 31490 32171 32222 
31631 31364 32046 32504 
31725 31498 32047 32847 
31963 31850 32157 33185 
32267 32300 32324 33401 
32660 32858 32590 33551 
33026 33350 32846 33540 
33294 33699 33055 33353 
33500 33892 33239 33090 
33563 33840 33341 32735 
33529 33588 33377 32373 
33334 33160 33272 32017 
33080 32653 33117 31771 
32820 32189 32916 31711 
32495 31754 32628 31755 
32276 31552 32388 32006 
32078 31547 32175 32354 
32008 31774 32057 32809 
32007 32133 32035 33249 
32085 32580 32117 33622 
32278 33071 32325 33882 
32542 33523 32610 33946 
32807 33815 32893 33769 
33075 33908 33145 33446 
33310 33813 33335 32974 
33491 33572 33456 32456 
33540 33176 33436 31944 
33472 32750 33316 31554 
33293 32319 33101 31350 
33034 31969 32830 31347 
32712 31744 32540 31551 
32432 31726 32331 31982 
32198 31859 32182 32495 
32030 32084 32105 33019 
31951 32400 32143 33528 
32019 32749 32295 33919 
32161 33033 32487 34087 
32333 33205 32661 34020 
32511 33240 32786 33715 
32706 33178 32860 33291 
32898 33074 32892 32822 
33027 32892 32834 32328 
33133 32725 32766 31938 
33201 32602 32715 31724 
33187 32517 32682 31708 
33134 32501 32721 31866 
33017 32530 32784 32093 
32914 32646 32939 32445 
32796 32807 33088 32783 
32669 32948 33190 33013 
32585 33072 33247 33155 
32533 33157 33213 33179 
32509 33145 33106 33096 
32496 33016 32871 32905 
32493 32792 32590 32687 
32523 32539 32314 32513 
32560 32256 32068 32415 
32566 32018 31897 32404 
32581 31878 31836 32487 
32612 31869 31916 32677 
32639 31985 32113 32962 
32679 32223 32401 33340 
32765 32596 32769 33763 
32809 32974 33079 33941 
32864 33332 33343 33722 
32936 33638 33549 33010 
32975 33821 33631 31821 
33024 33846 33598 30497 
33014 33697 33440 29512 
32993 33431 33210 29321 
32966 33109 32957 30146 
32837 32663 32635 31795 
32753 32287 32409 33964 
32562 31884 32164 35945 
32363 31561 31969 37338 
32154 31374 31837 37899 
32061 31401 31851 37525 
32040 31582 31902 36308 
32183 31985 32070 34469 
32448 32530 32325 32202 
32767 33135 32668 29756 
32934 33542 32986 27467 
32975 33725 33295 25753 
33000 33742 33590 25026 
33073 33652 33764 25554 
33293 33607 33813 27452 
33597 33669 33767 30488 
33749 33681 33531 34152 
33695 33473 33175 37848 
33499 32855 32770 41051 
33121 31918 32349 42949 
32441 31289 32044 43159 
31347 31564 31822 41521 
30221 32813 31659 38248 
29892 34088 31582 33763 
31147 33857 31580 28981 
33991 31277 31809 24706 
37085 27115 32377 21676 
38401 23888 33245 20441 
36135 24757 34174 21336 
30322 31050 34556 24215 
23140 40997 33923 28563 
18274 50221 32212 33618 
19247 53831 30084 38667 
27434 48319 28794 42732 
39666 35483 29559 44946 
51657 19797 32517 45112 
58646 7599 36717 43235 
57432 3741 40403 39522 
48439 9275 41606 34782 
35150 20971 39498 29784 
21585 34201 34640 25336 
11338 45300 28699 22155 
6555 52442 23981 20866 
6779 56012 22034 21562 
10478 57422 23010 24061 
16278 57148 25951 27825 
23734 54528 29616 32324 
32563 48205 32875 36597 
42892 37331 35480 40017 
54102 22417 37722 42118 
64500 5605 39988 42623 
65439 195 42125 41460 
65518 51 43557 38999 
65535 11 43524 35744 
65464 4413 41264 32222 
45122 19269 36637 28960 
24598 38348 30486 26629 
4536 58055 23931 25468 
120 65304 18416 25503 
10 65505 15268 26787 
12 65535 15556 28851 
9179 65535 19211 31284 
23335 65535 25655 33739 
38500 46943 33428 35711 
51889 24299 41213 37013 
60783 2304 47258 37457 
62989 118 50266 37125 
58470 26 50076 36086 
47936 10 47139 34640 
32447 6425 42107 33009 
15799 21460 36246 31613 
1419 39222 30172 30621 
94 56461 24325 30103 
30 65266 19218 30077 
25 65500 15615 30436 
12509 65532 14772 31124 
27865 65535 17375 31954 
44328 55728 23383 32757 
59145 36856 31699 33368 
65344 15581 40732 33790 
65493 607 47524 33928 
65508 84 50827 33832 
65506 39 50070 33575 
56474 33 45582 33255 
41515 7871 38984 32856 
26286 20519 32186 32606 
13402 34816 26404 32449 
4417 48161 22395 32373 
344 58802 20459 32424 
86 64726 20579 32574 
5666 65462 22430 32735 
14257 60166 25688 32917 
25163 49268 29991 33001 
35976 35028 34707 33018 
44501 20157 39256 32921 
49041 8292 42942 32767 
49077 2204 44950 32533 
45701 2585 44742 32296 
41063 7950 42092 32077 
37450 15671 37282 31918 
36058 23591 31026 31880 
36508 30838 24658 31979 
36930 37719 19922 32223 
35694 45398 17740 32567 
32375 53661 18662 32974 
28029 60637 22635 33351 
24971 63135 28895 33706 
24813 58987 35846 33892 
27722 48371 42199 33919 
32335 33597 46631 33758 
36660 18328 48401 33478 
38540 7587 47234 33077 
37158 3784 43624 32631 
32971 7120 38400 32161 
27511 15950 32471 31774 
23047 26802 26916 31540 
20959 36951 22187 31395 
21962 44421 18917 31462 
25716 48370 17541 31719 
31264 48702 18600 32123 
36968 46212 22175 32593 
41859 41723 27849 33088 
45247 35857 34707 33518 
46958 29152 41562 33889 
46970 22513 46518 34033 
45478 16999 48488 34021 
42416 14075 46964 33788 
37709 15172 42469 33368 
31198 21108 36246 32869 
23732 30792 30227 32321 
16582 42224 25887 31862 
11347 52513 23948 31455 
9613 59431 24395 31290 
12309 61097 26388 31350 
18751 57432 28604 31640 
27748 49255 30264 32068 
37796 37821 31170 32617 
47869 23971 31710 33182 
56450 9905 32569 33697 
62402 400 34080 34023 
63942 78 36050 34122 
59921 18 37849 34027 
49403 4520 38528 33698 
34154 19495 37571 33245 
16820 39124 35186 32694 
1721 58823 32212 32137 
60 65374 29832 31689 
7 65535 28963 31395 
6362 65535 29774 31270 
19003 65505 31769 31431 
33638 53954 33964 31802 
46362 38142 35218 32256 
55244 23442 35036 32844 
59794 11069 33472 33414 
59832 1931 31171 33875 
55701 128 29062 34144 
48026 78 27931 34176 
38519 309 28232 33989 
28651 11189 29786 33569 
19775 23305 32129 33011 
12684 37737 34700 32412 
7991 52028 36759 31815 
5851 64242 38045 31388 
6894 65431 38339 31136 
12111 65512 37674 31146 
22401 65535 36107 31392 
35871 65442 34026 31891 
50142 45157 31597 32467 
61523 25220 29251 33090 
65461 8674 27291 33688 
62333 651 26248 34093 
51631 71 26329 34292 
39404 6004 27493 34203 
29532 12870 29666 33954 
24308 19069 32409 33513 
23174 24283 35154 32949 
23357 30110 37485 32336 
22505 38084 39185 31834 
19666 48219 39998 31451 
16123 58161 39841 31304 
13934 64767 38696 31327 
15157 65484 36654 31603 
20454 59370 33836 32049 
29102 46472 30411 32535 
39023 30165 27116 33080 
48165 13528 24452 33504 
54762 840 23166 33830 
57686 80 23664 33958 
56341 39 25774 33833 
51334 6679 29057 33561 
43489 16760 32673 33157 
34153 32309 35968 32674 
25333 47806 38485 32256 
18158 60614 40173 31921 
13594 65365 41085 31718 
12022 65492 41245 31692 
13482 65502 40392 31851 
17408 55888 38332 32143 
23069 41992 34962 32464 
29803 27110 30787 32814 
36777 12940 26672 33128 
43042 1921 23934 33364 
48072 128 23304 33475 
51297 74 24813 33478 
52052 54 27736 33361 
49665 9585 30765 33162 
43939 23147 32967 32918 
35239 39882 33950 32673 
25099 56897 34123 32461 
15806 65279 34293 32290 
10357 65510 35128 32143 
10438 65535 36815 32123 
15991 65535 38758 32180 
25302 55907 39955 32291 
35594 37419 39412 32444 
43478 20081 36905 32637 
47782 7118 33013 32823 
48260 514 28857 32994 
45832 80 25716 33132 
41899 5102 24622 33217 
37597 11560 25622 33219 
33480 21939 28092 33137 
29539 33673 31085 32962 
25928 45041 33593 32744 
22867 54497 35081 32534 
21007 60335 35508 32326 
21205 60904 35223 32167 
23900 55716 34716 32044 
28731 45692 34386 32067 
34580 33089 34345 32168 
39904 20655 34421 32351 
43356 11593 34431 32640 
44109 7563 34052 32912 
42357 8604 33221 33176 
38697 13945 32003 33334 
34071 22335 30759 33444 
29651 31690 29911 33424 
26054 41029 29814 33309 
23929 48832 30590 33124 
23836 53690 32081 32878 
26151 53931 33695 32623 
30272 49571 34817 32456 
35054 41652 34959 32283 
39185 32272 34242 32218 
41376 23682 32941 32171 
41054 18157 31705 32209 
38605 16505 30987 32255 
34876 18282 30924 32308 
30654 22578 31363 32393 
26510 28648 32053 32488 
23063 35374 32707 32550 
20952 42125 33389 32666 
20838 47577 34049 32740 
23488 50382 34709 32864 
28911 48837 35165 33021 
35884 42759 35137 33156 
43169 32981 34484 33285 
49369 21326 33253 33338 
53223 10448 31714 33353 
53580 3765 30321 33277 
49960 3521 29467 33138 
42266 10675 29374 32910 
31173 24352 30134 32646 
18943 40641 31500 32392 
8408 55777 33172 32145 
2589 65066 34616 31891 
3493 65489 35517 31792 
10651 65501 35487 31781 
21892 56793 34605 31922 
34227 44469 33117 32141 
45693 31003 31593 32464 
54024 18604 30686 32878 
58623 8307 30591 33266 
59522 1142 31230 33588 
56552 96 32225 33782 
49905 56 33157 33816 
40486 8624 33730 33657 
29498 20879 33957 33340 
18744 35453 34139 32974 
10049 49826 34335 32480 
4908 61932 34619 32034 
4426 65394 34657 31678 
8567 65496 34117 31518 
16947 65521 32836 31559 
28726 57154 30963 31777 
41730 40920 29154 32131 
53932 22653 28067 32579 
62748 6827 28251 33081 
65434 185 29685 33506 
61189 33 31834 33769 
51339 2423 34036 33903 
37958 14825 35580 33796 
23962 28717 36255 33504 
12512 42271 36188 33102 
5690 52889 35714 32646 
3868 59352 35084 32201 
6869 60607 34298 31819 
14127 56339 33272 31575 
24014 47444 32091 31532 
35045 35500 31020 31698 
45385 22799 30360 31965 
53526 11657 30489 32403 
57270 4926 31209 32826 
56300 3689 32123 33201 
51310 7663 32742 33539 
43956 15589 32785 33764 
36183 25463 32313 33828 
29312 35806 31712 33764 
23785 45045 31294 33505 
19200 53084 31338 33214 
15239 59564 31634 32823 
12615 63588 32080 32415 
12731 63652 32639 32079 
16732 58318 33417 31773 
24364 47688 34651 31567 
34138 33089 36317 31573 
43676 17314 37868 31679 
50858 3630 38611 31917 
53843 130 37890 32277 
52348 47 35449 32607 
47464 489 31932 32969 
40648 12947 28290 33275 
33603 25964 25649 33583 
27734 38737 24650 33740 
23614 49389 25250 33764 
21511 56339 26977 33665 
21402 58901 29374 33486 
22875 56981 31851 33170 
25197 51981 34335 32826 
27680 45121 36877 32432 
30018 37516 39327 32096 
32383 29489 41255 31859 
34904 21724 41862 31761 
37427 14736 40661 31793 
39400 9984 37695 31973 
40054 9016 33486 32223 
39127 12928 29007 32530 
37177 20938 25480 32859 
35090 30824 23404 33080 
33852 39919 23065 33222 
33585 46124 24266 33270 
33685 48557 26658 33192 
33045 48293 29935 33023 
30932 46899 33692 32809 
27516 45478 37580 32585 
23917 43908 41078 32420 
22077 41087 43094 32347 
23099 35839 43123 32374 
26943 28090 40810 32454 
32608 19233 36465 32665 
38230 11932 30885 32864 
42115 9031 25785 33032 
43921 11357 22407 33160 
43828 18187 21697 33226 
42155 27739 23827 33154 
39393 37405 28098 33015 
35572 45573 33171 32793 
30894 51169 37646 32521 
25824 53842 40520 32284 
21469 53359 41234 32093 
18829 49951 40182 31967 
18788 43989 38109 31980 
21623 35946 35629 32103 
26853 26839 33101 32370 
33364 17998 30440 32680 
39774 11130 27608 33018 
44869 7815 24856 33303 
47929 9187 22900 33566 
48310 15102 22620 33595 
46246 24589 24734 33517 
41900 35623 29064 33280 
35585 46244 34844 32933 
28190 54248 40512 32517 
21023 58517 44593 32174 
15288 58837 46285 31908 
12276 55363 45348 31740 
13083 48379 42099 31754 
18059 38753 37376 31944 
26435 27094 31821 32246 
36782 14968 26347 32664 
47099 4456 21602 33054 
54689 169 18661 33398 
57716 40 18132 33596 
55244 6649 20430 33686 
47827 19778 25127 33573 
37040 35681 31569 33325 
26020 50375 37968 32946 
17305 61099 43032 32554 
12560 65365 45748 32216 
12192 65471 45631 31925 
15556 57702 43134 31812 
21289 47266 39083 31757 
28239 34939 34660 31943 
35042 22786 30632 32212 
40992 12975 27483 32568 
45126 7553 25442 32939 
47148 6829 24430 33222 
47185 10369 24590 33459 
45324 16825 26077 33578 
41863 24302 28775 33543 
37162 31768 32407 33458 
31693 38470 35998 33226 
26311 44140 38636 32920 
22459 48186 39461 32629 
20809 50216 38274 32352 
21409 49869 35499 32084 
23626 47375 32132 31917 
26071 43553 29300 31848 
27493 39851 27888 31872 
27897 36912 27956 31982 
28344 34512 29312 32166 
30543 31473 31581 32399 
35515 26748 34249 32709 
42629 20012 36821 32949 
49743 12710 38997 33232 
54059 7256 40183 33419 
53555 6055 39921 33587 
48242 9988 37866 33592 
40183 18049 34294 33524 
31701 28156 29767 33339 
24354 38739 25158 33117 
18664 48430 21532 32810 
13939 57416 19781 32557 
9649 64867 20268 32328 
6610 65421 23174 32152 
7091 65495 28186 32055 
12945 65535 34348 32041 
24583 63270 40792 32081 
39994 41669 46392 32162 
56156 18964 50075 32275 
65251 830 50852 32449 
65512 65 48363 32534 
65535 20 42957 32641 
65523 32 35171 32749 
52840 10226 26884 32805 
35997 23125 19482 32907 
19854 37062 14339 33034 
6707 50091 12333 33155 
268 60137 13992 33264 
61 65049 18776 33347 
51 65225 25794 33409 
10915 56123 33698 33405 
24746 42063 41340 33292 
40318 24138 47325 33129 
54506 5822 50710 32896 
64516 197 51231 32620 
65488 51 48843 32288 
65535 10 43927 31989 
54964 2974 37321 31734 
37799 19216 29919 31546 
18681 39192 22985 31521 
1668 60285 17595 31626 
52 65388 15022 31874 
0 65535 15828 32240 
7321 65535 19711 32641 
20848 65535 25865 33137 
38027 56877 33071 33598 
52892 37429 39729 34026 
62647 18436 44666 34259 
65431 4200 47105 34332 
62118 148 46802 34200 
54070 77 43966 33846 
43107 74 39409 33346 
30615 7444 34099 32724 
17893 18252 29172 32105 
6249 32310 25393 31478 
257 47116 23511 31042 
61 60068 23425 30814 
42 65357 24697 30817 
10298 65501 26779 31047 
23289 65512 29191 31558 
37412 55585 31723 32241 
50561 40437 34284 32908 
61452 23638 36892 33594 
65371 7610 39243 34172 
65476 249 40578 34535 
65510 49 40367 34610 
65475 12 38465 34435 
49361 9873 35168 34052 
31459 25971 31408 33447 
13774 44025 28242 32813 
1015 59349 26424 32212 
42 65390 26187 31745 
28 65534 27271 31462 
9714 58689 29138 31419 
21429 45023 31199 31491 
32253 30960 33292 31797 
40034 19512 35173 32137 
44216 12462 36663 32523 
45758 9127 37548 32853 
45698 8376 37585 33045 
44796 9724 36727 33129 
42980 13495 35046 33098 
39734 20360 32897 32971 
34520 30676 30739 32817 
27567 43567 28995 32682 
19947 57075 27965 32633 
14242 65214 27880 32654 
12707 65503 28764 32769 
16895 65535 30621 32955 
26543 60403 33145 33201 
38823 41100 35721 33360 
50749 21029 37822 33513 
58868 4255 38708 33499 
60848 103 37981 33322 
56337 23 35757 33006 
47051 5923 32517 32570 
35689 16572 29206 32159 
24416 29787 26526 31706 
15611 41476 25247 31407 
9676 50475 25587 31271 
6463 56279 27358 31308 
5914 59107 30371 31617 
8246 58547 33865 32065 
13992 54181 37410 32579 
23549 45303 40718 33195 
36335 31884 43221 33766 
50842 15186 44354 34237 
63640 776 43445 34518 
65450 75 40058 34554 
65529 0 34337 34343 
65535 576 27001 33940 
61547 18308 19810 33301 
43085 37049 14681 32606 
26173 55179 13209 31855 
12513 65234 16267 31234 
4748 65498 23075 30774 
2781 65507 32076 30581 
5321 65487 40968 30651 
10963 54305 48005 31016 
18206 41055 51649 31647 
