32541 33368 32606 33380 
32541 33368 32606 33380 
32747 33530 32733 33164 
32994 33608 32867 32899 
33192 33527 32950 32593 
33341 33344 32995 32312 
33396 33093 32986 32104 
33322 32801 32909 31998 
33118 32497 32787 32007 
32822 32245 32639 32148 
32518 32115 32516 32374 
32221 32083 32427 32655 
32018 32182 32399 32943 
31941 32365 32425 33183 
32000 32599 32499 33342 
32181 32838 32634 33414 
32412 32970 32739 33349 
32665 33020 32829 33201 
32871 32921 32866 32964 
33019 32730 32850 32737 
33125 32519 32829 32539 
33154 32317 32783 32395 
33099 32158 32719 32290 
33039 32158 32696 32286 
32971 32298 32702 32321 
32944 32591 32772 32396 
32928 32993 32870 32485 
32872 33379 32928 32536 
32871 33772 33048 32607 
32820 33973 33100 32640 
32746 33958 33107 32664 
32612 33718 33021 32650 
32449 33275 32845 32650 
32301 32732 32620 32681 
32232 32168 32412 32780 
32206 31679 32206 32901 
32232 31333 32046 33038 
32351 31228 32010 33187 
32506 31308 32039 33282 
32721 31644 32239 33365 
32887 32089 32487 33308 
33017 32589 32785 33163 
33097 33083 33071 32919 
33113 33497 33292 32599 
33127 33856 33473 32295 
33101 34014 33525 32004 
33064 34015 33472 31769 
33021 33867 33311 31671 
32970 33583 33095 31731 
32862 33177 32818 31878 
32757 32750 32557 32166 
32649 32334 32348 32573 
32506 31948 32177 33005 
32283 31600 31992 33362 
32104 31433 31903 33657 
32024 31483 31950 33887 
31998 31684 32059 33932 
32057 32008 32232 33828 
32224 32425 32491 33589 
32445 32839 32757 33212 
32692 33205 33004 32746 
32976 33491 33268 32284 
33230 33646 33485 31862 
33452 33672 33631 31551 
33572 33550 33667 31357 
33625 33348 33598 31345 
33548 33095 33376 31475 
33390 32847 33069 31778 
33192 32690 32758 32206 
32928 32572 32413 32719 
32648 32514 32115 33233 
32293 32428 31846 33650 
32007 32399 31732 33992 
31808 32363 31760 34148 
31679 32292 31887 34076 
31706 32252 32132 33869 
31823 32194 32399 33478 
32037 32175 32676 33021 
32337 32192 32941 32522 
32668 32274 33134 32080 
33036 32440 33287 31764 
33338 32622 33339 31612 
33536 32829 33318 31631 
33626 33025 33253 31811 
33618 33220 33161 32071 
33511 33379 33070 32407 
33353 33513 32983 32745 
33099 33567 32875 32976 
32873 33583 32795 33139 
32641 33526 32725 33180 
32435 33383 32631 33115 
32292 33179 32558 32992 
32144 32832 32412 32783 
32103 32455 32318 32636 
32066 32040 32207 32549 
32076 31649 32112 32539 
32129 31355 32060 32611 
32233 31222 32086 32758 
32397 31288 32209 32955 
32582 31527 32384 33105 
32833 32002 32669 33246 
33072 32566 32988 33277 
33231 33107 33259 33142 
33302 33602 33461 32903 
33353 34035 33629 32649 
33315 34250 33680 32327 
33192 34240 33589 32007 
33043 34032 33382 31766 
32873 33655 33075 31654 
32736 33218 32727 31695 
32631 32745 32364 31900 
32560 32312 32063 32217 
32502 31952 31838 32625 
32421 31674 31701 33092 
32295 31526 31669 33510 
32198 31529 31802 33856 
32127 31675 32056 34067 
32058 31865 32365 34078 
32076 32116 32726 33904 
32183 32414 33100 33559 
32405 32760 33442 33092 
32678 33046 33648 32527 
33062 33379 33781 32014 
33411 33606 33751 31533 
33712 33763 33607 31261 
33873 33786 33329 31120 
33861 33682 32978 31212 
33679 33492 32633 31528 
33370 33219 32325 31998 
32942 32887 32066 32531 
32484 32570 31914 33094 
32048 32264 31841 33600 
31722 32044 31890 33988 
31579 31923 32032 34212 
31609 31891 32253 34230 
31750 31907 32486 34022 
32024 32014 32752 33669 
32373 32170 33009 33206 
32687 32302 33171 32621 
33015 32508 33313 32137 
33230 32662 33319 31686 
33362 32834 33246 31451 
33366 32954 33052 31355 
33304 33063 32833 31471 
33208 33203 32625 31853 
33071 33287 32470 32291 
32941 33340 32400 32798 
32776 33307 32404 33230 
32637 33229 32489 33583 
32526 33102 32647 33763 
32459 32958 32840 33746 
32424 32775 32993 33491 
32479 32664 33127 33161 
32556 32597 33160 32750 
32647 32567 33128 32346 
32718 32530 32976 32002 
32757 32485 32756 31808 
32733 32396 32483 31775 
32697 32315 32263 31955 
32615 32187 32103 32247 
32491 32019 31995 32590 
32418 31943 32039 32989 
32408 31970 32181 33335 
32476 32141 32423 33578 
32633 32477 32744 33683 
33052 33346 33314 33333 
33254 33796 33499 32992 
33366 34073 33572 32601 
33390 34183 33511 32240 
33259 33992 33286 31936 
33029 33596 32970 31784 
32743 33053 32636 31815 
32433 32442 32312 32012 
32173 31851 32066 32327 
32012 31416 31949 32712 
31932 31188 31938 33068 
31989 31237 32086 33366 
32200 31597 32385 33557 
32431 32064 32698 33547 
32692 32598 33010 33366 
32930 33099 33246 33044 
33121 33522 33387 32644 
33306 33829 33440 32269 
33391 33900 33348 31966 
33388 33794 33128 31787 
33325 33555 32863 31810 
33179 33217 32563 31989 
32981 32824 32300 32332 
32771 32454 32138 32762 
32573 32166 32105 33226 
32328 31915 32139 33568 
32167 31835 32293 33806 
32067 31881 32519 33837 
32056 32072 32770 33674 
32094 32321 32960 33316 
32265 32662 33116 32870 
32496 33002 33197 32396 
32769 33303 33218 31958 
33036 33488 33158 31649 
33238 33503 33037 31494 
33378 33383 32905 31547 
33364 33109 32722 31754 
33235 32786 32569 32110 
33068 32461 32467 32576 
32824 32185 32364 33053 
32547 32013 32284 33458 
32361 32019 32286 33818 
32259 32177 32335 34015 
32205 32394 32401 34001 
32285 32680 32522 33810 
32454 32972 32710 33503 
32619 33163 32869 33029 
32770 33248 33024 32515 
32929 33243 33170 32022 
33046 33165 33302 31611 
33081 32993 33332 31312 
33040 32770 33261 31194 
33003 32628 33175 31309 
32938 32526 33023 31637 
32834 32474 32822 32094 
32722 32477 32594 32616 
32621 32534 32391 33171 
32530 32631 32227 33706 
32443 32698 32112 34068 
32440 32796 32119 34263 
32446 32854 32172 34235 
32503 32890 32297 34079 
32595 32887 32441 33842 
32684 32819 32594 33547 
32772 32724 32729 33187 
32798 32548 32804 32593 
32825 32390 32906 31747 
32776 32207 32939 30664 
32679 32054 32956 29610 
32610 32029 32999 29020 
32589 32172 33063 29259 
32622 32471 33131 30452 
32739 32893 33217 32367 
32870 33365 33250 34599 
33004 33795 33234 36576 
33135 34083 33169 37864 
33212 34139 33031 38162 
33203 33930 32827 37418 
33124 33488 32548 35870 
33004 32933 32275 33811 
32867 32349 32025 31481 
32628 31735 31831 29145 
32280 31202 31733 27114 
31854 30775 31779 25770 
31572 30659 31984 25488 
31484 30883 32232 26377 
31789 31595 32589 28459 
32321 32669 32973 31503 
32924 33849 33322 35072 
33434 34741 33567 38574 
33856 35037 33737 41347 
34046 34603 33761 42746 
33833 33916 33687 42488 
33080 33674 33525 40503 
32011 34138 33225 37023 
31358 34603 32782 32582 
32036 33871 32288 27875 
34172 30839 31846 23773 
36823 26233 31756 21106 
38005 22637 32123 20440 
35948 22987 32726 21842 
30304 28831 33064 25108 
22937 38793 32715 29748 
17374 48932 31494 35044 
17549 53849 29905 40020 
24656 50157 29010 43678 
36759 38533 29806 45574 
49518 23145 32627 45411 
58123 9980 36651 43127 
58783 4253 40357 39089 
51089 8119 41846 34025 
38061 18983 40044 28785 
24292 31994 35532 24387 
13496 43267 29816 21429 
7784 50972 24962 20305 
7136 55297 22511 21210 
10275 57321 22931 23945 
15763 57630 25559 27977 
22610 55645 28988 32479 
30964 50139 32262 36791 
40782 40024 34907 40256 
51584 25671 37158 42352 
62254 8770 39324 42876 
65400 272 41395 41719 
65506 62 42802 39320 
65535 15 42883 36141 
65457 27 41020 32711 
45932 15532 36962 29545 
25587 33874 31325 27176 
5226 54041 25096 25853 
128 65200 19758 25709 
12 65490 16676 26636 
9 65535 16651 28354 
7917 65535 19804 30475 
21827 65535 25487 32583 
37112 50375 32735 34437 
50942 29221 39943 35718 
60783 7212 45847 36400 
64200 190 49090 36379 
60690 37 49245 35832 
51048 13 46721 34924 
36814 2715 42289 33949 
20386 17192 36821 33018 
4801 34184 30985 32296 
152 51783 25266 31910 
37 64910 20107 31733 
21 65471 16633 31841 
9270 65521 15479 32008 
23727 65534 17530 32248 
40014 60635 22827 32389 
55310 41677 30625 32467 
65129 21195 39226 32399 
65476 2486 46441 32239 
65505 129 50337 32048 
65507 47 50281 31896 
58311 37 46616 31880 
44759 5658 40545 31984 
29240 16562 33566 32299 
15589 30542 27275 32730 
5788 44247 22782 33271 
841 55284 20456 33717 
124 62530 20241 34103 
4805 64727 21935 34325 
12794 61416 25084 34300 
23395 52490 29334 33957 
34567 39433 34218 33514 
43790 24780 38852 32890 
49139 12493 42557 32264 
49976 5210 44719 31723 
46908 4053 44686 31316 
42066 8153 42315 31124 
37639 15250 37698 31153 
35392 22730 31647 31416 
35327 29269 25568 31867 
35863 35326 20660 32373 
35235 41978 18089 32903 
32623 49522 18516 33397 
28651 56688 22038 33734 
25361 60602 27926 33950 
24620 58705 34750 33927 
26949 50406 41210 33699 
31469 37369 46026 33372 
36214 23005 48281 33000 
39022 11558 47651 32636 
38615 6036 44302 32319 
35068 7565 39219 32106 
29681 14547 33272 31943 
24500 24396 27482 31919 
21361 34220 22645 32061 
21118 41880 19226 32229 
23896 46487 17687 32491 
28911 47741 18500 32787 
34556 46169 21659 33012 
39822 42676 26949 33202 
43903 37840 33626 33310 
46367 32099 40437 33326 
47180 25979 45895 33256 
46317 20145 48668 33049 
43817 16120 47890 32807 
39646 15610 43847 32524 
33729 19382 37756 32260 
26463 27208 31242 32031 
19036 37512 26021 31926 
12838 47925 23114 31876 
9863 55734 22952 32018 
10993 59013 24793 32258 
16135 57346 27430 32596 
24219 51170 29849 32951 
33899 41553 31481 33287 
43888 29477 32503 33562 
53244 16007 33410 33749 
60401 3156 34682 33775 
63708 139 36305 33613 
61682 37 37803 33358 
53528 3 38426 33014 
39854 13741 37599 32647 
23078 31990 35368 32314 
6355 52508 32261 32018 
161 65134 29604 31859 
14 65513 28359 31769 
85 65533 28957 31832 
14632 65509 31048 31981 
28711 57826 33646 32162 
41919 44475 35659 32382 
52357 29748 36324 32627 
58649 16681 35307 32819 
60378 6229 33040 32954 
57744 352 30519 33068 
51448 94 28569 33170 
42596 71 27762 33218 
32779 6564 28275 33245 
23240 17249 29945 33303 
15339 30481 32085 33291 
9522 44810 34316 33296 
6041 58388 36131 33237 
5569 65283 37294 33099 
9053 65487 37670 32906 
17452 65532 37214 32656 
30124 65535 35970 32349 
44493 52819 34147 32080 
57324 34048 31973 31811 
64542 16685 29874 31669 
62683 5469 28137 31580 
55717 2111 27252 31719 
44089 4955 27367 31902 
33536 10415 28538 32238 
27142 15596 30406 32626 
24889 20074 32676 33072 
24553 25095 34889 33464 
23617 32434 36821 33841 
20681 42571 38158 34071 
16447 53773 38768 34155 
13141 62819 38542 34037 
12999 65431 37461 33777 
17145 65448 35514 33351 
25193 53665 32864 32860 
35401 38668 29853 32284 
45833 21710 27102 31823 
53870 6840 25206 31367 
58334 220 24709 31088 
58504 53 25753 30999 
54573 39 28060 31134 
47087 10447 31026 31467 
37548 24475 34009 31984 
27583 40016 36443 32565 
19165 53910 38235 33199 
13307 63734 39392 33744 
10616 65440 39969 34161 
11267 65492 39810 34415 
14845 59386 38518 34409 
20501 47621 35949 34132 
27509 33889 32445 33731 
34878 20143 28669 33204 
41764 8124 25681 32625 
47647 404 24420 32120 
51724 92 25209 31714 
53211 62 27534 31520 
51676 5194 30342 31550 
46658 16862 32640 31726 
38409 32554 33833 31977 
27927 50100 34158 32266 
17701 64675 34260 32558 
10765 65465 34860 32779 
9093 65531 36238 32881 
13183 65535 37963 32884 
21689 65444 39270 32854 
31979 46451 39195 32779 
41078 28418 37243 32712 
46895 13450 33726 32717 
48728 3979 29728 32789 
47274 357 26413 32916 
43775 1808 24753 33107 
39448 7429 25143 33306 
35019 16376 27295 33529 
30676 27222 30201 33580 
26643 38610 32861 33528 
23031 49053 34669 33313 
20581 56896 35508 33022 
20073 60295 35509 32573 
22303 58115 35202 32118 
27053 50373 34862 31689 
33244 39215 34757 31387 
39284 27024 34786 31263 
43691 16712 34732 31318 
45478 10378 34411 31577 
44418 8828 33641 31979 
40950 11767 32445 32458 
35980 18350 31111 33028 
30868 26777 30031 33532 
26328 36060 29565 33938 
23131 44693 29928 34173 
21999 51228 31076 34275 
23274 54090 32581 34138 
27041 52383 33943 33874 
32400 46095 34560 33384 
37549 37363 34315 32879 
41196 28222 33389 32306 
42510 21031 32343 31821 
41364 17132 31608 31464 
38163 16701 31344 31169 
33911 19404 31673 31125 
29416 24305 32270 31304 
25175 30656 32902 31646 
21802 37689 33444 32088 
20157 44416 33977 32567 
21031 49419 34478 33086 
24868 50678 34832 33537 
31059 47344 34832 33850 
38572 39608 34343 34017 
45838 28781 33307 34034 
51413 17249 31904 33869 
54091 7828 30483 33579 
52777 3773 29527 33215 
47149 6855 29275 32769 
37515 16922 29859 32338 
25377 31606 31111 31992 
13372 47186 32768 31744 
4527 59868 34370 31626 
1951 65341 35489 31708 
6306 65488 35775 31908 
15906 58141 35126 32188 
28021 47737 33815 32539 
40027 35989 32273 32893 
50014 24430 31024 33180 
57038 13828 30551 33373 
60347 5447 30918 33455 
59562 636 31854 33374 
54790 85 32863 33157 
46558 5872 33598 32863 
35850 15993 33985 32579 
24243 29332 34116 32331 
13527 44023 34177 32148 
5986 57116 34277 32087 
2776 65169 34340 32182 
4403 65470 33980 32354 
10778 65511 33024 32626 
21382 65485 31438 32937 
34633 49301 29653 33235 
48199 31072 28298 33382 
59394 13679 28084 33470 
65204 1035 29134 33408 
65497 61 31161 33183 
57917 32 33533 32842 
45716 8886 35577 32487 
31791 21393 36721 32135 
18973 34828 36956 31885 
9605 46740 36551 31738 
4838 55266 35751 31752 
5065 59273 34712 31925 
9834 57859 33401 32220 
18018 51454 31899 32592 
28281 41313 30446 33029 
38906 29341 29370 33390 
48263 18010 29136 33684 
54653 9492 29853 33833 
56693 5841 31223 33804 
54211 7450 32606 33569 
48380 13558 33613 33260 
40999 22263 33895 32776 
33778 31785 33686 32327 
27488 40908 33264 31936 
22143 48752 32798 31590 
17618 55190 32500 31485 
13988 59824 32178 31551 
12367 61517 31872 31759 
14183 58915 31817 32144 
20048 51007 32269 32596 
29073 38428 33469 33082 
38963 23639 35107 33476 
47421 9664 36632 33794 
52403 510 37223 33900 
53066 66 36430 33833 
49560 47 34187 33579 
43412 9696 31279 33200 
36378 22083 28695 32749 
30144 35207 27242 32336 
25320 46928 27045 31958 
22414 55325 27901 31736 
21456 59297 29248 31626 
22276 58751 30821 31757 
24288 54353 32476 32002 
26741 47531 34286 32339 
29157 39825 36326 32755 
31457 31893 38309 33124 
33898 24197 39734 33461 
36457 17098 39910 33660 
38817 11558 38438 33699 
40177 9294 35573 33612 
39903 11412 31988 33345 
38243 17890 28615 33003 
35948 27078 26144 32578 
34131 36554 24994 32201 
33308 43753 25133 31872 
33260 47504 26390 31634 
33062 48001 28556 31603 
31723 46798 31372 31727 
28914 45345 34625 31962 
25348 44073 37804 32278 
22608 42275 40426 32711 
22201 38461 41682 33143 
24877 31926 40981 33491 
29980 23539 38257 33772 
35647 15625 34093 33856 
40509 10664 29486 33826 
43429 10392 25586 33611 
44275 14969 23508 33288 
43392 23073 23841 32913 
41105 32693 26468 32531 
37705 41549 30529 32195 
33416 48186 34659 31927 
28523 52135 37839 31787 
23759 53191 39434 31782 
20154 51453 39474 31897 
18671 46855 38356 32040 
20118 39934 36776 32296 
24226 31515 35065 32532 
30184 22625 33187 32744 
36650 14793 30878 32885 
42435 9737 28171 33040 
46440 8686 25472 33149 
48023 12256 23543 33151 
47042 19849 23501 33158 
43687 29907 25734 33142 
38336 40443 29921 33133 
31632 49447 35026 33075 
24435 55517 39816 33005 
17921 57986 43185 32951 
13622 56664 44366 32897 
12631 51973 43417 32833 
15586 44164 40622 32683 
22391 33956 36610 32547 
31943 22279 31905 32368 
42610 10766 27085 32191 
51663 2471 23091 32042 
57059 106 20659 31926 
57312 6505 20486 31929 
52141 13543 22733 31988 
42753 27711 27086 32168 
31379 43056 32680 32463 
20908 55924 37986 32783 
13885 63606 41734 33123 
11119 65399 43296 33445 
12552 61058 42606 33708 
17219 52379 40150 33851 
23848 40789 36814 33860 
31265 28038 33345 33734 
38270 16744 30417 33484 
43710 9206 28298 33105 
47224 6435 26971 32671 
48606 8414 26518 32249 
47819 13911 26947 31809 
45086 21493 28566 31506 
40628 29427 31116 31319 
35138 36589 34150 31337 
29174 42525 36712 31495 
23931 47022 38079 31863 
20472 49596 37636 32279 
19424 49912 35549 32769 
20632 47785 32378 33228 
23166 44049 29488 33676 
25580 39817 27649 33965 
27108 36373 27358 34089 
28110 33979 28480 34017 
29842 31973 30616 33759 
33708 29083 33304 33424 
39976 24312 36120 32999 
47410 17903 38668 32528 
53449 11717 40492 32124 
55149 8542 40944 31797 
51927 9790 39779 31585 
44682 15437 36926 31517 
35823 24056 32778 31634 
27260 33787 27941 31839 
20484 43249 23578 32176 
15331 51775 20653 32563 
11015 59586 19750 32979 
7575 65168 21117 33350 
6393 65449 24727 33658 
9619 65514 30101 33819 
18646 64640 36339 33798 
32406 45839 42287 33606 
48206 25310 47028 33321 
62597 4813 49592 32923 
65437 143 49289 32468 
65530 26 45957 32074 
65532 23 39971 31750 
62465 6686 32335 31603 
44336 19003 24784 31611 
27547 33117 18510 31748 
12839 46825 14775 32077 
2379 58308 14213 32502 
106 65174 16941 32963 
50 65480 22389 33377 
5804 65495 29227 33657 
17644 52734 36470 33854 
32163 36205 42694 33813 
47026 17129 47127 33662 
59615 777 49138 33371 
65344 98 48538 33046 
65523 29 45555 32696 
59007 2 40629 32374 
44887 8595 34448 32099 
26473 25944 27790 31935 
7854 46922 21826 31858 
199 64510 17968 31919 
3 65475 16825 32044 
0 65535 18692 32191 
13931 65535 23220 32366 
30962 65535 29577 32541 
47710 48739 36174 32721 
60716 28492 41716 32825 
65390 11099 45303 32907 
65496 524 46365 33009 
64475 87 44837 33115 
51293 75 41126 33215 
38476 5921 36199 33287 
24778 12195 31112 33380 
11614 24410 26778 33411 
1087 38701 23986 33388 
92 52696 23023 33258 
44 63515 23703 33035 
3423 65447 25573 32803 
15000 65504 27981 32453 
28601 57273 30610 32117 
42345 47271 33339 31829 
54671 31505 36152 31597 
63883 15670 38790 31529 
65422 2423 40756 31625 
65490 116 41487 31845 
65519 31 40527 32172 
55442 531 37869 32604 
38711 16725 33978 33043 
20457 34676 29963 33463 
4857 52124 26921 33815 
121 64480 25382 34019 
14 65503 25395 34048 
7841 65534 26716 33983 
17030 54902 28760 33693 
29545 40190 31057 33302 
39737 26565 33382 32880 
46001 16578 35470 32372 
48583 10902 37192 31945 
48489 8668 38219 31577 
46815 8906 38241 31332 
44276 11246 37251 31257 
40775 16190 35443 31384 
35851 24246 33176 31666 
29294 35331 30899 32065 
21574 48401 29073 32537 
14698 60177 28073 33037 
10806 65367 27988 33463 
12012 65524 28931 33827 
18952 65413 30754 34025 
30395 47780 33110 34071 
43657 28362 35468 33936 
55075 9811 37194 33677 
61234 295 37688 33323 
60766 29 36764 32896 
54289 32 34610 32460 
43914 11880 31777 32054 
32097 25542 28995 31757 
21551 38973 27011 31568 
13808 49586 26303 31523 
8953 56655 26957 31632 
6791 60219 28815 31893 
7150 60506 31487 32235 
10379 57542 34601 32619 
17295 50624 37833 33061 
27723 39558 40699 33416 
40778 24661 42789 33713 
54421 8152 43482 33816 
64863 258 42191 33768 
65482 37 38576 33559 
65535 0 32749 33217 
65513 7513 25885 32815 
50728 23819 19449 32372 
33862 42503 15234 31970 
18482 59004 14695 31738 
7612 65363 18313 31615 
2998 65507 25320 31728 
3965 65501 33793 31945 
8741 60898 41832 32349 
15556 48216 47655 32753 
