32683 32153 32395 32790 
32683 32153 32395 32790 
32501 32236 32196 33354 
32316 32380 32059 33849 
32203 32572 32024 34201 
32127 32737 32055 34362 
32123 32863 32173 34278 
32178 32899 32308 33966 
32330 32897 32536 33504 
32499 32813 32725 32935 
32693 32689 32894 32383 
32849 32530 33011 31866 
32955 32390 33065 31483 
33042 32339 33107 31346 
33077 32379 33112 31401 
33046 32735 33045 32017 
33046 33014 33052 32453 
33005 33250 32987 32825 
32945 33416 32927 33119 
32943 33521 32903 33356 
32879 33463 32816 33400 
32794 33264 32710 33309 
32708 33009 32609 33153 
32565 32657 32451 32901 
32429 32330 32322 32703 
32320 32070 32230 32559 
32186 31852 32134 32463 
32114 31754 32106 32497 
32093 31767 32153 32611 
32182 31938 32310 32818 
32316 32165 32492 32999 
32546 32488 32768 33145 
32821 32832 33041 33184 
33080 33137 33260 33079 
33310 33408 33434 32871 
33479 33610 33497 32593 
33573 33719 33497 32293 
33523 33692 33355 32001 
33365 33567 33138 31805 
33100 33294 32847 31705 
32798 32956 32547 31807 
32527 32632 32330 32081 
32257 32275 32131 32437 
32053 31955 32010 32874 
31898 31691 31937 33291 
31864 31581 31977 33662 
31908 31611 32090 33898 
32055 31822 32282 33965 
32293 32155 32526 33842 
32585 32588 32789 33588 
32861 33026 33026 33203 
33108 33403 33205 32717 
33331 33705 33377 32238 
33483 33841 33475 31803 
33568 33809 33529 31513 
33485 33559 33456 31329 
33351 33231 33331 31369 
33117 32823 33114 31552 
32858 32425 32844 31870 
32625 32139 32580 32313 
32412 31978 32313 32810 
32205 31901 32031 33214 
32115 32038 31879 33638 
32093 32263 31811 33902 
32160 32568 31898 34015 
32275 32845 32066 33918 
32409 33037 32302 33654 
32568 33136 32596 33311 
32703 33088 32863 32881 
32780 32884 33056 32438 
32866 32647 33226 32112 
32905 32387 33304 31897 
32913 32195 33292 31846 
32875 32092 33176 31905 
32847 32162 33021 32071 
32850 32384 32875 32319 
32887 32755 32779 32598 
32934 33165 32719 32829 
32964 33556 32706 32963 
32964 33788 32728 32988 
32967 33867 32798 32939 
32920 33724 32862 32822 
32808 33350 32848 32622 
32692 32882 32807 32472 
32564 32353 32700 32376 
32444 31852 32533 32382 
32352 31498 32343 32511 
32300 31376 32169 32756 
32299 31485 32048 33037 
32385 31826 32045 33354 
32508 32295 32151 33603 
32655 32814 32333 33711 
32773 33294 32576 33630 
32909 33695 32915 33415 
32989 33882 33210 33019 
32966 33795 33402 32479 
32980 33608 33599 32025 
32906 33218 33611 31589 
32798 32759 33506 31318 
32770 32341 33334 31272 
32761 32037 33097 31429 
32766 31875 32804 31757 
32817 31921 32522 32240 
32870 32123 32266 32777 
32902 32424 32070 33308 
32855 32722 31920 33752 
32751 32966 31844 34035 
32575 33119 31858 34127 
32388 33181 31990 34073 
32196 33084 32159 33788 
32081 32932 32423 33409 
32067 32730 32734 32962 
32174 32554 33055 32503 
32419 32470 33379 32091 
32718 32420 33613 31745 
33075 32473 33770 31545 
33365 32565 33751 31481 
33585 32725 33650 31594 
33652 32871 33391 31792 
33587 33002 33103 32096 
33338 33059 32713 32425 
33018 33073 32375 32806 
32612 32997 32043 33128 
32188 32815 31790 33377 
31896 32636 31687 33562 
31752 32468 31715 33623 
31770 32327 31839 33553 
31984 32306 32093 33419 
32319 32376 32383 33211 
32712 32508 32689 32935 
33105 32701 32999 32680 
33430 32911 33285 32459 
33622 33080 33501 32292 
33595 33118 33581 32161 
33372 33068 33567 32134 
33015 32909 33417 32187 
32576 32653 33175 32294 
32151 32405 32885 32465 
31813 32165 32562 32628 
31673 32047 32304 32802 
31726 32042 32120 32930 
31974 32174 32024 32996 
32395 32473 32080 33029 
32894 32865 32257 32991 
33351 33251 32472 32869 
33724 33590 32722 32710 
33988 33872 33016 32600 
33974 33884 33194 32430 
33767 33710 33298 32348 
33367 33350 33260 32316 
32841 32850 33125 32369 
32296 32296 32898 32511 
31862 31827 32668 32725 
31564 31490 32454 32968 
31465 31357 32264 33168 
31570 31474 32179 33317 
31832 31762 32171 33349 
32252 32265 32301 33342 
32699 32785 32497 33187 
33041 33219 32656 32890 
33369 33609 32910 32605 
33594 33820 33138 32328 
33626 33801 33265 32049 
33565 33618 33312 31854 
33384 33320 33271 31791 
33153 32972 33141 31856 
32856 32572 32885 32031 
32606 32276 32624 32354 
32372 32070 32354 32723 
32203 31989 32120 33107 
32088 32022 31965 33443 
32051 32162 31945 33707 
32093 32381 32060 33834 
32207 32614 32310 33789 
32360 32847 32666 33590 
32526 32968 33007 33251 
32686 32997 33297 32805 
32898 32983 33547 32408 
33070 32924 33666 32075 
33202 32820 33612 31828 
33293 32731 33429 31743 
33318 32700 33134 31788 
33274 32715 32772 31912 
33163 32796 32422 32066 
33004 32878 32105 32202 
32801 32954 31892 32265 
32610 33012 31827 32310 
32441 32990 31858 32308 
32335 32939 32037 32363 
32285 32825 32295 32518 
32309 32671 32590 32823 
32384 32504 32923 33271 
32428 32289 33140 33791 
32522 32168 33338 34376 
32589 32090 33407 34863 
32642 32101 33370 35170 
32596 32129 33177 35106 
32580 32277 32956 34726 
32593 32514 32729 33987 
32620 32769 32535 32944 
32664 33010 32365 31675 
32758 33240 32315 30422 
32942 33466 32398 29387 
33139 33604 32554 28710 
33335 33655 32749 28556 
33495 33637 32961 29010 
33506 33464 33055 29908 
33440 33218 33120 31254 
33267 32919 33098 32880 
32963 32517 32972 34493 
32601 32114 32806 35953 
32185 31730 32581 36955 
31839 31472 32388 37441 
31602 31383 32242 37296 
31540 31475 32191 36532 
31648 31785 32232 35253 
31919 32213 32337 33641 
32298 32751 32524 31952 
32766 33310 32749 30425 
33209 33772 32961 29238 
33563 34065 33121 28685 
33863 34183 33325 28880 
33926 34027 33381 29687 
33833 33680 33367 30933 
33586 33213 33265 32438 
33238 32671 33068 33809 
32847 32174 32838 34823 
32417 31753 32541 35250 
32070 31533 32261 34951 
31841 31575 32054 34061 
31756 31818 31943 32760 
31814 32216 31967 31389 
32010 32710 32131 30301 
32295 33179 32402 29751 
32616 33515 32746 29918 
32942 33681 33103 30857 
33205 33619 33444 32476 
33390 33354 33668 34424 
33468 32987 33769 36324 
33439 32577 33698 37789 
33340 32238 33499 38547 
33185 32027 33184 38321 
32945 31977 32766 37064 
32738 32143 32357 34926 
32568 32469 32011 32224 
32439 32877 31780 29299 
32370 33271 31703 26792 
32384 33581 31816 25138 
32475 33768 32079 24563 
32533 33701 32401 25172 
32599 33432 32746 26915 
32635 32981 33044 29549 
32604 32411 33239 32747 
32595 31882 33368 36054 
32539 31454 33340 38753 
32532 31267 33236 40628 
32553 31351 33078 41405 
32640 31694 32912 41005 
32770 32237 32775 39485 
32988 32930 32740 37053 
33140 33573 32715 34058 
33340 34162 32817 30979 
33399 34428 32891 28256 
33393 34426 32957 26313 
33263 34161 32978 25303 
33061 33655 32904 25312 
32824 33044 32785 26298 
32566 32400 32605 28035 
32376 31869 32438 30327 
32207 31429 32232 32719 
32114 31242 32089 34935 
32122 31304 32056 36650 
32227 31573 32120 37706 
32387 32012 32305 38054 
32580 32523 32578 37705 
32750 33036 32892 36755 
32840 33429 33148 35340 
32933 33733 33409 33809 
32997 33862 33592 32410 
33043 33813 33676 31264 
33079 33608 33626 30480 
33108 33313 33459 30063 
33155 32982 33223 30020 
33165 32645 32898 30276 
33212 32413 32598 30798 
33182 32239 32307 31416 
33051 32143 32009 32017 
32868 32150 31850 32591 
32595 32190 31770 33025 
32304 32278 31821 33378 
32039 32398 32001 33631 
31871 32550 32302 33806 
31839 32731 32677 33877 
31919 32865 33052 33852 
32129 32975 33372 33724 
32470 33118 33636 33581 
32864 33218 33804 33379 
33281 33283 33834 33128 
33644 33284 33726 32831 
33860 33224 33475 32504 
33906 33109 33130 32199 
33797 32950 32732 31974 
33536 32800 32364 31868 
33176 32620 32066 31879 
32760 32486 31875 32036 
32331 32374 31804 32253 
31994 32313 31866 32525 
31802 32316 32062 32819 
31773 32377 32359 33082 
31886 32487 32662 33259 
32115 32600 32938 33329 
32422 32705 33148 33287 
32697 32775 33250 33144 
32914 32786 33227 32948 
33050 32762 33149 32758 
33117 32714 33016 32609 
33070 32643 32854 32513 
33009 32638 32759 32523 
32924 32667 32701 32568 
32851 32754 32713 32657 
32819 32899 32762 32734 
32857 33100 32872 32806 
32912 33276 32957 32794 
33010 33440 33041 32756 
33116 33530 33070 32687 
33176 33513 33042 32604 
33147 33334 32897 32492 
33031 33029 32696 32437 
32857 32657 32500 32466 
32603 32223 32284 32554 
32371 31844 32146 32736 
32099 31513 32038 32883 
31906 31360 32043 33069 
31838 31426 32167 33225 
31898 31693 32398 33299 
32138 32180 32743 33289 
32417 32706 33044 33128 
32760 33258 33310 32891 
33125 33778 33528 32632 
33444 34153 33613 32359 
33682 34351 33587 32170 
33786 34308 33447 32081 
33754 34050 33197 32082 
33568 33581 32887 32172 
33310 33042 32587 32372 
32982 32469 32322 32631 
32636 31948 32124 32916 
32272 31506 31999 33140 
31981 31240 31972 33318 
31763 31168 32028 33412 
31681 31300 32188 33436 
31722 31603 32398 33354 
31902 32058 32649 33206 
32166 32560 32898 32978 
32490 33050 33108 32705 
32852 33527 33301 32431 
33215 33880 33432 32194 
33483 34051 33457 31986 
33680 34072 33396 31881 
33764 33954 33284 31878 
33733 33710 33097 31971 
33574 33371 32861 32149 
33326 32989 32623 32439 
33005 32617 32418 32788 
32667 32265 32264 33137 
32323 31969 32167 33437 
32038 31751 32138 33654 
31834 31656 32175 33740 
31754 31666 32276 33690 
31802 31799 32436 33513 
31981 32002 32603 33221 
32235 32267 32773 32870 
32580 32604 32945 32524 
32936 32955 33108 32196 
33221 33258 33207 31909 
33456 33528 33277 31784 
33560 33682 33262 31761 
33525 33732 33180 31890 
33348 33620 33010 32133 
33070 33384 32777 32424 
32731 33076 32532 32750 
32414 32744 32315 33075 
32156 32393 32152 33338 
32037 32154 32101 33537 
32039 32004 32150 33600 
32196 32009 32315 33548 
32484 32156 32592 33388 
32781 32339 32873 33096 
33087 32587 33154 32752 
33350 32836 33396 32432 
33446 32951 33483 32093 
33397 32981 33451 31879 
33184 32920 33287 31780 
32891 32785 33029 31830 
32531 32613 32704 31998 
32207 32493 32397 32285 
32009 32469 32166 32678 
31900 32509 31998 33035 
31962 32646 31944 33335 
32233 32900 32068 33584 
32562 33144 32256 33679 
32961 33387 32530 33633 
33311 33528 32814 33444 
33562 33531 33057 33131 
33679 33393 33267 32766 
33602 33111 33361 32382 
33398 32741 33395 32064 
33022 32252 33279 31799 
32586 31801 33086 31690 
32147 31437 32803 31749 
31787 31288 32518 31955 
31577 31356 32266 32298 
31600 31688 32129 32709 
31749 32154 32034 33112 
32082 32732 32102 33467 
32542 33356 32297 33733 
33025 33892 32562 33818 
33472 34227 32876 33700 
33795 34302 33149 33403 
33927 34126 33366 32979 
33891 33752 33487 32529 
33653 33219 33464 32062 
33270 32612 33288 31665 
32845 32079 33053 31471 
32381 31664 32742 31464 
31956 31425 32405 31629 
31694 31441 32160 32011 
31585 31639 31986 32473 
31659 32014 31930 33011 
31888 32421 31989 33510 
32226 32839 32144 33895 
32599 33181 32371 34084 
32996 33403 32653 34066 
33296 33465 32933 33846 
33500 33363 33146 33409 
33551 33151 33303 32881 
33484 32892 33383 32333 
33310 32657 33380 31804 
33077 32475 33284 31406 
32800 32411 33101 31212 
32505 32422 32854 31235 
32275 32520 32578 31498 
32116 32662 32342 31978 
32038 32752 32145 32540 
32065 32792 32066 33138 
32147 32737 32050 33662 
32342 32676 32192 34076 
32577 32600 32392 34276 
32826 32541 32657 34212 
33065 32514 32932 33916 
33204 32516 33125 33352 
33304 32618 33296 32724 
33332 32769 33378 32073 
33237 32918 33328 31478 
33068 33048 33173 31099 
32893 33162 32969 31006 
32706 33205 32729 31186 
32520 33150 32470 31595 
32383 33027 32279 32208 
32299 32826 32165 32861 
32245 32558 32114 33479 
32259 32310 32184 33990 
32333 32105 32329 34248 
32405 31959 32500 34264 
32496 31919 32668 34015 
32607 32028 32822 33597 
32682 32200 32877 33023 
32720 32435 32853 32438 
32813 32758 32854 31989 
32838 33000 32772 31645 
32876 33216 32718 31521 
32881 33351 32695 31587 
32910 33423 32748 31826 
32917 33392 32823 32135 
32910 33278 32915 32439 
32923 33159 33057 32768 
32924 32986 33146 32992 
32890 32782 33171 33088 
32866 32601 33144 33122 
32766 32402 32990 33026 
32669 32225 32764 32906 
32533 32084 32479 32770 
32412 31993 32196 32675 
32292 31955 31936 32634 
32229 32004 31793 32670 
32245 32154 31808 32798 
32274 32332 31916 32921 
32371 32575 32171 33055 
32575 32885 32581 33187 
32714 33094 32908 33127 
32908 33333 33262 33014 
33073 33502 33527 32781 
33224 33612 33686 32517 
33311 33606 33701 32210 
33316 33484 33579 31933 
33224 33223 33330 31741 
33033 32865 32985 31665 
32769 32441 32586 31759 
32556 32126 32290 32072 
32287 31805 31985 32429 
32086 31631 31794 32859 
31943 31596 31706 33281 
31919 31718 31774 33659 
32036 31994 31974 33935 
32236 32327 32256 34012 
32530 32732 32618 33946 
32822 33095 32951 33672 
33078 33394 33241 33224 
33293 33586 33455 32707 
33448 33711 33613 32210 
33464 33676 33623 31742 
33335 33499 33519 31380 
33115 33209 33314 31177 
32839 32862 33014 31181 
32554 32513 32696 31394 
32351 32257 32421 31825 
32239 32083 32191 32325 
32193 32003 32022 32856 
32261 32062 31949 33383 
32408 32197 31984 33799 
32552 32362 32085 34034 
32759 32581 32290 34117 
32894 32744 32507 34001 
32903 32789 32672 33681 
32844 32758 32807 33282 
32729 32684 32883 32847 
32593 32610 32937 32456 
32467 32553 32942 32139 
32393 32543 32937 31943 
32384 32600 32950 31846 
32466 32722 32972 31875 
32603 32895 33027 31992 
32790 33076 33090 32125 
32991 33261 33142 32280 
33181 33400 33186 32423 
33284 33442 33154 32512 
33307 33361 33035 32574 
33241 33185 32861 32620 
33025 32848 32570 32618 
32810 32504 32307 32692 
32561 32164 32051 32796 
32321 31886 31850 32950 
32156 31734 31758 33152 
32100 31768 31822 33379 
32130 31924 32012 33559 
32267 32206 32308 33692 
32453 32531 32671 33692 
32643 32837 33027 33541 
32780 33049 33318 33228 
32868 33190 33511 32789 
32923 33250 33605 32304 
32932 33224 33573 31814 
32914 33147 33433 31414 
32868 33040 33186 31159 
32841 32934 32917 31103 
32826 32835 32637 31261 
32851 32790 32415 31648 
32844 32744 32205 32185 
32834 32707 32067 32801 
32785 32675 32005 33431 
32708 32611 32022 33980 
32597 32512 32088 34342 
32511 32440 32258 34523 
32411 32309 32450 34423 
32359 32205 32681 34105 
32349 32130 32898 33554 
32384 32134 33093 32900 
32520 32267 33295 32233 
32708 32496 33434 31622 
32867 32765 33448 31135 
33064 33123 33435 30902 
33149 33376 33259 30850 
33202 33592 33044 31107 
33175 33668 32791 31588 
33052 33584 32518 32214 
32883 33364 32272 32870 
32686 33023 32082 33464 
32489 32649 31971 33932 
32365 32322 31999 34237 
32276 32041 32103 34297 
32237 31858 32263 34108 
32293 31832 32481 33764 
32367 31907 32682 33287 
32508 32101 32879 32847 
32626 32311 32992 32391 
32743 32558 33039 32039 
32884 32811 33080 31864 
32925 32951 33021 31757 
32989 33087 32985 31835 
32976 33125 32940 31993 
32943 33100 32918 32190 
32903 33076 32937 32399 
32866 33042 32967 32555 
32818 33005 32976 32631 
32747 32963 32921 32622 
32726 32983 32864 32625 
32690 32992 32729 32584 
32690 33019 32582 32650 
32684 32997 32410 32765 
32624 32871 32214 32915 
32568 32673 32080 33131 
32524 32442 32044 33381 
32495 32189 32100 33604 
32464 31928 32231 33718 
32452 31737 32439 33686 
32491 31701 32706 33523 
32558 31803 32964 33197 
32649 32028 33197 32740 
32764 32411 33374 32282 
32909 32879 33488 31847 
32971 33308 33429 31444 
33051 33740 33336 31253 
33104 34040 33173 31223 
33086 34112 32930 31368 
33041 34005 32688 31731 
32964 33690 32451 32214 
32822 33196 32247 32772 
32624 32579 32053 33280 
32460 32007 31982 33795 
32306 31519 31962 34128 
32172 31209 32020 34267 
32122 31148 32150 34227 
32181 31375 32401 34035 
32330 31825 32698 33658 
32524 32384 33005 33162 
32754 32968 33285 32634 
32969 33493 33510 32098 
33160 33868 33652 31645 
33305 34059 33670 31350 
33367 34034 33583 31212 
33309 33783 33337 31214 
33198 33426 33029 31436 
33040 33010 32690 31831 
32840 32597 32360 32262 
32660 32255 32120 32786 
32471 31973 31934 33227 
32330 31837 31854 33614 
32264 31853 31924 33901 
32252 31971 32058 33995 
32260 32148 32249 33919 
32313 32353 32458 33736 
32367 32535 32651 33467 
32464 32716 32848 33167 
32505 32794 32946 32808 
32583 32859 33030 32471 
32708 32933 33109 32262 
32846 32990 33163 32088 
32992 33048 33199 31989 
33177 33112 33228 31955 
33304 33167 33228 31947 
33414 33226 33241 32010 
33417 33231 33195 32055 
33330 33187 33102 32130 
33131 33091 32941 32226 
32854 32933 32728 32366 
32564 32765 32509 32566 
32294 32593 32279 32824 
32039 32380 32028 33089 
31906 32229 31882 33406 
31863 32059 31787 33660 
31969 31994 31850 33887 
32172 31977 32018 33959 
32456 32034 32294 33894 
32784 32188 32646 33681 
33075 32378 32997 33319 
33309 32620 33322 32836 
33451 32905 33589 32323 
33503 33203 33756 31814 
33396 33447 33765 31357 
33197 33640 33647 31094 
32920 33712 33368 31032 
32631 33675 33016 31198 
32391 33517 32609 31601 
32202 33249 32211 32172 
32099 32878 31892 32808 
32123 32452 31704 33453 
32246 32041 31699 34049 
32448 31714 31881 34437 
32642 31490 32153 34545 
32854 31459 32512 34406 
32992 31585 32890 34010 
33071 31888 33209 33411 
33095 32339 33459 32741 
33037 32862 33567 32042 
32933 33395 33534 31449 
32780 33830 33341 31024 
32676 34120 33098 30913 
32586 34175 32804 31049 
32564 34016 32516 31432 
32589 33664 32285 32011 
32672 33185 32179 32668 
32727 32581 32124 33287 
32810 32029 32219 33855 
32848 31559 32371 34178 
32868 31315 32576 34290 
32837 31312 32801 34153 
32775 31529 32990 33795 
32692 31935 33111 33308 
32595 32427 33154 32740 
32520 32968 33102 32225 
32417 33365 32921 31750 
32384 33660 32698 31508 
32405 33765 32485 31507 
32450 33662 32305 31707 
32516 33372 32186 32052 
32649 33013 32194 32482 
32769 32626 32300 32898 
32948 32339 32556 33301 
33091 32149 32842 33543 
33188 32118 33137 33594 
33253 32247 33392 33447 
33257 32485 33561 33178 
33199 32782 33594 32835 
33059 33039 33472 32461 
32870 33211 33214 32130 
32635 33251 32853 31920 
32412 33137 32451 31859 
32220 32933 32093 31997 
32079 32636 31837 32266 
32065 32374 31754 32661 
32108 32141 31801 33048 
32222 31986 31960 33381 
32395 31970 32211 33588 
32669 32137 32569 33700 
32947 32445 32942 33624 
33181 32794 33235 33362 
33330 33120 33438 32976 
33418 33431 33547 32549 
33431 33668 33585 32174 
33259 33679 33416 31811 
33005 33536 33178 31599 
32675 33212 32853 31562 
32359 32805 32538 31735 
32117 32372 32290 32089 
32042 32029 32155 32586 
32051 31767 32099 33094 
32167 31643 32122 33541 
32393 31724 32258 33879 
32685 31978 32477 34030 
32980 32339 32716 33964 
33223 32782 32946 33690 
33349 33185 33090 33197 
33394 33582 33187 32669 
33331 33856 33229 32102 
33140 33891 33158 31613 
32896 33768 33024 31303 
32611 33498 32836 31218 
32366 33106 32628 31358 
32222 32687 32486 31740 
32163 32282 32380 32260 
32217 31939 32339 32856 
32314 31704 32353 33432 
32490 31666 32446 33892 
32706 31790 32606 34170 
32880 32008 32770 34225 
32950 32258 32852 34017 
32964 32550 32905 33636 
32914 32835 32897 33175 
32804 33072 32822 32663 
32720 33256 32751 32195 
32622 33351 32667 31827 
32607 33360 32624 31639 
32605 33264 32600 31612 
32693 33151 32653 31738 
32812 33016 32751 31966 
32956 32899 32880 32242 
33037 32771 32982 32516 
33127 32728 33108 32820 
