32557 32318 31902 33475 
32557 32318 31902 33475 
32649 32112 32113 33320 
32677 31904 32385 33089 
32708 31790 32736 32848 
32720 31768 33087 32575 
32738 31870 33413 32260 
32772 32113 33640 32000 
32837 32472 33755 31782 
32952 32943 33759 31695 
33048 33405 33610 31678 
33172 33839 33375 31794 
33276 34143 33102 32000 
33278 34258 32776 32280 
33212 34136 32441 32593 
33071 33813 32176 32945 
32796 33255 31914 33244 
32478 32626 31757 33507 
32193 31998 31756 33731 
31912 31424 31833 33836 
31735 31044 31998 33795 
31745 30978 32274 33686 
31869 31170 32578 33482 
32116 31599 32883 33153 
32471 32224 33159 32751 
32899 32932 33410 32358 
33301 33582 33572 31972 
33628 34106 33635 31649 
33834 34356 33594 31451 
33835 34297 33443 31372 
33663 33962 33217 31451 
33373 33435 32933 31666 
33005 32822 32638 32017 
32624 32232 32369 32458 
32277 31764 32154 32935 
32018 31504 32015 33411 
31880 31489 31952 33795 
31879 31703 31983 34046 
32005 32090 32105 34132 
32244 32572 32291 34054 
32544 33062 32541 33816 
32772 33420 32744 33388 
32947 33607 32924 32882 
33044 33591 33065 32367 
33045 33392 33159 31925 
32935 33008 33148 31577 
32748 32509 33051 31391 
32642 32118 32978 31498 
32510 31791 32834 31713 
32510 31698 32743 32091 
32597 31849 32672 32513 
32799 32214 32684 32952 
33029 32704 32728 33307 
33254 33247 32820 33528 
33367 33678 32876 33530 
33403 33979 32965 33439 
33277 34028 32989 33183 
33005 33789 32921 32853 
32655 33347 32789 32515 
32305 32815 32648 32288 
31982 32200 32441 32126 
31796 31660 32263 32116 
31764 31330 32158 32279 
31872 31210 32110 32533 
32137 31372 32150 32846 
32515 31797 32308 33160 
32915 32345 32509 33367 
33261 32985 32752 33460 
33484 33570 32966 33362 
33610 34044 33195 33159 
33576 34271 33377 32844 
33366 34202 33433 32439 
33131 33937 33457 32100 
32795 33421 33325 31791 
32496 32830 33126 31658 
32230 32165 32823 31653 
32111 31632 32526 31891 
32100 31323 32242 32264 
32175 31212 32016 32705 
32289 31326 31882 33180 
32444 31659 31891 33639 
32589 32150 32039 33961 
32744 32717 32334 34122 
32869 33273 32702 34064 
32930 33732 33045 33763 
32935 34017 33317 33272 
32978 34119 33537 32710 
33041 34063 33673 32159 
33075 33772 33607 31622 
33047 33320 33356 31230 
33029 32816 33039 31050 
32976 32288 32642 31131 
32929 31905 32316 31490 
32814 31604 32047 31999 
32655 31483 31868 32582 
32491 31555 31854 33223 
32348 31800 31982 33797 
32257 32140 32248 34198 
32199 32520 32533 34351 
32246 32943 32879 34308 
32308 33260 33126 33958 
32461 33514 33298 33479 
32693 33710 33416 32947 
32936 33759 33408 32368 
33151 33689 33301 31862 
33300 33485 33128 31486 
33329 33172 32877 31286 
33279 32794 32648 31317 
33110 32370 32432 31543 
32891 31989 32270 31914 
32628 31695 32169 32378 
32357 31519 32117 32857 
32148 31542 32135 33322 
32072 31756 32287 33715 
32103 32102 32476 33940 
32204 32510 32677 33946 
32419 33004 32928 33803 
32618 33401 33103 33413 
32915 33777 33292 33025 
33137 33962 33394 32557 
33366 33996 33444 32148 
33476 33804 33368 31784 
33501 33477 33225 31594 
33372 33023 32976 31544 
33169 32564 32697 31694 
32954 32190 32458 32068 
32646 31887 32209 32453 
32368 31753 32060 32875 
32137 31751 31967 33244 
31981 31922 32016 33559 
31911 32145 32136 33707 
31965 32403 32343 33718 
32099 32621 32574 33573 
32280 32743 32782 33313 
32480 32772 32934 32961 
32687 32749 33029 32607 
32952 32788 33130 32363 
33116 32775 33105 32138 
33297 32895 33103 32080 
33407 33063 33071 32116 
33439 33288 33031 32232 
33407 33540 33014 32398 
33308 33715 32991 32552 
33145 33773 32967 32664 
32939 33673 32928 32733 
32728 33425 32863 32730 
32499 32998 32754 32680 
32300 32464 32612 32610 
32132 31896 32443 32562 
32055 31414 32290 32565 
31989 31068 32136 32607 
32038 30954 32066 32754 
32147 31096 32046 32920 
32334 31509 32144 33141 
32589 32140 32351 33362 
32893 32886 32633 33524 
33096 33542 32851 33490 
33305 34148 33125 33414 
33429 34514 33337 33203 
33443 34576 33448 32866 
33377 34370 33496 32502 
33228 33894 33432 32113 
33037 33283 33284 31801 
32830 32640 33081 31590 
32589 32035 32818 31500 
32408 31590 32582 31606 
32257 31370 32353 31844 
32161 31389 32180 32198 
32097 31573 32028 32598 
32102 31929 31984 33082 
32142 32268 31951 33508 
32286 32672 32082 33913 
32451 32964 32254 34134 
32648 33141 32485 34159 
32870 33222 32786 33998 
33055 33185 33061 33641 
33223 33095 33315 33152 
33344 33016 33516 32612 
33403 32979 33606 32026 
33387 33005 33584 31549 
33292 33081 33448 31233 
33126 33163 33194 31108 
32920 33229 32898 31236 
32683 33212 32574 31553 
32482 33109 32333 32059 
32268 32845 32111 32594 
32078 32451 31969 33110 
31983 32031 31945 33598 
32000 31704 32048 33953 
32073 31462 32172 34059 
32263 31461 32396 34034 
32488 31632 32608 33784 
32771 32031 32831 33424 
33048 32563 33035 33002 
33245 33109 33131 32525 
33384 33686 33198 32103 
33395 34052 33154 31791 
33315 34199 33079 31669 
33117 34055 32939 31711 
32872 33665 32767 31929 
32592 33111 32625 32267 
32346 32481 32545 32666 
32160 31910 32520 33058 
32063 31486 32554 33360 
32107 31339 32640 33519 
32251 31493 32762 33502 
32513 31905 32901 33335 
32799 32440 32993 32998 
33079 33025 33022 32564 
33313 33565 33004 32156 
33433 33898 32912 31849 
33420 33948 32754 31703 
33277 33750 32578 31774 
33006 33331 32386 32021 
32694 32803 32230 32404 
32362 32233 32134 32877 
32107 31785 32154 33374 
31974 31530 32256 33785 
31970 31532 32456 34021 
32090 31776 32699 34045 
32314 32171 32941 33830 
32590 32666 33153 33432 
32902 33205 33335 32919 
33132 33640 33404 32318 
33319 33917 33398 31784 
33395 33973 33324 31377 
33331 33742 33122 31152 
33130 33306 32831 31181 
32921 32795 32575 31568 
32644 32220 32305 32218 
32199 31407 31912 33553 
32130 31348 31914 33759 
32148 31508 32010 33439 
32285 31916 32234 32742 
32474 32441 32525 31941 
32732 33068 32892 31603 
32888 33547 33140 31781 
33090 33986 33412 32680 
33203 34187 33567 33969 
33229 34112 33579 35171 
33156 33803 33463 35921 
33045 33325 33275 36015 
32846 32715 32954 35383 
32699 32153 32653 34245 
32594 31714 32350 32722 
32567 31513 32105 31009 
32522 31504 31967 29288 
32418 31630 31918 27733 
32243 31823 32014 26715 
32071 32052 32210 26472 
31980 32340 32413 27173 
32222 32853 32716 29067 
32612 33449 32942 31876 
33092 34079 33161 35173 
33501 34468 33302 38521 
33776 34320 33365 41240 
33904 33572 33353 42833 
33633 32694 33263 42723 
32819 32376 33102 40877 
31714 32987 32886 37523 
30941 33859 32497 33036 
31468 33789 32094 28206 
33472 31614 31800 23965 
36117 27664 31869 21010 
37562 24024 32379 19894 
35987 23726 33209 20883 
31042 28733 33826 23899 
24276 38069 33628 28337 
18992 47998 32415 33524 
18707 53695 30620 38723 
25230 50799 29251 42909 
36364 39785 29582 45257 
48300 24371 32030 45603 
56595 10599 35938 43930 
57677 3936 39604 40451 
50848 6647 41312 35768 
38983 16707 39743 30777 
25747 29685 35297 26297 
14890 41532 29435 22988 
8570 50265 24261 21353 
7409 55097 21876 21674 
9984 57457 22527 23677 
15013 58072 25443 26957 
22027 56416 29490 31111 
30414 51204 33213 35177 
40061 41426 36054 38438 
50710 27302 38327 40575 
61126 10813 40381 41343 
65361 364 42255 40621 
65498 73 43504 38730 
65535 19 43379 36040 
65466 4 41231 33138 
46316 13645 36753 30432 
25934 31803 30526 28395 
6101 51445 23907 27375 
155 65028 18179 27328 
19 65469 14815 28248 
10 65527 14707 29774 
6772 65535 18097 31577 
20343 65535 24405 33314 
35544 53132 32456 34675 
49885 32136 40788 35451 
60248 9985 47536 35579 
64402 274 51290 35080 
61910 45 51686 34180 
53144 16 48962 33055 
39359 52 43909 32012 
23231 14762 37681 31255 
7636 31339 31087 30955 
238 48777 24698 31094 
46 63693 19001 31642 
23 65449 14856 32496 
7529 65519 13481 33407 
21253 65533 15456 34122 
37209 64825 21032 34562 
52809 44174 29588 34656 
64515 23900 39039 34278 
65453 5081 46932 33565 
65500 170 51519 32683 
65504 52 51845 31745 
56907 37 47990 30927 
44976 5293 41613 30506 
30287 14970 34312 30425 
17170 28540 27718 30760 
7341 42372 22817 31497 
1996 53922 20231 32419 
1190 61941 19880 33370 
4766 65051 21449 34152 
12421 62434 24771 34754 
22710 54074 29114 34869 
33527 41526 33948 34659 
42690 27144 38582 34102 
48323 14362 42394 33351 
49552 6035 44617 32497 
47002 3907 44618 31742 
42661 7073 42207 31197 
38714 13289 37647 30957 
36592 20283 31650 31031 
36333 26965 25362 31438 
36480 33421 20349 32011 
35462 40760 17746 32680 
32481 49087 18196 33285 
28295 57181 21852 33797 
24892 61826 27817 34041 
23974 60549 34908 34001 
26162 52585 41715 33738 
30608 39151 46876 33286 
35321 24261 49267 32806 
38264 11977 48553 32267 
38202 5689 45135 31880 
35027 6505 39623 31617 
29984 13363 33188 31584 
25160 23247 27018 31761 
22246 33489 21826 32151 
22067 41700 18123 32603 
24822 46926 16396 33119 
29469 48566 17205 33558 
34875 47329 20620 33858 
39927 43826 26372 33917 
43874 38601 33750 33758 
46169 32348 41115 33406 
46882 25659 47014 32940 
45977 19424 49908 32384 
43423 15043 49057 31841 
39257 14315 44796 31465 
33324 18041 38301 31267 
26085 26018 31405 31314 
18511 36846 25732 31612 
12508 47499 22702 32057 
9636 55704 22438 32640 
10812 59532 24175 33226 
16161 58255 26823 33738 
24402 52361 29242 34082 
34285 42867 30981 34232 
44343 30799 32092 34111 
53708 17149 33223 33824 
60696 4215 34700 33309 
64048 167 36683 32812 
62133 41 38471 32238 
53894 2 39306 31732 
40164 13057 38492 31390 
23327 31244 36114 31294 
6962 51047 32810 31368 
175 65009 29722 31633 
13 65507 28069 32078 
47 65535 28326 32607 
13823 65513 30158 33145 
27735 57730 32567 33578 
41152 43996 34598 33949 
51419 29312 35281 34080 
57765 16416 34492 33978 
59881 6258 32655 33705 
57825 381 30608 33323 
52048 94 29112 32801 
43649 72 28802 32268 
33686 7449 29838 31835 
24353 18071 31679 31515 
16379 31156 33837 31386 
10295 45239 35734 31424 
6468 58681 37032 31688 
5709 65292 37488 32079 
8957 65487 37132 32572 
17001 65530 35996 33055 
29597 65535 34257 33498 
44237 51494 32135 33791 
56986 32354 30050 33940 
64125 15357 28259 33896 
63263 4655 27068 33661 
55453 1803 26781 33308 
44230 4986 27564 32925 
33899 10654 29220 32506 
27299 16270 31607 32198 
24800 21071 34243 31974 
24283 26176 36530 31882 
23196 33407 38346 31954 
20350 43161 39415 32080 
16488 54151 39693 32303 
13825 62976 39095 32547 
14274 65434 37573 32709 
18796 65432 35192 32820 
26800 53595 32104 32813 
36607 38584 28783 32790 
46014 21815 25780 32740 
53364 6424 23759 32686 
57073 188 23370 32661 
56497 51 24718 32701 
52103 40 27384 32780 
44683 10252 30670 32864 
35638 24367 34026 33085 
26670 39769 36768 33231 
19190 53876 38842 33340 
14227 63952 40331 33367 
12200 65449 41185 33296 
13159 65494 41113 33103 
16709 57626 39797 32817 
22260 48676 37076 32486 
29129 34480 33133 32154 
36182 20346 28894 31846 
42661 7960 25544 31673 
47817 369 23988 31621 
51106 92 24600 31720 
51896 62 26836 31935 
49738 5289 29634 32227 
44500 16067 31860 32606 
36345 32066 33047 33049 
26283 49957 33185 33375 
17150 64531 33225 33657 
11056 65461 33893 33801 
9975 65530 35518 33832 
14565 65535 37781 33709 
23470 64540 39563 33500 
33451 44504 39802 33212 
42027 26946 38074 32822 
47426 12597 34777 32478 
48969 3446 30754 32136 
47266 334 27455 31875 
43592 2341 25794 31681 
39190 8471 26085 31593 
34775 17808 28009 31626 
30728 28716 30551 31758 
26966 40156 32858 32008 
23553 50385 34206 32280 
21080 57758 34567 32614 
20496 60258 34235 32984 
22318 57085 33720 33300 
26594 48587 33462 33595 
32183 36957 33619 33778 
37728 24768 34036 33807 
41905 15007 34462 33753 
43789 9550 34557 33600 
43043 9107 34082 33288 
40284 13080 33127 32987 
36249 20136 31884 32600 
31823 29105 30805 32286 
27971 38322 30334 32027 
25277 46441 30678 31846 
24422 52076 31816 31799 
25704 53805 33290 31833 
28960 50964 34514 31986 
33348 44163 34912 32165 
37549 35164 34426 32393 
40259 26054 33183 32574 
40698 19510 31843 32766 
38978 16469 30862 32873 
35740 16986 30466 32928 
31742 20528 30675 32998 
27744 26016 31242 33028 
24153 32672 31976 33080 
21518 39823 32755 33118 
20765 46151 33604 33215 
22484 50205 34492 33269 
26812 50612 35257 33303 
33369 46392 35634 33298 
40628 37979 35337 33207 
47222 26805 34359 33020 
51857 15268 32849 32730 
53532 6327 31257 32410 
51463 3139 30063 32075 
45409 7043 29513 31739 
35833 17877 29807 31494 
23972 33359 30901 31443 
12707 49137 32405 31548 
4868 61430 33925 31832 
2860 65404 34972 32224 
7429 65498 35262 32748 
16964 59297 34573 33253 
28915 48256 33264 33760 
40602 35849 31739 34116 
50300 23448 30665 34325 
56605 12613 30352 34283 
59322 4213 30878 33983 
58293 239 31949 33521 
53331 69 33071 32925 
45020 5666 33929 32290 
34745 16371 34379 31723 
23851 30083 34578 31283 
14162 44582 34754 31051 
7210 57831 34954 31056 
4473 65238 34986 31274 
6345 65475 34520 31712 
12792 65514 33262 32300 
22869 65423 31339 32881 
35249 48511 29281 33449 
47896 30610 27749 33865 
58588 13005 27413 34110 
64167 891 28528 34168 
63148 59 30610 33942 
56059 36 33075 33633 
44120 9243 35119 33160 
30814 21794 36325 32734 
18624 35135 36665 32307 
9682 47206 36422 31946 
5388 55783 35862 31729 
5963 59523 35110 31640 
10917 58066 34082 31716 
19333 51676 32756 31917 
29944 41358 31328 32213 
40404 29445 30254 32534 
49173 18211 29920 32902 
54554 9821 30327 33199 
55685 5982 31317 33431 
52550 7331 32272 33538 
46636 13091 32830 33543 
39655 21534 32798 33404 
33023 30999 32422 33148 
27606 39983 32096 32884 
22884 47979 31924 32547 
18508 54892 32015 32260 
14786 60120 32145 32040 
13117 62136 32261 31904 
14904 59625 32580 31930 
20585 51790 33348 32026 
29367 39084 34777 32280 
38835 24211 36462 32604 
46737 10189 37758 32952 
51273 636 37847 33223 
51717 69 36360 33469 
48469 49 33552 33581 
42917 8937 30221 33553 
36613 20770 27416 33404 
30787 33945 25939 33147 
26350 45704 25967 32786 
23764 54183 27210 32426 
22931 58510 29080 32126 
23539 58531 31091 31872 
25133 54774 33209 31716 
27018 48794 35389 31735 
28889 41645 37718 31896 
30702 33889 39742 32138 
32769 25780 40931 32498 
35045 18105 40515 32875 
37203 11918 38350 33245 
38548 8900 34777 33568 
38579 10454 30565 33792 
37505 16591 26899 33861 
36096 25633 24470 33782 
35145 34969 23585 33528 
35034 42411 24214 33155 
35282 46408 26097 32756 
34856 47468 28889 32297 
32933 46974 32398 31869 
29386 46171 36312 31550 
25282 45330 39893 31347 
22235 43536 42524 31333 
21711 39503 43404 31508 
24276 32530 41967 31867 
29246 23477 38094 32301 
34765 15356 32894 32852 
39392 10392 27430 33336 
42405 10397 23248 33800 
43623 15435 21444 34103 
43255 23723 22556 34167 
41606 33166 26161 34039 
38669 41798 31036 33715 
34422 48433 35941 33283 
29283 52185 39414 32797 
24144 52886 40819 32313 
20265 50803 40470 31989 
18600 45998 38875 31748 
19830 38940 36790 31696 
23774 30348 34578 31788 
29583 21478 32259 31995 
36143 13709 29546 32232 
41838 9051 26646 32445 
45964 8690 24120 32671 
47846 12949 22821 32780 
47242 21419 23684 32854 
44086 32263 26978 32860 
38850 43001 32048 32870 
32024 51797 37564 32856 
24623 57358 42228 32876 
17889 58993 44904 32930 
13616 56770 45099 33042 
12830 51077 42986 33159 
16114 42394 39147 33241 
23292 31168 34141 33264 
32907 19021 28909 33209 
43073 7877 24133 33123 
51572 564 20608 32942 
56338 59 19108 32668 
55851 1967 20308 32386 
50113 15061 24027 32140 
40643 30128 29569 31910 
29759 45278 35719 31752 
19800 57912 41209 31713 
13672 64588 44399 31824 
11858 65455 44980 32072 
14002 60130 43109 32399 
19156 50756 39471 32783 
25875 39085 35273 33195 
32910 26874 31353 33548 
39328 16413 28251 33797 
44450 9531 26208 33945 
47460 7391 25188 33867 
48367 9679 25268 33643 
47272 15090 26477 33241 
44311 22131 28862 32765 
39682 29547 32280 32272 
33939 36288 35773 31845 
27880 41900 38431 31487 
22765 46189 39440 31352 
19654 48639 38333 31394 
19234 48876 35497 31699 
20925 47007 31928 32112 
23559 43841 28794 32625 
25777 40422 26918 33117 
27178 37605 26766 33585 
28292 35588 28152 33882 
30629 33303 30600 33963 
35402 29479 33652 33885 
42562 23310 36819 33591 
49981 16052 39508 33225 
55017 9754 41220 32759 
55456 6935 41431 32313 
50634 9089 39731 31928 
42405 15723 36257 31674 
33200 25046 31594 31623 
24998 35168 26542 31742 
18522 45050 22151 31977 
13562 54020 19499 32345 
9399 62134 19101 32763 
6409 65350 21136 33124 
6366 65474 25548 33457 
11195 65528 31525 33640 
21694 65312 38225 33671 
36367 45098 44471 33545 
52612 23156 49177 33252 
64859 2538 51147 32864 
65486 104 49887 32437 
65533 24 45479 32084 
65527 27 38382 31815 
56357 7459 30192 31660 
40983 19893 22302 31760 
24411 33948 16161 31982 
9956 47980 12858 32349 
779 59269 13244 32762 
80 65225 16969 33191 
47 65486 23235 33518 
7972 61930 30883 33732 
20594 48825 38597 33790 
35591 31665 45045 33675 
50337 12652 49369 33415 
62101 412 50989 33014 
65434 74 49727 32590 
65533 21 45853 32168 
58017 0 39916 31811 
41913 12236 32579 31526 
23328 30458 25385 31522 
5746 50954 19337 31650 
138 65037 15659 31980 
0 65507 15141 32413 
34 65535 17929 32903 
15899 65535 23399 33398 
32511 65515 30409 33805 
48857 45865 37582 34084 
60826 25782 43348 34140 
65395 9213 46838 33947 
65490 351 47592 33565 
58913 85 45654 33060 
48378 74 41485 32412 
35920 5144 36246 31825 
22646 13276 30938 31344 
10105 26084 26469 31028 
676 41028 23611 30995 
81 55028 22685 31237 
43 64794 23320 31688 
5971 65468 25041 32322 
18183 65509 27472 33018 
31855 57145 30098 33655 
45304 46292 32975 34205 
56934 30251 36006 34494 
64972 13803 38928 34547 
65447 870 40995 34288 
65497 83 41579 33823 
65520 20 40298 33231 
52801 8060 37297 32570 
35950 19159 33438 31974 
18245 37044 29702 31495 
3634 54249 27094 31240 
92 64849 26107 31194 
24 65509 26579 31345 
7187 65341 28069 31702 
19120 50200 30040 32135 
30867 35961 32098 32555 
39659 23770 34009 32952 
44835 15242 35621 33226 
47005 10496 36815 33476 
47158 8525 37275 33573 
46114 8704 36837 33545 
44166 11171 35541 33465 
40938 16664 33625 33307 
35821 25976 31497 33137 
29004 38260 29691 32977 
21356 51789 28508 32804 
14922 63592 28239 32697 
12009 65457 28954 32578 
14495 65535 30591 32465 
22449 65519 32895 32369 
33957 48126 35403 32259 
46342 27988 37596 32214 
55764 9865 38681 32169 
59828 311 38276 32192 
57558 32 36310 32237 
49918 59 33165 32329 
39567 12335 29722 32465 
28790 25021 26782 32634 
19642 37251 25037 32774 
12915 47382 24891 32929 
8911 54428 26362 33082 
7417 58303 29002 33219 
8410 59099 32390 33300 
12538 56496 36084 33404 
20617 49160 39711 33339 
32038 37474 42745 33348 
45396 22037 44534 33209 
58522 5733 44568 33065 
65333 169 42153 32873 
65512 17 37049 32576 
65534 0 30064 32291 
62644 12564 22516 32009 
45061 30189 16248 31773 
28187 48882 13135 31606 
14274 63419 14393 31534 
5449 65454 19917 31636 
2326 65507 28237 31861 
4237 65493 37546 32212 
9494 57121 45312 32632 
16837 44567 50259 33135 
