32652 31938 32001 33894 
32652 31938 32001 33894 
32421 32030 32102 34056 
32255 32232 32268 34058 
32108 32480 32466 33871 
32127 32827 32725 33567 
32226 33154 32967 33148 
32399 33432 33147 32636 
32713 33697 33354 32176 
33013 33802 33467 31743 
33280 33752 33485 31420 
33436 33536 33399 31249 
33468 33206 33242 31252 
33356 32758 33011 31424 
33147 32302 32768 31775 
32902 31947 32557 32247 
32575 31669 32315 32743 
32291 31591 32140 33253 
32068 31684 32011 33691 
31989 31970 32008 34050 
32062 32363 32105 34227 
32229 32794 32260 34191 
32497 33225 32489 34007 
32764 33532 32715 33597 
33038 33727 32945 33126 
33197 33704 33079 32557 
33268 33541 33166 32057 
33186 33209 33141 31637 
32957 32732 33010 31353 
32680 32255 32853 31302 
32401 31850 32679 31447 
32195 31596 32554 31776 
32110 31553 32493 32202 
32141 31711 32510 32671 
32349 32114 32630 33132 
32629 32591 32788 33475 
32978 33152 32994 33697 
33249 33604 33115 33676 
33487 33987 33229 33560 
33579 34105 33249 33301 
33477 33959 33114 32931 
33254 33608 32889 32577 
32931 33119 32607 32268 
32597 32592 32329 32119 
32249 32044 32054 32050 
32001 31616 31885 32147 
31841 31374 31828 32334 
31866 31394 31930 32603 
31999 31587 32146 32840 
32227 31952 32459 33036 
32527 32432 32823 33192 
32822 32925 33170 33191 
33093 33363 33461 33098 
33304 33685 33667 32921 
33403 33832 33735 32706 
33411 33769 33659 32476 
33268 33497 33402 32235 
33059 33123 33053 32092 
32811 32700 32639 32078 
32591 32350 32285 32220 
32359 32047 31939 32410 
32231 31915 31719 32700 
32166 31935 31646 33004 
32212 32116 31752 33281 
32347 32418 32027 33482 
32538 32767 32396 33576 
32711 33062 32807 33478 
32856 33267 33213 33232 
32959 33331 33526 32894 
33017 33278 33743 32517 
33046 33126 33817 32156 
33036 32867 33711 31858 
32967 32567 33421 31654 
32889 32323 33057 31645 
32809 32148 32629 31789 
32747 32095 32233 32071 
32673 32157 31911 32443 
32618 32359 31732 32882 
32564 32616 31701 33275 
32556 32938 31880 33601 
32532 33198 32134 33761 
32538 33367 32478 33801 
32543 33405 32820 33662 
32484 33224 33043 33366 
32466 32947 33203 33041 
32455 32590 33253 32695 
32485 32262 33213 32411 
32547 32021 33101 32186 
32620 31909 32942 32034 
32731 31978 32795 31998 
32860 32209 32692 32030 
33002 32572 32691 32143 
33144 32977 32752 32289 
33185 33313 32811 32374 
33198 33559 32904 32455 
33164 33676 32983 32546 
33049 33583 32954 32574 
32917 33353 32868 32624 
32732 32991 32689 32670 
32553 32610 32484 32796 
32385 32204 32253 32948 
32232 31880 32043 33151 
32159 31734 31948 33389 
32114 31729 31928 33557 
32162 31886 32072 33667 
32319 32204 32358 33717 
32483 32543 32693 33554 
32695 32939 33081 33295 
32862 33226 33380 32856 
32998 33427 33620 32373 
33147 33552 33759 31914 
33180 33486 33703 31480 
33176 33314 33504 31215 
33117 33051 33186 31104 
33070 32801 32843 31227 
32983 32539 32469 31534 
32941 32440 32216 32075 
32821 32343 31989 32603 
32715 32345 31918 33171 
32554 32374 31914 33682 
32385 32407 31984 34091 
32221 32448 32130 34322 
32068 32472 32295 34373 
32001 32495 32506 34239 
31965 32462 32646 33905 
32057 32465 32823 33476 
32231 32483 32956 32957 
32516 32565 33124 32417 
32864 32716 33293 31950 
33534 33119 33520 31261 
33740 33319 33526 31109 
33848 33501 33477 31137 
33793 33584 33328 31309 
33608 33532 33091 31626 
33286 33350 32773 32048 
32906 33084 32434 32550 
32477 32716 32099 33081 
32067 32313 31818 33596 
31722 31947 31635 33999 
31535 31706 31610 34254 
31510 31597 31727 34316 
31675 31686 32009 34228 
31968 31904 32343 33944 
32315 32178 32707 33504 
32641 32453 33009 32984 
32962 32758 33267 32460 
33201 33014 33422 32004 
33331 33186 33463 31629 
33367 33300 33422 31431 
33334 33371 33308 31420 
33233 33373 33152 31538 
33116 33336 33002 31786 
33012 33289 32852 32082 
32941 33231 32749 32430 
32899 33153 32689 32758 
32840 32993 32618 32988 
32772 32793 32557 33139 
32703 32601 32520 33246 
32619 32402 32475 33292 
32483 32195 32410 33258 
32295 31996 32307 33178 
32143 31851 32225 33087 
32018 31793 32188 33021 
31993 31842 32211 32985 
32023 31951 32275 32941 
32177 32205 32437 32924 
32405 32485 32631 32863 
32716 32866 32879 32796 
33038 33224 33107 32646 
33358 33586 33348 32512 
33627 33871 33530 32368 
33758 33972 33589 32174 
33759 33909 33552 32034 
33582 33642 33367 31905 
33269 33251 33089 31881 
32874 32758 32727 31941 
32465 32266 32373 32148 
32070 31814 32042 32437 
31757 31476 31777 32779 
31553 31336 31607 33150 
31555 31414 31641 33528 
31727 31716 31850 33828 
32060 32180 32214 34007 
32449 32696 32641 33991 
32850 33195 33074 33782 
33184 33590 33416 33335 
33487 33873 33684 32841 
33660 33936 33817 32298 
33715 33848 33794 31790 
33591 33534 33579 31350 
33330 33075 33217 31094 
33038 32605 32835 31111 
32765 32193 32475 31405 
32491 31848 32140 31856 
32263 31648 31877 32416 
32153 31691 31782 33059 
32105 31901 31792 33637 
32145 32230 31952 34071 
32246 32630 32186 34280 
32368 33025 32497 34240 
32512 33342 32832 33950 
32637 33512 33131 33446 
32729 33494 33329 32862 
32831 33341 33444 32300 
32889 33068 33423 31810 
32900 32708 33266 31478 
32886 32335 32994 31374 
32898 32111 32742 31559 
32875 31971 32477 31913 
32840 31991 32282 32374 
32803 32153 32198 32868 
32772 32431 32235 33324 
32755 32782 32381 33631 
32755 33132 32611 33744 
32744 33392 32834 33604 
32751 33523 33042 33293 
32800 33531 33214 32893 
32777 33344 33238 32402 
32785 33062 33180 32023 
32782 32738 33053 31790 
32729 32360 32781 31691 
32650 32081 32494 31836 
32592 31954 32263 32156 
32540 32005 32119 32616 
32482 32149 32052 33065 
32425 32390 32106 33473 
32416 32667 32284 33781 
32471 32934 32540 33888 
32529 33092 32818 33759 
32625 33165 33073 33442 
32758 33145 33272 32969 
32881 33020 33352 32355 
33078 32916 33406 31814 
33199 32745 33317 31339 
33249 32590 33128 31094 
33201 32448 32867 31139 
33026 32336 32556 31525 
32842 32344 32319 32281 
32611 32424 32130 33246 
32318 32490 31992 34229 
32121 32654 32011 35067 
32047 32864 32156 35605 
32060 33031 32363 35546 
32218 33180 32652 34894 
32472 33260 32943 33681 
32722 33187 33148 32018 
33004 33075 33320 30235 
33246 32902 33397 28714 
33368 32666 33336 27713 
33392 32461 33220 27511 
33270 32273 33013 28226 
33061 32156 32775 29846 
32780 32112 32537 32174 
32520 32161 32359 34737 
32263 32249 32225 37161 
32104 32388 32178 39047 
32093 32589 32234 40062 
32185 32814 32355 39934 
32356 33006 32487 38632 
32576 33202 32613 36337 
32847 33359 32770 33416 
33094 33479 32907 30242 
33267 33504 32996 27348 
33296 33380 33012 25222 
33236 33192 33012 24221 
33088 32906 32957 24421 
32854 32530 32875 25907 
32574 32138 32745 28364 
32333 31806 32650 31414 
32119 31559 32546 34625 
31938 31437 32424 37431 
31904 31494 32373 39557 
31967 31745 32374 40671 
32190 32164 32460 40622 
32509 32703 32589 39496 
32888 33301 32757 37477 
33259 33872 32919 34887 
33598 34312 33084 32076 
33814 34525 33203 29446 
33866 34479 33257 27560 
33716 34117 33207 26457 
33413 33524 33087 26262 
32993 32770 32898 26954 
32497 31945 32647 28403 
32058 31260 32444 30330 
31695 30769 32234 32324 
31497 30571 32086 34148 
31473 30697 32033 35602 
31623 31114 32054 36500 
31978 31863 32209 36817 
32370 32681 32392 36506 
32835 33533 32661 35788 
33225 34221 32888 34755 
33535 34652 33108 33605 
33768 34835 33324 32583 
33836 34685 33457 31714 
33679 34154 33446 31103 
33425 33445 33372 30841 
33066 32620 33172 30848 
32664 31825 32896 31081 
32266 31159 32566 31451 
31955 30801 32267 31901 
31752 30740 31995 32292 
31736 31030 31856 32627 
31863 31571 31838 32858 
32105 32287 31979 33019 
32425 33036 32225 33095 
32727 33676 32534 33092 
33049 34154 32942 33105 
33231 34273 33245 33028 
33296 34135 33480 32976 
33273 33763 33598 32939 
33183 33292 33602 32929 
33020 32729 33438 32891 
32866 32242 33177 32868 
32733 31896 32844 32832 
32661 31741 32516 32817 
32641 31798 32216 32774 
32638 31993 31994 32712 
32655 32310 31859 32637 
32677 32679 31870 32582 
32689 32997 32020 32555 
32637 33195 32241 32507 
32543 33228 32527 32456 
32467 33136 32856 32469 
32339 32864 33120 32426 
32242 32533 33300 32431 
32274 32280 33426 32509 
32282 32030 33349 32516 
32412 31975 33198 32579 
32581 32062 32938 32639 
32810 32339 32658 32729 
33070 32759 32434 32868 
33276 33197 32279 32984 
33422 33606 32250 33099 
33458 33885 32320 33173 
33422 33984 32526 33212 
33243 33861 32767 33181 
33021 33543 33003 33068 
32706 33047 33155 32857 
32425 32517 33264 32636 
32205 32002 33251 32398 
32065 31587 33122 32207 
31971 31283 32837 32015 
32027 31238 32543 31957 
32195 31430 32272 32022 
32400 31765 32041 32167 
32669 32229 31919 32401 
32886 32745 31917 32687 
33077 33259 32083 32990 
33156 33646 32307 33215 
33180 33926 32640 33419 
33135 34032 32998 33536 
32961 33870 33284 33453 
32841 33647 33539 33332 
32696 33295 33634 33086 
32603 32908 33585 32787 
32607 32551 33449 32486 
32671 32275 33223 32220 
32752 32060 32914 31997 
32791 31921 32548 31837 
32837 31938 32274 31864 
32776 31983 32018 31976 
32635 32066 31859 32194 
32433 32163 31779 32499 
32254 32307 31853 32887 
32118 32453 32013 33258 
32067 32605 32255 33562 
32164 32786 32573 33768 
32345 32933 32879 33776 
32637 33082 33158 33606 
33015 33285 33437 33312 
33366 33416 33592 32850 
33647 33514 33642 32351 
33812 33570 33603 31879 
33793 33525 33452 31513 
33569 33362 33190 31283 
33202 33115 32887 31312 
32745 32781 32556 31546 
32296 32436 32289 32020 
31895 32101 32078 32555 
31605 31796 31925 33108 
31501 31605 31871 33553 
31621 31605 31951 33879 
31885 31744 32100 33980 
32288 32020 32323 33914 
32725 32367 32563 33704 
33120 32728 32762 33456 
33402 33037 32908 33196 
33525 33264 33012 32992 
33424 33320 33012 32784 
33264 33346 33043 32706 
33021 33294 33055 32642 
32755 33166 33051 32504 
32507 32993 33020 32243 
32322 32825 32971 31855 
32340 32759 33018 31442 
32438 32698 33004 31002 
32632 32717 32988 30678 
32850 32747 32936 30514 
33013 32767 32812 30615 
33108 32767 32673 31088 
33098 32731 32501 31937 
32958 32631 32325 33005 
32693 32454 32149 34202 
32414 32278 32043 35362 
32167 32115 32018 36306 
31978 31974 32040 36812 
31923 31958 32177 36762 
32032 32085 32394 36157 
32293 32358 32683 35018 
32604 32674 32939 33477 
32952 33044 33187 31744 
33283 33399 33396 30040 
33514 33637 33507 28635 
33605 33716 33512 27790 
33582 33662 33458 27616 
33412 33435 33274 28102 
33144 33099 33064 29179 
32792 32677 32762 30737 
32479 32323 32504 32537 
32182 32027 32245 34264 
31927 31795 31974 35684 
31776 31724 31801 36716 
31750 31830 31730 37209 
31845 32045 31797 37115 
32025 32332 31957 36482 
32288 32663 32221 35434 
32573 32934 32535 34105 
32855 33123 32877 32661 
33113 33223 33186 31341 
33304 33187 33441 30265 
33455 33101 33627 29571 
33502 32966 33673 29281 
33461 32793 33593 29380 
33322 32660 33388 29824 
33166 32602 33135 30555 
32960 32602 32828 31430 
32712 32612 32462 32340 
32483 32678 32188 33202 
32226 32702 31934 33905 
32041 32728 31823 34421 
31923 32712 31813 34717 
31872 32646 31893 34779 
31943 32581 32102 34663 
32098 32504 32360 34369 
32334 32447 32646 33953 
32626 32444 32937 33492 
32870 32425 33126 32953 
33085 32464 33257 32451 
33241 32526 33299 31989 
33272 32608 33232 31629 
33173 32636 33040 31356 
33059 32716 32846 31282 
32871 32761 32635 31321 
32674 32775 32453 31477 
32530 32822 32356 31789 
32449 32851 32355 32131 
32445 32878 32435 32493 
32498 32901 32570 32815 
32609 32942 32760 33095 
32736 32973 32922 33291 
32860 32997 33040 33381 
32905 32968 33062 33352 
32886 32911 33004 33286 
32814 32809 32902 33189 
32626 32615 32693 33040 
32427 32403 32495 32942 
32235 32173 32290 32839 
32096 31968 32137 32771 
32052 31825 32055 32706 
32167 31843 32094 32681 
32381 31981 32209 32632 
32675 32257 32414 32558 
33046 32699 32710 32549 
33349 33099 32954 32452 
33548 33467 33164 32310 
33697 33829 33385 32261 
33658 33989 33503 32187 
33481 33947 33496 32153 
33159 33696 33385 32172 
32740 33270 33155 32240 
32288 32730 32866 32394 
31879 32163 32553 32634 
31538 31613 32217 32892 
31340 31221 31928 33160 
31376 31073 31777 33414 
31610 31180 31759 33633 
32015 31550 31883 33743 
32550 32131 32129 33727 
33107 32817 32460 33564 
33588 33458 32800 33239 
33932 34004 33128 32809 
34115 34342 33439 32357 
34117 34467 33696 31968 
33857 34219 33739 31577 
33482 33780 33667 31375 
32992 33153 33429 31309 
32548 32506 33118 31468 
32143 31909 32750 31779 
31883 31518 32427 32232 
31710 31339 32119 32733 
31729 31419 31945 33231 
31821 31678 31871 33627 
32037 32093 31952 33928 
32298 32548 32127 34050 
32584 32972 32369 33995 
32814 33248 32574 33768 
32974 33354 32745 33446 
33100 33334 32898 33111 
33114 33152 32952 32732 
33072 32905 32973 32370 
33013 32685 32964 32120 
32940 32534 32959 31954 
32910 32536 32996 31909 
32895 32637 33012 31894 
32942 32846 33068 31947 
33007 33108 33133 32027 
33095 33350 33167 32148 
33123 33476 33176 32275 
33098 33461 33118 32427 
32976 33248 32993 32590 
32724 32844 32751 32759 
32461 32390 32533 33018 
32178 31925 32284 33268 
31931 31546 32055 33486 
31783 31369 31911 33687 
31778 31423 31881 33820 
31950 31721 31984 33835 
32210 32163 32145 33674 
32603 32754 32442 33469 
33026 33352 32778 33111 
33415 33877 33074 32635 
33758 34253 33356 32174 
33922 34363 33527 31752 
33924 34238 33619 31425 
33701 33831 33551 31220 
33374 33281 33427 31246 
32955 32627 33236 31459 
32471 31951 32961 31816 
32065 31437 32693 32284 
31770 31147 32446 32840 
31621 31104 32235 33389 
31618 31300 32063 33870 
31810 31767 32005 34245 
32102 32345 32017 34437 
32433 32934 32091 34387 
32773 33461 32249 34164 
33048 33825 32434 33708 
33300 34026 32697 33179 
33445 33994 32938 32537 
33512 33794 33178 31928 
33499 33453 33357 31392 
33412 33063 33475 31030 
33266 32665 33477 30853 
33107 32333 33417 30949 
32937 32087 33260 31250 
32723 31956 33018 31735 
32530 31950 32745 32323 
32394 32090 32504 33004 
32211 32232 32236 33578 
32101 32456 32087 34090 
32069 32711 32061 34422 
32055 32878 32109 34485 
32072 32958 32209 34304 
32159 33000 32380 33931 
32330 32980 32586 33429 
32544 32908 32768 32882 
32773 32777 32853 32310 
33069 32720 32944 31881 
33284 32623 32929 31541 
33462 32598 32897 31429 
33527 32607 32838 31501 
33515 32688 32834 31742 
33346 32742 32824 32022 
33123 32843 32892 32381 
32822 32921 32971 32695 
32506 32975 33055 32961 
32256 33002 33121 33117 
32105 32991 33142 33166 
32073 32906 33077 33104 
32145 32794 32946 33007 
32286 32622 32719 32879 
32489 32477 32488 32800 
32663 32305 32206 32708 
32856 32243 32027 32751 
32933 32184 31881 32787 
32943 32211 31849 32867 
32914 32332 31960 32990 
32868 32550 32223 33116 
32794 32776 32536 33166 
32680 32972 32867 33108 
32577 33123 33145 32938 
32553 33242 33393 32718 
32602 33313 33554 32465 
32716 33308 33605 32205 
32837 33200 33533 31945 
32923 32979 33317 31723 
33028 32766 33082 31683 
33069 32521 32815 31770 
33073 32308 32577 31999 
32909 32073 32313 32278 
32698 31941 32125 32684 
32411 31885 31966 33088 
32161 31952 31901 33507 
32011 32158 31938 33848 
31990 32470 32062 34054 
32092 32845 32252 34114 
32290 33190 32478 33952 
32562 33482 32727 33618 
32897 33714 33015 33195 
33178 33751 33243 32640 
33442 33686 33472 32126 
33594 33459 33608 31628 
33586 33091 33629 31243 
33422 32644 33540 31047 
33139 32181 33322 31059 
32820 31798 33047 31275 
32469 31539 32699 31682 
32179 31478 32356 32236 
31994 31648 32070 32849 
31946 31982 31872 33449 
32040 32434 31787 33959 
32251 32962 31842 34295 
32475 33416 31961 34385 
32737 33787 32213 34289 
32897 33894 32447 33947 
33000 33795 32723 33493 
32967 33471 32908 32943 
32855 32976 33028 32384 
32720 32451 33126 31920 
32606 31968 33176 31594 
32519 31618 33177 31463 
32516 31506 33179 31519 
32616 31637 33198 31735 
32744 31959 33168 32000 
32941 32442 33155 32319 
33142 33004 33127 32631 
33220 33470 32990 32796 
33282 33875 32842 32937 
33195 34035 32637 32971 
33041 33978 32428 32980 
32805 33666 32213 32930 
32497 33171 32014 32884 
32223 32581 31885 32876 
32017 32007 31853 32933 
31925 31533 31923 33050 
31916 31249 32058 33155 
32095 31268 32332 33297 
32353 31519 32659 33374 
32653 31978 32992 33368 
32913 32506 33257 33191 
33174 33093 33513 32969 
33309 33604 33638 32637 
33376 33978 33678 32302 
33346 34123 33604 31956 
33187 33998 33398 31652 
33003 33691 33138 31479 
32810 33255 32827 31449 
32645 32756 32528 31562 
32544 32293 32285 31865 
32497 31897 32109 32273 
32448 31630 31945 32744 
32419 31532 31849 33241 
32411 31584 31851 33705 
32400 31807 31926 34095 
32432 32162 32123 34351 
32444 32545 32339 34374 
32463 32962 32631 34207 
32484 33281 32919 33803 
32575 33573 33248 33261 
32663 33666 33493 32575 
32849 33697 33728 31936 
33024 33580 33798 31337 
33228 33383 33792 30943 
33382 33125 33621 30753 
33444 32819 33304 30812 
33442 32556 32926 31154 
33328 32331 32531 31722 
33110 32170 32154 32437 
32802 32048 31834 33133 
32420 31968 31622 33776 
32090 31996 31588 34287 
31851 32105 31725 34546 
31739 32266 31983 34547 
31768 32456 32285 34289 
31901 32629 32595 33818 
32159 32804 32891 33224 
32447 32899 33090 32598 
32823 33027 33263 32105 
33135 33078 33331 31708 
33405 33127 33344 31533 
33569 33162 33309 31555 
33594 33163 33237 31717 
33492 33135 33143 31966 
33296 33103 33057 32234 
33021 33041 32979 32497 
32725 32940 32888 32679 
32460 32805 32771 32766 
32279 32673 32669 32814 
32194 32541 32543 32801 
32200 32425 32406 32782 
32277 32334 32252 32790 
32411 32270 32122 32860 
32572 32251 32054 32997 
32679 32227 32009 33149 
32775 32252 32075 33361 
32815 32296 32217 33523 
32813 32354 32437 33593 
32773 32465 32710 33563 
32743 32609 32988 33404 
32706 32781 33236 33080 
32694 32988 33433 32657 
32741 33253 33594 32218 
32790 33452 33597 31777 
32884 33647 33555 31466 
32926 33693 33348 31272 
33001 33667 33121 31301 
33008 33474 32813 31499 
32975 33159 32527 31869 
32945 32799 32309 32371 
32831 32347 32120 32876 
32669 31862 31981 33330 
32484 31465 31942 33724 
32289 31211 31954 33979 
32153 31157 32042 34065 
32075 31327 32162 33981 
32096 31721 32325 33780 
32202 32267 32505 33482 
32432 32968 32750 33166 
32681 33603 32946 32802 
32971 34140 33160 32454 
33231 34459 33367 32182 
33439 34509 33554 31946 
33531 34270 33645 31769 
33513 33770 33665 31649 
33358 33135 33549 31622 
33162 32485 33382 31667 
32912 31892 33130 31802 
32645 31472 32817 31982 
32367 31261 32441 32212 
32187 31344 32107 32573 
32054 31624 31787 32933 
32042 32069 31621 33342 
32124 32554 31581 33706 
32270 33021 31693 33976 
32421 33351 31907 34072 
32621 33567 32223 34075 
32765 33573 32582 33903 
32859 33391 32907 33593 
32883 33073 33174 33180 
32871 32697 33353 32715 
32892 32400 33510 32304 
32868 32162 33529 31907 
32863 32087 33456 31618 
32890 32195 33353 31494 
32952 32438 33216 31506 
32988 32735 33052 31586 
33054 33069 32919 31809 
33049 33312 32765 32037 
33025 33455 32658 32333 
32923 33447 32558 32626 
32780 33276 32455 32901 
32552 32967 32308 33119 
32367 32641 32212 33342 
32223 32325 32131 33515 
32149 32087 32080 33645 
32139 31941 32063 33682 
