32665 32909 33017 31974 
32665 32909 33017 31974 
32300 32441 32765 32466 
31993 32027 32512 33015 
31783 31697 32282 33509 
31710 31542 32105 33872 
31827 31600 32022 34029 
32071 31859 32060 33981 
32406 32263 32166 33733 
32763 32723 32340 33356 
33117 33197 32562 32870 
33365 33585 32783 32347 
33546 33875 33029 31949 
33571 33942 33201 31653 
33462 33787 33299 31543 
33260 33440 33346 31636 
32953 32937 33269 31876 
32636 32368 33108 32207 
32335 31836 32893 32606 
32101 31429 32630 32994 
31940 31221 32362 33340 
31928 31329 32191 33600 
32022 31670 32093 33720 
32218 32213 32126 33713 
32472 32824 32265 33547 
32756 33446 32490 33268 
33018 33932 32751 32893 
33247 34220 33038 32532 
33400 34252 33265 32183 
33442 34012 33386 31859 
33407 33604 33417 31660 
33273 33091 33330 31624 
33074 32549 33131 31718 
32825 32050 32847 31928 
32584 31701 32567 32242 
32342 31517 32291 32618 
32187 31552 32102 33045 
32086 31716 31993 33377 
32089 32022 32022 33631 
32229 32424 32188 33824 
32369 32755 32373 33765 
32542 33036 32604 33620 
32709 33216 32829 33365 
32816 33244 32975 33017 
32846 33168 33050 32664 
32883 33044 33093 32372 
32854 32887 33053 32139 
32815 32744 32965 32007 
32779 32684 32876 31984 
32782 32694 32798 32015 
32870 32823 32806 32154 
32933 32928 32778 32267 
33050 33073 32844 32428 
33113 33126 32882 32518 
33150 33109 32934 32603 
33100 32989 32953 32667 
32953 32747 32886 32694 
32754 32479 32775 32738 
32566 32243 32660 32855 
32329 32025 32474 32968 
32126 31908 32286 33112 
32024 31907 32153 33270 
31999 32024 32093 33401 
32070 32235 32087 33467 
32236 32534 32185 33468 
32468 32854 32361 33346 
32748 33171 32617 33129 
33005 33429 32876 32823 
33222 33576 33134 32450 
33373 33630 33359 32091 
33438 33553 33527 31789 
33380 33343 33550 31579 
33259 33083 33492 31537 
33088 32775 33336 31644 
32921 32515 33126 31920 
32754 32295 32893 32286 
32587 32117 32589 32659 
32491 32095 32369 33083 
32386 32102 32148 33387 
32308 32167 32003 33623 
32257 32269 31912 33735 
32209 32379 31895 33701 
32194 32491 31941 33560 
32192 32594 32066 33369 
32262 32711 32269 33142 
32414 32855 32566 32923 
32570 32951 32848 32672 
32780 33039 33139 32451 
33041 33168 33457 32315 
33276 33233 33683 32169 
33466 33284 33831 32073 
33604 33303 33861 32011 
33597 33246 33718 31946 
33460 33115 33442 31896 
33258 32969 33113 31934 
32968 32771 32709 32030 
32667 32576 32318 32246 
32336 32357 31940 32509 
32065 32160 31664 32839 
31868 32015 31524 33179 
31840 31999 31570 33546 
31913 32043 31735 33818 
32076 32182 32027 33944 
32331 32385 32381 33953 
32588 32615 32747 33800 
32808 32811 33049 33499 
32957 32934 33259 33095 
33019 32991 33377 32661 
33065 33029 33449 32269 
33047 33024 33420 31958 
32972 32958 33309 31712 
32913 32899 33170 31618 
32876 32885 33048 31665 
32884 32900 32928 31787 
32934 32963 32847 31993 
32993 33015 32785 32208 
33055 33074 32647 32673 
33011 33039 32558 32881 
32888 32905 32437 33052 
32720 32708 32310 33190 
32511 32497 32199 33331 
32296 32266 32125 33430 
32101 32061 32095 33494 
31985 31935 32147 33531 
31924 31889 32244 33464 
31963 31945 32391 33325 
32164 32177 32658 33180 
32417 32441 32894 32905 
32734 32761 33145 32599 
33084 33101 33361 32284 
33419 33413 33549 32015 
33682 33644 33638 31809 
33762 33691 33611 31628 
33726 33628 33494 31622 
33525 33428 33256 31717 
33191 33122 32929 31918 
32798 32782 32558 32248 
32390 32451 32201 32647 
32056 32201 31893 33111 
31786 31993 31650 33488 
31676 31906 31557 33816 
31772 31986 31679 34053 
31948 32125 31932 34085 
32260 32351 32300 33949 
32608 32598 32736 33621 
32938 32813 33166 33147 
33205 32973 33527 32544 
33424 33115 33819 31962 
33511 33170 33914 31463 
33449 33121 33828 31131 
33312 33054 33588 31059 
33075 32922 33213 31212 
32793 32789 32777 31591 
32557 32722 32373 32195 
32373 32691 32022 32857 
32268 32699 31794 33524 
32242 32729 31700 34071 
32320 32787 31787 34395 
32455 32815 31999 34459 
32587 32796 32279 34238 
32739 32743 32637 33795 
32853 32645 32959 33204 
32870 32456 33168 32491 
32883 32333 33334 31846 
32886 32264 33401 31368 
32838 32240 33353 31080 
32769 32288 33203 31020 
32748 32461 33057 31262 
32718 32675 32872 31688 
32669 32888 32675 32248 
32654 33100 32532 32861 
32615 33243 32406 33432 
32591 33313 32318 33882 
32576 33296 32296 34157 
32556 33160 32290 34202 
32559 32961 32346 34056 
32598 32748 32442 33739 
32657 32509 32570 33305 
32765 32341 32743 32816 
32852 32223 32886 32289 
32965 32219 33033 31848 
33052 32319 33158 31524 
33152 32511 33249 31391 
33157 32722 33261 31374 
33127 32933 33222 31560 
32990 33052 33092 31842 
32802 33100 32914 32218 
32584 33071 32700 32660 
32367 32950 32485 33118 
32156 32726 32258 33492 
32070 32553 32124 33803 
32104 32427 32086 33941 
32213 32356 32104 33926 
32412 32371 32220 33744 
32655 32469 32390 33468 
32890 32619 32584 33104 
33074 32769 32782 32693 
33190 32900 32947 32301 
33215 32974 33060 31981 
33148 32997 33122 31783 
33020 32959 33144 31746 
32848 32856 33126 31821 
32660 32713 33078 32012 
32550 32626 33054 32330 
32450 32521 32985 32613 
32411 32452 32906 32836 
32429 32422 32811 32995 
32536 32503 32744 33096 
32664 32620 32645 33079 
32840 32807 32583 33023 
32950 32965 32484 32883 
33006 33096 32383 32739 
33050 33217 32368 32676 
32975 33196 32318 32649 
32851 33086 32349 32710 
32660 32880 32406 32822 
32440 32570 32454 32914 
32303 32315 32578 33064 
32216 32106 32700 33122 
32274 32033 32827 33138 
32388 32077 32942 33022 
32582 32240 33047 32829 
32831 32512 33138 32571 
33088 32849 33213 32305 
33238 33083 33203 32024 
33304 33272 33134 31846 
33260 33352 33012 31826 
33114 33315 32841 32069 
32889 33171 32637 32522 
32595 32917 32419 33045 
32290 32603 32213 33408 
32057 32307 32070 33415 
31943 32100 32040 32962 
31924 31960 32094 32158 
32110 32023 32280 31420 
32409 32255 32557 31121 
32784 32602 32863 31499 
33189 33001 33165 32584 
33503 33381 33390 33973 
33700 33632 33535 35290 
33712 33702 33538 36168 
33569 33593 33446 36383 
33212 33217 33204 35786 
32779 32733 32856 34617 
32426 32311 32547 33106 
32134 31976 32237 31362 
31915 31769 31978 29516 
31755 31678 31858 27891 
31629 31660 31857 26696 
31633 31756 31979 26304 
31876 32028 32233 26937 
32366 32499 32533 28692 
33059 33200 32867 31482 
33631 33861 33084 34713 
34102 34402 33327 38064 
34312 34427 33442 40846 
34267 33885 33462 42508 
33778 33113 33388 42580 
32751 32791 33226 40922 
31444 33231 33004 37743 
30514 33890 32645 33443 
30840 33661 32267 28798 
32748 31477 31954 24483 
35418 27626 31926 21424 
37135 24238 32325 20239 
36160 24088 33036 21183 
31711 28884 33521 24117 
25282 37803 33295 28576 
20210 46959 32157 33721 
19655 51940 30537 38765 
25133 49428 29294 42777 
35418 39460 29561 45161 
47016 25094 31829 45473 
55039 12540 35505 43731 
56293 6479 39105 40155 
50159 8964 40988 35480 
38916 18201 39923 30403 
26099 30437 35994 25806 
15874 41337 30657 22506 
10147 49098 25845 20988 
9076 53520 23163 21379 
11566 55541 23225 23557 
16393 55847 25588 27136 
22501 54108 28905 31335 
29840 49296 32125 35489 
38475 40482 34705 38930 
48162 27747 36773 41209 
57954 12411 38618 41976 
65005 551 40393 41258 
65470 88 41792 39309 
65526 29 42194 36525 
57740 15 40948 33433 
41410 13591 37609 30477 
22213 31128 32560 28170 
4013 50243 26879 26866 
128 64865 21661 26537 
26 65454 18179 27191 
17 65513 17319 28574 
7704 65535 19522 30389 
21352 65535 24291 32193 
36713 54809 30798 33792 
50939 35279 37770 34947 
61637 14287 43688 35588 
65410 462 47461 35654 
65503 63 48398 35275 
58644 25 46741 34616 
45858 24 43089 33840 
29657 12724 38130 33100 
12953 28954 32568 32569 
740 45713 27248 32330 
74 60241 22267 32238 
33 65368 18383 32338 
1307 65503 16416 32486 
15469 65525 17354 32613 
30022 64582 21500 32598 
44746 45661 28332 32478 
57070 26967 36304 32231 
64678 9031 43530 31910 
65465 268 48310 31639 
65402 63 49380 31486 
54752 43 46886 31509 
43089 401 41861 31807 
29918 13646 35436 32290 
18445 26963 29483 32902 
10238 40346 25028 33529 
5859 51918 22376 34053 
5555 60257 21659 34410 
9119 64080 22639 34499 
16259 62555 25073 34292 
25582 55787 28491 33794 
35658 44612 32506 33153 
44403 31282 36593 32428 
49904 18762 40155 31768 
51070 9910 42559 31248 
48146 6654 43128 31009 
42930 8575 41581 31049 
37664 13696 38037 31369 
34051 19753 33104 31924 
32551 25666 27494 32567 
32272 31232 22797 33222 
31504 37449 20079 33717 
29366 44771 19973 34027 
26267 52181 22600 34083 
23685 57368 27586 33876 
23431 57568 33697 33496 
26121 51696 39692 32968 
31057 40862 44440 32475 
36504 27924 46936 32025 
40354 16461 46743 31677 
41065 10129 44045 31545 
38530 10034 39573 31640 
33731 15303 34140 31894 
28462 23816 28735 32292 
24470 33012 23886 32765 
23013 40413 20353 33182 
24341 45037 18477 33564 
27858 46614 18652 33796 
32644 45505 21178 33851 
37340 42356 25825 33679 
41202 37827 31991 33371 
43706 32436 38668 33002 
44708 26533 44470 32563 
44154 20971 47817 32129 
42152 16988 47833 31772 
38667 15882 44665 31561 
33652 18648 39245 31528 
27338 25294 32962 31606 
20593 34828 27498 31872 
14949 45031 24153 32225 
12189 52866 23450 32638 
13032 57037 24731 33055 
17557 56809 26978 33421 
24857 52347 29164 33691 
34026 44252 30773 33852 
43475 33509 31801 33858 
51985 21389 32654 33722 
58620 9305 33906 33500 
62012 480 35603 33124 
60595 67 37408 32709 
53577 16 38486 32318 
41107 9854 38189 31997 
25271 26174 36332 31740 
9507 44885 33464 31617 
309 61767 30580 31701 
30 65430 28831 31909 
25 65520 28780 32226 
11360 65507 30215 32524 
24833 64208 32533 32924 
38417 48235 34582 33166 
49264 34709 35560 33350 
56516 22210 35096 33376 
59692 11728 33491 33312 
58578 3862 31327 33118 
53708 248 29557 32918 
46002 85 28712 32669 
36916 4588 29098 32519 
27745 13265 30384 32414 
19667 25053 32233 32407 
13180 38731 34143 32509 
8894 52027 35655 32659 
7231 63209 36590 32827 
9041 65419 36816 32957 
15215 65508 36372 33053 
25836 65532 35267 33038 
38722 55252 33709 32921 
51126 38137 31899 32736 
59391 21521 30106 32481 
60729 9558 28665 32251 
55015 4760 27836 32042 
45423 6124 27921 32003 
35697 10503 28829 32069 
29120 15323 30486 32299 
26467 19494 32498 32624 
26266 23948 34640 33025 
25986 30196 36496 33387 
24093 38870 37890 33672 
20685 49053 38659 33791 
17345 58340 38736 33739 
16041 63657 37897 33452 
18426 62593 36212 33061 
24292 55007 33699 32557 
32455 42339 30686 32073 
41068 27217 27680 31668 
48371 12791 25310 31407 
53034 1959 24245 31382 
54107 92 24791 31610 
51503 46 26705 31962 
45923 7701 29509 32439 
38461 20190 32599 33022 
30227 35099 35387 33509 
22828 49473 37671 33868 
17581 60336 39392 34053 
14908 65314 40528 34029 
14986 65476 40903 33814 
17586 60116 40106 33419 
22112 49895 37878 32903 
27719 37619 34418 32369 
33785 24853 30418 31928 
39592 13361 26884 31620 
44544 4390 24730 31456 
48167 213 24524 31472 
49866 77 26044 31691 
49110 1009 28398 32068 
45419 12795 30577 32513 
38637 27270 32030 33014 
29732 44001 32660 33460 
20722 59524 33057 33751 
13911 65349 33965 33903 
11442 65510 35719 33853 
14154 65528 38012 33610 
21506 65513 40041 33194 
30663 51027 40717 32757 
39237 34335 39457 32305 
45228 19512 36365 31903 
47740 8845 32254 31633 
46961 3231 28233 31525 
44067 2747 25699 31656 
40127 6383 25017 31887 
36021 13331 26194 32280 
32019 22557 28474 32736 
28122 33229 30999 33181 
24607 43489 32951 33540 
21937 51908 34050 33771 
20900 56770 34464 33863 
22166 56833 34519 33781 
25824 51673 34542 33495 
31036 42668 34727 33104 
36597 32048 35062 32683 
41033 22327 35339 32238 
43378 15502 35250 31870 
43123 12863 34603 31602 
40706 14278 33462 31538 
36910 18797 32028 31648 
32649 25487 30718 31967 
28591 33301 29893 32386 
25562 40953 29912 32883 
24193 46901 30761 33324 
24925 50063 32204 33744 
27677 49407 33560 33961 
31882 45040 34432 33968 
36442 37885 34435 33766 
39827 30145 33679 33404 
41192 23703 32570 32911 
40320 19931 31632 32384 
37594 19163 31112 31830 
33748 21109 31125 31405 
29628 24980 31513 31203 
25749 30151 32040 31218 
22718 36038 32649 31493 
21139 42018 33337 31992 
21740 46627 34056 32542 
24907 48565 34815 33219 
30291 46672 35256 33765 
36991 40823 35240 34164 
43878 31639 34579 34325 
49343 21166 33376 34286 
52087 12151 31877 33923 
51526 7115 30556 33442 
47135 8014 29676 32843 
39170 15370 29531 32284 
28433 27938 30195 31831 
17449 42046 31338 31528 
8848 54347 32803 31454 
5216 61762 34120 31579 
7609 62745 34927 31844 
15466 57936 35025 32198 
26093 49264 34365 32524 
37112 38926 33363 32841 
46524 28358 32358 33029 
53273 18453 31792 33139 
56619 10217 31815 33124 
56469 4785 32243 33050 
52903 3241 32762 32937 
46232 6346 33058 32872 
37046 14265 33025 32844 
27012 25528 32844 32891 
17649 38472 32758 32962 
10583 50929 32986 33085 
7004 60911 33413 33139 
7705 65389 33791 33190 
12700 65490 33609 33103 
21276 57877 32811 32927 
32373 48675 31573 32708 
44193 33131 30390 32425 
54827 16780 29786 32121 
61513 3870 30192 31881 
62234 124 31455 31777 
56842 44 33092 31737 
46713 6547 34474 31834 
33962 18444 35219 32069 
21827 31747 35236 32387 
12426 44220 34787 32737 
7185 54037 34182 33081 
6504 59899 33579 33421 
10274 60653 32971 33678 
17501 56385 32264 33835 
26899 47894 31520 33875 
36979 36707 30923 33766 
46017 25010 30799 33543 
52622 14968 31360 33264 
55239 8766 32348 32853 
53672 7478 33352 32481 
48650 10638 33891 32059 
41883 17110 33796 31696 
34985 25181 33223 31453 
28910 33633 32468 31330 
24006 41401 31871 31371 
19803 48391 31553 31607 
16262 54212 31393 31945 
14193 57889 31335 32364 
14947 57918 31512 32863 
19284 53175 32150 33344 
26714 43852 33367 33749 
35627 31320 35066 34006 
43916 18302 36711 34101 
49656 7587 37538 34043 
51405 2026 36914 33788 
49312 2467 34853 33400 
44487 8538 31976 33000 
38330 18571 29122 32549 
32257 30700 27229 32206 
27397 42002 26701 31916 
24216 50911 27398 31763 
22846 56148 28837 31719 
23163 57231 30588 31792 
24747 54620 32431 31964 
26872 49392 34380 32156 
28987 42700 36444 32317 
31034 35360 38572 32517 
33070 27857 40107 32658 
35239 20785 40425 32775 
37273 14707 39073 32846 
38689 11065 36213 32931 
38842 11199 32321 33043 
37686 15645 28511 33194 
35817 23373 25541 33350 
34097 32265 23891 33458 
33253 39953 23807 33553 
33256 44850 25055 33559 
33369 46600 27391 33498 
32675 46312 30576 33330 
30599 45319 34210 33035 
27541 44381 37929 32701 
24601 43051 41115 32261 
23437 40268 42937 31873 
24856 35134 42788 31528 
28665 27894 40475 31324 
33693 20199 36356 31306 
38410 14276 31279 31421 
41771 12201 26457 31722 
43141 14742 23323 32124 
42848 21089 22646 32639 
41140 29336 24439 33105 
38317 37584 28085 33559 
34493 44502 32536 33944 
29945 48962 36408 34163 
25366 50712 38745 34232 
21563 49815 39360 34109 
19536 46439 38624 33849 
20027 40789 37119 33459 
23202 33469 35341 33010 
28364 25553 33485 32502 
34420 18260 31428 32029 
40212 13061 29100 31634 
44727 11221 26665 31339 
47133 13565 24897 31154 
47153 19718 24663 31137 
44893 28532 26485 31315 
40604 38200 30146 31631 
34603 46997 34930 32099 
27720 53203 39511 32623 
21170 55968 42628 33168 
16059 55236 43678 33660 
13671 51378 42623 34055 
14900 44527 39725 34273 
19917 35485 35629 34278 
27964 24905 30996 34098 
37558 14334 26464 33749 
46767 5711 22644 33265 
53098 1680 20455 32737 
55054 3653 20409 32220 
52074 11696 22792 31816 
44639 24401 27337 31546 
34900 38715 33065 31489 
25424 51256 38498 31604 
18332 59894 42562 31855 
14875 63248 44503 32230 
15156 61139 43989 32587 
18580 54393 41446 32900 
23846 44574 37803 33077 
29933 33369 34004 33199 
35787 22593 30582 33132 
40731 14311 27950 33022 
44161 9730 26121 32838 
45712 9450 25235 32685 
45454 12639 25364 32537 
43608 18131 26726 32539 
40209 24649 29260 32620 
35759 31124 32476 32783 
30730 37130 35577 32990 
26073 42252 37652 33162 
22854 46149 38159 33338 
21643 48292 36871 33357 
22449 48338 34467 33278 
24387 46549 31778 33051 
26427 43777 29794 32763 
27703 40857 28965 32398 
28335 38282 29447 32044 
29397 35697 30936 31737 
32192 32135 32940 31515 
37339 26815 35155 31547 
43922 19855 37185 31709 
49799 12851 38671 32060 
52633 8099 39222 32550 
50834 7661 38348 33080 
44895 12019 35927 33541 
37107 19952 32426 33981 
29402 29481 28340 34179 
23203 39210 24591 34191 
18541 48381 21993 33975 
14629 56898 21134 33511 
11352 64087 22434 32931 
9628 65415 25674 32299 
11226 65497 30467 31750 
17632 65519 36047 31296 
29012 50323 41658 31088 
43279 31024 46122 31088 
56850 10937 48601 31432 
65153 317 48409 31985 
65500 45 45390 32578 
65523 29 39962 33200 
56383 1744 32847 33739 
41869 14312 25601 34099 
26567 27730 19435 34198 
13153 41510 15527 34065 
3607 53842 14599 33709 
152 63092 16861 33201 
61 65421 21738 32619 
5689 65502 28374 32171 
16499 57959 35453 31741 
30563 43636 42002 31472 
45425 25756 46781 31462 
58362 7829 49118 31701 
65269 245 48841 32095 
65502 56 46063 32500 
65535 17 41245 32955 
54778 3479 35024 33403 
37993 18334 28479 33694 
19736 36959 22619 33826 
4025 56126 18431 33725 
96 65273 16807 33488 
3 65527 18181 33113 
6206 65535 22215 32651 
20300 65535 28168 32276 
35866 55172 34711 31934 
49676 36692 40642 31693 
58540 18966 44754 31650 
61248 5982 46331 31777 
58433 234 45339 32017 
51519 87 42086 32334 
41953 78 37442 32727 
30829 7049 32231 33125 
19712 17461 27676 33399 
9899 30762 24590 33597 
3287 45088 23333 33682 
1581 57540 23749 33577 
5726 65095 25466 33405 
14760 65477 27812 33125 
26782 65386 30339 32835 
39543 53437 32894 32540 
51217 40099 35408 32276 
60595 25158 37861 32099 
65282 11275 39774 31994 
65467 896 40696 31989 
65487 74 40093 32028 
54751 22 37920 32189 
40279 9816 34481 32385 
23354 25418 30710 32600 
7974 42594 27699 32843 
252 56997 26045 33048 
29 64711 25950 33237 
66 65329 27093 33332 
13200 56217 29098 33380 
25971 44273 31367 33322 
37057 32335 33544 33184 
44919 22764 35426 32959 
49122 16558 36852 32694 
50355 13295 37634 32448 
49584 12126 37565 32208 
47507 12711 36617 32057 
44242 15453 34927 32005 
39549 21107 32828 32051 
33168 30013 30754 32167 
25576 41367 29142 32426 
17855 53330 28203 32681 
12484 62438 28207 32954 
11327 65445 29101 33169 
15618 61357 30902 33341 
24688 50054 33222 33386 
36420 33900 35600 33335 
47903 16529 37513 33219 
55703 2838 38230 33013 
57676 91 37471 32755 
53812 33 35366 32490 
45621 7652 32341 32230 
35588 19830 29309 32110 
25771 33188 26826 32019 
18000 45277 25612 32043 
13207 54082 25962 32221 
10844 59605 27555 32447 
10748 62004 30216 32769 
13018 61147 33406 33064 
18259 56505 36882 33324 
26758 47367 40168 33491 
37849 34022 42707 33534 
50022 17891 43956 33406 
60690 2185 43330 33125 
65385 106 40379 32772 
65514 13 35039 32334 
58704 32 28148 31970 
46332 15638 21205 31650 
30908 32614 16211 31579 
16596 49110 14525 31685 
6478 61223 16860 31945 
2124 65407 22941 32356 
3457 65487 31162 32845 
8788 57783 39281 33319 
16470 47862 45692 33667 
