32796 32666 33396 33366 
32796 32666 33396 33366 
32915 32861 33541 33024 
33003 33047 33527 32617 
33045 33186 33366 32239 
33048 33240 33094 31964 
32966 33158 32725 31808 
32838 33013 32373 31862 
32641 32737 32037 32031 
32491 32497 31867 32383 
32340 32249 31824 32760 
32245 32089 31926 33124 
32215 32042 32151 33422 
32279 32128 32470 33625 
32388 32276 32792 33633 
32548 32502 33083 33481 
32735 32759 33295 33197 
32966 33052 33452 32855 
33121 33255 33465 32468 
33252 33387 33365 32107 
33306 33412 33218 31871 
33253 33305 32975 31744 
33117 33108 32718 31791 
32886 32793 32434 31976 
32595 32429 32189 32246 
32358 32164 32058 32655 
32173 31987 32022 33064 
32065 31923 32061 33396 
32071 32019 32203 33619 
32201 32292 32458 33739 
32422 32667 32753 33684 
32687 33039 33061 33440 
32899 33318 33264 33054 
33091 33479 33425 32615 
33247 33519 33486 32195 
33270 33367 33394 31806 
33237 33107 33228 31566 
33113 32765 32948 31507 
32982 32445 32671 31672 
32832 32180 32410 32001 
32663 32014 32198 32417 
32524 32003 32087 32907 
32412 32104 32061 33366 
32338 32306 32113 33709 
32331 32617 32278 33941 
32395 32946 32500 33955 
32443 33173 32676 33743 
32546 33348 32875 33424 
32635 33391 33018 32972 
32736 33305 33112 32472 
32794 33098 33160 31991 
32854 32847 33164 31631 
32880 32576 33118 31442 
32860 32301 33011 31424 
32823 32099 32862 31607 
32752 31976 32674 31951 
32707 32002 32517 32442 
32689 32143 32413 32997 
32608 32299 32280 33459 
32623 32569 32296 33879 
32652 32850 32368 34091 
32684 33096 32486 34072 
32791 33359 32684 33866 
32896 33549 32884 33453 
32991 33601 33027 32880 
33062 33558 33125 32290 
33111 33412 33181 31760 
33081 33141 33123 31328 
32938 32766 32973 31104 
32757 32413 32800 31173 
32544 32083 32633 31476 
32306 31823 32478 31995 
32118 31695 32385 32630 
31981 31706 32344 33289 
31964 31855 32388 33872 
32064 32112 32491 34277 
32240 32408 32583 34393 
32579 32840 32755 34315 
32908 33187 32838 33909 
33248 33503 32903 33315 
33573 33761 32946 32659 
33770 33863 32922 31973 
33849 33832 32901 31418 
33709 33599 32826 31062 
33381 33220 32704 30950 
32949 32769 32608 31172 
32450 32269 32536 31623 
31979 31832 32499 32287 
31568 31444 32470 32955 
31328 31265 32476 33601 
31345 31335 32567 34153 
31584 31626 32684 34440 
32002 32123 32818 34433 
32537 32688 32962 34137 
33067 33253 33058 33583 
33575 33766 33126 32903 
33957 34130 33168 32197 
34175 34282 33169 31569 
34149 34154 33064 31098 
33896 33818 32891 30890 
33510 33359 32725 31012 
32975 32792 32482 31373 
32420 32247 32283 31952 
31945 31812 32163 32633 
31571 31528 32089 33295 
31380 31449 32104 33869 
31401 31579 32220 34220 
31648 31891 32428 34341 
32051 32268 32665 34201 
32481 32633 32884 33843 
32870 32871 33022 33297 
33195 33023 33103 32727 
33472 33108 33168 32266 
33553 33038 33135 31876 
33520 32926 33053 31677 
33366 32818 32933 31658 
33141 32744 32800 31767 
32929 32809 32744 32004 
32731 32965 32708 32282 
32568 33166 32689 32538 
32494 33393 32707 32744 
32475 33547 32734 32873 
32499 33594 32758 32939 
32538 33469 32733 32942 
32604 33212 32713 32943 
32631 32787 32647 32941 
32629 32270 32557 32955 
32579 31716 32458 32984 
32475 31262 32349 33027 
32468 31046 32368 33139 
32375 30957 32341 33118 
32415 31205 32428 33123 
32479 31686 32540 33061 
32659 32413 32720 32937 
32847 33201 32897 32723 
33026 33941 33045 32467 
33226 34562 33189 32237 
33365 34917 33283 32047 
33409 34954 33306 31918 
33331 34631 33244 31858 
33130 33953 33081 31915 
32883 33082 32863 32105 
32570 32165 32604 32369 
32298 31341 32364 32709 
32051 30716 32156 33060 
31891 30374 32009 33380 
31863 30415 32008 33655 
31945 30788 32088 33794 
32149 31499 32293 33775 
32447 32381 32567 33642 
32770 33278 32875 33342 
33060 34046 33129 32920 
33326 34602 33333 32466 
33548 34884 33482 32063 
33610 34793 33477 31701 
33525 34345 33355 31507 
33338 33673 33138 31500 
33057 32876 32843 31664 
32755 32117 32566 31981 
32479 31529 32337 32423 
32235 31176 32157 32893 
32067 31058 32050 33312 
32025 31246 32080 33660 
32077 31645 32202 33858 
32216 32193 32406 33865 
32380 32735 32631 33686 
32560 33204 32841 33382 
32692 33510 32979 32953 
32837 33694 33091 32538 
33000 33744 33181 32203 
33086 33588 33162 31898 
33166 33356 33121 31738 
33178 32996 32974 31670 
33154 32663 32829 31802 
33124 32395 32688 32058 
33006 32192 32543 32384 
32853 32109 32413 32750 
32423 32206 32269 33371 
32244 32366 32294 33593 
32101 32546 32366 33697 
32042 32725 32513 33663 
32119 32862 32722 33509 
32241 32896 32887 33201 
32466 32886 33048 32825 
32781 32884 33207 32463 
33127 32877 33321 32130 
33411 32869 33334 31826 
33608 32891 33276 31645 
33640 32910 33110 31588 
33529 32972 32890 31716 
33271 32998 32644 31949 
32934 33024 32417 32314 
32529 32971 32223 32712 
32132 32838 32062 33093 
31837 32659 32008 33435 
31713 32494 32079 33717 
31743 32302 32205 33815 
31920 32172 32396 33759 
32204 32081 32605 33577 
32522 32057 32787 33263 
32847 32110 32939 32911 
33131 32263 33046 32584 
33352 32522 33122 32321 
33430 32762 33107 32091 
33398 33017 33068 31986 
33259 33223 32983 31957 
33118 33422 32963 32073 
32940 33501 32934 32217 
32784 33496 32951 32385 
32628 33377 32950 32522 
32549 33206 32965 32633 
32493 32964 32924 32690 
32486 32743 32847 32720 
32505 32531 32733 32749 
32514 32350 32564 32782 
32514 32206 32365 32825 
32496 32090 32168 32902 
32476 32050 32035 33041 
32465 32065 31991 33186 
32456 32108 32027 33302 
32504 32230 32191 33426 
32553 32363 32410 33444 
32687 32593 32724 33442 
32817 32806 33010 33327 
32949 33026 33254 33087 
33095 33251 33427 32781 
33227 33439 33537 32379 
33309 33568 33535 31890 
33309 33596 33441 31361 
33253 33547 33268 30895 
33093 33340 33010 30559 
32883 33071 32734 30462 
32643 32750 32480 30714 
32349 32358 32233 31298 
32109 32011 32065 32254 
31877 31684 31929 33435 
31718 31506 31879 34704 
31756 31535 31977 35918 
31912 31708 32156 36772 
32180 32034 32388 37133 
32565 32469 32690 36915 
32984 32948 32977 36021 
33356 33384 33212 34514 
33691 33747 33419 32593 
33919 34004 33563 30563 
33945 34002 33578 28705 
33807 33811 33494 27308 
33524 33472 33299 26605 
33128 33043 33039 26719 
32711 32622 32758 27756 
32277 32233 32479 29489 
31937 31987 32257 31728 
31693 31856 32106 34090 
31628 31887 32057 36276 
31735 32054 32133 38005 
31963 32290 32257 39001 
32283 32552 32441 39109 
32615 32739 32593 38270 
32930 32875 32730 36755 
33141 32889 32792 34732 
33288 32841 32820 32520 
33341 32772 32838 30456 
33285 32684 32818 28770 
33190 32645 32848 27715 
33041 32661 32884 27430 
32874 32714 32939 27908 
32792 32875 33074 29103 
32706 33045 33177 30746 
32694 33248 33285 32613 
32710 33412 33329 34345 
32744 33491 33300 35620 
32760 33439 33168 36220 
32779 33299 32957 36084 
32760 33052 32685 35285 
32711 32750 32398 34009 
32655 32433 32154 32535 
32599 32145 31973 31135 
32494 31882 31860 30180 
32453 31759 31891 29904 
32467 31800 32068 30394 
32499 31940 32304 31494 
32584 32205 32621 33063 
32682 32518 32932 34731 
32792 32863 33220 36175 
32892 33175 33443 37040 
32980 33423 33574 37140 
33098 33609 33659 36432 
33117 33616 33572 34897 
33112 33530 33404 32866 
33054 33332 33147 30630 
32961 33093 32856 28584 
32801 32780 32503 27077 
32689 32544 32231 26510 
32582 32345 32013 26872 
32520 32228 31908 28176 
32469 32199 31928 30182 
32480 32269 32086 32660 
32532 32437 32364 35181 
32576 32581 32662 37250 
32645 32763 32989 38662 
32727 32884 33269 39134 
32797 32959 33452 38688 
32887 33025 33563 37437 
32973 33041 33528 35526 
32998 32977 33357 33309 
33010 32895 33118 31169 
32964 32768 32799 29393 
32891 32648 32517 28274 
32820 32566 32299 27900 
32721 32503 32151 28190 
32602 32471 32093 29072 
32514 32502 32139 30366 
32479 32606 32288 31850 
32498 32737 32511 33275 
32527 32882 32716 34376 
32614 33033 32945 35095 
32762 33195 33149 35390 
32885 33272 33259 35223 
33023 33288 33298 34721 
33177 33278 33302 34063 
33250 33154 33186 33344 
33195 32907 32977 32707 
33066 32616 32745 32267 
32867 32311 32525 32103 
32597 32002 32324 32138 
32278 31752 32156 32344 
32038 31631 32105 32626 
31910 31712 32150 32905 
31941 31967 32322 33078 
32137 32378 32600 33094 
32441 32858 32904 32910 
32826 33368 33206 32538 
33247 33852 33482 32086 
33623 34177 33641 31633 
33845 34276 33651 31325 
33883 34144 33487 31199 
33763 33833 33235 31338 
33456 33319 32853 31708 
33071 32743 32487 32311 
32623 32145 32174 33088 
32140 31584 31894 33806 
31793 31232 31794 34427 
31603 31113 31852 34813 
31585 31231 32025 34934 
31764 31594 32309 34759 
32088 32159 32682 34307 
32516 32800 33032 33640 
32910 33368 33256 32767 
33316 33919 33478 31988 
33607 34224 33560 31290 
33738 34300 33516 30823 
33687 34085 33352 30600 
33463 33630 33081 30658 
33123 33030 32769 31005 
32754 32376 32468 31603 
32437 31853 32257 32345 
32223 31493 32142 33088 
32077 31345 32105 33730 
32083 31449 32193 34182 
32246 31832 32412 34455 
32497 32379 32687 34477 
32754 32948 32939 34242 
32940 33448 33115 33756 
33105 33876 33258 33214 
33177 34076 33307 32638 
33188 34079 33296 32141 
33050 33786 33142 31702 
32843 33274 32914 31445 
32660 32720 32685 31401 
32521 32197 32502 31600 
32406 31751 32332 31923 
32441 31543 32283 32377 
32477 31522 32249 32813 
32582 31734 32282 33219 
32778 32172 32441 33582 
32952 32674 32644 33792 
33094 33165 32865 33795 
33120 33535 33039 33590 
33076 33744 33159 33263 
32970 33733 33235 32855 
32781 33511 33206 32432 
32606 33159 33093 32078 
32437 32735 32915 31856 
32305 32291 32673 31774 
32246 31961 32447 31920 
32240 31748 32227 32174 
32323 31788 32128 32579 
32481 32029 32159 33023 
32664 32381 32270 33368 
32885 32846 32498 33625 
33092 33297 32782 33688 
33283 33692 33115 33592 
33404 33909 33374 33306 
33468 33916 33574 32936 
33400 33679 33617 32489 
33268 33310 33558 32104 
33049 32813 33356 31805 
32753 32253 33031 31628 
32454 31808 32662 31700 
32219 31533 32306 31958 
32050 31484 32017 32320 
31965 31623 31807 32714 
31991 31964 31757 33134 
32096 32364 31826 33452 
32267 32813 32004 33663 
32496 33218 32271 33714 
32740 33545 32594 33620 
32950 33709 32889 33407 
33099 33679 33117 33097 
33180 33532 33291 32810 
33229 33283 33405 32550 
33209 32994 33441 32364 
33133 32674 33391 32241 
33050 32412 33308 32220 
32947 32233 33194 32215 
32847 32151 33046 32231 
32785 32190 32917 32269 
32736 32311 32799 32307 
32688 32472 32680 32328 
32614 32623 32547 32348 
32566 32764 32444 32415 
32469 32814 32325 32501 
32389 32818 32227 32650 
32319 32793 32118 32855 
32321 32755 32089 33113 
32371 32722 32112 33370 
32491 32720 32208 33605 
32674 32763 32374 33760 
32837 32808 32585 33759 
33000 32871 32834 33624 
33073 32907 33056 33305 
33155 32979 33296 32952 
33099 32966 33426 32469 
33059 32992 33530 32057 
32906 32916 33477 31641 
32775 32867 33379 31432 
32624 32756 33193 31360 
32527 32647 32974 31497 
32491 32560 32751 31800 
32480 32446 32515 32186 
32521 32357 32314 32651 
32558 32275 32130 33084 
32612 32226 31992 33479 
32676 32233 31929 33756 
32734 32294 31959 33920 
32779 32436 32077 33938 
32784 32575 32251 33781 
32747 32742 32474 33492 
32711 32956 32764 33171 
32678 33153 33048 32790 
32641 33319 33285 32389 
32670 33490 33526 32076 
32670 33512 33601 31766 
32738 33472 33605 31579 
32817 33325 33499 31555 
32898 33086 33296 31652 
32930 32741 32994 31849 
32967 32404 32704 32160 
32941 32092 32422 32534 
32896 31864 32196 32944 
32762 31693 31984 33283 
32669 31763 31937 33616 
32590 31955 31987 33827 
32510 32227 32093 33838 
32481 32584 32275 33758 
32483 32934 32472 33545 
32482 33232 32676 33225 
32517 33459 32851 32825 
32565 33565 33004 32409 
32645 33575 33147 32060 
32697 33427 33213 31755 
32757 33180 33223 31593 
32756 32812 33139 31539 
32771 32438 33020 31658 
32769 32088 32871 31919 
32772 31851 32710 32300 
32781 31770 32563 32750 
32776 31850 32439 33181 
32763 32086 32364 33547 
32783 32456 32377 33815 
32818 32876 32460 33909 
32801 33220 32559 33786 
32804 33518 32706 33528 
32781 33646 32841 33140 
32747 33582 32960 32663 
32712 33367 33013 32194 
32669 33030 33000 31772 
32633 32663 32929 31499 
32627 32314 32820 31427 
32598 32034 32660 31531 
32596 31896 32524 31824 
32603 31898 32414 32228 
32599 32015 32321 32689 
32625 32285 32325 33197 
32617 32582 32359 33585 
32650 32895 32480 33873 
32671 33143 32622 33952 
32694 33329 32788 33867 
32736 33404 32969 33599 
32757 33330 33097 33195 
32788 33186 33194 32737 
32819 32970 33212 32265 
32875 32744 33184 31856 
32856 32479 33016 31534 
32865 32280 32809 31444 
32824 32127 32539 31514 
32785 32091 32314 31819 
32707 32112 32109 32234 
32576 32176 31990 32699 
32459 32316 32000 33191 
32342 32474 32126 33608 
32277 32662 32356 33877 
32293 32874 32685 33944 
32366 33050 32989 33760 
32538 33232 33286 33407 
32798 33386 33529 32947 
33044 33444 33611 32407 
33315 33488 33609 31946 
33483 33385 33432 31564 
33503 33172 33120 31356 
33379 32873 32715 31377 
33154 32557 32341 31648 
32844 32261 32032 32101 
32480 31988 31806 32604 
32102 31764 31701 33101 
31809 31675 31770 33557 
31648 31725 31972 33888 
31638 31896 32254 33997 
31792 32151 32586 33900 
32093 32499 32923 33653 
32440 32832 33150 33245 
32805 33144 33259 32774 
33196 33449 33312 32345 
33522 33655 33276 31999 
33677 33676 33112 31727 
33721 33591 32968 31658 
33608 33355 32817 31722 
33352 33021 32698 31898 
33038 32687 32667 32138 
32713 32398 32689 32443 
32379 32144 32718 32698 
32111 32008 32744 32893 
31941 31978 32732 33026 
31919 32101 32711 33113 
32007 32294 32643 33144 
32170 32512 32528 33134 
32394 32726 32411 33100 
32634 32880 32287 33052 
32825 32944 32175 32987 
32992 32961 32163 32954 
33059 32888 32206 32888 
33079 32796 32353 32832 
33056 32724 32595 32772 
32969 32654 32854 32672 
32851 32623 33100 32541 
32732 32642 33306 32389 
32666 32742 33440 32279 
32646 32868 33485 32186 
32640 32969 33396 32096 
32695 33095 33242 32088 
32761 33175 33035 32161 
32809 33138 32768 32296 
32770 32961 32476 32459 
32738 32689 32257 32706 
32615 32353 32056 32951 
32457 31976 31915 33155 
32315 31687 31863 33339 
32236 31587 31917 33471 
32216 31678 32056 33526 
32282 31961 32295 33473 
32462 32425 32593 33362 
32689 32961 32906 33139 
32904 33471 33156 32828 
33156 33942 33425 32501 
33370 34226 33603 32181 
33467 34240 33655 31856 
33452 33993 33584 31624 
33325 33520 33414 31542 
33070 32893 33140 31566 
32770 32223 32827 31751 
32453 31635 32525 32073 
32147 31227 32232 32475 
31907 31010 31961 32857 
31821 31115 31821 33295 
31888 31490 31804 33667 
32078 32053 31899 33912 
32363 32676 32073 33979 
32666 33284 32307 33898 
32933 33762 32550 33655 
33114 34024 32778 33321 
33204 34038 32953 32930 
33166 33801 33077 32512 
33092 33429 33177 32172 
32945 32944 33187 31894 
32779 32444 33156 31708 
32691 32064 33145 31692 
32626 31788 33104 31747 
32646 31728 33101 31903 
32667 31827 33057 32076 
32745 32095 33017 32314 
32803 32443 32926 32535 
32868 32850 32850 32779 
32830 33151 32672 32917 
32752 33390 32486 33066 
32627 33483 32280 33180 
32489 33423 32091 33262 
32319 33194 31919 33302 
32247 32897 31878 33347 
32209 32536 31894 33324 
32322 32274 32071 33317 
32492 32099 32335 33239 
32702 32045 32635 33096 
32948 32127 32985 32911 
33174 32336 33310 32673 
33332 32626 33584 32417 
33363 32888 33731 32155 
33279 33091 33733 31908 
33077 33210 33606 31736 
32841 33236 33380 31644 
32565 33140 33040 31676 
32339 32969 32670 31818 
32188 32771 32307 32078 
32139 32565 32014 32420 
32179 32384 31807 32803 
32263 32232 31691 33174 
32363 32142 31695 33531 
32552 32196 31870 33865 
32723 32318 32134 34057 
32898 32536 32494 34141 
33009 32752 32843 34021 
33054 32942 33149 33711 
33075 33120 33422 33280 
33052 33233 33607 32725 
33009 33274 33694 32146 
32940 33208 33633 31584 
32840 33058 33438 31151 
32774 32874 33186 30937 
32685 32643 32854 30909 
32654 32494 32564 31189 
32604 32363 32269 31665 
32565 32293 32055 32301 
32501 32277 31918 32980 
32429 32311 31885 33626 
32395 32412 31993 34157 
32388 32541 32168 34442 
32446 32691 32417 34512 
32553 32842 32659 34314 
32696 32995 32902 33916 
32844 33072 33074 33316 
33010 33140 33208 32691 
33156 33164 33301 32125 
33220 33119 33308 31634 
33160 32977 33219 31322 
33025 32795 33065 31197 
32837 32600 32897 31312 
32602 32402 32715 31631 
32390 32243 32560 32107 
32194 32095 32395 32574 
32127 32052 32314 33096 
32139 32064 32263 33489 
32288 32208 32313 33803 
32522 32434 32399 33896 
32801 32747 32549 33817 
33108 33117 32737 33573 
33312 33432 32884 33190 
33446 33704 33035 32742 
33480 33856 33175 32312 
33376 33820 33241 31930 
33135 33602 33222 31670 
32801 33196 33088 31584 
32461 32695 32901 31691 
32194 32223 32708 31990 
32016 31810 32503 32382 
31974 31545 32339 32826 
32033 31459 32221 33232 
32189 31571 32169 33568 
32465 31903 32260 33818 
32772 32335 32426 33877 
32975 32744 32573 33732 
33106 33114 32709 33448 
33152 33411 32829 33079 
33126 33573 32908 32668 
33018 33589 32925 32272 
32884 33458 32918 31958 
32711 33213 32865 31752 
32593 32940 32848 31714 
32509 32635 32827 31800 
32565 32485 32920 32046 
32599 32343 32965 32297 
32730 32348 33051 32580 
32859 32422 33081 32805 
32988 32567 33083 32976 
33068 32710 33026 33084 
33094 32843 32902 33139 
33023 32885 32710 33135 
32843 32844 32471 33102 
32633 32761 32263 33101 
32388 32627 32079 33096 
32149 32458 31945 33064 
32020 32370 31934 33072 
31972 32316 32012 33022 
32086 32374 32226 32974 
32290 32496 32490 32869 
32597 32681 32836 32716 
32933 32892 33169 32532 
33219 33058 33434 32304 
33465 33215 33635 32119 
33599 33297 33685 31977 
33609 33309 33638 31896 
33512 33243 33478 31926 
33262 33077 33194 32018 
32968 32887 32891 32210 
32634 32650 32546 32453 
32337 32455 32268 32777 
32080 32271 32012 33085 
31907 32129 31836 33373 
31812 32053 31745 33610 
31895 32110 31829 33804 
32051 32222 31979 33858 
32260 32353 32190 33784 
32527 32535 32492 33609 
32835 32733 32853 33368 
33072 32863 33166 32953 
33269 32963 33448 32494 
33456 33094 33683 32043 
33551 33202 33820 31667 
33543 33275 33795 31336 
33432 33315 33637 31153 
33220 33311 33352 31136 
33016 33320 33019 31364 
32741 33226 32607 31743 
32532 33106 32250 32302 
32336 32917 31948 32907 
32192 32656 31748 33515 
32127 32382 31695 34051 
32142 32139 31825 34431 
32155 31873 31994 34538 
32200 31696 32255 34411 
32267 31647 32548 34058 
32375 31729 32844 33589 
32452 31885 33032 32967 
32597 32181 33189 32390 
32769 32568 33270 31874 
32980 33014 33282 31489 
33156 33400 33207 31287 
33352 33748 33116 31286 
33486 33971 33037 31449 
33568 34022 32987 31762 
33499 33873 32925 32093 
33348 33595 32901 32444 
33099 33232 32888 32775 
32776 32789 32811 32988 
32466 32405 32747 33196 
32214 32102 32651 33339 
32014 31899 32514 33415 
31917 31810 32339 33452 
31906 31803 32172 33420 
32005 31900 32049 33357 
32216 32116 32038 33351 
32459 32333 32118 33278 
32717 32560 32283 33151 
32957 32777 32535 33011 
33112 32938 32805 32801 
33197 33037 33087 32551 
33255 33162 33354 32307 
33221 33202 33528 32053 
33115 33182 33564 31803 
33043 33227 33544 31687 
