33114 32800 33360 31710 
33114 32800 33360 31710 
32874 32407 33193 31614 
32642 32080 32972 31704 
32408 31821 32685 31907 
32230 31687 32421 32221 
32120 31742 32204 32598 
32122 31943 32092 32970 
32194 32244 32084 33292 
32351 32628 32187 33522 
32562 33040 32373 33606 
32794 33431 32642 33551 
33034 33749 32940 33381 
33176 33837 33142 33015 
33268 33784 33297 32647 
33311 33586 33383 32300 
33270 33260 33343 32000 
33124 32845 33191 31815 
32967 32440 32977 31809 
32758 32080 32722 31949 
32577 31879 32488 32258 
32420 31811 32313 32648 
32279 31867 32192 33029 
32174 32021 32139 33344 
32170 32270 32200 33598 
32191 32520 32311 33658 
32297 32753 32484 33567 
32415 32879 32606 33302 
32570 32947 32731 32974 
32733 32951 32814 32600 
32853 32890 32858 32247 
32970 32820 32871 31998 
33076 32802 32873 31910 
33133 32813 32862 31943 
33173 32891 32900 32130 
33154 33002 32942 32365 
33131 33163 33014 32661 
33040 33272 33048 32884 
32911 33305 33059 33027 
32795 33311 33085 33128 
32599 33136 33003 33058 
32414 32858 32867 32910 
32293 32555 32718 32752 
32235 32250 32569 32634 
32196 31921 32370 32492 
32230 31701 32210 32444 
32310 31627 32086 32470 
32447 31705 32068 32606 
32604 31903 32114 32757 
32777 32198 32237 32927 
32916 32541 32416 33059 
33066 32950 32668 33159 
33157 33318 32905 33141 
33210 33607 33113 33022 
33236 33809 33297 32845 
33212 33886 33430 32631 
33142 33800 33467 32399 
33019 33595 33430 32232 
32791 33223 33246 32079 
32549 32808 33031 32061 
32289 32367 32747 32128 
32081 32002 32472 32350 
31930 31734 32222 32627 
31860 31605 32016 32908 
31900 31616 31895 33172 
32082 31819 31933 33404 
32392 32105 32088 33514 
32743 32464 32320 33500 
33120 32850 32626 33355 
33465 33190 32942 33074 
33843 33648 33444 32353 
33776 33658 33527 32013 
33557 33541 33495 31788 
33229 33315 33359 31715 
32813 32989 33120 31804 
32340 32595 32805 31999 
31992 32295 32555 32366 
31744 32069 32318 32782 
31636 31949 32152 33167 
31685 31959 32055 33481 
31902 32121 32065 33678 
32210 32388 32161 33725 
32596 32713 32336 33642 
32952 32993 32526 33390 
33272 33238 32740 33069 
33509 33383 32935 32693 
33613 33410 33106 32340 
33571 33285 33200 32026 
33427 33091 33260 31845 
33143 32769 33198 31742 
32839 32432 33094 31804 
32514 32111 32930 31978 
32235 31852 32719 32239 
32060 31749 32543 32590 
31982 31787 32384 32954 
31999 31980 32256 33266 
32119 32343 32232 33507 
32344 32821 32298 33646 
32580 33303 32434 33639 
32846 33793 32641 33509 
33059 34064 32856 33249 
33170 34061 33006 32852 
33247 33891 33150 32498 
33248 33509 33227 32137 
33173 33002 33214 31879 
33065 32438 33113 31720 
32955 31933 32969 31737 
32819 31561 32757 31865 
32677 31387 32547 32116 
32581 31442 32377 32475 
32475 31656 32231 32813 
32404 32061 32173 33188 
32356 32519 32204 33451 
32366 32993 32336 33635 
32347 33345 32469 33605 
32459 33648 32712 33511 
32541 33736 32912 33234 
32637 33624 33052 32886 
32715 33366 33131 32531 
32808 33035 33142 32250 
32819 32628 33033 32036 
32851 32319 32895 32006 
32829 32090 32679 32097 
32792 32032 32495 32310 
32803 32145 32380 32593 
32794 32376 32340 32864 
32792 32634 32379 33073 
32854 32927 32553 33207 
32898 33140 32779 33198 
32899 33203 32993 33024 
32881 33134 33183 32758 
32879 32986 33334 32490 
32802 32714 33327 32187 
32753 32467 33241 32042 
32658 32232 33005 31968 
32562 32091 32697 32055 
32524 32138 32424 32318 
32485 32296 32149 32672 
32484 32550 31973 33048 
32486 32860 31907 33396 
32510 33158 31964 33627 
32580 33423 32155 33755 
32655 33599 32438 33707 
32728 33583 32757 33481 
32798 33414 33047 33150 
32830 33092 33291 32714 
32893 32717 33485 32294 
32916 32315 33555 31923 
32907 31935 33484 31631 
32902 31698 33316 31530 
32844 31605 33032 31574 
32830 31735 32736 31825 
32778 31997 32428 32179 
32714 32346 32156 32621 
32690 32804 32021 33143 
32584 33137 31927 33523 
32529 33446 31982 33821 
32530 33667 32193 33969 
32508 33706 32437 33864 
32539 33645 32753 33600 
32585 33457 33040 33188 
32642 33188 33271 32681 
32742 32898 33424 32176 
32826 32600 33483 31769 
32916 32340 33424 31498 
32932 32105 33240 31409 
32899 31910 32952 31504 
32875 31855 32670 31842 
32855 31942 32449 32321 
32772 32042 32244 32818 
32688 32218 32098 33302 
32616 32453 32076 33722 
32570 32707 32152 33993 
32546 32951 32312 34035 
32537 33132 32491 33851 
32610 33309 32715 33537 
32672 33433 32907 33106 
32757 33465 33029 32598 
32869 33491 33127 32137 
32959 33439 33161 31724 
32999 33288 33117 31458 
32999 33088 33042 31399 
32936 32817 32954 31528 
32792 32483 32829 31793 
32620 32134 32714 32189 
32433 31829 32599 32672 
32277 31592 32495 33163 
32120 31457 32357 33570 
32097 31533 32299 33905 
32169 31771 32297 34073 
32350 32155 32357 34063 
32595 32626 32454 33870 
32874 33135 32585 33508 
33175 33633 32770 33024 
33441 34029 32958 32495 
33645 34259 33163 31988 
33698 34266 33301 31549 
33620 34067 33367 31239 
33395 33679 33356 31138 
33030 33123 33217 31226 
32589 32478 32966 31493 
32203 31929 32723 31994 
31885 31468 32448 32529 
31655 31212 32182 33109 
31621 31176 32004 33635 
31788 31420 31980 34088 
32058 31812 32053 34289 
32406 32294 32217 34298 
32770 32792 32447 34100 
33089 33220 32694 33713 
33287 33503 32878 33208 
33389 33627 33025 32663 
33383 33602 33118 32203 
33249 33424 33126 31820 
33075 33183 33082 31598 
32858 32910 32984 31523 
32681 32689 32900 31598 
32538 32558 32830 31792 
32485 32518 32817 32035 
32501 32585 32808 32308 
32561 32710 32825 32558 
32651 32838 32846 32781 
32719 32898 32818 32925 
32766 32893 32771 33048 
32799 32806 32718 33152 
32750 32599 32598 33218 
32696 32362 32501 33346 
32589 32074 32369 33512 
32480 31834 32250 33725 
32440 31745 32218 33887 
32485 31872 32273 33797 
32563 32128 32391 33269 
32677 32524 32567 32301 
32829 33033 32791 31100 
32916 33486 32955 30071 
32996 33916 33122 29671 
33050 34177 33246 30145 
33070 34235 33310 31446 
33053 34065 33308 33291 
32970 33661 33213 35069 
32831 33071 33037 36332 
32664 32419 32841 36851 
32517 31782 32640 36589 
32414 31286 32449 35592 
32364 31031 32257 34079 
32394 31077 32136 32229 
32406 31353 32064 30245 
32343 31733 32074 28392 
32214 32150 32170 27010 
32095 32542 32359 26457 
32146 32972 32585 26926 
32447 33494 32822 28511 
32992 34095 33084 31094 
33548 34608 33292 34349 
34010 34854 33460 37630 
34261 34520 33535 40363 
34268 33585 33496 41968 
33839 32510 33355 42021 
32864 32115 33207 40423 
31463 32697 32902 37216 
30511 33654 32485 33016 
30889 33640 32033 28509 
32964 31493 31720 24524 
35794 27421 31752 21730 
37569 23592 32269 20687 
36173 23339 33067 21750 
31112 28590 33626 24666 
24003 38271 33406 29047 
18343 48559 32145 34122 
17768 54350 30279 39037 
24215 51600 28840 43068 
36063 39998 29092 45383 
48866 24034 31620 45677 
57925 9612 35707 43867 
59311 2617 39731 40313 
52291 5545 41829 35499 
39459 16419 40553 30268 
25117 30439 36171 25550 
13769 42853 30361 22108 
7473 51626 25245 20396 
6337 56643 22523 20582 
9295 59067 22872 22681 
14733 59513 25594 26228 
21659 57599 29163 30459 
29973 52093 32525 34825 
39817 41839 35142 38663 
50847 27014 37179 41344 
61924 9336 39120 42602 
65388 286 41089 42273 
65504 66 42602 40613 
65535 15 42910 37928 
65535 0 41287 34760 
50091 13292 37403 31580 
29650 31897 31615 28851 
8759 52380 25045 26968 
214 65110 19369 26187 
19 65477 15820 26400 
6 65532 15345 27463 
7503 65535 18270 29109 
19144 65535 24302 31071 
34559 52312 32055 32935 
48777 31136 40005 34416 
59230 8752 46577 35375 
63754 237 50482 35799 
61230 38 51093 35672 
52324 10 48650 35193 
38419 40 43954 34490 
21861 15048 37909 33706 
5690 32174 31443 33081 
171 50470 24972 32638 
41 64670 19326 32422 
19 65461 15156 32381 
7202 65523 13471 32461 
21196 65535 15147 32515 
38120 65455 20695 32535 
54409 45307 29247 32410 
65052 24517 38732 32175 
65471 4716 46951 31852 
65506 163 52026 31548 
65511 49 52757 31333 
65380 32 49260 31298 
48743 386 42886 31469 
33005 13903 35347 31897 
18550 27699 28242 32467 
7471 41726 22801 33088 
873 54035 19546 33729 
93 62408 18717 34248 
104 65407 19978 34551 
9130 64349 22980 34628 
19353 54826 27251 34398 
30939 41687 32404 33959 
41076 26536 37465 33366 
47813 12767 41873 32742 
49991 3764 44811 32170 
48014 1234 45634 31729 
43579 4828 43879 31444 
39211 12230 39662 31357 
36827 20641 33732 31466 
36599 28252 27371 31685 
37220 35296 21931 31997 
36729 42711 18581 32248 
34150 50998 18247 32524 
29843 59067 21109 32735 
25834 63798 26459 32867 
24076 62539 33133 32941 
25562 54398 39807 33008 
29664 40539 45063 33051 
34646 24137 47899 33186 
37946 10358 47691 33310 
38236 2779 44798 33449 
35255 2855 39950 33526 
30189 9611 34155 33601 
24854 20513 28273 33525 
21389 32036 23278 33337 
20926 41719 19653 33070 
23492 48039 17806 32668 
28405 50686 18166 32273 
34338 49816 20930 31815 
40016 46249 26085 31468 
44375 40799 32711 31297 
47010 34083 39710 31323 
47765 26643 45531 31483 
46821 19497 48699 31829 
44275 14066 48395 32361 
39985 12194 44511 32931 
34058 15165 38361 33473 
26784 22994 31655 33940 
19086 34125 26084 34227 
12615 45929 23002 34282 
9026 55844 22707 34101 
9681 61230 24653 33741 
14544 61237 27535 33219 
22745 56109 30195 32627 
32814 46667 31910 32026 
43470 33958 32807 31548 
53100 19679 33357 31257 
60732 5445 34266 31208 
64694 199 35660 31368 
63848 50 37271 31758 
56428 1 38254 32263 
43009 9322 37790 32797 
25894 26798 35832 33330 
8494 47143 32873 33724 
229 64440 30026 33952 
14 65484 28371 33985 
9 65535 28547 33805 
11324 65526 30377 33472 
25549 65354 32959 33034 
39603 47700 35210 32607 
51058 31775 36160 32181 
58228 17534 35377 31862 
60609 6282 33254 31663 
58540 289 30671 31668 
52559 91 28567 31852 
43529 71 27680 32149 
33073 6027 28226 32505 
23191 16362 30002 32900 
14929 29572 32413 33255 
8928 44065 34865 33519 
5378 58113 36851 33608 
4932 65287 38054 33598 
8364 65484 38294 33417 
16473 65531 37619 33117 
28875 65535 36096 32725 
44111 55298 33951 32383 
58246 35734 31449 32042 
65312 16903 29084 31856 
65528 4056 27232 31787 
65310 138 26266 31867 
50162 1121 26423 32084 
37183 8881 27750 32432 
27959 15497 29918 32791 
23494 20949 32577 33156 
22067 26089 35203 33413 
21037 32687 37480 33571 
18579 41948 39131 33610 
14815 52506 39839 33452 
11585 61942 39671 33237 
10996 65403 38464 32886 
14657 65513 36366 32562 
22647 56811 33448 32302 
33189 41831 29938 32023 
43880 24505 26690 31911 
52802 8199 24281 31929 
58286 261 23336 32056 
59449 56 24118 32271 
56124 36 26553 32612 
49043 7979 29787 32868 
40021 21284 33178 33190 
30382 36866 36108 33389 
21807 51752 38415 33507 
15507 63040 40030 33493 
12166 65431 41055 33341 
12089 65498 41298 33097 
14793 65383 40346 32730 
19851 51596 38064 32434 
26272 37376 34435 32101 
33297 22614 30161 31877 
40192 9106 26274 31757 
45843 436 24017 31786 
49842 98 23900 31952 
51616 67 25678 32265 
50580 140 28382 32645 
46258 13133 30931 33066 
38871 28224 32477 33413 
29309 45678 33017 33683 
19476 62340 33159 33756 
12050 65414 33789 33704 
9414 65529 35391 33477 
12697 65535 37705 33155 
20803 65528 39833 32777 
31220 51301 40755 32441 
40979 32718 39667 32150 
47805 15890 36530 32006 
50311 4428 32291 31980 
48990 183 28178 32071 
45094 75 25452 32220 
40070 4732 24811 32408 
34984 13697 26217 32593 
30353 24981 28845 32730 
26333 37038 31601 32782 
22886 48465 33678 32772 
20410 57433 34735 32731 
19593 62043 34861 32667 
21195 60811 34533 32629 
25280 53778 34193 32638 
31143 42272 34157 32749 
37331 29023 34392 32904 
42298 17030 34681 33104 
44917 8869 34704 33305 
44727 6174 34283 33453 
42112 8552 33318 33470 
37944 14983 32046 33347 
33273 24081 30880 33164 
28793 34382 30114 32801 
25473 44268 30237 32419 
23968 51957 31235 32064 
24488 55948 32720 31730 
27173 55176 34168 31546 
31482 49488 34946 31507 
36097 40268 34742 31658 
39441 30137 33651 31962 
40641 21468 32195 32357 
39454 16110 30887 32805 
36463 14711 30190 33249 
32456 16905 30164 33630 
28437 21779 30697 33937 
24836 28323 31469 34040 
22140 35778 32337 33956 
21032 43220 33320 33761 
22154 49228 34389 33407 
26006 51952 35428 32933 
31972 50010 36162 32448 
39220 43343 36327 32023 
46255 32818 35697 31649 
51617 20579 34325 31373 
54227 9465 32564 31311 
53073 2939 30846 31410 
47920 3578 29638 31671 
38887 11776 29174 32068 
27184 25885 29525 32519 
14920 42415 30554 33004 
5002 57414 31883 33424 
883 65245 33214 33784 
3622 65494 34025 33934 
12411 65491 34194 33958 
24738 54408 33688 33836 
37830 41758 32809 33548 
48812 28886 32048 33210 
56545 16957 31802 32817 
60499 7038 32229 32431 
60518 595 33100 32125 
56458 85 33972 31840 
48880 61 34448 31697 
38636 10337 34414 31710 
27144 23271 33968 31821 
16229 38133 33459 31999 
7661 52704 33176 32264 
3272 63996 33139 32575 
3592 65437 33069 32884 
8652 65504 32610 33163 
17905 65526 31617 33386 
30313 56070 30289 33524 
43925 38458 29114 33532 
56164 19880 28768 33437 
64389 4388 29595 33287 
65479 122 31414 33055 
65014 30 33638 32749 
51494 5977 35588 32457 
37236 17029 36626 32209 
23154 30895 36629 32026 
11823 44003 35936 31943 
4922 54115 34922 31933 
3176 59798 33900 32040 
6533 60043 32870 32247 
14110 54621 31809 32473 
24732 44491 30758 32749 
35957 32155 30047 33011 
46148 19675 29939 33202 
53567 9601 30569 33308 
56890 4007 31789 33383 
55540 3889 33046 33364 
50174 9019 33746 33239 
42946 17742 33710 33114 
35588 27946 33067 32963 
29218 37997 32238 32806 
23870 47182 31625 32647 
19223 55051 31455 32529 
15202 61009 31542 32374 
12676 64193 31810 32241 
13115 63234 32234 32123 
17531 57092 33059 32044 
25736 45456 34446 31999 
36052 29708 36275 31986 
45387 14092 37903 32126 
51804 1557 38515 32324 
53868 92 37493 32552 
51580 45 34835 32814 
45960 5748 31161 33127 
38918 15220 27671 33429 
32059 28036 25382 33691 
26467 40434 24765 33827 
22732 50417 25688 33787 
20995 56671 27648 33606 
21274 58463 30063 33384 
22952 56270 32483 32993 
25387 51213 34945 32585 
28017 44596 37506 32184 
30552 37146 39919 31822 
33169 29352 41645 31608 
35891 21638 41893 31516 
38549 14719 40321 31592 
40452 10075 37027 31783 
40874 9343 32670 32074 
39608 13485 28196 32437 
37251 21637 24697 32792 
34944 31229 22799 33112 
33547 39785 22626 33403 
33065 45333 23938 33603 
32855 47581 26481 33774 
31727 47451 29941 33736 
29125 46575 34122 33657 
25593 45822 38211 33452 
22485 44721 41717 33207 
21360 41861 43772 32864 
23257 36139 43697 32484 
28053 27667 41195 32118 
34117 18363 36570 31771 
39627 11272 31050 31542 
43459 8636 25919 31448 
45055 11321 22545 31461 
44744 18712 21894 31698 
42856 28581 24060 32049 
39791 38327 28217 32478 
35600 46425 33048 32957 
30485 51889 37147 33380 
25147 54339 39634 33761 
20584 53725 40228 34034 
17916 49951 39293 34093 
18110 43538 37546 33995 
21233 34957 35495 33696 
26732 25337 33339 33291 
33357 16169 30897 32765 
39900 9217 28111 32256 
44978 6374 25278 31801 
47766 8502 23247 31444 
48098 15422 22970 31315 
45979 25748 25077 31407 
41576 37408 29385 31681 
35248 48396 35064 32126 
28018 56336 40475 32624 
20956 60398 44372 33150 
15336 60183 45884 33522 
12656 56104 44968 33797 
13941 48155 41783 33843 
19519 37445 37129 33709 
28265 24952 31733 33378 
38676 12306 26340 32946 
48525 2050 21784 32506 
55480 99 18914 32122 
57544 32 18436 31824 
53956 8296 20745 31696 
45621 22228 25541 31802 
34582 38076 31770 32053 
23652 52447 37989 32388 
15225 62545 42874 32777 
11174 65423 45315 33135 
11823 65366 44949 33421 
16025 55877 42355 33556 
22437 44585 38433 33514 
29758 31843 34181 33364 
36960 19610 30346 33115 
42836 10657 27489 32826 
46849 6247 25600 32523 
48806 6833 24842 32376 
48536 11419 25181 32215 
46274 18660 26902 32207 
42154 26750 29848 32240 
36710 34335 33451 32337 
30548 40850 36873 32447 
24728 45983 39077 32541 
20560 49354 39372 32609 
18827 50460 37543 32590 
19773 49197 34341 32628 
22219 45981 30849 32611 
24862 41935 28142 32616 
26660 38266 26896 32672 
27641 35554 27298 32766 
28956 33451 29076 32914 
32207 30624 31690 33086 
38110 25879 34700 33264 
45718 19170 37608 33382 
52638 12072 39948 33419 
56119 7127 41213 33412 
54205 6660 40702 33211 
47660 11224 38397 32959 
38609 19607 34451 32608 
29657 29775 29624 32269 
22206 40219 24753 31932 
16660 49822 21083 31672 
12105 58771 19360 31562 
8225 65165 20050 31634 
5957 65433 23146 31816 
7369 65503 28387 32114 
14491 65535 34836 32509 
27080 60619 41351 32902 
42914 39568 46780 33277 
58510 16894 50061 33583 
65345 553 50346 33796 
65524 48 47279 33847 
65535 18 41370 33763 
65515 32 33627 33580 
51126 10976 25489 33340 
34077 24276 18501 33042 
17926 38701 13958 32733 
5321 52125 12881 32391 
203 61833 15375 32085 
59 65405 20874 31831 
121 65507 28257 31651 
12918 55837 36143 31563 
27155 40584 43457 31640 
42666 21564 48736 31790 
56314 2596 51265 32042 
64971 148 50778 32355 
65503 41 47469 32700 
65496 2 41871 33073 
50800 6886 34670 33474 
33183 20699 27171 33730 
14295 41160 20509 33944 
567 61991 15857 33975 
27 65412 14208 33867 
0 65535 16028 33635 
8716 65535 21017 33264 
24632 65535 27951 32793 
41731 55236 35488 32350 
56294 35699 42191 31943 
64897 16533 46810 31647 
65483 2033 48633 31490 
65401 112 47471 31513 
54275 75 43786 31716 
42404 70 38407 32061 
29169 7853 32540 32482 
15580 19365 27176 32921 
3898 33750 23463 33288 
153 48988 21864 33568 
53 62041 22292 33686 
47 65421 24279 33609 
11521 65511 27073 33420 
24667 65515 30014 33042 
38740 56325 32926 32665 
51602 40520 35778 32349 
61921 23117 38400 32094 
65381 6576 40468 31983 
65479 207 41352 32031 
65514 42 40587 32217 
64799 7 38153 32515 
47052 9705 34475 32842 
28379 26665 30428 33137 
10747 45204 27313 33335 
359 60512 25771 33409 
26 65417 25981 33348 
44 65533 27415 33128 
12207 55945 29556 32845 
24315 41689 31766 32484 
35085 27458 33867 32192 
42313 16676 35602 31975 
45784 10460 36865 31901 
46636 7921 37463 31965 
46012 7917 37237 32182 
44508 9929 36111 32460 
42127 14541 34310 32861 
38114 22663 32066 33217 
32361 33921 30059 33499 
25067 47370 28616 33675 
17700 60682 28007 33722 
12577 65371 28355 33601 
12052 65521 29650 33323 
17501 65535 31814 32948 
28396 64057 34516 32492 
41323 41742 36999 32100 
53213 21063 38690 31757 
60768 4116 39045 31556 
61778 104 37715 31493 
56207 25 34877 31635 
45936 5436 31181 31890 
34134 16504 27719 32349 
23086 28895 25220 32837 
14361 39997 24206 33292 
8587 48552 24976 33730 
5494 54279 27248 33956 
5181 57168 30600 34038 
7832 57008 34430 33900 
14166 53124 38337 33601 
24405 44645 41863 33233 
38102 31245 44504 32766 
53000 14825 45540 32315 
64800 765 44264 31930 
65475 68 40365 31637 
65535 0 34089 31534 
65535 6043 26361 31589 
60320 20649 18689 31784 
42128 39725 13409 32065 
25150 57633 12075 32442 
11800 65317 15308 32832 
4160 65506 22474 33195 
2339 65506 31723 33525 
5152 65484 41131 33739 
10894 54368 48245 33795 
