32612 32263 33175 32622 
32612 32263 33175 32622 
32793 32658 33381 32287 
32965 33033 33462 31913 
33077 33350 33415 31596 
33188 33624 33303 31442 
33217 33727 33103 31413 
33150 33666 32835 31572 
32986 33426 32542 31888 
32827 33130 32323 32379 
32591 32687 32087 32874 
32393 32264 31973 33414 
32248 31887 31957 33894 
32180 31671 32066 34202 
32189 31629 32268 34296 
32298 31792 32552 34177 
32460 32092 32861 33836 
32661 32498 33150 33300 
32859 32968 33376 32686 
33035 33411 33515 32068 
33172 33730 33525 31530 
33213 33878 33415 31166 
33204 33818 33208 31042 
33073 33513 32895 31133 
32914 33078 32567 31469 
32742 32623 32312 32024 
32592 32182 32128 32642 
32449 31823 32018 33244 
32374 31620 32003 33765 
32368 31655 32116 34122 
32431 31885 32311 34233 
32572 32269 32589 34160 
32677 32710 32821 33844 
32761 33117 33024 33360 
32844 33476 33180 32830 
32889 33695 33256 32299 
32903 33745 33273 31856 
32833 33546 33160 31524 
32765 33230 33016 31416 
32650 32749 32785 31472 
32566 32286 32590 31758 
32514 31925 32442 32201 
32460 31629 32294 32631 
32468 31585 32240 33110 
32501 31726 32237 33503 
32632 32114 32366 33797 
32797 32639 32583 33915 
32966 33202 32818 33824 
33039 33633 32982 33481 
33132 33966 33160 33072 
33166 34066 33289 32601 
33128 33918 33338 32143 
32979 33450 33221 31700 
32786 32886 33031 31474 
32590 32268 32783 31431 
32455 31781 32570 31657 
32338 31411 32318 31991 
32278 31302 32130 32449 
32313 31490 32053 32980 
32426 31883 32070 33467 
32574 32429 32196 33857 
32707 32989 32386 34038 
32806 33511 32606 34005 
32879 33899 32858 33787 
32895 34035 33068 33370 
32891 33963 33234 32899 
32870 33698 33357 32428 
32827 33237 33362 31943 
32762 32663 33271 31597 
32687 32068 33088 31401 
32650 31585 32849 31420 
32630 31293 32605 31627 
32640 31252 32371 31999 
32640 31455 32180 32458 
32666 31881 32065 32949 
32697 32449 32054 33419 
32705 33071 32140 33774 
32714 33644 32335 33972 
32718 34080 32600 33970 
32709 34151 33122 33371 
32743 33847 33337 32917 
32807 33382 33467 32433 
32839 32805 33446 31955 
32923 32273 33362 31621 
32959 31826 33172 31470 
32923 31523 32882 31487 
32832 31439 32569 31689 
32730 31584 32301 32070 
32605 31887 32107 32532 
32478 32264 31991 33007 
32358 32642 31943 33393 
32340 33015 32054 33701 
32355 33287 32234 33827 
32466 33469 32512 33798 
32613 33503 32802 33585 
32760 33396 33067 33241 
32896 33193 33246 32824 
32998 32972 33337 32428 
33085 32769 33336 32111 
33088 32594 33215 31900 
33027 32461 33006 31847 
32902 32405 32745 31924 
32759 32426 32536 32160 
32608 32453 32374 32447 
32449 32485 32292 32741 
32335 32507 32319 32998 
32293 32516 32440 33174 
32346 32559 32640 33242 
32470 32595 32848 33190 
32622 32638 33006 32996 
32808 32699 33090 32750 
33046 32848 33145 32550 
33181 32950 33065 32355 
33251 33053 32891 32254 
33241 33128 32687 32262 
33169 33185 32502 32417 
32969 33140 32315 32595 
32755 33057 32237 32853 
32499 32874 32210 33063 
32261 32639 32272 33213 
32131 32447 32453 33327 
32059 32255 32645 33323 
32084 32113 32851 33198 
32181 32033 33010 32973 
32389 32078 33140 32709 
32663 32260 33224 32449 
32964 32538 33236 32203 
33231 32839 33164 32012 
33385 33117 33006 31914 
33437 33320 32800 31907 
33394 33438 32596 32065 
33216 33400 32408 32301 
32948 33203 32256 32605 
32636 32911 32173 32943 
32338 32570 32174 33246 
32117 32276 32257 33485 
32039 32111 32441 33650 
32027 32045 32623 33633 
32168 32161 32850 33516 
32373 32378 33031 33260 
32668 32696 33204 32939 
32932 32996 33271 32543 
33153 33259 33275 32165 
33263 33370 33181 31823 
33293 33377 33033 31641 
33217 33238 32840 31610 
33054 32974 32635 31735 
32837 32655 32461 32011 
32653 32362 32361 32406 
32454 32082 32266 32795 
32357 31945 32259 33194 
32330 31954 32291 33529 
32387 32118 32386 33722 
32555 32466 32536 33794 
32764 32895 32742 33698 
32895 33249 32856 33410 
32974 33532 32958 33046 
32976 33634 33019 32629 
32868 33501 32997 32243 
32675 33172 32921 31953 
32462 32694 32797 31803 
32276 32202 32710 31857 
32114 31726 32576 32008 
32097 31484 32514 32300 
32193 31487 32508 32627 
32400 31754 32564 32928 
32731 32247 32695 33184 
33090 32905 32843 33311 
33440 33578 32997 33287 
33697 34142 33105 33129 
33845 34461 33169 32882 
33793 34478 33155 32605 
33588 34180 33053 32364 
33214 33545 32854 32165 
32712 32730 32602 32075 
32235 31922 32400 32184 
31777 31171 32207 32370 
31458 30701 32098 32664 
31307 30572 32069 32973 
31407 30836 32156 33263 
31688 31435 32310 33445 
32150 32270 32544 33518 
32664 33135 32787 33446 
33183 33923 33006 33216 
33619 34464 33195 32905 
33912 34697 33329 32548 
34014 34609 33399 32220 
33887 34179 33344 31907 
33600 33554 33211 31732 
33195 32793 32995 31686 
32749 32061 32741 31833 
32350 31491 32509 32136 
31977 31115 32254 32513 
31767 31027 32074 32948 
31673 31195 31979 33359 
31771 31621 31995 33697 
31981 32195 32113 33867 
32297 32857 32367 33876 
32615 33417 32640 33635 
32934 33899 32967 33292 
33188 34118 33248 32798 
33339 34104 33438 32277 
33420 33892 33551 31825 
33366 33475 33513 31479 
33224 32954 33333 31319 
33068 32455 33090 31426 
32883 32016 32780 31746 
32712 31744 32484 32196 
32543 31601 32208 32712 
32408 31646 31993 33218 
32350 31848 31921 33684 
32342 32160 31970 33995 
32364 32531 32136 34087 
32451 32926 32410 33978 
32519 33243 32676 33637 
32590 33465 32926 33169 
32675 33605 33140 32650 
32792 33636 33315 32169 
32875 33521 33388 31754 
32927 33264 33340 31484 
32938 32909 33189 31409 
32949 32565 33002 31557 
32888 32219 32734 31856 
32807 31960 32490 32257 
32684 31809 32276 32714 
32558 31809 32137 33179 
32425 31914 32071 33613 
32370 32171 32133 34008 
32384 32507 32312 34300 
32474 32875 32578 34389 
32618 33209 32849 34088 
32788 33432 33092 33239 
32975 33566 33304 32012 
33187 33582 33466 30622 
33291 33426 33446 29450 
33318 33176 33319 29013 
33224 32860 33080 29577 
33053 32558 32780 31133 
32825 32326 32508 33296 
32529 32154 32242 35478 
32241 32077 32053 37207 
32009 32092 31974 38036 
31885 32194 32006 37848 
31954 32420 32165 36808 
32208 32730 32419 35037 
32561 33042 32672 32742 
32913 33298 32926 30196 
33144 33372 33156 27705 
33174 33176 33317 25737 
33062 32828 33406 24772 
32925 32408 33359 25024 
32946 32191 33255 26708 
33035 32182 33039 29609 
33131 32408 32762 33361 
33118 32674 32488 37430 
33031 32674 32243 41019 
32895 32368 32079 43363 
32550 32105 32047 44040 
31840 32536 32140 42791 
30924 33896 32299 39714 
30541 35538 32443 35149 
31536 35932 32574 29928 
34096 33793 32735 25047 
37230 29417 33117 21308 
39006 24934 33732 19335 
37523 23690 34455 19580 
32135 27984 34794 22089 
24656 36883 34132 26297 
18561 46798 32417 31600 
17534 52542 30101 37133 
23310 50261 28309 41932 
34743 39328 28240 45278 
47519 23490 30538 46512 
56606 9518 34515 45523 
58349 2834 38558 42520 
51975 5872 40787 38038 
39947 16605 39962 32832 
26042 30796 36039 27627 
14370 43940 30473 23389 
8036 52619 25705 20926 
6750 57271 23238 20369 
9459 59095 23650 21770 
14689 58956 26197 24741 
21862 56545 29764 28953 
30323 50674 32985 33439 
40043 40448 35366 37410 
50866 26005 37319 40493 
61542 9157 39116 42135 
65372 298 40929 42199 
65500 68 42362 40787 
65535 17 42626 38300 
65535 0 41023 35185 
49620 13760 37245 31970 
29550 31869 31681 29150 
8735 52289 25332 27154 
215 65101 19744 26206 
20 65476 16209 26367 
6 65531 15610 27403 
7615 65535 18429 29210 
18982 65535 24198 31299 
34329 52301 31708 33350 
48529 31228 39482 34995 
59073 9045 45975 36074 
63806 247 49891 36495 
61596 41 50650 36261 
52920 12 48421 35511 
39354 39 44043 34481 
23001 14856 38355 33296 
6987 31864 32200 32246 
208 50077 25979 31443 
43 64554 20410 31008 
22 65457 16100 30970 
6533 65521 14030 31232 
20382 65535 15233 31760 
36943 65455 20165 32366 
52882 46002 27943 32900 
64757 25445 36986 33284 
65457 5822 45188 33477 
65504 183 50543 33476 
65509 52 51819 33236 
65327 34 48940 32862 
48694 214 43260 32468 
33186 13570 36259 32091 
18937 27155 29643 31888 
7822 41331 24291 31814 
1290 53521 21031 31936 
103 61918 19974 32235 
4647 65270 20841 32656 
10037 63107 23326 33080 
20414 55104 27205 33523 
31787 42270 31859 33794 
41654 27533 36624 33927 
48040 14058 40817 33856 
49822 5117 43707 33581 
47542 2505 44627 33207 
42921 5733 43119 32728 
38563 12557 39262 32275 
36250 20099 33813 31916 
36016 26943 27797 31620 
36582 33442 22560 31500 
36088 40760 19265 31550 
33509 49266 18940 31777 
29467 57468 21629 32072 
25824 62775 26745 32448 
24495 62190 33253 32862 
26241 54522 39660 33211 
30495 40937 44814 33523 
35365 24699 47507 33761 
38326 11398 47172 33834 
38211 4188 44287 33785 
34941 4479 39586 33570 
29723 11158 33971 33286 
24523 21824 28355 32941 
21371 32800 23565 32551 
21282 41928 20077 32180 
24143 47705 18266 31839 
29144 49899 18601 31620 
35078 48773 21325 31522 
40501 45168 26275 31615 
44560 39704 32715 31801 
46846 33044 39498 32112 
47284 25786 45099 32477 
46006 18812 48135 32893 
43161 13784 47629 33315 
38836 12445 43857 33647 
32997 15905 37962 33856 
25906 24072 31612 33902 
18614 35395 26444 33788 
12538 47479 23578 33485 
9651 56994 23424 33125 
10803 61944 25208 32679 
16048 61397 27769 32224 
24344 55744 30057 31888 
34430 45558 31506 31653 
44649 32296 32239 31624 
53698 17723 32836 31811 
60585 3393 33834 32062 
63978 157 35487 32482 
62234 42 37293 32887 
54233 0 38358 33223 
40684 10778 38063 33505 
23707 28890 36239 33583 
6845 49427 33475 33506 
178 64871 30731 33245 
9 65506 29117 32890 
21 65535 29212 32486 
13367 65527 30809 32170 
27782 64890 32958 31921 
41536 46420 34646 31824 
52490 30166 35124 31927 
59003 15672 34121 32188 
60795 4440 32090 32562 
58187 188 29838 32958 
51710 86 28227 33280 
42411 69 27870 33529 
32098 7105 28914 33627 
22459 17928 30972 33548 
14548 31425 33513 33354 
8793 46026 35798 32988 
5476 59810 37492 32612 
5067 65331 38308 32243 
8671 65493 38132 31946 
16990 65535 37070 31793 
29630 65535 35280 31777 
44513 54297 32993 31925 
58171 34633 30543 32203 
65304 15123 28302 32610 
65525 2450 26726 32995 
58552 81 26081 33291 
48347 74 26610 33542 
36205 8005 28238 33652 
27685 15141 30772 33622 
23942 21081 33597 33387 
22944 26779 36261 33010 
21984 33980 38387 32593 
19424 43381 39732 32197 
15394 54211 40129 31858 
11931 63529 39468 31671 
11554 65447 37863 31675 
15395 65521 35354 31843 
23246 56220 32220 32163 
33506 40759 28775 32541 
44207 22827 25614 32985 
52860 6388 23498 33357 
57905 197 23069 33637 
58694 50 24401 33768 
55303 34 27164 33708 
48523 8994 30767 33533 
39543 22829 34393 33195 
30199 38347 37313 32800 
21999 52698 39417 32390 
16060 63186 40777 32081 
12894 65435 41346 31854 
12636 65496 41030 31737 
15073 59478 39628 31802 
19652 47653 36874 31953 
25746 33609 32997 32233 
32632 19282 28577 32565 
39592 6842 24903 32994 
45308 294 23109 33284 
49445 91 23604 33527 
51368 65 25973 33615 
50451 4942 29160 33529 
46244 17011 32265 33382 
38868 33181 34060 33092 
29518 50752 34635 32726 
20052 64814 34723 32383 
13007 65467 35096 32092 
10672 65535 36253 31890 
14067 65535 37986 31817 
21868 65521 39428 31876 
31679 48469 39698 32079 
40722 29700 38122 32369 
46718 13846 34820 32665 
48820 3268 30578 33013 
47308 140 26787 33257 
43546 75 24553 33434 
39000 6490 24501 33544 
34455 15895 26392 33511 
30437 27242 29406 33375 
26866 38964 32372 33122 
23731 49690 34545 32819 
21373 57581 35575 32503 
20601 60904 35656 32218 
22179 58397 35225 32050 
26123 50351 34758 31976 
31639 38450 34483 31994 
37544 25273 34482 32152 
42100 14309 34519 32384 
44256 8104 34374 32683 
43793 7321 33837 32954 
41119 11428 32866 33143 
36977 19251 31639 33228 
32471 29166 30597 33244 
28488 39252 30085 33103 
25643 48209 30376 32890 
24474 54455 31433 32635 
25340 56565 32918 32425 
28259 53611 34175 32250 
32456 45913 34678 32181 
36622 35553 34230 32243 
39465 24978 33029 32385 
40186 16822 31653 32640 
38692 12683 30604 32910 
35565 12965 30223 33148 
31764 16929 30546 33302 
27935 23436 31309 33341 
24582 31454 32291 33295 
22141 39935 33283 33126 
21295 47743 34253 32835 
22825 53169 35180 32564 
26889 54697 35952 32289 
33059 51279 36298 32103 
40145 42865 35938 31984 
46854 30580 34760 31956 
51655 17315 33056 32100 
53569 6035 31094 32295 
51995 329 29472 32612 
46494 35 28483 32886 
37283 11020 28468 33186 
25674 26452 29376 33409 
13912 43823 31008 33530 
4954 59028 32934 33536 
1600 65349 34615 33427 
5245 65506 35676 33196 
14505 65500 35709 32855 
26886 56251 34961 32552 
39376 43286 33669 32196 
49995 29606 32424 31939 
57168 16802 31698 31795 
60367 6277 31635 31741 
59626 315 32064 31850 
55043 75 32578 32063 
47160 62 32917 32383 
36584 10950 32962 32731 
25363 24155 32882 33070 
15099 39073 32989 33408 
7492 53301 33332 33609 
3757 64430 33841 33704 
4798 65452 34107 33676 
10428 65510 33730 33514 
19961 65529 32567 33207 
32168 53145 31003 32893 
45209 34998 29511 32506 
57062 16076 28857 32213 
64356 1488 29380 32014 
65479 69 30890 31903 
59574 26 32891 31940 
48479 6685 34642 32093 
34563 19577 35669 32298 
21235 33731 35921 32531 
10883 46855 35667 32764 
5053 56677 35227 32949 
4244 61753 34673 33017 
8335 60951 33964 32998 
16361 54751 33065 32978 
26748 44146 31925 32867 
37837 31126 30911 32733 
47780 17939 30412 32640 
54546 7515 30590 32590 
56868 2045 31311 32604 
54720 2225 32111 32659 
49139 7610 32573 32771 
41740 16847 32466 32905 
34451 27776 31989 33037 
28399 38413 31562 33145 
23246 48077 31427 33176 
18529 56444 31620 33116 
14336 63010 32048 32986 
11910 65396 32483 32755 
12896 65481 33013 32505 
18055 57462 33838 32228 
26725 45049 35130 31989 
37183 28973 36761 31848 
46555 12728 38079 31850 
52479 793 38270 31953 
54010 80 36894 32201 
51245 47 34020 32542 
45295 5148 30316 32926 
38241 16008 27100 33389 
31489 28716 25134 33713 
26079 40954 24859 33890 
22602 50625 26057 33880 
21173 56488 28184 33668 
21714 57903 30646 33331 
23552 55455 33084 32860 
26011 50321 35497 32310 
28554 43810 37942 31836 
31006 36461 40159 31496 
33430 28904 41526 31368 
35920 21265 41424 31415 
38234 14474 39533 31686 
39771 10177 36103 32161 
39819 9925 31721 32688 
38355 14442 27589 33186 
36190 22686 24580 33626 
34371 32254 23179 33934 
33550 40412 23381 34021 
33581 45544 24925 33858 
33650 47390 27509 33549 
32681 47235 30885 33163 
30126 46500 34677 32673 
26575 45904 38448 32202 
23344 44788 41615 31820 
22208 41741 43275 31609 
23974 35703 42793 31589 
28239 27045 40021 31722 
33651 17772 35418 32023 
38709 10580 29928 32440 
42099 8159 25105 32889 
43481 11204 22334 33301 
43241 18677 22281 33628 
41782 28473 24910 33787 
39217 38275 29341 33758 
35433 46654 34336 33555 
30775 52292 38275 33208 
25779 54919 40437 32757 
21506 54412 40671 32305 
19107 50803 39442 31915 
19399 44145 37340 31601 
22558 35379 35067 31505 
27875 25415 32704 31597 
34112 15988 30131 31887 
40050 8961 27323 32283 
44687 6037 24557 32761 
47195 8309 22727 33228 
47301 15437 22798 33584 
45120 25998 25334 33880 
40709 37711 29937 33932 
34592 48442 35641 33817 
27293 56311 41107 33514 
20280 59978 44749 33110 
14947 59471 46024 32713 
12603 55049 44771 32317 
14153 47246 41435 32000 
19855 36425 36582 31819 
28836 23845 31077 31801 
39192 11523 25793 31935 
48816 1812 21472 32160 
55428 87 18895 32389 
57335 32 18849 32659 
53660 9827 21562 32849 
45190 24561 26619 32954 
34339 40641 32833 32956 
23743 54802 38910 32932 
15818 64091 43434 32855 
12048 65456 45492 32776 
12613 65477 44780 32712 
16702 55610 41939 32777 
22825 43631 37796 32805 
29812 30352 33447 32933 
36478 18116 29694 33093 
42038 8998 26834 33196 
45775 4988 25134 33245 
47488 6085 24526 33185 
47250 11342 25142 33045 
45244 19049 27055 32823 
41497 27640 30149 32497 
36443 35580 33797 32191 
30663 42346 37200 31948 
25182 47427 39312 31757 
21314 50568 39518 31739 
19898 51212 37636 31820 
21009 49344 34473 32041 
23526 45498 30999 32303 
26095 40931 28327 32679 
27526 36899 27057 33028 
27970 34057 27400 33349 
28708 32024 29112 33621 
31501 29438 31652 33785 
37135 25013 34565 33819 
44661 18708 37389 33743 
51663 11973 39685 33552 
55064 7534 40791 33265 
53277 7613 40269 32894 
46924 12622 38007 32512 
38302 21330 34270 32137 
29785 31610 29678 31774 
22781 42013 25125 31539 
17369 51510 21645 31415 
12867 60010 20055 31452 
8884 65273 20705 31631 
6480 65442 23603 31920 
7811 65507 28426 32309 
14874 65535 34576 32803 
27644 55379 40882 33251 
43359 35191 46114 33641 
58771 12701 49331 33955 
65341 351 49705 34109 
65520 37 46954 34098 
65535 16 41331 33908 
65488 51 34012 33556 
50001 12548 26319 33128 
33062 26194 19649 32638 
17152 40690 15234 32150 
4968 53684 13985 31719 
186 63058 16031 31418 
58 65430 20866 31313 
97 65513 27536 31386 
12710 56108 34832 31628 
27004 40147 41663 32057 
42339 21013 46749 32541 
56168 1981 49489 33079 
64999 134 49529 33518 
65503 37 46926 33866 
65516 0 41993 34043 
51469 7666 35686 33991 
33775 21488 28815 33705 
15012 42009 22551 33290 
645 62910 17992 32791 
28 65435 16180 32208 
0 65535 17548 31745 
8590 65535 21755 31449 
24250 65535 27763 31296 
41054 53926 34465 31446 
55727 33415 40482 31785 
64453 14370 44670 32317 
65471 981 46382 32884 
65262 95 45517 33413 
53979 72 42494 33874 
41984 84 37891 34090 
28874 9525 32866 34108 
15644 21127 28305 33887 
4106 35423 25074 33520 
159 50076 23498 32977 
51 62464 23651 32462 
50 65425 25115 32025 
11312 65506 27258 31715 
24311 65510 29636 31551 
38282 53332 32208 31618 
51479 37302 34943 31848 
62353 19888 37701 32108 
65388 4681 40018 32478 
65481 162 41277 32802 
65516 37 40862 33011 
65467 8 38724 33184 
48517 11974 35145 33223 
30215 28817 31250 33200 
12413 46949 27969 33095 
622 61323 26080 32998 
36 65441 25687 32870 
32 65535 26632 32817 
10784 55831 28326 32785 
22515 41308 30328 32815 
32839 27331 32393 32830 
40099 16979 34396 32891 
44034 11080 36106 32875 
45602 8968 37376 32872 
45721 9408 37816 32778 
44936 11676 37272 32623 
43147 16135 35896 32468 
39684 23448 33927 32277 
34107 33907 31819 32096 
26604 46703 29981 31951 
18839 59313 28846 31942 
13341 65334 28583 32015 
12448 65519 29275 32247 
17336 65535 30776 32527 
27340 54438 32854 32871 
40167 34837 35051 33240 
51847 15035 36734 33586 
59409 732 37348 33876 
60655 48 36554 33958 
55718 21 34502 33909 
45984 7811 31597 33644 
34613 20376 28772 33298 
23939 33590 26731 32829 
15502 45003 25996 32301 
9730 53453 26781 31832 
6627 58380 28838 31396 
6170 60111 31755 31194 
8553 58628 35037 31182 
14430 53377 38254 31355 
24234 43608 41078 31716 
37767 28784 43160 32231 
52101 11964 43830 32825 
64334 428 42528 33395 
65465 56 38932 33876 
65532 0 33160 34218 
65535 4158 25888 34328 
56185 20099 18929 34229 
40062 38948 14229 33905 
23591 56767 13276 33436 
10953 65301 16708 32885 
4054 65505 23778 32301 
2857 65510 32979 31786 
6115 65480 41762 31382 
12177 52914 48411 31184 
