33509 33876 33313 32693 
33509 33876 33313 32693 
33554 33893 33305 32267 
33434 33690 33160 31941 
33158 33328 32899 31754 
32852 32899 32636 31777 
32514 32418 32370 31990 
32213 31973 32152 32337 
32012 31650 32038 32772 
31901 31493 32028 33196 
31956 31576 32176 33563 
32094 31785 32360 33742 
32354 32158 32647 33780 
32645 32603 32910 33602 
32939 33056 33136 33266 
33162 33416 33264 32808 
33365 33734 33367 32393 
33437 33857 33359 32021 
33375 33754 33233 31731 
33166 33435 32993 31564 
32917 33036 32749 31636 
32639 32565 32486 31890 
32401 32122 32271 32256 
32229 31774 32124 32687 
32146 31597 32054 33106 
32157 31634 32088 33476 
32282 31900 32233 33734 
32496 32333 32503 33847 
32721 32821 32791 33759 
32862 33224 33011 33465 
32990 33551 33221 33076 
33076 33759 33383 32655 
33103 33776 33457 32239 
33001 33553 33340 31812 
32918 33238 33200 31585 
32761 32799 32931 31497 
32668 32421 32694 31633 
32594 32080 32434 31925 
32559 31844 32227 32315 
32567 31779 32077 32766 
32617 31894 32048 33219 
32679 32121 32086 33579 
32743 32438 32231 33781 
32784 32795 32435 33821 
32821 33141 32712 33697 
32751 33347 32919 33396 
32674 33427 33116 33029 
32565 33370 33244 32632 
32457 33161 33268 32248 
32335 32842 33153 31949 
32321 32543 33001 31828 
32381 32285 32804 31867 
32501 32112 32586 32019 
32682 32092 32425 32291 
32918 32206 32353 32604 
33117 32406 32357 32870 
33272 32652 32450 33077 
33395 32952 32650 33199 
33378 33175 32836 33177 
33252 33308 32995 33045 
33077 33373 33120 32877 
32821 33290 33142 32658 
32557 33165 33096 32510 
32310 32945 32960 32404 
32104 32676 32741 32380 
32000 32442 32562 32482 
31998 32257 32383 32633 
32109 32144 32284 32829 
32282 32118 32235 33010 
32520 32175 32274 33153 
32807 32349 32401 33244 
33051 32543 32584 33219 
33254 32753 32770 33102 
33327 32904 32916 32855 
33338 33050 33063 32598 
33271 33159 33152 32313 
33113 33192 33153 32058 
32913 33133 33081 31873 
32715 33049 32962 31846 
32546 32909 32802 31947 
32378 32715 32613 32175 
32290 32547 32477 32556 
32227 32364 32363 32955 
32190 32197 32291 33332 
32252 32164 32339 33678 
32359 32196 32445 33878 
32510 32330 32617 33887 
32693 32559 32806 33699 
32883 32848 33015 33345 
33025 33091 33112 32840 
33166 33324 33188 32315 
33279 33499 33211 31851 
33283 33492 33099 31458 
33214 33376 32914 31269 
33110 33155 32721 31327 
32938 32846 32520 31611 
32744 32491 32356 32064 
32532 32151 32269 32608 
32376 31905 32280 33215 
32198 31725 32315 33695 
32118 31744 32426 34034 
32135 31899 32583 34149 
32247 32210 32766 34069 
32373 32584 32888 33725 
32591 33030 32992 33241 
32816 33452 33048 32691 
33055 33806 33099 32190 
33256 33992 33101 31758 
33334 33926 33032 31480 
33302 33647 32920 31403 
33173 33198 32779 31547 
32956 32640 32606 31877 
32722 32083 32469 32340 
32458 31583 32327 32823 
32228 31256 32225 33274 
32082 31182 32198 33654 
32064 31395 32274 33899 
32197 31860 32459 33944 
32369 32428 32675 33771 
32610 33064 32909 33437 
32885 33683 33136 32976 
33127 34151 33320 32462 
33376 34402 33460 32010 
33478 34366 33453 31627 
33471 34061 33335 31429 
33331 33513 33091 31404 
33066 32829 32752 31562 
32809 32181 32477 31946 
32532 31629 32224 32427 
32257 31270 32029 32930 
32047 31163 31938 33384 
31968 31343 31991 33771 
31990 31752 32144 33980 
32123 32272 32385 33999 
32336 32832 32669 33863 
32517 33250 32872 33521 
32681 33497 33008 33105 
32846 33571 33109 32704 
32956 33468 33121 32348 
33004 33197 33066 32054 
33045 32882 32976 31885 
33044 32579 32862 31820 
33098 32403 32815 31888 
33119 32345 32765 31996 
33161 32452 32787 32162 
33159 32624 32797 32285 
33154 32912 32865 32437 
33065 33144 32887 32546 
32943 33347 32898 32659 
32778 33460 32879 32816 
32504 33343 32751 32904 
32271 33124 32625 33089 
32011 32746 32448 33236 
31832 32305 32282 33394 
31758 31887 32192 33517 
31802 31544 32146 33566 
31978 31400 32189 33515 
32263 31461 32294 33341 
32660 31748 32500 33100 
33093 32215 32751 32778 
33504 32806 33023 32418 
33813 33405 33244 32057 
33947 33925 33414 31758 
33949 34298 33522 31612 
33709 34370 33471 31538 
33383 34227 33359 31672 
32936 33799 33120 31904 
32454 33197 32817 32223 
32020 32523 32470 32621 
31731 31886 32184 33074 
31565 31323 31927 33419 
31553 30996 31783 33719 
31721 30957 31795 33903 
32035 31210 31966 33922 
32398 31673 32233 33794 
32800 32317 32606 33530 
33172 33009 33010 33160 
33401 33593 33307 32658 
33625 34121 33628 32270 
33658 34355 33765 31875 
33527 34303 33722 31550 
33288 33995 33505 31365 
33005 33520 33187 31369 
32696 32965 32778 31546 
32459 32427 32376 31911 
32336 32018 32075 32394 
32279 31743 31872 32919 
32259 31588 31745 33393 
32342 31661 31821 33833 
32474 31878 32046 34119 
32583 32156 32364 34216 
32645 32443 32716 34088 
32677 32716 33058 33782 
32621 32913 33273 33268 
32571 33061 33409 32696 
32578 33213 33475 32143 
32606 33284 33409 31651 
32685 33280 33244 31312 
32826 33254 33053 31183 
32975 33170 32811 31253 
33131 33056 32593 31536 
33246 32926 32399 31982 
33268 32769 32249 32520 
33176 32587 32139 33054 
33015 32451 32115 33569 
32760 32287 32129 33938 
32465 32182 32215 34145 
32180 32114 32348 34150 
31996 32125 32551 33981 
31916 32204 32774 33637 
31923 32308 32953 33141 
32159 32530 33176 32635 
32480 32785 33359 32134 
32876 33068 33491 31698 
33233 33288 33490 31394 
33542 33474 33436 31288 
33695 33538 33283 31376 
33673 33481 33054 31622 
33480 33309 32741 31992 
33166 33082 32431 32451 
32772 32788 32145 32922 
32372 32507 31923 33353 
32070 32298 31831 33711 
31899 32182 31860 33940 
31842 32116 31986 33958 
31942 32138 32223 33831 
32169 32238 32518 33621 
32436 32334 32800 33357 
32720 32441 33040 33131 
32953 32503 33193 32965 
33118 32536 33255 32784 
33201 32581 33264 32438 
33180 32596 33200 31798 
33075 32627 33091 30906 
32897 32692 32955 30025 
32725 32825 32830 29502 
32600 33021 32743 29720 
32590 33322 32732 30825 
32654 33605 32746 32640 
32783 33833 32773 34694 
32913 33891 32783 36486 
33001 33743 32762 37609 
33014 33404 32687 37824 
32958 32920 32605 37147 
32844 32366 32487 35757 
32698 31830 32349 33849 
32561 31434 32253 31632 
32369 31180 32172 29327 
32151 31073 32199 27314 
31746 31259 32468 25520 
31838 31710 32687 26267 
32264 32513 32955 28244 
32882 33531 33194 31261 
33478 34585 33360 34950 
33928 35271 33479 38466 
34167 35299 33506 41243 
34148 34639 33421 42720 
33679 33832 33307 42563 
32633 33525 33104 40574 
31339 33893 32771 36989 
30741 34173 32356 32542 
31618 33047 31932 27934 
33996 29726 31637 23922 
36740 25126 31756 21311 
37893 21787 32338 20615 
35599 22910 33097 22035 
29743 29644 33495 25272 
22447 40197 33025 29860 
17463 50181 31642 34985 
18297 54529 29842 39817 
26265 49895 28936 43486 
38877 37182 30000 45237 
51309 21448 33189 44898 
58874 8764 37495 42531 
58351 4221 41193 38610 
49749 8811 42251 33691 
36219 20256 39869 28676 
22242 33528 34497 24416 
11846 44717 28160 21649 
7064 51952 23304 20866 
7220 55783 21266 21949 
10870 57406 22371 24721 
16569 57291 25572 28648 
23781 54796 29612 33114 
32403 48405 33232 37248 
42330 37517 36023 40403 
53150 22570 38304 42141 
63370 5975 40421 42324 
65414 212 42384 41039 
65513 52 43663 38499 
65535 10 43383 35257 
64722 2994 40901 31934 
43605 18612 36236 29059 
23063 37671 30006 26972 
2904 57959 23351 25964 
95 65312 17904 26085 
9 65502 15058 27158 
11 65535 15585 28996 
9436 65535 19391 31087 
24050 65535 26132 33220 
39657 46882 34185 34909 
53054 24640 41832 36015 
61870 3286 47700 36448 
64197 128 50677 36283 
59767 27 50386 35599 
48903 8 47207 34625 
33984 5845 42085 33546 
17357 20173 36073 32649 
2229 37672 29796 31956 
107 55253 23693 31548 
32 65217 18468 31476 
20 65492 14968 31594 
10995 65528 14198 31871 
26029 65535 16902 32167 
42425 56083 23156 32419 
57724 37224 32026 32543 
65302 16984 41133 32569 
65488 799 48432 32450 
65508 94 52110 32336 
65508 43 51412 32227 
57006 36 46750 32202 
42627 6965 39829 32298 
27359 19197 32324 32567 
14175 33175 25823 32918 
4814 46389 21309 33299 
413 57154 19191 33710 
84 63564 19414 33987 
5284 64625 21629 34077 
13794 60591 25354 33955 
24540 51091 30080 33604 
35814 37495 35266 33091 
45041 22746 40176 32478 
50157 10769 43936 31912 
50503 4052 45858 31427 
47016 3569 45361 31128 
41666 8295 42237 31060 
37111 15588 36980 31268 
34776 23007 30418 31700 
34574 29575 23899 32281 
35029 35774 18863 32918 
34282 42749 16433 33500 
31703 50465 17462 33957 
28081 57568 21726 34229 
25276 61248 28324 34237 
25071 59007 36125 34026 
27969 50034 43275 33556 
32699 36584 48279 32988 
37292 22168 50310 32406 
39662 10913 49061 31913 
38548 5810 44839 31540 
34124 7868 38533 31406 
28360 15265 31786 31541 
23193 25199 25428 31887 
20358 34851 20258 32331 
20730 42283 16931 32859 
24191 46558 15825 33325 
29572 47598 17326 33650 
35682 46060 21487 33783 
41231 42620 27876 33676 
45400 37797 35507 33393 
47739 31857 43092 32931 
48175 25605 48668 32452 
46880 19865 50981 32042 
43779 15910 49327 31679 
38870 15393 44185 31532 
32098 19359 36805 31624 
24253 27380 29376 31926 
16523 37811 23669 32353 
10649 48097 20913 32893 
8202 55839 21173 33396 
10253 59085 23724 33807 
16408 57418 27082 34037 
25439 51245 30080 33993 
35960 41599 32189 33773 
46431 29412 33460 33381 
55884 15737 34530 32872 
62773 2671 35865 32368 
65133 136 37474 31959 
62247 34 38787 31644 
53056 1 39083 31558 
38253 14342 37766 31652 
20539 33346 34946 31886 
4276 53199 31565 32194 
113 65160 28843 32574 
9 65513 27711 32877 
133 65533 28569 33105 
15400 65509 30989 33245 
29512 57525 33844 33279 
42586 44228 35851 33162 
52536 29650 36348 33066 
58387 16505 35035 32909 
59824 5497 32409 32781 
56844 246 29671 32745 
50302 89 27659 32717 
41452 70 27096 32785 
31639 6552 27988 32820 
22312 17558 30167 32913 
14739 31125 32813 32926 
9272 45929 35393 32868 
6146 59870 37434 32735 
6077 65331 38646 32560 
10022 65497 38843 32333 
18606 65535 38039 32133 
31294 65535 36374 31993 
45804 53388 34024 31922 
58529 34015 31364 31965 
65155 15789 28808 32161 
65383 4001 26761 32422 
55214 714 25807 32755 
43491 3541 26025 33099 
32803 8961 27397 33407 
26297 14466 29705 33685 
24029 19589 32553 33843 
23809 25386 35313 33839 
22923 33529 37660 33656 
20159 44274 39365 33398 
16175 55822 40200 33054 
13008 64881 40046 32677 
13090 65480 38751 32251 
17543 65530 36432 31895 
25767 57385 33242 31603 
36027 41048 29575 31420 
46203 22877 26221 31423 
54378 6263 23857 31571 
58822 176 23179 31846 
58705 47 24368 32213 
54442 35 26988 32627 
46868 9600 30376 33051 
37374 23217 33770 33470 
27508 38574 36665 33772 
18887 52785 38939 33997 
12969 62767 40521 34040 
10408 65422 41311 33911 
11114 65460 41152 33642 
14681 55963 39645 33248 
20449 44164 36698 32834 
27790 30140 32450 32428 
35371 16697 28025 32064 
42328 5647 24660 31795 
48113 240 23295 31698 
52044 84 24159 31690 
53553 60 26774 31859 
51811 7731 29997 32086 
46340 20785 32596 32336 
37712 37305 33982 32573 
27110 54813 34396 32763 
16995 65199 34610 32935 
10103 65492 35296 33006 
8689 65535 36831 33003 
13525 65535 38717 33017 
22685 65337 39901 32974 
33157 45039 39490 32961 
42168 26905 37143 32984 
47774 12089 33249 33025 
49394 2696 28873 33079 
47685 127 25377 33166 
43822 94 23895 33177 
39235 7741 24699 33110 
34577 16977 27254 32969 
30091 28026 30549 32748 
25864 39525 33519 32485 
22116 50135 35480 32183 
19709 57601 36212 31931 
19499 60388 36037 31758 
22012 57524 35459 31723 
27038 49382 34922 31808 
33668 37615 34644 32012 
39946 25363 34566 32318 
44436 15400 34466 32706 
46137 9643 34026 33032 
44905 8812 33166 33338 
41243 12528 31921 33556 
36261 19486 30617 33677 
30964 28311 29649 33721 
26179 37646 29343 33592 
22851 46236 30031 33432 
21606 52505 31539 33180 
23016 54767 33403 32892 
26843 52282 34879 32586 
32202 45621 35507 32322 
37521 36363 35048 32071 
41412 26769 33754 31863 
42724 19348 32192 31712 
41459 15634 31018 31694 
38259 15622 30557 31803 
33913 18619 30671 31940 
29186 23870 31196 32150 
24669 30793 31974 32465 
21209 38481 32823 32811 
19656 45543 33731 33157 
20704 50625 34669 33491 
24713 52075 35454 33759 
31215 48800 35838 33910 
39178 40721 35486 33902 
46685 29502 34373 33744 
52326 17441 32690 33457 
54895 7600 30900 33055 
53412 3005 29501 32605 
47287 5907 28892 32135 
37214 15927 29232 31737 
24690 30668 30437 31440 
12440 46356 32100 31329 
3752 59098 33892 31448 
1147 65220 35207 31723 
5575 65485 35706 32170 
15563 58216 35201 32677 
27956 48021 33911 33198 
40195 36386 32347 33673 
50335 24886 31094 34024 
57394 14238 30550 34107 
60644 5772 30929 34019 
59858 913 31858 33678 
55058 175 32899 33192 
46768 5920 33700 32622 
36017 16073 34156 32068 
24378 29519 34372 31602 
13616 44342 34528 31306 
6063 57510 34748 31238 
2832 65221 34838 31414 
4487 65472 34432 31781 
10902 65514 33293 32310 
21558 65506 31389 32909 
34477 49746 29266 33457 
47836 31547 27617 33860 
59150 13734 27181 34092 
65143 834 28239 34132 
65497 57 30457 33902 
57404 31 33028 33469 
45294 8292 35307 33033 
31224 20747 36675 32527 
18312 34343 37140 32137 
8794 46691 36859 31802 
4375 55651 36197 31641 
5116 59842 35335 31684 
10317 58738 34199 31866 
19003 52609 32798 32124 
29625 42488 31295 32407 
40673 30072 30130 32690 
49863 18216 29707 32906 
55803 9173 30179 33039 
57298 4776 31167 33067 
54334 5727 32270 33052 
47835 11511 32903 33013 
39842 20206 32811 32912 
32223 30037 32316 32875 
25979 39548 31769 32881 
20954 48060 31427 32898 
16715 55460 31421 32973 
13522 60914 31585 33022 
12252 63292 31836 33011 
14259 61217 32314 32968 
20098 53798 33260 32857 
29143 41077 34823 32639 
39211 25791 36789 32456 
47867 10894 38406 32239 
53117 602 38924 32088 
53955 72 37731 31956 
50536 45 34867 31915 
44373 7885 31181 32009 
37315 19623 27842 32215 
30687 32665 25678 32446 
25554 44697 25137 32780 
22216 53652 25890 33067 
20867 58404 27480 33344 
21415 58476 29478 33566 
23277 54713 31652 33721 
25687 48391 34055 33717 
28187 40932 36737 33627 
30628 33138 39365 33367 
33318 25280 41374 33014 
36357 17853 41898 32626 
39116 12247 40497 32267 
40898 9593 37325 31928 
40996 11169 33087 31622 
39489 17233 28878 31488 
37109 26569 25562 31531 
34911 36313 23712 31692 
33646 43742 23425 31991 
33184 47723 24537 32380 
32638 48372 26738 32807 
31048 47054 29869 33202 
28021 45329 33695 33581 
24310 43784 37701 33844 
21541 41813 41004 33936 
21223 38075 42858 33850 
24082 31871 42596 33621 
29448 23820 40050 33286 
35918 15841 35589 32881 
41524 10689 30204 32425 
44863 10511 25716 32028 
45874 15241 23168 31751 
44811 23428 23221 31599 
42197 32890 25749 31593 
38161 41860 30025 31754 
33210 48496 34493 32093 
27720 52191 37828 32484 
22457 52982 39422 32905 
18547 51061 39342 33339 
17011 46578 38082 33666 
18570 39725 36321 33814 
23205 31300 34551 33802 
29777 22525 32698 33554 
36949 14835 30509 33187 
43350 9792 27897 32714 
47821 8715 25306 32225 
49712 12278 23570 31791 
48746 19833 23761 31520 
45114 29880 26270 31433 
39286 40467 30774 31569 
31968 49595 36245 31915 
24021 55875 41229 32385 
17036 58378 44421 32936 
12283 57154 45266 33461 
11000 52431 43746 33836 
13978 44628 40348 34026 
21221 34056 35626 33970 
31343 22167 30393 33729 
42475 10567 25305 33320 
52118 1890 21156 32831 
58018 88 18846 32349 
58448 41 19083 31951 
53172 11727 22059 31743 
43517 26108 27197 31683 
31844 41540 33480 31805 
21058 54877 39436 32080 
13449 63572 43802 32448 
10481 65439 45546 32800 
11885 62954 44664 33025 
16721 54465 41802 33150 
23673 43234 37859 33148 
31431 30489 33701 33004 
38864 18673 30046 32795 
44415 10566 27313 32538 
47883 7004 25464 32367 
48969 8031 24570 32274 
47844 12683 24867 32343 
44672 19539 26573 32541 
40009 26858 29509 32846 
34282 33941 33152 33182 
28332 40233 36520 33497 
23239 45414 38589 33704 
19982 49045 38663 33721 
19425 50311 36848 33570 
21054 49168 33870 33194 
23802 46117 30885 32719 
26326 42245 28853 32202 
27804 38535 28209 31654 
28586 35694 29015 31303 
30035 33054 30880 31127 
33600 29439 33328 31171 
39795 23849 35968 31461 
47235 16821 38350 31980 
53087 10411 39930 32571 
55044 6973 40306 33220 
51992 8156 39034 33806 
44888 14064 36109 34277 
35837 23265 31766 34504 
27450 33477 27001 34510 
20694 43296 22717 34248 
15457 52308 19908 33779 
11067 60444 19255 33184 
7508 65309 21111 32506 
6216 65459 25327 31851 
9268 65517 31141 31316 
18001 65523 37784 30991 
31647 48276 44126 30892 
47701 27382 49036 31040 
62704 5761 51455 31400 
65449 143 50510 31905 
65531 23 46332 32502 
65533 21 39498 33088 
64808 5705 31084 33571 
45848 17986 22751 34007 
28406 32438 15908 34224 
13321 46311 12082 34249 
2460 57936 11866 34092 
109 65063 15224 33769 
49 65476 21457 33366 
5442 65443 29699 32878 
17209 52044 37899 32445 
31902 35263 44964 32034 
46904 16068 49834 31694 
59520 681 51935 31508 
65372 93 51013 31456 
65523 27 47256 31546 
60399 0 41321 31789 
45500 9018 34012 32082 
27020 26237 26426 32507 
8550 46579 19754 32941 
206 64569 15166 33363 
3 65473 13886 33714 
0 65535 16066 33892 
12731 65535 21344 33918 
29528 65535 28608 33754 
46955 49368 36440 33467 
60487 29242 43071 33042 
65388 11603 47493 32569 
65499 567 48978 32104 
65409 89 47489 31697 
52581 75 43373 31443 
39285 3252 37658 31428 
24518 12209 31414 31615 
10893 24422 26217 31993 
657 38730 22727 32452 
85 52802 21334 32995 
41 63597 21865 33471 
2902 65451 23854 33833 
15335 65509 26683 34026 
29112 60817 29752 33926 
43020 47523 32967 33699 
55100 31778 36203 33317 
64045 15880 39284 32913 
65428 1992 41669 32457 
65492 106 42620 32101 
65519 30 41627 31843 
54699 241 38785 31784 
38260 16384 34663 31796 
20219 34062 30441 31968 
4150 52198 27103 32198 
97 64806 25421 32438 
13 65513 25509 32685 
7435 65535 26794 32826 
17453 56634 28762 32891 
30168 41497 30979 32988 
40391 27227 33087 33016 
46712 16411 34995 33031 
49087 9925 36518 33081 
48556 7190 37344 33131 
46526 7126 37229 33169 
43670 9414 36235 33209 
39860 14543 34541 33213 
34717 23172 32506 33143 
27951 35350 30614 33019 
20309 49267 29263 32825 
13587 61926 28736 32526 
10298 65414 29128 32262 
12349 65533 30470 32044 
20149 65535 32430 31851 
32138 51728 34759 31760 
45662 31505 36852 31765 
56928 12133 38090 31928 
62469 449 37917 32183 
61152 37 36249 32524 
53834 28 33344 32904 
42729 10348 29870 33241 
30639 23464 26781 33615 
20051 36522 24821 33854 
12510 47016 24506 33929 
8034 54393 25840 33892 
6239 58542 28496 33672 
7070 59621 32064 33406 
10799 57294 35986 32998 
18418 50647 39988 32537 
29306 39620 43265 32107 
42747 24537 45394 31743 
56382 7887 45700 31453 
65167 243 43606 31354 
65500 29 38673 31338 
65535 0 31500 31570 
65485 9220 23404 31889 
49378 26218 16263 32368 
32222 45032 12005 32867 
16965 61140 12062 33342 
6607 65419 16920 33796 
2633 65511 25418 34064 
4107 65499 35196 34140 
9219 59886 44147 34049 
16211 47513 50367 33773 
