33119 33861 33050 33275 
33119 33861 33050 33275 
33161 34049 33310 32791 
33174 34088 33510 32298 
33137 33921 33557 31812 
33099 33626 33484 31465 
33029 33220 33253 31305 
32974 32781 32961 31356 
32935 32368 32640 31637 
32893 32033 32335 32108 
32796 31779 32082 32657 
32650 31642 31923 33191 
32466 31639 31883 33635 
32284 31774 31994 33976 
32125 31957 32213 34080 
32023 32221 32514 33997 
31990 32494 32828 33719 
32056 32744 33085 33302 
32240 32983 33298 32819 
32509 33193 33392 32316 
32875 33400 33412 31924 
33232 33544 33314 31635 
33550 33640 33126 31530 
33723 33626 32883 31571 
33767 33521 32631 31791 
33619 33326 32402 32131 
33293 33017 32211 32537 
32815 32581 32076 32916 
32363 32210 32077 33339 
31931 31847 32158 33622 
31641 31614 32328 33790 
31521 31499 32523 33751 
31674 31637 32816 33631 
31951 31864 33035 33273 
32398 32248 33249 32884 
32863 32685 33382 32426 
33369 33199 33505 32062 
33693 33595 33437 31709 
33900 33912 33299 31562 
33867 34006 33053 31573 
33665 33926 32773 31782 
33305 33645 32464 32121 
32834 33227 32180 32518 
32367 32746 31983 32982 
31968 32252 31890 33391 
31687 31811 31916 33698 
31613 31545 32051 33860 
31704 31476 32255 33825 
31946 31580 32496 33627 
32278 31860 32753 33338 
32653 32213 32970 32967 
32979 32611 33130 32580 
33255 33006 33247 32251 
33373 33292 33265 31980 
33412 33499 33257 31859 
33333 33557 33208 31856 
33191 33516 33129 31951 
33026 33411 33050 32140 
32895 33269 32975 32382 
32759 33076 32870 32569 
32685 32910 32767 32747 
32641 32759 32672 32878 
32592 32610 32539 32943 
32586 32514 32428 33001 
32518 32375 32278 32986 
32494 32294 32202 32996 
32409 32190 32118 33006 
32381 32119 32125 33062 
32354 32077 32185 33113 
32322 32036 32299 33131 
32375 32103 32511 33157 
32438 32212 32745 33093 
32555 32415 32984 32970 
32702 32686 33194 32789 
32905 33029 33373 32551 
33107 33391 33466 32291 
33322 33717 33478 32074 
33482 33929 33394 31918 
33556 33961 33227 31830 
33537 33843 33021 31866 
33362 33513 32765 31979 
33101 33107 32529 32250 
32351 32121 32151 32919 
31947 31685 32016 33243 
31618 31375 31931 33519 
31483 31287 31968 33738 
31499 31352 32059 33842 
31727 31627 32253 33816 
32099 32043 32509 33669 
32558 32513 32799 33400 
33030 33010 33076 33010 
33426 33444 33276 32531 
33817 33867 33516 32109 
34006 34096 33642 31718 
33964 34090 33622 31418 
33773 33934 33526 31292 
33452 33598 33319 31346 
32991 33113 33015 31532 
32514 32597 32666 31890 
32182 32180 32396 32406 
31908 31835 32134 32926 
31761 31631 31918 33426 
31790 31650 31825 33862 
31956 31841 31846 34146 
32210 32146 31976 34239 
32543 32531 32241 34170 
32822 32889 32530 33865 
33052 33166 32840 33416 
33173 33312 33105 32885 
33195 33313 33303 32300 
33154 33223 33425 31814 
32969 32966 33371 31426 
32760 32676 33228 31261 
32603 32418 33028 31344 
32461 32215 32768 31601 
32397 32144 32530 32055 
32462 32272 32389 32577 
32595 32513 32362 33096 
32759 32824 32397 33492 
32963 33163 32541 33755 
33159 33481 32761 33844 
33267 33629 32958 33679 
33283 33631 33128 33381 
33180 33434 33212 32966 
32985 33099 33183 32524 
32755 32685 33050 32168 
32469 32243 32813 31906 
32229 31869 32532 31813 
32067 31654 32260 31913 
31980 31619 32028 32170 
32046 31799 31938 32540 
32193 32093 31974 32950 
32387 32456 32131 33304 
32638 32865 32416 33589 
32867 33207 32740 33683 
33058 33440 33053 33581 
33208 33560 33338 33332 
33304 33532 33525 32939 
33321 33372 33572 32466 
33324 33190 33537 32056 
33273 32955 33366 31720 
33150 32716 33108 31534 
32997 32545 32825 31569 
32804 32413 32532 31765 
32599 32378 32288 32140 
32370 32372 32092 32597 
32161 32384 31973 33089 
31981 32390 31933 33523 
31900 32422 31999 33900 
31898 32423 32147 34081 
32000 32427 32365 34108 
32199 32450 32627 33926 
32458 32485 32876 33552 
32763 32554 33112 33068 
33102 32706 33351 32523 
33459 32932 33536 31998 
33681 33125 33581 31471 
33798 33324 33549 31173 
33751 33460 33410 31063 
33582 33487 33176 31154 
33313 33425 32890 31457 
32938 33255 32556 31910 
32584 33048 32277 32513 
32243 32778 32048 33133 
31981 32482 31920 33705 
31853 32238 31910 34169 
31818 32036 31999 34416 
31918 31911 32198 34461 
32085 31886 32426 34269 
32293 31925 32658 33843 
32502 32028 32840 33289 
32683 32186 32970 32693 
32826 32378 33024 32111 
32937 32609 33055 31650 
32987 32844 33030 31336 
33032 33083 32994 31255 
33076 33303 32972 31338 
33127 33491 32973 31595 
33171 33617 32979 31940 
33234 33667 33000 32313 
33295 33666 33040 32703 
33310 33583 33053 33052 
33235 33367 32990 33273 
33064 33065 32861 33389 
32842 32716 32709 33453 
32556 32341 32543 33456 
32241 31942 32355 33393 
31921 31583 32162 33276 
31678 31367 32025 33156 
31622 31358 32008 33066 
31651 31477 32042 32932 
31835 31767 32156 32794 
32174 32227 32404 32680 
32555 32699 32663 32523 
33005 33226 32952 32364 
33364 33601 33154 32150 
33693 33913 33369 32040 
33905 34050 33502 31946 
33973 34022 33548 31937 
33893 33822 33497 31990 
33659 33477 33348 32104 
33306 33050 33118 32307 
32874 32596 32846 32574 
32443 32200 32586 32909 
32020 31874 32315 33226 
31639 31648 32059 33486 
31424 31637 31890 33718 
31369 31756 31830 33833 
31491 31992 31872 33813 
31756 32282 32006 33642 
32152 32629 32263 33414 
32624 32923 32593 33072 
33049 33105 32896 32631 
33473 33229 33222 32192 
33799 33266 33494 31788 
33998 33269 33693 31487 
34007 33202 33738 31335 
33849 33118 33630 31344 
33597 33067 33427 31540 
33211 32987 33097 31854 
32792 32919 32722 32267 
32391 32883 32378 32796 
31965 32732 32010 33199 
31735 32656 31837 33632 
31610 32511 31758 33891 
31671 32388 31847 34028 
31830 32222 32023 34013 
32092 32086 32281 33956 
32363 31962 32533 33844 
32665 31932 32801 33694 
32892 31958 32987 33337 
33063 32067 33106 32642 
33203 32332 33209 31660 
33257 32652 33221 30453 
33257 33030 33187 29473 
33204 33422 33119 29109 
33182 33812 33079 29669 
33113 34067 33013 31093 
33041 34161 32955 33077 
32923 34034 32874 35163 
32778 33683 32795 36779 
32659 33225 32747 37596 
32507 32621 32642 37468 
32411 32047 32541 36552 
32423 31577 32423 34950 
32466 31305 32281 32876 
32543 31267 32173 30645 
32531 31375 32121 28510 
32377 31540 32151 26774 
32148 31734 32237 25817 
32001 32045 32398 25923 
32111 32583 32659 27325 
32444 33261 32899 29879 
32861 34028 33098 33144 
33259 34623 33269 36705 
33593 34780 33399 39894 
33821 34301 33444 42100 
33760 33460 33379 42767 
33182 32966 33254 41601 
32148 33278 32996 38747 
31286 34052 32629 34655 
31486 34093 32206 30049 
33186 32118 31828 25639 
35919 28035 31750 22225 
37943 23681 32178 20566 
37087 22415 32928 21028 
32515 26405 33627 23509 
25371 35310 33678 27604 
18774 45845 32686 32594 
16702 53182 30980 37762 
21662 52548 29401 42025 
32735 43088 29266 44684 
45824 28218 31264 45336 
56302 13644 34995 43934 
59720 5191 38972 40719 
54636 5897 41345 36250 
42932 14781 40618 31207 
28697 27714 36661 26552 
16455 39775 30909 23111 
8877 48703 25463 21354 
6557 53930 22192 21427 
8477 56487 22009 23307 
13264 57357 24542 26693 
19825 56190 28408 30830 
28041 51719 32314 35079 
37626 43095 35407 38606 
48516 29961 37724 40903 
59594 13969 39730 41804 
65309 625 41577 41203 
65488 95 42999 39286 
65535 26 43393 36467 
65535 2 41858 33244 
52572 11101 38119 30246 
33592 28367 32561 27975 
13111 47975 26037 26648 
386 64638 19956 26422 
32 65443 15766 27273 
5 65520 14563 29042 
185 65535 16804 31143 
15734 65535 22213 33323 
30867 57260 29747 35165 
45713 36890 37930 36354 
57375 14765 45131 36744 
63664 457 50092 36344 
62886 57 51667 35252 
55631 18 50136 33817 
42814 11 46076 32267 
26880 11610 40435 30937 
10438 27589 34042 30046 
349 45587 27382 29709 
54 61916 21060 30058 
23 65408 16123 30880 
4486 65513 13396 32114 
17322 65532 13832 33337 
33325 65522 18026 34442 
49794 48433 25644 35192 
63387 28190 35031 35434 
65431 8722 43806 35181 
65499 260 49969 34485 
65510 60 52110 33475 
65485 37 50098 32397 
51188 55 44734 31422 
35469 12067 37724 30737 
20628 25570 30715 30449 
9183 39435 25148 30515 
2150 51718 21597 30998 
141 60660 20188 31714 
4515 64825 20777 32513 
9073 63558 23160 33229 
18944 56526 26913 33758 
30029 44886 31477 34041 
40177 30666 36278 34015 
47343 17024 40560 33773 
50071 7296 43575 33364 
48390 3499 44666 32930 
43821 5665 43255 32517 
39008 11683 39527 32268 
35861 18891 34007 32176 
35027 25625 27797 32212 
35634 31805 22262 32449 
35791 38536 18642 32760 
34001 46402 17970 33016 
30528 54480 20501 33204 
26879 60504 25724 33253 
24987 61506 32484 33101 
26111 55853 39460 32846 
29950 43999 45334 32483 
34687 29334 48662 32100 
38235 15858 49027 31802 
38900 7323 46473 31640 
36205 5659 41640 31665 
31053 10590 35428 31924 
25489 19616 29126 32340 
21449 29790 23523 32864 
20242 38688 19238 33412 
22196 44809 16804 33909 
26809 47688 16654 34207 
32863 47491 19141 34299 
38781 44915 24072 34091 
43659 40637 30842 33677 
46870 35115 38334 33062 
48165 28788 44891 32345 
47661 22317 49156 31674 
45340 17045 49788 31144 
41290 14651 46731 30832 
35533 16450 40970 30842 
28265 22675 34021 31107 
20464 32356 27777 31641 
13592 43194 23661 32346 
9337 52776 22321 33099 
9182 58508 23464 33823 
13317 59257 25951 34338 
20918 55203 28557 34614 
30686 47054 30504 34604 
41062 35866 31700 34300 
51096 22513 32603 33771 
59284 8782 33775 33096 
64036 346 35495 32376 
63958 67 37430 31713 
57994 12 38809 31226 
45998 6969 38827 30966 
29398 23482 37135 30959 
12170 43257 34198 31233 
462 61751 31014 31727 
32 65431 28787 32350 
9 65534 28292 33017 
8937 65525 29553 33619 
22865 65479 31978 34115 
36870 50467 34290 34350 
48519 35494 35537 34280 
56387 21747 35300 33994 
59906 10304 33688 33492 
58939 1925 31389 32876 
53906 124 29387 32253 
45845 77 28399 31675 
36242 5915 28714 31302 
26657 13033 30168 31164 
18250 25347 32231 31240 
11702 39650 34445 31628 
7444 53794 36182 32127 
5958 64776 37235 32692 
7872 65447 37450 33230 
14111 65516 36869 33706 
24781 65535 35586 33974 
38571 61984 33791 34043 
52653 41373 31632 33853 
62829 22126 29543 33551 
65449 7946 27871 33136 
59561 1508 26972 32709 
48893 2300 27018 32291 
37236 7417 28119 32022 
28280 13588 30067 31887 
24185 18913 32540 31925 
23615 23880 35060 32058 
23838 30099 37274 32285 
22674 38799 38913 32571 
19667 49363 39760 32796 
16190 59445 39697 32893 
14516 65267 38713 32949 
16539 65501 36701 32899 
22481 58928 33836 32782 
31296 45597 30449 32649 
41052 28947 27030 32523 
49621 12503 24287 32456 
55429 603 22924 32469 
57210 72 23403 32593 
54791 38 25604 32786 
48814 5566 28844 33008 
40493 17930 32469 33259 
31279 33085 35748 33460 
22579 48486 38419 33517 
16118 60838 40375 33478 
12649 65375 41586 33300 
12406 65489 41892 32969 
14979 65455 41049 32573 
19836 53404 38782 32193 
26004 39941 35090 31789 
32918 25407 30590 31553 
39673 11763 26307 31442 
45277 1523 23717 31529 
49432 121 23303 31768 
51613 72 24938 32136 
51147 64 27657 32567 
47536 11253 30478 33101 
40447 25764 32275 33562 
31064 42690 33038 33943 
20968 59300 33304 34166 
12856 65343 33896 34196 
9236 65515 35368 34056 
11536 65535 37694 33717 
19063 65527 39923 33254 
29550 52697 40977 32685 
39330 35098 40061 32122 
46332 18833 37155 31616 
49408 7081 32967 31254 
48805 1096 28812 31088 
45530 173 25823 31092 
41119 4903 24912 31348 
36428 12696 25880 31740 
31996 22922 28087 32264 
27836 34311 30577 32850 
24017 45304 32497 33379 
20994 54486 33567 33811 
19734 59657 33933 34146 
20810 59485 33913 34240 
24481 53722 33974 34122 
30052 43570 34382 33855 
36202 31372 35081 33470 
41416 19788 35736 32980 
44296 11836 35974 32479 
44542 8680 35617 32078 
42276 10220 34496 31713 
38376 15658 32867 31549 
33725 23842 31136 31564 
29234 33270 29847 31737 
25771 42361 29419 32015 
23873 49775 30019 32370 
24041 53968 31351 32736 
26423 53785 32931 33062 
30513 49036 34075 33299 
35292 40705 34431 33414 
39195 31022 33886 33383 
40987 22650 32859 33231 
40401 17282 31827 32970 
37869 15669 31215 32721 
34199 17491 31169 32502 
30044 21958 31493 32331 
26223 28074 32000 32269 
23164 35165 32541 32313 
21422 42315 33146 32431 
21667 48174 33854 32610 
24484 51273 34680 32848 
29725 49950 35294 33036 
36494 44033 35510 33216 
43483 34248 35018 33254 
49293 22543 33903 33195 
52714 11691 32420 33044 
52778 4600 30910 32823 
48776 4167 29829 32510 
40951 11180 29523 32281 
30009 24202 29916 32062 
18144 39944 30975 31954 
8188 54447 32364 31941 
3106 64115 33687 32076 
4826 65473 34536 32329 
12891 61994 34600 32694 
24261 52246 33927 33043 
36230 40495 32840 33371 
46611 28435 31830 33622 
54146 17375 31377 33757 
58209 8252 31605 33705 
58645 2105 32429 33486 
55459 388 33402 33156 
48763 3823 34063 32691 
39515 12392 34333 32277 
28751 24783 34143 31832 
18207 39256 33904 31543 
9860 53063 33733 31398 
5332 63680 33764 31506 
5182 65429 33677 31776 
9561 65500 33155 32196 
17934 65521 31983 32677 
29523 53772 30401 33186 
42517 36188 28902 33609 
54290 18176 28248 33898 
62529 3258 28793 34029 
64803 102 30410 33902 
60322 30 32603 33649 
50113 5603 34668 33230 
36653 17174 35964 32800 
23312 31060 36329 32363 
12574 44215 35996 32040 
6143 54410 35325 31827 
4628 60206 34594 31767 
7904 60690 33835 31858 
15182 55611 32923 32022 
25180 45874 31919 32263 
36002 33637 31120 32551 
45926 21056 30759 32736 
53397 10748 31076 32875 
56907 4721 31919 32923 
55855 4148 32861 32931 
50600 8838 33299 32846 
43257 17248 33107 32814 
35478 27272 32313 32766 
28744 37245 31409 32818 
23219 46007 30682 32827 
18632 53558 30465 32980 
14895 59258 30629 33124 
12620 62502 31076 33258 
13049 61884 31735 33312 
17202 56355 32792 33273 
25127 45561 34416 33140 
35083 30975 36439 32856 
44736 15669 38380 32555 
51482 3253 39329 32225 
54031 121 38648 31874 
52225 47 36249 31595 
47105 7145 32727 31500 
40035 15103 28977 31532 
32940 28211 26209 31727 
27099 40716 25046 32047 
23053 50844 25439 32517 
21052 57092 26904 33032 
20992 58837 28848 33524 
22458 56395 31000 33923 
24856 50979 33386 34245 
27400 44031 35882 34299 
29941 36574 38456 34186 
32505 29039 40565 33861 
35271 21707 41521 33374 
38032 15194 40736 32760 
40221 10852 38142 32125 
40933 10263 34207 31502 
39969 14253 30087 31088 
37838 21969 26613 30878 
35514 31313 24428 30878 
33980 39747 23775 31162 
33409 45292 24544 31664 
33207 47240 26459 32283 
32396 46781 29339 32992 
30091 45364 32808 33600 
26623 44164 36536 34107 
23105 42974 39984 34409 
21302 40525 42205 34461 
22513 35797 42531 34305 
26590 28587 40614 33899 
32401 20465 36743 33373 
38215 13786 31734 32782 
42633 10924 26793 32182 
44845 13197 23363 31649 
44853 19701 22589 31322 
43196 28457 24495 31174 
40215 37418 28415 31276 
36081 44883 33102 31511 
30980 50007 37297 31961 
25661 52217 39817 32461 
21045 51667 40417 33005 
18183 48425 39389 33462 
18059 42848 37499 33845 
20966 35213 35269 33996 
26357 26698 33067 33965 
33072 18498 30775 33730 
39750 12191 28247 33357 
45152 9267 25707 32917 
48343 10668 23717 32378 
48888 16565 23360 31939 
46748 25577 25206 31635 
42232 35965 29169 31489 
35867 45670 34437 31542 
28435 53075 39659 31807 
20865 57130 43602 32147 
14857 57424 45235 32585 
11634 54227 44435 32997 
12242 47892 41562 33382 
17284 38719 37146 33681 
26122 27518 31950 33804 
36815 15961 26843 33768 
47333 5995 22464 33559 
55293 465 19633 33248 
58586 53 19062 32838 
56229 8244 21292 32466 
48646 20884 25843 32098 
37933 35845 31791 31817 
26670 49813 37874 31686 
17410 59941 42600 31652 
12017 64522 45076 31842 
11141 63008 44803 32159 
14047 56589 42209 32530 
19603 46611 38247 32947 
26549 34845 33952 33314 
33865 23113 30125 33608 
40301 14111 27406 33811 
45191 9039 25766 33804 
48035 8438 25122 33574 
48727 11753 25576 33228 
47336 17588 27198 32780 
43941 24565 29990 32318 
39004 31317 33387 31927 
33052 37386 36649 31608 
27145 42481 38839 31514 
22458 46229 39197 31603 
19965 48270 37499 31885 
19967 48231 34365 32292 
21716 46296 30837 32766 
24015 43262 28000 33231 
25749 40180 26626 33589 
26753 37783 26994 33844 
27863 35885 28856 33899 
30570 33390 31644 33771 
35805 28965 34779 33456 
43108 22378 37796 33041 
50512 14692 40285 32564 
55002 8602 41595 32130 
54612 6533 41184 31746 
49475 9425 38945 31522 
41291 16535 35003 31490 
32473 26029 30038 31654 
24745 36277 24947 31979 
18742 46132 20881 32394 
13916 55278 18833 32874 
9639 63530 19186 33320 
6647 65391 22078 33710 
6783 65487 27057 33963 
12130 65535 33563 33982 
23355 64841 40430 33795 
38413 43392 46309 33481 
54138 21393 50208 33025 
65050 1478 51278 32524 
65498 84 49064 32041 
65534 21 43705 31626 
65522 30 36060 31375 
53817 9132 27775 31356 
37206 21889 20178 31479 
21182 35788 14710 31787 
8227 48939 12433 32241 
476 59521 13734 32755 
71 65060 18256 33250 
48 65478 25065 33652 
9663 57485 32963 33929 
22627 44387 40503 34032 
37911 26804 46608 33970 
52444 8011 50206 33724 
63219 253 50875 33434 
65459 57 48623 32994 
65535 13 43984 32613 
56396 26 37574 32261 
39838 16722 30244 31981 
21167 36163 23439 31773 
4187 56846 18251 31717 
100 65294 15657 31753 
0 65531 16295 31839 
4037 65535 20100 31998 
18978 65535 26134 32175 
35756 64182 33220 32434 
51129 41766 39838 32683 
61814 22303 44841 32968 
65410 6623 47245 33190 
64541 214 46729 33424 
55455 81 43673 33580 
44753 74 38790 33666 
32448 5579 33216 33700 
19640 15606 28004 33623 
7732 29242 24176 33448 
382 44094 22408 33178 
67 57523 22656 32888 
41 65218 24432 32523 
8672 65487 27079 32198 
21520 65511 30051 31901 
35779 56840 32926 31676 
49109 42567 35624 31602 
60097 26661 38131 31634 
65334 11343 40163 31772 
65468 531 41285 32010 
65506 69 40891 32330 
65495 19 38712 32672 
50921 7231 35226 33053 
33514 22310 31162 33356 
15649 40119 27636 33617 
1717 56179 25532 33822 
54 65182 25125 33898 
22 65520 26231 33887 
8173 57426 28187 33658 
20113 47622 30585 33441 
31589 33649 32941 33120 
40326 21757 35022 32643 
45333 14185 36807 32269 
47083 10565 37854 31855 
46879 9692 38075 31502 
45603 10794 37388 31317 
43408 13937 35853 31263 
39896 19943 33754 31409 
34486 29209 31476 31668 
27555 41109 29626 32119 
19960 53734 28421 32618 
13787 64037 28064 33159 
11470 65466 28694 33658 
14713 65535 30243 34042 
23685 56663 32511 34232 
35996 41503 35004 34268 
48561 21994 37049 34049 
58032 4987 38033 33681 
61641 129 37540 33217 
58598 24 35530 32690 
50134 3737 32482 32223 
38843 15208 29236 31855 
27425 28428 26610 31605 
17856 40713 25298 31542 
11121 50398 25615 31670 
7228 56931 27467 31894 
6026 60170 30412 32178 
7541 60286 33951 32503 
12209 56825 37600 32736 
20540 49092 40953 32903 
32706 36505 43629 33038 
46862 20147 44927 33076 
60224 3398 44235 33036 
65371 133 41117 32981 
65518 14 35537 32898 
65535 0 28195 32884 
65412 12336 20423 32907 
46488 30649 14210 32989 
29361 48855 11753 33076 
14909 63218 13829 33174 
5805 65449 20114 33242 
2582 65504 29135 33203 
4385 65490 38967 33075 
9604 56286 47167 32873 
