32760 32665 33250 31878 
32760 32665 33250 31878 
32708 32940 33204 31707 
32627 33170 33082 31641 
32656 33464 33001 31766 
32750 33712 32938 31960 
32892 33868 32881 32204 
33122 33921 32886 32475 
33465 33622 32880 32848 
33472 33252 32809 32932 
33388 32812 32733 32993 
33205 32360 32642 33046 
32894 31895 32500 33072 
32525 31503 32345 33080 
32165 31268 32202 33123 
31840 31186 32081 33139 
31618 31291 32024 33153 
31598 31608 32105 33194 
31686 32029 32237 33147 
31945 32546 32470 33058 
32276 33067 32739 32901 
32691 33558 33035 32690 
33065 33947 33279 32423 
33417 34154 33467 32165 
33652 34172 33559 31937 
33775 34043 33568 31799 
33750 33729 33452 31742 
33595 33311 33233 31801 
33370 32866 32992 31985 
33036 32371 32647 32216 
32771 32013 32402 32607 
32478 31722 32153 32997 
32134 31497 31891 33301 
31915 31485 31786 33628 
31744 31571 31761 33834 
31700 31810 31883 33922 
31760 32101 32106 33862 
31937 32446 32406 33672 
32197 32810 32765 33385 
32493 33127 33098 32982 
32845 33407 33415 32524 
33263 33657 33696 32122 
33555 33733 33802 31713 
33775 33740 33778 31453 
33855 33633 33609 31312 
33807 33453 33333 31339 
33599 33212 32973 31521 
33258 32903 32534 31847 
32896 32634 32193 32323 
32474 32336 31897 32807 
32104 32081 31730 33273 
31797 31871 31699 33692 
31680 31797 31864 34031 
31681 31781 32101 34152 
31854 31881 32429 34121 
32094 32054 32744 33901 
32367 32236 32968 33496 
32659 32451 33110 33015 
32952 32727 33192 32573 
33177 32975 33181 32158 
33282 33172 33084 31828 
33289 33295 32950 31640 
33245 33397 32874 31655 
33133 33409 32832 31778 
32985 33381 32812 31985 
32853 33324 32855 32222 
32746 33253 32931 32458 
32689 33151 32968 32660 
32688 33009 32972 32799 
32703 32837 32918 32854 
32724 32646 32790 32906 
32734 32448 32613 32913 
32721 32243 32409 32943 
32635 32043 32206 32971 
32517 31915 32054 33064 
32386 31852 32004 33176 
32258 31860 32038 33278 
32184 31952 32181 33371 
32171 32117 32402 33400 
32266 32382 32706 33356 
32464 32700 33012 33201 
32704 32994 33252 32914 
32972 33295 33393 32543 
33306 33632 33535 32226 
33480 33771 33465 31820 
33628 33878 33388 31558 
33581 33761 33191 31391 
33387 33528 32957 31408 
33105 33173 32713 31586 
32716 32732 32481 31928 
32331 32267 32287 32353 
32029 31902 32156 32898 
31750 31574 32008 33387 
31635 31443 31939 33843 
31728 31550 31993 34178 
31940 31801 32106 34307 
32266 32197 32302 34272 
32650 32658 32546 34032 
33086 33158 32851 33602 
33408 33541 33094 33022 
33649 33790 33342 32398 
33777 33858 33554 31826 
33728 33712 33647 31332 
33526 33398 33617 30999 
33229 32986 33485 30891 
32870 32516 33255 31003 
32513 32127 32969 31382 
32190 31836 32615 31891 
32008 31784 32323 32540 
31917 31921 32073 33180 
31926 32188 31874 33746 
32072 32608 31826 34209 
32285 33030 31895 34422 
32540 33378 32068 34427 
32743 33528 32276 34167 
32912 33479 32519 33750 
33000 33244 32741 33248 
32988 32829 32890 32656 
32968 32412 33049 32162 
32918 32047 33155 31792 
32834 31783 33204 31555 
32777 31733 33220 31517 
32749 31896 33193 31616 
32791 32254 33200 31851 
32856 32722 33170 32108 
32942 33238 33132 32392 
32990 33655 33033 32603 
33032 33935 32920 32769 
32984 33932 32760 32867 
32884 33708 32570 32923 
32734 33306 32383 32987 
32530 32769 32187 33022 
32319 32195 32013 33073 
32198 31758 31959 33194 
32125 31513 31958 33301 
32136 31519 32057 33376 
32247 31776 32252 33420 
32422 32180 32505 33382 
32658 32662 32813 33263 
32880 33108 33097 33043 
33044 33429 33327 32713 
33225 33654 33552 32395 
33264 33610 33602 32016 
33263 33422 33562 31718 
33194 33135 33423 31536 
33075 32794 33202 31484 
32920 32442 32913 31549 
32807 32211 32645 31816 
32677 32074 32375 32187 
32545 32046 32137 32599 
32450 32159 31989 33076 
32339 32331 31900 33486 
32267 32569 31907 33843 
32238 32818 32028 34063 
32245 33030 32217 34144 
32264 33137 32429 34026 
32377 33220 32730 33793 
32518 33208 33005 33416 
32667 33083 33220 32905 
32869 32953 33415 32388 
33094 32830 33553 31900 
33279 32681 33580 31467 
33386 32537 33486 31204 
33398 32418 33292 31111 
33336 32358 33061 31233 
33163 32317 32757 31521 
32933 32328 32473 31983 
32689 32411 32229 32528 
32457 32549 32071 33099 
32266 32703 31983 33610 
32163 32876 31994 34010 
32114 33020 32068 34188 
32195 33168 32261 34244 
32330 33240 32470 34081 
32515 33204 32681 33730 
32699 33075 32887 33261 
32875 32883 33042 32717 
33026 32665 33180 32222 
33147 32469 33283 31799 
33146 32265 33269 31491 
33031 32109 33173 31360 
32869 32051 33038 31438 
32653 32069 32833 31698 
32424 32169 32623 32068 
32257 32365 32433 32505 
32164 32615 32294 32962 
32191 32895 32238 33364 
32350 33174 32282 33651 
32624 33441 32437 33800 
32953 33632 32637 33745 
33258 33706 32854 33554 
33527 33652 33082 33247 
33638 33432 33222 32855 
33580 33103 33280 32449 
33369 32709 33241 32112 
33008 32256 33078 31836 
32614 31913 32864 31738 
32150 31604 32548 31737 
31821 31554 32303 31950 
31646 31664 32131 32254 
31630 31895 32029 32591 
31852 32294 32092 32977 
32191 32718 32246 33299 
32596 33116 32474 33518 
32992 33435 32718 33580 
33339 33647 32971 33564 
33530 33647 33113 33392 
33555 33491 33169 33151 
33434 33212 33145 32889 
33181 32832 33033 32621 
32892 32508 32905 32426 
32601 32229 32763 32265 
32383 32085 32655 32169 
32265 32096 32607 32151 
32261 32242 32611 32142 
32354 32511 32690 32178 
32520 32830 32807 32243 
32663 33076 32883 32289 
32782 33258 32943 32367 
32858 33295 32937 32482 
32876 33191 32857 32623 
32839 32950 32713 32794 
32768 32632 32519 32999 
32735 32328 32351 33242 
32695 32087 32209 33430 
32689 31964 32165 33570 
32717 31985 32192 33658 
32752 32131 32321 33685 
32824 32465 32568 33737 
32843 32816 32815 33677 
32821 33168 33050 33347 
32759 33472 33247 32702 
32688 33672 33393 31671 
32586 33703 33431 30408 
32474 33534 33352 29261 
32419 33227 33191 28730 
32419 32795 32920 29176 
32501 32350 32626 30689 
32682 32012 32375 32932 
32834 31738 32134 35359 
32954 31607 31954 37407 
33022 31653 31900 38654 
33004 31852 31957 38833 
32904 32153 32118 37940 
32822 32623 32399 36243 
32758 33154 32723 33890 
32666 33601 33020 31103 
32576 33900 33300 28300 
32452 33930 33559 25871 
32286 33613 33678 24272 
32227 33138 33632 23954 
32410 32716 33491 25074 
32808 32471 33235 27645 
33267 32474 32897 31289 
33620 32608 32535 35621 
33763 32611 32191 39813 
33700 32275 31932 42903 
33368 31832 31836 44415 
32568 31820 31883 43986 
31364 32757 32055 41617 
30306 34375 32234 37415 
30409 35321 32367 32288 
32230 34132 32482 27169 
35251 30439 32709 22869 
37872 25824 33201 20173 
37911 23286 33854 19531 
34173 25903 34420 21248 
27330 33994 34232 24969 
20570 44384 33020 29926 
17680 52321 31060 35321 
21286 53111 29223 40258 
31109 45062 28726 43869 
43800 30453 30348 45563 
54838 14586 33963 45078 
59272 4360 38196 42440 
55259 3786 41053 38331 
44446 11973 41026 33345 
30564 25035 37737 28386 
17733 38343 32260 24311 
9085 48729 26559 21777 
5971 54997 22673 21153 
7556 57872 21920 22541 
12205 58720 23851 25523 
18701 57730 27307 29519 
26664 53865 31071 33846 
36047 45749 34284 37671 
46851 32649 36877 40547 
57934 16375 39185 41963 
65205 903 41290 41719 
65468 114 43084 40058 
65530 33 43934 37362 
65535 1 42987 34113 
57003 7629 39748 30859 
38348 24446 34294 28151 
17707 44307 27763 26434 
764 63495 21427 25922 
51 65412 16647 26515 
7 65525 14632 28074 
20 65535 16026 30230 
12977 65535 20810 32632 
28136 62569 28006 34702 
43053 40179 36012 36270 
55279 17413 43303 37055 
62441 637 48547 37105 
62921 70 50758 36409 
56657 16 49842 35178 
44197 5 46155 33629 
28618 10221 41010 32211 
12196 26168 35020 30982 
509 44254 28916 30240 
67 60894 23125 29964 
26 65392 18174 30188 
256 65516 15053 30771 
15650 65535 14932 31666 
31409 65535 18267 32581 
47794 51611 24844 33408 
61885 31535 33380 34001 
65404 11075 41845 34282 
65496 318 48215 34263 
65511 63 50815 34004 
65502 33 49283 33543 
54103 35 44542 33038 
38733 9922 38068 32509 
23850 23016 31503 32137 
11382 37502 25981 31904 
3127 50543 22373 31792 
189 60270 20937 31890 
91 65007 21450 32091 
6990 65344 23572 32370 
16184 57907 26883 32649 
27118 46333 30989 32879 
37878 31443 35441 33049 
45729 16971 39473 33175 
49311 6271 42475 33247 
48514 1713 43783 33250 
44759 3483 42969 33203 
40308 9796 39974 33114 
37240 18037 35114 32989 
36432 25932 29182 32773 
37077 32686 23894 32581 
37228 39484 20247 32394 
35408 47196 19127 32209 
31566 55326 20901 32053 
27122 61772 25388 31971 
24422 63101 31607 31982 
24935 57462 38203 32107 
28403 45454 43599 32315 
33226 29942 46935 32625 
37210 15188 47517 32928 
38513 5374 45382 33209 
36424 2889 41084 33464 
31782 7632 35690 33618 
26345 17186 30064 33652 
22147 28490 25010 33553 
20630 38653 21065 33343 
22333 46006 18631 33016 
26659 49560 18187 32608 
32544 49629 20152 32262 
38353 46880 24351 31949 
43219 42143 30393 31773 
46473 35956 37184 31700 
47840 28878 43321 31754 
47456 21674 47437 31998 
45318 15712 48204 32325 
41587 12769 45591 32747 
36102 14192 40313 33110 
29064 20448 33930 33423 
21241 30638 28189 33665 
13885 42914 24389 33765 
9256 53575 23346 33660 
8782 60324 24645 33369 
12785 61744 27157 33023 
20501 57859 29697 32607 
30485 49485 31529 32216 
41103 37681 32444 31850 
51364 23430 32996 31657 
59697 8664 33728 31643 
64558 316 34989 31780 
65368 68 36546 32080 
58897 10 37659 32478 
47015 8144 37671 32910 
30237 21502 36096 33282 
12062 41918 33415 33582 
413 61340 30636 33745 
26 65422 28800 33718 
3 65535 28587 33548 
8097 65535 30057 33282 
22233 65501 32462 32897 
36840 51764 34770 32557 
48810 35701 35933 32269 
56874 20961 35567 32104 
60344 8707 33800 32016 
59244 558 31442 32094 
53930 103 29325 32233 
45289 73 28248 32389 
35004 5666 28629 32575 
25004 13561 30182 32695 
16503 26302 32410 32730 
10204 40779 34720 32746 
6326 55147 36555 32676 
5216 65084 37620 32610 
7559 65463 37746 32523 
14488 65526 36982 32569 
25846 65535 35434 32664 
40151 64552 33381 32859 
54548 42391 31060 33096 
64705 22096 28886 33355 
65508 6203 27186 33541 
65493 185 26419 33632 
52479 60 26761 33546 
39572 5787 28214 33308 
29406 12969 30536 32996 
24006 19254 33212 32539 
22417 24916 35899 32117 
21841 31456 38074 31720 
20012 40377 39496 31485 
16400 51221 39986 31393 
12762 61084 39513 31536 
11264 65378 38113 31813 
13660 65512 35892 32191 
20242 57971 32935 32590 
29866 45742 29608 33033 
40691 27876 26311 33426 
50134 10673 23912 33734 
56635 379 22923 33925 
59093 62 23695 33981 
57228 35 26045 33851 
51381 5485 29455 33569 
42867 18395 33280 33299 
33487 33843 36530 32905 
24649 49142 38991 32488 
17789 61351 40663 32109 
13623 65389 41532 31781 
12417 65495 41561 31490 
14136 65448 40555 31416 
18154 52640 38266 31459 
23838 38676 34694 31614 
30497 23965 30402 31949 
37239 10601 26351 32360 
43272 764 23622 32775 
48019 107 23038 33223 
50755 69 24685 33608 
50796 94 27608 33881 
47790 11968 30642 34011 
41547 26393 32806 33976 
32775 43522 33823 33783 
23072 60472 34067 33471 
14736 65378 34364 33058 
10623 65521 35385 32628 
12043 65535 37208 32200 
18580 65535 39157 31821 
28254 54871 40303 31555 
38254 36365 39717 31452 
45774 18742 37128 31510 
49245 5996 33068 31715 
48689 299 28869 32056 
45300 77 25748 32507 
40514 5159 24505 32947 
35626 12000 25319 33396 
31202 22512 27612 33732 
27328 34375 30512 33954 
24011 45893 32992 33963 
21447 55356 34510 33744 
20348 60717 35082 33395 
21386 60708 35092 32957 
24848 54885 34901 32423 
30254 44359 34880 31932 
36321 31476 35070 31551 
41619 19058 35282 31338 
44692 10337 35229 31358 
44948 6941 34713 31603 
42607 8726 33619 32026 
38477 14682 32130 32535 
33619 23397 30639 33107 
28809 33428 29489 33556 
25142 43208 29261 33899 
23268 51087 30056 34028 
23607 55380 31546 33949 
26178 55073 33233 33683 
30416 49951 34390 33261 
35313 41141 34695 32811 
39394 30780 34091 32371 
41462 21375 32910 32020 
40882 15270 31700 31802 
38222 13690 31053 31786 
34335 15946 31040 31880 
30038 21084 31503 32066 
25979 28135 32238 32330 
22649 36035 32996 32558 
20680 43969 33754 32739 
21019 50545 34575 32885 
24040 53627 35252 32914 
29465 52161 35634 32862 
36572 45743 35523 32820 
43854 35116 34701 32784 
49990 21982 33200 32744 
53524 9622 31385 32778 
53535 1418 29739 32888 
49397 56 28727 33028 
41429 7757 28620 33167 
30352 21642 29438 33320 
18136 38767 30976 33347 
7655 55010 32863 33298 
1889 65116 34588 33084 
3061 65493 35721 32794 
10564 65504 35911 32437 
22147 60740 35172 32062 
34803 48304 33851 31749 
46107 34887 32455 31539 
54499 21724 31464 31513 
59369 9881 31203 31629 
60267 1170 31613 31941 
57121 100 32288 32312 
50422 55 32844 32778 
40852 6644 33080 33224 
29684 18414 33069 33628 
18511 33089 33087 33960 
9535 47998 33338 34109 
4323 60409 33752 34080 
3630 65351 34014 33849 
7689 65496 33860 33518 
15990 65523 32942 33045 
27559 57084 31510 32532 
41075 41596 30031 32034 
54104 22261 29102 31525 
63250 6042 29390 31270 
65453 164 30722 31162 
65377 30 32669 31246 
53449 1156 34510 31521 
39956 14656 35651 31942 
25570 28858 35953 32464 
13445 42773 35556 33020 
5731 53741 34847 33543 
3088 60484 34119 33977 
5407 61862 33375 34207 
12048 57646 32528 34220 
21803 48634 31600 34049 
33133 36226 30751 33691 
44176 22697 30422 33222 
52319 11434 30739 32676 
56681 4200 31735 32212 
56462 2261 32840 31759 
52281 5669 33580 31487 
45465 13422 33641 31389 
38010 23511 33056 31460 
31287 34096 32176 31697 
25483 43972 31460 32093 
20295 52641 31118 32531 
15530 59866 31104 32994 
11991 64530 31265 33353 
11345 65443 31692 33665 
14921 60349 32499 33819 
22605 50002 33872 33788 
32719 35429 35706 33567 
42860 19387 37649 33330 
50577 5355 38782 32970 
54236 171 38408 32578 
53354 50 36317 32219 
48741 81 32982 31912 
42058 11593 29351 31694 
34984 23878 26574 31715 
28693 36512 25238 31830 
23952 47496 25487 32073 
21255 54902 26887 32387 
20634 57852 28903 32765 
21681 56575 31069 33072 
23840 52263 33430 33374 
26431 46096 35963 33573 
29112 39082 38514 33628 
32001 31318 40659 33526 
35055 23540 41568 33321 
38030 16382 40679 32999 
40346 11152 38039 32700 
41202 9564 34132 32400 
40288 12615 29904 32163 
38042 20067 26278 32037 
35566 29686 24037 32065 
33875 38520 23391 32149 
33238 44585 24244 32366 
33030 47267 26281 32608 
32207 47383 29230 32801 
30074 46540 32906 32956 
26699 45739 36904 33007 
23429 44873 40488 32974 
21784 42625 42844 32876 
22972 37711 43300 32729 
26992 29940 41390 32566 
32746 20577 37262 32409 
38373 12588 31886 32364 
42494 8682 26582 32400 
44313 10251 23014 32528 
44284 16635 22023 32761 
42720 25806 23720 32964 
40005 35593 27557 33169 
36218 44250 32368 33345 
31358 50616 36729 33368 
26026 54031 39528 33294 
21376 54355 40420 33146 
18415 51643 39686 32839 
18136 46069 38034 32553 
20848 38067 36021 32224 
26074 28581 33867 31948 
32762 18812 31477 31791 
39418 10870 28701 31741 
44682 6705 25844 31858 
47813 7298 23570 32099 
48472 12835 22838 32469 
46614 22306 24331 32875 
42402 33695 28069 33282 
36148 45048 33418 33618 
28691 53930 38952 33804 
21376 59100 43233 33865 
15424 60152 45330 33719 
12249 57225 44998 33420 
12954 50772 42560 33051 
17818 41202 38502 32569 
26347 29001 33413 32055 
37142 15734 27991 31643 
47369 4551 23358 31410 
54992 162 20097 31341 
58088 39 19018 31515 
55538 5477 20516 31818 
47957 18375 24548 32313 
36667 34778 30434 32875 
25349 49792 36424 33384 
16312 60956 41387 33805 
11382 65381 44278 34062 
11023 65485 44581 34080 
14561 58458 42583 33884 
20865 47627 39026 33536 
28348 34562 34927 33097 
35537 21971 31199 32620 
41716 11941 28293 32222 
46104 6249 26315 31905 
48349 5660 25311 31720 
48460 9810 25437 31744 
46527 17003 26833 31866 
42876 25281 29396 32052 
37783 33459 32797 32319 
31758 40665 36192 32556 
25870 46420 38639 32760 
21366 50277 39334 32897 
19236 51718 37969 32961 
19821 50494 35106 33009 
22185 46968 31642 32999 
24983 42291 28706 33029 
26925 37762 27051 33045 
27737 34313 26993 33070 
28432 31963 28432 33101 
30818 29493 30898 33143 
35932 25506 33840 33085 
43278 19653 36844 33039 
50700 13088 39383 32937 
55266 8174 40910 32774 
54853 7248 40894 32570 
49298 11474 39011 32334 
40774 19658 35490 32144 
31790 29797 30901 31976 
24216 40083 26201 31929 
18364 49554 22323 31939 
13492 58258 20083 32050 
9197 65052 20122 32230 
6309 65425 22613 32510 
6691 65495 27105 32781 
12311 65535 32955 33036 
23728 61634 39258 33300 
38948 40449 44904 33517 
54925 17963 48771 33689 
65169 631 49941 33769 
65507 53 47840 33689 
65535 15 42892 33525 
65521 26 35972 33282 
53689 9865 28271 32926 
36968 23041 21274 32547 
20605 37647 16191 32146 
7318 51345 14119 31742 
355 61447 15386 31421 
68 65392 19634 31300 
49 65506 25909 31301 
10499 58353 33117 31492 
24225 43632 40186 31834 
39774 24739 45829 32342 
54650 4663 49172 32915 
64724 173 49662 33487 
65491 47 47450 33958 
65535 7 42964 34296 
55538 89 36841 34399 
38249 17670 30012 34302 
18795 37859 23442 33980 
1918 58834 18559 33468 
60 65348 16218 32855 
0 65535 16992 32255 
7523 65535 20684 31681 
20364 65535 26637 31292 
37515 59855 33467 31137 
52650 38434 39643 31184 
62762 18664 44219 31502 
65437 3561 46428 31996 
65029 134 46053 32535 
54750 74 43291 33108 
43421 71 38823 33535 
30405 7406 33698 33835 
17441 18291 28986 33881 
5893 32158 25525 33732 
226 46996 23734 33398 
59 60057 23692 32980 
41 65364 24961 32506 
9972 65502 26988 32083 
22840 65514 29304 31857 
36962 56329 31659 31778 
50231 41102 34120 31946 
61133 24287 36551 32243 
65350 8370 38797 32684 
65474 263 40262 33134 
65513 48 40306 33544 
65527 9 38626 33735 
51807 8821 35623 33737 
33668 24912 32129 33579 
15496 43289 29082 33207 
1624 59163 27239 32722 
51 65389 26880 32211 
25 65535 27707 31730 
9065 59999 29237 31409 
20757 46078 30986 31319 
31531 31432 32691 31467 
39289 19557 34217 31825 
43551 11954 35467 32296 
45151 8217 36363 32913 
45057 7423 36496 33463 
44141 8811 35853 33936 
42436 12548 34533 34229 
39364 19452 32812 34311 
34378 29884 31066 34166 
27641 42979 29723 33817 
20308 56577 29045 33314 
14527 65218 29192 32741 
13013 65503 30180 32141 
17167 65535 31903 31631 
26561 65441 34071 31245 
38851 45234 36225 31036 
50893 24707 37825 31050 
59411 6576 38332 31291 
61467 155 37309 31697 
56869 25 34899 32225 
47462 3438 31607 32812 
35732 14874 28245 33376 
24377 27616 25664 33866 
15270 39366 24458 34172 
9066 48729 24967 34326 
5888 54853 27016 34257 
5275 58048 30123 33977 
7450 58211 33778 33540 
12978 54756 37519 33046 
22583 46702 41007 32554 
35641 33748 43657 32131 
50648 16898 44867 31806 
63697 1204 44067 31659 
65448 90 40858 31652 
65530 2 35327 31780 
65535 7 28177 31981 
65027 16732 20807 32239 
45278 35984 15185 32465 
28051 54560 13250 32681 
13983 65192 15617 32822 
5365 65499 21878 32907 
2567 65511 30478 32941 
4622 65492 39501 32970 
9944 55999 46731 32980 
