33646 34352 33298 32450 
33646 34352 33298 32450 
34080 34780 33393 32038 
34231 34845 33358 31669 
34164 34643 33267 31450 
33836 34108 33089 31360 
33361 33393 32878 31455 
32769 32563 32668 31695 
32238 31842 32507 32114 
31751 31196 32322 32510 
31452 30861 32210 32971 
31398 30834 32163 33406 
31556 31088 32159 33739 
31925 31602 32233 33954 
32398 32257 32337 33997 
32928 32957 32526 33934 
33387 33534 32710 33685 
33638 33897 32851 33308 
33718 34031 32990 32901 
33568 33880 33067 32458 
33306 33588 33133 32110 
32891 33133 33105 31783 
32454 32631 32999 31581 
32106 32229 32881 31572 
31875 31938 32740 31679 
31830 31856 32626 31935 
31973 31954 32551 32242 
32263 32219 32523 32605 
32664 32599 32591 32969 
33033 32941 32649 33222 
33386 33254 32756 33405 
33615 33441 32862 33464 
33690 33474 32951 33430 
33552 33316 32969 33284 
33260 33022 32928 33074 
32849 32605 32810 32829 
32435 32214 32665 32609 
32070 31901 32518 32451 
31858 31771 32402 32361 
31765 31789 32290 32308 
31898 32054 32289 32380 
32165 32464 32348 32488 
32504 32939 32451 32601 
32886 33414 32627 32737 
33203 33797 32830 32851 
33394 33934 33004 32897 
33434 33858 33142 32890 
33338 33572 33227 32810 
33144 33153 33272 32709 
32867 32625 33220 32574 
32588 32103 33100 32446 
32368 31698 32930 32363 
32206 31436 32682 32325 
32185 31433 32462 32413 
32246 31614 32233 32562 
32385 31983 32053 32765 
32627 32474 32020 33052 
32851 32979 32088 33301 
33016 33410 32215 33457 
33151 33747 32471 33539 
33177 33894 32752 33465 
33107 33824 33062 33245 
32983 33593 33330 32926 
32801 33236 33510 32508 
32606 32808 33551 32070 
32481 32432 33501 31734 
32378 32085 33278 31483 
32359 31885 32987 31441 
32428 31853 32653 31614 
32555 31986 32358 31966 
32653 32176 32074 32373 
32787 32473 31943 32899 
32853 32746 31915 33377 
32873 32955 31995 33752 
32860 33090 32181 33968 
32828 33163 32460 34021 
32783 33144 32748 33855 
32755 33033 33003 33512 
32706 32873 33189 33078 
32688 32721 33282 32599 
32725 32647 33347 32190 
32721 32574 33274 31812 
32691 32557 33126 31570 
32654 32572 32906 31534 
32637 32657 32690 31699 
32585 32723 32480 31993 
32543 32765 32316 32371 
32517 32804 32246 32816 
32467 32740 32212 33181 
32513 32706 32322 33536 
32587 32643 32493 33725 
32698 32559 32699 33728 
32842 32475 32910 33548 
32996 32438 33067 33196 
33147 32476 33172 32796 
33262 32570 33202 32367 
33344 32731 33175 32034 
33300 32904 33038 31787 
33138 33032 32838 31682 
32892 33153 32632 31799 
32624 33211 32469 32063 
32318 33173 32318 32414 
32067 33088 32252 32828 
31873 32912 32229 33203 
31814 32727 32295 33509 
31932 32579 32466 33714 
32147 32402 32631 33716 
32459 32287 32825 33566 
32802 32218 32984 33268 
33112 32185 33067 32850 
33413 32283 33147 32476 
33595 32430 33173 32128 
33530 32806 32988 31724 
33241 32928 32789 31714 
32916 33024 32598 31902 
32550 33071 32424 32197 
32210 33021 32292 32552 
31940 32917 32196 32930 
31802 32774 32201 33298 
31858 32678 32304 33591 
32055 32618 32486 33742 
32355 32604 32700 33742 
32731 32649 32945 33576 
33075 32689 33142 33240 
33336 32722 33278 32789 
33537 32795 33361 32366 
33587 32852 33360 31974 
33480 32850 33239 31664 
33236 32809 33018 31522 
32939 32769 32764 31566 
32620 32730 32513 31819 
32353 32727 32315 32206 
32132 32692 32159 32628 
32030 32683 32097 33070 
32028 32644 32110 33468 
32164 32637 32241 33775 
32335 32571 32397 33842 
32592 32567 32632 33812 
32799 32495 32815 33568 
32931 32418 32917 33221 
32998 32357 32974 32843 
32989 32358 32970 32467 
32947 32441 32943 32176 
32840 32583 32880 31982 
32737 32775 32828 31920 
32688 33032 32831 31993 
32700 33293 32858 32143 
32776 33518 32927 32343 
32871 33648 33003 32535 
32966 33621 33064 32665 
33043 33472 33085 32758 
33040 33155 33031 32772 
32997 32775 32931 32778 
32831 32290 32722 32720 
32689 31922 32541 32745 
32508 31627 32334 32776 
32314 31455 32104 32832 
32187 31452 31950 32915 
32163 31649 31912 33066 
32187 31985 31977 33190 
32318 32414 32162 33298 
32499 32905 32429 33346 
32678 33352 32743 33264 
32857 33738 33051 33095 
33015 34012 33349 32857 
33173 34112 33585 32567 
33244 34008 33682 32245 
33248 33728 33663 31958 
33189 33345 33524 31757 
33076 32854 33283 31677 
32947 32371 33005 31768 
32791 31942 32673 31945 
32648 31662 32401 32263 
32534 31555 32182 32637 
32403 31597 31989 32992 
32297 31755 31863 33284 
32271 32064 31873 33565 
32245 32371 31923 33679 
32251 32672 32052 33687 
32313 32941 32261 33608 
32382 33074 32475 33371 
32507 33171 32731 33116 
32676 33218 33007 32848 
32852 33194 33235 32564 
33089 33203 33466 32337 
33283 33198 33617 32158 
33431 33187 33675 32037 
33476 33153 33617 31978 
33410 33078 33460 31951 
33254 33010 33240 32000 
33035 32889 32940 32069 
32774 32732 32623 32190 
32509 32558 32332 32362 
32259 32360 32079 32555 
32086 32175 31905 32771 
31984 32014 31810 32964 
31993 31933 31834 33182 
32115 31940 31971 33362 
32262 32039 32162 33487 
32503 32269 32421 33579 
32715 32520 32652 33570 
32876 32800 32838 33482 
32986 33043 32976 33325 
33013 33241 33053 33103 
33012 33378 33109 32865 
32952 33404 33132 32606 
32906 33372 33176 32384 
32850 33261 33208 32162 
32785 33050 33210 31923 
32809 32883 33238 31770 
32870 32730 33251 31681 
32919 32583 33184 31652 
32977 32503 33079 31727 
32997 32448 32894 31863 
32951 32394 32633 32063 
32898 32429 32398 32421 
32747 32412 32133 32808 
32557 32399 31881 33209 
32382 32402 31722 33624 
32245 32417 31709 33985 
32169 32450 31827 34225 
32162 32511 32057 34305 
32227 32595 32381 34200 
32351 32712 32749 33908 
32527 32880 33133 33457 
32689 33007 33417 32827 
32905 33205 33674 32224 
33091 33369 33796 31684 
33271 33479 33813 31383 
33350 33467 33659 31309 
33303 33303 33336 31384 
33199 33041 32995 31493 
32963 32637 32575 31407 
32734 32221 32236 31190 
32412 31759 31878 30855 
32228 31503 31718 30894 
32091 31400 31639 31437 
32104 31581 31736 32691 
32246 31984 31975 34465 
32487 32527 32312 36320 
32804 33166 32742 37766 
33049 33713 33101 38343 
33243 34095 33424 37902 
33341 34248 33649 36563 
33320 34131 33711 34450 
33271 33847 33655 32044 
33145 33410 33473 29556 
32860 32808 33147 27240 
32459 32110 32805 25444 
32002 31379 32482 24508 
31595 30800 32198 24704 
31476 30573 32002 26168 
31758 30852 31937 28835 
32311 31647 31982 32419 
32969 32769 32113 36408 
33552 33804 32298 40202 
34012 34376 32533 43069 
34182 34296 32743 44438 
33825 33938 32887 43958 
32864 33984 32994 41610 
31529 34644 32995 37587 
30730 35215 32896 32644 
31350 34410 32715 27514 
33577 31251 32611 23022 
36508 26407 32828 19986 
37983 22496 33399 18999 
36055 22878 34126 20317 
30528 29065 34472 23635 
23280 39410 33882 28406 
17976 49631 32252 33835 
18348 54588 30131 39140 
25842 50492 28652 43334 
38013 38341 29023 45736 
50595 22340 31510 46022 
58642 8761 35386 44243 
58571 3068 38933 40665 
50095 7006 40394 35875 
36611 17993 38729 30858 
22501 31278 34401 26314 
11735 43041 29048 22999 
6446 51155 24702 21360 
6497 55854 22893 21572 
10375 58135 24040 23524 
16401 58632 27136 26767 
23735 56858 30895 30714 
32239 51355 34170 34639 
42211 40790 36549 37966 
52950 26014 38319 40185 
63193 8911 39855 41030 
65405 295 41315 40519 
65508 65 42308 38856 
65535 12 42036 36291 
65466 16 39810 33468 
45796 15441 35537 30920 
25296 33902 29767 28992 
5048 53786 23611 27933 
132 65184 18460 27811 
11 65488 15521 28483 
7 65535 15767 29825 
7791 65535 19358 31442 
21818 65535 25635 32961 
37261 50357 33448 34187 
51168 28982 41269 34866 
60989 6647 47638 35035 
64181 188 51075 34656 
60487 33 51255 33878 
50558 10 48479 32938 
36030 1543 43581 32085 
19014 17396 37347 31515 
3301 34764 30736 31247 
129 52426 24417 31480 
36 64961 18781 31996 
19 65479 14659 32735 
9536 65527 13220 33521 
24205 65535 15274 34120 
40736 61734 21011 34480 
56210 41322 29437 34483 
65221 20244 38894 34128 
65482 1423 46875 33518 
65509 107 51474 32765 
65507 41 51744 31994 
58980 31 48152 31362 
44679 5406 42052 30988 
29210 17405 35069 30948 
15332 31837 28491 31105 
5604 45641 23765 31570 
602 56904 21059 32101 
89 64000 20455 32670 
4428 65444 21639 33126 
12568 60683 24440 33492 
23304 51807 28374 33644 
34357 37856 32853 33625 
43576 22549 37312 33469 
49126 9505 41112 33278 
49976 1698 43498 33062 
46726 930 43774 32901 
41697 5891 41706 32817 
37269 14059 37558 32821 
35105 22679 32028 32884 
35220 30425 26276 32971 
36098 37718 21434 33026 
35686 45071 19024 32963 
33161 53075 19564 32822 
29160 60240 22964 32546 
25679 63848 28606 32202 
24656 61224 35373 31845 
26878 51878 41661 31541 
31372 37404 46249 31367 
36177 21614 48284 31433 
39022 8851 47429 31679 
38558 2548 43915 32116 
34875 3940 38701 32639 
29394 11451 32792 33239 
24092 22190 27025 33753 
20896 33167 22166 34173 
20799 42231 18717 34398 
23711 47642 17193 34370 
28686 49496 17887 34140 
34504 48228 20957 33696 
39925 44671 26301 33174 
44210 39367 33237 32602 
46762 32993 40422 32071 
47553 26285 46118 31655 
46766 20121 49151 31438 
44370 15790 48667 31350 
40168 14918 44823 31434 
33900 18785 38570 31609 
26418 26812 32057 31877 
18652 37413 26789 32183 
12259 47952 23804 32462 
8975 55897 23338 32743 
9968 59425 24832 33016 
15126 57727 27052 33227 
23523 51479 29078 33423 
33683 41634 30419 33589 
44144 29323 31215 33690 
53884 15639 32120 33765 
61258 2808 33510 33720 
64676 140 35460 33571 
62866 38 37468 33389 
54876 0 38625 33110 
40790 13353 38210 32738 
23562 31813 36265 32384 
6676 51953 33409 32046 
171 65092 30672 31701 
11 65510 29212 31522 
28 65535 29549 31450 
13402 65516 31342 31516 
27633 61815 33742 31710 
41254 45425 35581 31993 
51925 30439 36050 32311 
58658 17023 34973 32767 
60655 6553 32686 33120 
58207 375 30061 33453 
51832 96 28026 33681 
42753 72 27195 33802 
32434 6337 27826 33788 
22743 16711 29591 33670 
14676 29867 31975 33483 
8839 44240 34375 33225 
5443 58234 36368 32919 
5189 65292 37647 32627 
8929 65488 38050 32375 
17345 65532 37534 32116 
30060 65535 36284 31985 
44828 54146 34429 31898 
58571 34609 32155 31879 
65302 16526 29971 31945 
65526 4612 28172 32020 
59231 913 27211 32209 
47044 3708 27145 32330 
34849 9629 28163 32569 
26722 15405 29950 32826 
23275 20193 32179 33075 
22642 25162 34492 33349 
22069 32180 36537 33596 
19809 42125 38113 33780 
16162 53277 38927 33808 
13042 63047 39004 33750 
12614 65434 38112 33506 
16351 65521 36311 33153 
24181 58111 33603 32680 
34224 42681 30411 32185 
44466 24922 27334 31749 
52826 8304 25002 31412 
57753 258 24060 31220 
58430 52 24823 31271 
54912 35 27019 31530 
47939 7768 30019 31932 
38909 20940 33201 32505 
29348 36322 35947 33036 
20834 51139 38117 33579 
14912 62009 39641 33977 
12046 65405 40575 34180 
12299 65490 40731 34177 
15334 59321 39787 33984 
20551 48603 37363 33525 
27111 34650 33673 32993 
33958 20682 29517 32446 
40482 8423 26008 31973 
45961 433 24041 31569 
49921 98 24167 31378 
51784 65 26154 31407 
50806 7302 28932 31649 
46513 15257 31399 32013 
39001 30805 32951 32502 
29124 48340 33468 32964 
18931 64273 33700 33405 
11454 65452 34429 33743 
9187 65531 36019 33891 
12804 65535 38177 33795 
21181 65523 40053 33530 
31617 50266 40588 33107 
41379 31598 39150 32627 
47744 15752 35830 32160 
49976 4928 31474 31759 
48596 357 27442 31551 
44810 92 24875 31550 
39898 6311 24423 31753 
35006 14869 25922 32125 
30421 25493 28524 32601 
26228 36906 31301 33097 
22555 47588 33432 33534 
19891 55911 34604 33815 
19266 59833 34981 33951 
21174 58219 34938 33831 
25675 51148 34876 33529 
31979 39973 35034 33097 
38580 27242 35374 32598 
43470 16774 35606 32159 
45767 10354 35444 31780 
45145 8865 34671 31509 
42053 11971 33347 31470 
37372 18670 31715 31662 
32233 27260 30195 31972 
27563 36507 29299 32418 
24056 45021 29301 32911 
22404 51392 30229 33356 
23162 54221 31795 33731 
26336 52442 33338 33906 
31154 46396 34321 33858 
36394 37552 34464 33675 
40391 28072 33785 33307 
42142 20333 32741 32830 
41334 16212 31869 32351 
38472 15891 31477 31932 
34393 18751 31568 31610 
29906 23887 31985 31480 
25554 30486 32481 31540 
22168 37590 33006 31824 
20307 44340 33515 32176 
20774 49398 34132 32622 
24033 51243 34748 33079 
29847 48622 35135 33460 
37129 41523 35044 33722 
44493 30955 34291 33777 
50418 19104 32968 33665 
53686 8898 31413 33431 
53339 3295 30045 33124 
48735 4666 29211 32735 
40141 13429 29204 32436 
28551 27655 29964 32187 
16271 43886 31356 32079 
6287 58232 33002 32044 
2087 65276 34448 32112 
4712 65495 35359 32267 
13251 65243 35482 32463 
25150 52372 34805 32595 
37767 39851 33633 32687 
48287 27384 32504 32719 
55716 16071 31849 32749 
59489 6776 31793 32743 
59368 738 32175 32701 
55337 86 32681 32717 
47744 1741 32923 32743 
37503 12201 32820 32802 
26114 25126 32567 32882 
15498 39746 32496 33026 
7324 53846 32743 33129 
3368 64512 33269 33207 
4260 65444 33696 33204 
9869 65503 33641 33131 
19554 65522 32911 32994 
32006 54022 31646 32783 
45707 36180 30413 32554 
57716 18148 29783 32304 
65030 3506 30167 32088 
65494 105 31444 31915 
64604 31 33161 31848 
50382 5943 34663 31910 
36010 17913 35430 32074 
21705 31551 35405 32300 
10364 44350 34897 32642 
3819 54106 34209 32987 
2572 59462 33524 33297 
6423 59423 32907 33579 
14323 54175 32195 33756 
24731 44666 31393 33787 
36079 32735 30777 33645 
46581 20481 30706 33401 
54078 10828 31253 33014 
57484 5565 32356 32610 
56210 5502 33450 32178 
50828 10440 34044 31772 
43232 18931 33873 31507 
35447 28686 33107 31439 
28660 38198 32176 31552 
23103 46574 31437 31821 
18412 53692 31091 32213 
14398 59269 31007 32628 
12197 62290 31183 33109 
12935 61297 31530 33475 
17673 55318 32326 33767 
25953 44220 33727 33920 
36203 29386 35572 33807 
45670 14329 37370 33614 
52162 2159 38266 33278 
54298 100 37699 32902 
52039 46 35547 32516 
46257 5161 32266 32132 
38983 16368 29048 31893 
31875 29296 26740 31698 
26125 41829 25905 31674 
22298 51781 26451 31820 
20574 57722 27862 32062 
20863 59105 29695 32366 
22718 56338 31662 32739 
25345 50777 33769 33129 
28050 43657 36030 33391 
30647 36058 38366 33608 
33258 28367 40268 33690 
36090 20677 41036 33625 
38779 14027 40080 33371 
40742 9704 37468 33064 
41195 9255 33675 32628 
39968 13561 29732 32248 
37444 22083 26329 31848 
35006 31945 24422 31630 
33456 40683 23987 31603 
32911 46300 24839 31688 
32702 48437 26800 31962 
31756 48070 29695 32343 
29423 46792 33153 32800 
25929 45502 36772 33203 
22611 43946 39984 33569 
21145 40912 42035 33811 
22737 35195 42237 33861 
27353 26739 40085 33695 
33392 17990 36193 33467 
39111 11199 31289 33114 
43221 8771 26686 32740 
45148 11578 23654 32407 
45002 18960 23070 32147 
43176 28798 25118 31951 
40100 38543 29031 31869 
35937 46646 33607 31912 
30879 52133 37511 31983 
25369 54658 39896 32132 
20784 53875 40291 32309 
18201 50026 39172 32475 
18342 43493 37234 32649 
21428 34889 35050 32808 
26896 25275 32790 32946 
33795 15920 30263 33103 
40270 9252 27552 33248 
45282 6627 24807 33339 
47883 9113 23008 33382 
47871 16118 23014 33367 
45387 26291 25358 33321 
40699 37587 29791 33195 
34341 47891 35293 33000 
26952 55560 40645 32742 
19991 59385 44400 32521 
14647 59219 45811 32264 
12286 55302 44792 32036 
13907 48008 41761 31902 
19790 37627 37154 31829 
29274 25033 31665 31831 
40034 12791 26376 31969 
49902 2926 21898 32187 
56585 115 19074 32470 
58196 35 18634 32809 
53952 8940 20976 33146 
44809 23075 25750 33398 
33516 38748 31850 33664 
22506 52639 37920 33785 
14447 62104 42651 33759 
10665 65377 45083 33593 
11589 62646 44732 33267 
16098 54960 42274 32908 
22775 43979 38561 32484 
30361 31614 34557 32077 
37555 20075 30931 31722 
43565 11431 28052 31543 
47479 7428 26119 31531 
49098 8140 25148 31692 
48482 12628 25245 31960 
45815 19494 26660 32340 
41374 27018 29348 32789 
35619 34177 32759 33201 
29465 40272 35939 33528 
23971 45141 38008 33742 
20324 48420 38329 33830 
19210 49566 36789 33724 
20545 48317 33969 33460 
23227 45251 31058 33100 
25816 41421 28924 32683 
27331 37995 28153 32265 
27988 35549 28771 31919 
29051 33551 30539 31721 
32192 30659 32913 31680 
37937 25820 35420 31782 
45337 19182 37785 32066 
51916 12333 39479 32428 
55006 7857 40118 32864 
53042 7780 39211 33263 
46614 12769 36679 33594 
38085 21224 32847 33746 
29771 31195 28425 33728 
23024 41128 24316 33562 
17770 50353 21382 33218 
13126 58989 20316 32743 
9146 65154 21582 32297 
6693 65439 24910 31841 
7984 65508 29967 31523 
14789 65535 35912 31401 
27388 53634 41896 31480 
42969 33260 46660 31781 
58169 11379 49313 32256 
65329 306 49121 32802 
65520 36 45942 33330 
65535 18 40073 33782 
65421 298 32628 34069 
48231 14061 25076 34112 
31603 27705 18690 33927 
16414 41666 14758 33617 
4848 53994 13904 33142 
180 63044 16388 32654 
59 65427 21594 32242 
593 65472 28508 31918 
13662 54405 35922 31761 
27590 39327 42566 31717 
43090 20553 47550 31870 
56779 2313 50021 32085 
65103 138 49802 32344 
65504 38 46986 32568 
65535 4 42054 32759 
52561 6109 35476 32809 
34310 22816 28234 32890 
15388 43185 21896 32891 
756 63166 17320 32854 
33 65436 15463 32839 
0 65535 16821 32902 
8599 65535 21179 32963 
24225 65535 27475 33050 
40880 53041 34476 33193 
54930 33401 40733 33303 
63459 15074 45213 33389 
65373 1845 47129 33332 
60579 108 46345 33223 
51928 75 43210 32967 
40578 101 38484 32626 
28033 9664 33217 32245 
15244 21347 28319 31871 
4479 35433 24907 31593 
172 49819 23225 31418 
52 61656 23333 31463 
73 65402 24693 31686 
12734 65503 26829 32097 
26188 65388 29241 32610 
40235 50854 31791 33161 
53003 35714 34457 33708 
63091 19754 37131 34116 
65404 5208 39551 34293 
65481 176 40952 34228 
65513 40 40803 33913 
65427 12 38945 33412 
48192 12590 35730 32813 
29659 29904 31950 32155 
11704 48372 28740 31586 
488 62727 26828 31192 
32 65469 26377 31047 
33 65535 27139 31183 
11218 56803 28697 31563 
23411 43809 30568 32136 
33890 29171 32408 32754 
41002 17974 34182 33388 
44634 11178 35679 33898 
45728 8232 36748 34216 
45334 7939 37043 34268 
44092 9861 36469 34062 
41989 14200 35141 33671 
38371 21643 33317 33098 
32842 32368 31492 32512 
25724 45332 30022 31988 
18283 58311 29106 31549 
13136 65311 29033 31332 
12797 65515 29836 31367 
18304 65535 31384 31614 
28769 53734 33474 32038 
41672 34643 35554 32542 
53718 14881 37148 33106 
61006 810 37561 33598 
61686 48 36573 33915 
55900 23 34339 34035 
45571 8400 31357 33900 
33318 21416 28430 33592 
21959 35024 26360 33130 
13372 46362 25660 32554 
7875 54528 26501 32067 
5186 59239 28555 31643 
5201 60770 31493 31415 
8236 58928 34930 31373 
14867 53258 38312 31562 
25350 43035 41281 31943 
38842 28478 43404 32421 
53387 11485 44123 32969 
64931 377 42762 33462 
65482 49 38945 33846 
65535 0 32994 34043 
65535 6176 25786 34027 
59964 20273 18945 33825 
41509 39487 14240 33451 
24488 57064 13392 32963 
11411 65309 16883 32444 
4197 65506 24007 31969 
2839 65507 32969 31616 
5946 65429 41822 31437 
