32393 32084 32185 32723 
32393 32084 32185 32723 
32355 32093 32200 33225 
32343 32169 32264 33623 
32426 32363 32459 33928 
32535 32567 32679 34006 
32673 32789 32915 33894 
32787 32939 33089 33577 
32891 33047 33220 33155 
32977 33139 33304 32680 
33026 33135 33280 32183 
33021 33062 33162 31766 
32999 32972 33015 31536 
32901 32816 32762 31447 
32802 32665 32521 31601 
32710 32530 32325 31939 
32584 32398 32156 32365 
32487 32309 32073 32844 
32385 32241 32065 33285 
32306 32265 32163 33646 
32300 32379 32373 33855 
32360 32582 32656 33860 
32450 32815 32936 33666 
32580 33035 33180 33301 
32757 33251 33372 32845 
32969 33382 33471 32375 
33173 33439 33478 31971 
33326 33344 33340 31682 
33396 33134 33133 31571 
33371 32840 32855 31644 
33242 32508 32567 31914 
33037 32227 32337 32311 
32733 31969 32138 32739 
32392 31834 32020 33154 
32119 31862 32027 33518 
31892 32010 32109 33724 
31804 32292 32284 33782 
31873 32636 32499 33650 
32044 32967 32715 33382 
32325 33263 32909 33013 
32664 33458 33054 32561 
33078 33582 33198 32197 
33418 33556 33249 31888 
33661 33400 33226 31686 
33749 33153 33128 31644 
33669 32844 32962 31785 
33448 32525 32779 32037 
33074 32255 32595 32420 
32591 31989 32382 32795 
32104 31812 32232 33190 
31729 31775 32171 33539 
31544 31877 32232 33805 
31534 32056 32358 33874 
31757 32346 32573 33780 
32122 32659 32803 33500 
32590 32999 33039 33115 
33085 33307 33214 32633 
33547 33587 33350 32159 
33877 33775 33391 31739 
33913 33758 33257 31382 
33791 33654 33070 31263 
33501 33445 32819 31357 
33055 33116 32519 31626 
32595 32782 32286 32124 
32186 32420 32105 32669 
31891 32110 32022 33236 
31746 31861 32024 33726 
31819 31737 32179 34099 
32028 31714 32379 34237 
32340 31794 32611 34128 
32680 31964 32858 33846 
32944 32154 33018 33384 
33073 32379 33088 32848 
33099 32640 33089 32318 
33030 32929 33065 31924 
32844 33132 32957 31603 
32621 33327 32857 31494 
32491 33503 32824 31597 
32433 33571 32786 31802 
32519 33607 32837 32111 
32697 33531 32890 32427 
32931 33378 32915 32697 
33396 32947 32892 33064 
33480 32693 32795 33102 
33443 32473 32656 33121 
33221 32227 32459 33075 
32868 32014 32266 33020 
32461 31863 32129 33000 
32037 31740 32031 32975 
31703 31740 32048 32998 
31493 31779 32140 32992 
31509 31966 32381 33025 
31708 32212 32665 32997 
32035 32508 32952 32917 
32478 32846 33232 32778 
32948 33192 33432 32564 
33424 33541 33564 32332 
33839 33837 33591 32121 
34057 33991 33489 31945 
34077 33977 33269 31823 
33930 33850 32999 31820 
33619 33580 32701 31946 
33175 33187 32411 32188 
32666 32719 32155 32508 
32145 32206 31960 32882 
31674 31715 31817 33239 
31341 31351 31792 33564 
31220 31183 31887 33810 
31324 31211 32095 33916 
31584 31415 32349 33850 
32033 31829 32677 33651 
32552 32336 33002 33335 
33075 32886 33289 32927 
33566 33416 33542 32503 
33940 33866 33705 32074 
34123 34125 33739 31699 
34102 34177 33655 31460 
33894 34046 33459 31362 
33564 33764 33188 31437 
33106 33361 32836 31652 
32631 32893 32463 32002 
32250 32492 32159 32453 
31915 32102 31903 32892 
31706 31804 31730 33324 
31676 31668 31733 33698 
31761 31687 31839 33929 
31950 31826 32061 34007 
32160 31995 32319 33897 
32409 32233 32617 33653 
32618 32443 32861 33308 
32812 32648 33077 32934 
32941 32783 33200 32542 
33038 32895 33262 32208 
33082 32955 33232 31939 
33135 33024 33184 31830 
33175 33122 33120 31847 
33219 33240 33066 31936 
33244 33352 33000 32089 
33257 33461 32969 32281 
33219 33504 32912 32431 
33113 33452 32839 32545 
32991 33323 32748 32638 
32805 33074 32635 32698 
32578 32734 32481 32740 
32340 32351 32322 32793 
32120 31963 32192 32885 
31916 31608 32079 32984 
31798 31410 32042 33154 
31814 31404 32116 33336 
31906 31561 32257 33482 
32103 31901 32456 33576 
32409 32364 32706 33564 
32762 32896 32977 33422 
33066 33371 33162 33135 
33402 33814 33375 32794 
33665 34095 33498 32377 
33817 34163 33544 31945 
33805 34000 33467 31581 
33666 33650 33293 31334 
33403 33169 33035 31264 
33068 32627 32739 31401 
32677 32105 32423 31721 
32259 31655 32121 32195 
31893 31410 31886 32753 
31634 31381 31771 33349 
31540 31568 31790 33879 
31591 31908 31931 34233 
31801 32333 32186 34380 
32149 32836 32551 34315 
32538 33251 32925 33982 
32923 33544 33247 33421 
33320 33743 33549 32808 
33619 33757 33711 32133 
33771 33618 33727 31541 
33756 33327 33557 31110 
33625 33018 33319 30970 
33329 32632 32944 31058 
32993 32313 32577 31419 
32651 32113 32267 32013 
32332 32005 32015 32658 
32106 32040 31917 33331 
31955 32124 31887 33832 
31971 32343 32046 34179 
32089 32598 32281 34279 
32275 32835 32553 34109 
32495 33048 32823 33721 
32704 33159 33040 33171 
32880 33215 33193 32599 
33054 33199 33284 32081 
33128 33071 33273 31663 
33106 32830 33133 31422 
33045 32591 32969 31414 
32962 32388 32784 31652 
32811 32199 32580 32046 
32692 32135 32428 32539 
32566 32163 32327 33035 
32459 32282 32266 33452 
32455 32544 32339 33782 
32469 32819 32456 33852 
32525 33098 32615 33711 
32657 33368 32838 33464 
32765 33469 33015 33014 
32882 33469 33150 32540 
33003 33350 33235 32104 
33056 33082 33198 31737 
33047 32741 33078 31526 
33013 32415 32904 31593 
32908 32129 32692 31811 
32764 31954 32479 32202 
32581 31902 32294 32650 
32431 32020 32214 33140 
32290 32217 32188 33506 
32198 32504 32242 33747 
32210 32843 32402 33847 
32312 33152 32615 33759 
32453 33347 32794 33493 
32656 33451 32985 33133 
32850 33378 33090 32664 
33065 33246 33184 32268 
33229 33027 33202 31914 
33316 32759 33144 31676 
33318 32475 33034 31597 
33242 32231 32871 31678 
33061 32073 32666 31906 
32899 32063 32524 32296 
32682 32134 32380 32746 
32415 32244 32218 33240 
32208 32427 32134 33776 
32097 32684 32169 34275 
32063 32929 32272 34485 
32105 33122 32443 34205 
32210 33238 32679 33324 
32384 33276 32932 32020 
32578 33220 33177 30584 
32775 33086 33347 29521 
32981 32949 33455 29312 
33157 32791 33458 30114 
33326 32677 33375 31744 
33446 32594 33209 33792 
33430 32472 32904 35704 
33353 32413 32595 37028 
33240 32415 32346 37552 
33001 32392 32079 37126 
32783 32477 31927 35937 
32585 32627 31884 34137 
32423 32817 31968 31950 
32236 32923 32143 29595 
31971 32892 32429 27475 
31669 32661 32738 25922 
31529 32393 33044 25410 
31658 32220 33266 26140 
32108 32284 33381 28131 
32769 32646 33412 31272 
33362 33102 33277 35062 
33757 33321 33021 38660 
33998 33102 32750 41540 
33944 32557 32508 43102 
33438 32298 32384 42947 
32315 32955 32320 40907 
31173 34416 32309 37288 
30926 35541 32305 32639 
32373 34834 32384 27817 
35305 31349 32606 23534 
38150 26436 33115 20741 
38678 23062 33845 19899 
35367 24492 34494 21221 
28297 31833 34428 24569 
20463 42708 33276 29401 
16081 51814 31184 34756 
18355 54210 29034 39775 
27586 47292 28010 43681 
41372 32173 29133 45824 
53674 15542 32433 45763 
59989 3618 36624 43552 
57590 1255 39972 39662 
46979 9016 40704 34471 
32893 22637 38253 29349 
19251 37135 33508 24866 
9750 48717 28287 21768 
5818 56160 24601 20536 
6890 59745 23573 21238 
11392 60935 25201 23782 
17852 60104 28266 27531 
25656 56323 31470 31849 
35103 48129 34170 36093 
46163 34479 36089 39518 
57396 17448 37707 41606 
65170 955 39353 42202 
65464 122 40905 41270 
65531 33 41840 39131 
65535 0 41242 36161 
62592 6487 38673 33015 
40763 21828 34231 30152 
19978 41786 28616 27969 
1046 62295 22916 26719 
59 65395 18702 26568 
3 65520 16908 27306 
10 65535 18173 28778 
12157 65535 22535 30656 
27024 65026 28984 32538 
42270 41988 36281 34115 
54841 18802 42862 35194 
62487 686 47492 35696 
63208 73 49220 35693 
57138 15 48000 35165 
45172 2 44437 34402 
28958 8484 39367 33499 
11796 24688 33716 32729 
441 43150 28188 32164 
65 60557 23160 31940 
24 65376 18942 31893 
65 65516 16367 32078 
14796 65535 16413 32360 
30746 65535 19673 32638 
47455 54325 25925 32831 
62192 34192 34153 32898 
65415 12541 42256 32815 
65499 386 48101 32659 
65511 67 50311 32424 
65507 33 48659 32226 
54393 30 43605 32082 
38824 9130 36986 32088 
23575 22213 30484 32160 
11085 36546 25372 32389 
2835 49728 22199 32652 
145 60013 21103 32913 
73 65205 21945 33142 
6372 65479 24261 33310 
15748 58799 27661 33358 
27011 47085 31784 33321 
38174 31638 36102 33190 
46437 16167 39981 33032 
50081 4829 42717 32868 
49021 260 43706 32684 
44892 845 42646 32603 
40082 8753 39462 32572 
36753 17518 34448 32561 
35989 25665 28777 32595 
36775 32852 23527 32639 
37146 40015 19917 32654 
35443 48337 18919 32656 
31416 57092 20877 32549 
26886 63777 25450 32453 
24000 65459 31607 32299 
24436 59182 38149 32233 
28119 46379 43702 32198 
33301 29885 47022 32265 
37743 13949 47641 32483 
39357 3135 45541 32753 
37283 133 41257 33074 
32250 5312 35780 33383 
26411 15651 30183 33640 
21854 27924 25202 33792 
20080 39117 21269 33718 
21732 47398 18840 33487 
26125 51541 18441 33080 
32038 51895 20292 32582 
38125 49158 24433 32111 
43302 43888 30443 31641 
46714 37025 37061 31351 
48232 29143 43019 31265 
47947 21168 46838 31467 
45931 14423 47527 31811 
42075 10740 44838 32374 
36506 11985 39759 32960 
29232 18565 33686 33526 
21029 29425 28287 33962 
13375 42412 24843 34212 
8374 54071 23956 34217 
7670 61563 25135 33947 
11600 63525 27420 33485 
19442 59879 29711 32913 
29785 51385 31322 32319 
41113 38924 32216 31793 
51687 24276 32778 31427 
60412 8915 33595 31267 
65247 316 34971 31339 
65484 67 36638 31634 
62898 7 37818 32123 
49179 5165 37752 32621 
32077 20509 36165 33121 
13297 40946 33495 33578 
434 61271 30604 33915 
24 65425 28714 34056 
0 65535 28440 33970 
6901 65535 29793 33703 
21058 65505 32182 33296 
35938 52008 34513 32819 
48171 35511 35766 32300 
56511 20390 35643 31898 
60197 7865 34195 31584 
59086 351 32061 31451 
53614 95 30153 31511 
44925 72 29157 31719 
34650 6708 29348 32068 
24422 13328 30572 32494 
15514 26366 32340 32959 
9032 40976 34073 33348 
5069 55691 35399 33641 
3935 65159 36148 33825 
6369 65464 36197 33808 
13649 65527 35618 33631 
25613 65535 34540 33371 
40780 65467 33083 33005 
56187 44032 31456 32656 
65276 22115 29843 32352 
65533 5691 28621 32120 
65535 150 28081 32001 
56382 56 28342 31987 
44564 5630 29500 32094 
32883 12885 31388 32300 
26194 19071 33635 32540 
23439 24362 35714 32716 
21723 30749 37428 32872 
18714 39651 38478 32923 
13910 50772 38742 32900 
9069 61388 38209 32809 
6875 65385 36959 32704 
9096 65517 34978 32577 
16148 65153 32426 32511 
26947 47412 29508 32513 
38814 29066 26759 32596 
49555 10929 24761 32768 
57191 362 24005 32932 
60563 55 24901 33180 
59031 30 27347 33360 
53406 5595 30524 33420 
45048 18549 33875 33435 
35537 34312 36674 33282 
26367 49974 38719 33008 
19071 62243 39946 32605 
14839 65417 40552 32274 
13406 65498 40425 31906 
14627 65261 39430 31604 
18290 50701 37283 31516 
23564 36263 33991 31583 
29831 21323 30045 31833 
36299 8003 26361 32204 
42173 326 24018 32693 
46875 94 23709 33221 
49551 66 25377 33690 
49619 220 28252 34002 
46590 13169 31188 34151 
40162 28819 33307 34084 
30968 47502 34247 33790 
21425 64128 34424 33350 
13886 65441 34675 32796 
10821 65535 35622 32223 
13634 65535 37348 31719 
21565 65535 39094 31315 
31942 51755 39952 31177 
41779 32624 39091 31228 
48570 15341 36346 31481 
51017 3257 32289 31951 
49240 121 28169 32522 
44666 69 25289 33087 
39010 5242 24386 33609 
33479 14441 25494 33995 
28632 26019 28068 34174 
24633 38283 31030 34121 
21538 49563 33484 33904 
19464 58180 34924 33485 
19141 62296 35436 33018 
21276 60393 35315 32473 
26139 52132 35063 31997 
32474 39716 34943 31629 
39010 25796 35027 31440 
44075 13710 35111 31415 
46501 6087 34946 31620 
45681 4469 34259 31940 
42190 8401 33055 32323 
37154 16429 31559 32785 
31693 26738 30168 33233 
26792 37951 29287 33581 
23549 47968 29403 33840 
22359 55414 30457 33874 
23619 58723 32151 33762 
27271 56774 33909 33495 
32662 49445 35048 33095 
37902 38885 35155 32631 
41725 27515 34387 32200 
42917 18031 33085 31804 
41303 12458 31831 31558 
37442 11661 31035 31524 
32514 14905 30792 31637 
27477 21051 30986 31906 
23034 28967 31452 32292 
19823 37619 32093 32753 
18545 46061 32868 33172 
20055 52184 33815 33523 
24485 54666 34812 33773 
31321 52243 35535 33830 
39649 44525 35736 33743 
47554 32636 35108 33471 
53476 19253 33868 33120 
56265 7363 32257 32693 
55208 521 30789 32311 
49700 29 29794 31970 
40087 9490 29506 31695 
27558 24666 30072 31676 
14391 42393 31172 31763 
3888 58213 32577 32020 
127 65351 33819 32384 
37 65507 34504 32801 
10428 65503 34420 33147 
23339 57654 33715 33455 
36856 44809 32720 33661 
48696 31234 31877 33711 
56904 18634 31565 33568 
61178 7855 31903 33251 
61372 586 32660 32857 
57547 86 33469 32416 
49805 52 33962 32013 
39508 9013 34042 31739 
27870 21659 33809 31589 
16888 36431 33655 31693 
8316 50907 33674 31920 
3537 63095 33816 32304 
3646 65420 33764 32760 
8438 65503 33167 33194 
17531 65527 31931 33576 
29643 55979 30314 33796 
43426 38154 28893 33846 
55862 19262 28337 33687 
64294 3469 28970 33363 
65479 101 30687 32945 
64682 23 32949 32466 
50910 5528 34845 31997 
36754 17758 36000 31733 
22498 31955 36205 31609 
11031 45322 35816 31723 
4213 55601 35122 31981 
2733 61269 34414 32376 
6382 61195 33670 32819 
14216 55613 32803 33227 
24735 45485 31839 33526 
36171 32746 31075 33682 
46683 19612 30823 33657 
54146 9086 31244 33457 
57377 3007 32104 33064 
56014 2341 32929 32618 
50659 7132 33323 32156 
43405 15779 33011 31792 
36049 26020 32158 31562 
29654 36453 31278 31602 
24092 46153 30713 31831 
18814 54940 30562 32183 
14027 62156 30816 32705 
10900 65384 31279 33190 
11152 65480 31984 33659 
15820 59629 33041 33948 
24444 48745 34602 34001 
35544 32280 36609 33853 
45671 15536 38340 33541 
52691 1728 39027 33048 
55256 93 38132 32503 
53246 45 35583 31986 
47653 4278 31985 31579 
40552 14045 28580 31398 
33432 26589 26181 31388 
27396 38936 25347 31573 
23012 49170 25973 31925 
20691 55311 27522 32333 
20360 57155 29535 32843 
21521 55066 31624 33296 
23647 50114 33870 33673 
26152 43518 36264 33910 
28724 36592 38533 33976 
31600 29338 40209 33889 
34928 21895 40691 33646 
38419 14970 39487 33288 
41150 10401 36684 32831 
42224 10054 33042 32383 
41413 14611 29434 31958 
39294 23158 26690 31623 
36924 33409 25248 31453 
35202 41984 25150 31400 
34276 47183 26199 31560 
33390 48749 28068 31854 
31529 47835 30553 32192 
28199 46149 33570 32598 
24095 44713 36693 32998 
20631 43039 39380 33372 
19574 39784 40935 33663 
21811 33835 40728 33823 
27148 25347 38519 33856 
33766 16497 34708 33736 
39858 9955 30228 33501 
44114 8121 26349 33215 
46031 11849 24141 32849 
45772 19896 24375 32501 
43842 30042 26884 32156 
40519 40023 30871 31926 
35946 48169 35078 31811 
30205 53581 38293 31805 
24339 55706 39707 31923 
19425 54587 39361 32134 
16765 50410 37779 32406 
17286 43271 35690 32683 
21194 33926 33665 32921 
27478 23774 31833 33053 
34837 14391 29987 33120 
41651 7664 27914 33079 
46803 5207 25809 32980 
49336 8014 24424 32828 
49104 15674 24561 32695 
46233 26630 26743 32596 
40898 38942 30863 32566 
33943 49755 35860 32651 
26120 57379 40401 32744 
18707 60936 43432 32892 
13100 60169 44293 33053 
10972 55361 42922 33218 
13081 47192 39766 33246 
19527 36289 35551 33207 
29168 23576 30842 33012 
40551 10619 26231 32734 
51069 727 22459 32393 
57731 69 20413 32072 
59042 26 20531 31787 
54569 10080 23068 31638 
45020 25130 27697 31642 
32900 41807 33368 31820 
21452 55931 38713 32137 
13257 64707 42535 32564 
9763 65467 44097 33069 
10995 65459 43238 33546 
16077 54572 40422 33951 
23239 42215 36701 34153 
31139 28757 32955 34150 
38447 16618 29840 33931 
44409 7845 27623 33508 
47983 4535 26384 32954 
49134 6530 26080 32326 
48175 12524 26744 31772 
45327 20630 28418 31301 
40847 29128 30979 31075 
34962 36988 34054 31057 
28609 43338 36714 31298 
22929 48038 38210 31753 
19264 50701 38022 32375 
18420 50874 36111 33011 
20295 48458 33040 33565 
23674 44293 30032 34020 
26885 39644 27919 34277 
28745 35898 27260 34278 
29247 33647 28076 34016 
29937 32294 30181 33579 
32657 30253 32938 33088 
38241 26009 35842 32504 
45732 19558 38514 32008 
52514 12520 40356 31607 
55607 7590 40913 31375 
53285 7304 39860 31401 
46309 12047 37122 31581 
37182 20573 33106 31951 
27995 31144 28291 32381 
20988 41509 23965 32904 
15759 50958 20902 33315 
11378 59774 19773 33680 
7564 65273 20871 33861 
5522 65447 24291 33865 
7714 65514 29585 33681 
15774 65535 35853 33333 
29293 56263 42106 32916 
45798 36588 47161 32433 
61886 13340 50033 32002 
65426 367 49802 31691 
65533 34 46416 31533 
65535 16 40438 31554 
65510 68 32782 31766 
49759 13375 24813 32071 
32424 26929 18546 32544 
16571 40937 14727 32993 
4551 53404 14012 33434 
159 62709 16529 33760 
52 65423 21738 33935 
538 65431 28529 33954 
14020 53783 35770 33720 
28403 37925 42333 33350 
44144 18451 47268 32879 
57718 992 49699 32391 
65221 114 49422 31948 
65519 32 46508 31597 
65326 0 41306 31457 
48157 6515 34691 31481 
29818 23527 27789 31789 
10818 44440 21652 32212 
306 64119 17449 32681 
6 65460 16142 33169 
0 65535 18040 33572 
11170 65535 22672 33806 
27804 65535 29089 33851 
45293 52268 35958 33657 
59602 31863 41746 33310 
65375 13378 45433 32886 
65498 833 46561 32397 
65467 95 45169 31997 
53987 75 41640 31690 
40840 99 36724 31622 
26749 9785 31583 31736 
12928 21497 27133 32026 
1375 35823 24111 32403 
101 50921 22993 32900 
44 63155 23584 33300 
73 65433 25427 33642 
12517 65506 27892 33775 
25797 65509 30500 33715 
39877 53772 33204 33514 
52687 37612 35879 33149 
62669 20662 38357 32747 
65394 5062 40250 32320 
65484 168 41050 31985 
65522 33 40189 31722 
62691 3 37715 31679 
44904 11962 34123 31787 
26378 29028 30433 32054 
8979 47220 27536 32400 
249 61587 26065 32819 
18 65450 26120 33189 
73 65530 27321 33518 
13366 53656 29146 33696 
25754 38965 31202 33719 
36154 25376 33256 33612 
42685 15941 35060 33301 
45806 11003 36609 32959 
46471 9435 37516 32520 
45883 9999 37617 32135 
44521 12185 36734 31817 
42181 16553 35039 31627 
38177 24061 32877 31598 
32046 34994 30778 31761 
23907 48790 29098 32036 
16135 61660 28319 32458 
10993 65404 28433 32871 
10993 65531 29445 33242 
17461 65535 31334 33579 
29172 55708 33695 33775 
42885 36708 35917 33789 
55096 15952 37536 33664 
62412 811 38002 33444 
62667 44 37000 33111 
56498 23 34690 32725 
45986 7699 31630 32342 
33885 19900 28663 32099 
22457 32738 26380 31857 
13529 43694 25534 31780 
7567 51515 26229 31825 
4268 56315 28217 31994 
3711 58217 31097 32238 
6555 56934 34561 32564 
13542 51667 37982 32937 
24809 41557 40988 33204 
39410 26906 43162 33417 
55319 9574 43944 33547 
65182 300 42655 33538 
65500 35 39016 33372 
65535 0 33237 33125 
65535 7153 26072 32779 
60518 24628 19402 32460 
41818 44495 15099 32163 
24608 62109 14491 31960 
11518 65433 17991 31858 
4265 65519 25005 31932 
3020 65510 33559 32120 
6132 65459 41674 32405 
12075 51388 47649 32771 
19724 37040 50459 33090 
