32806 31573 32266 32834 
32806 31573 32266 32834 
32697 31603 32008 33264 
32588 31792 31839 33678 
32511 32141 31820 34028 
32455 32548 31915 34178 
32439 32996 32151 34150 
32437 33365 32450 33870 
32513 33647 32808 33450 
32590 33747 33145 32832 
32719 33694 33433 32197 
32877 33540 33623 31640 
32987 33266 33657 31207 
33049 32916 33524 30954 
33061 32595 33285 30959 
33068 32368 33012 31284 
32943 32136 32639 31745 
32830 32073 32346 32397 
32648 32039 32096 33076 
32445 32066 31933 33691 
32316 32174 31923 34207 
32252 32340 32037 34477 
32275 32528 32241 34493 
32368 32737 32493 34227 
32527 32939 32745 33747 
32744 33116 32974 33120 
32986 33280 33157 32465 
33226 33416 33304 31887 
33362 33432 33346 31406 
33369 33327 33276 31122 
33250 33120 33151 31077 
33004 32832 32963 31256 
32713 32509 32772 31663 
32415 32219 32589 32202 
32124 31969 32416 32775 
31915 31803 32243 33315 
31851 31799 32136 33772 
31929 31955 32109 34069 
32159 32257 32180 34163 
32454 32626 32299 34063 
32829 33055 32535 33811 
33158 33430 32782 33370 
33394 33651 33005 32861 
33555 33751 33234 32337 
33586 33698 33396 31874 
33523 33503 33483 31514 
33376 33202 33483 31316 
33131 32814 33328 31266 
32894 32461 33119 31437 
32663 32173 32875 31798 
32425 31930 32577 32234 
32224 31819 32305 32762 
32080 31842 32103 33301 
31966 31923 31969 33731 
31917 32115 31940 34026 
31951 32360 32005 34125 
32084 32674 32196 34033 
32244 32927 32371 33725 
32469 33163 32572 33315 
32734 33347 32760 32832 
32984 33426 32894 32347 
33234 33447 33017 31964 
33391 33320 33076 31696 
33459 33136 33116 31631 
33464 32904 33169 31757 
33386 32648 33228 31996 
33213 32423 33259 32291 
32996 32254 33268 32603 
32741 32161 33213 32814 
32558 32223 33139 32996 
32401 32361 32985 33055 
32332 32589 32787 33034 
32330 32820 32549 32948 
32356 32985 32267 32800 
32418 33083 32039 32697 
32485 33065 31862 32627 
32525 32922 31772 32634 
32554 32735 31820 32728 
32578 32548 31997 32897 
32554 32345 32240 33048 
32575 32266 32573 33199 
32660 32324 32948 33310 
32726 32459 33272 33280 
32843 32680 33531 33141 
32991 32939 33710 32896 
33094 33162 33739 32568 
33197 33340 33673 32251 
33205 33351 33452 31922 
33145 33236 33151 31710 
32993 32975 32772 31636 
32824 32682 32403 31755 
32629 32375 32090 32027 
32433 32129 31840 32406 
32280 31991 31717 32861 
32183 31998 31734 33308 
32186 32176 31914 33729 
32271 32464 32210 34000 
32429 32799 32569 34060 
32629 33121 32974 33920 
32766 33297 33262 33518 
32914 33378 33495 33022 
33031 33321 33622 32443 
33127 33178 33621 31926 
33139 32941 33465 31497 
33086 32684 33205 31253 
32999 32462 32896 31261 
32884 32322 32575 31495 
32747 32269 32303 31946 
32629 32289 32122 32485 
32468 32331 31996 33029 
32381 32426 32000 33541 
32383 32578 32131 33952 
32452 32747 32353 34146 
32548 32870 32572 34074 
32726 33020 32822 33822 
32888 33130 33025 33355 
33046 33213 33170 32842 
33140 33228 33239 32305 
33167 33204 33250 31863 
33046 33051 33148 31534 
32830 32812 32985 31419 
32502 32480 32744 31502 
32181 32156 32521 31833 
31953 31915 32370 32310 
31787 31719 32224 32791 
31803 31713 32175 33263 
32019 31912 32235 33671 
32439 32317 32417 33935 
32935 32803 32651 33937 
33409 33295 32872 33695 
33817 33744 33099 33303 
34052 34038 33273 32808 
34040 34053 33329 32227 
33865 33899 33360 31814 
33450 33498 33246 31500 
32924 32965 33043 31421 
32386 32413 32797 31554 
31903 31929 32536 31914 
31560 31569 32299 32375 
31452 31456 32143 32911 
31490 31500 32024 33371 
31736 31769 32051 33755 
32086 32128 32152 33953 
32477 32546 32349 33934 
32878 32963 32597 33753 
33147 33222 32799 33354 
33366 33420 33017 32912 
33502 33543 33197 32449 
33570 33591 33336 32075 
33515 33510 33369 31756 
33397 33367 33308 31608 
33215 33153 33156 31621 
32982 32917 32947 31803 
32707 32621 32680 32063 
32468 32369 32458 32462 
32243 32139 32258 32874 
32051 31934 32115 33257 
31913 31799 32040 33537 
31884 31801 32107 33735 
31975 31934 32268 33765 
32165 32203 32523 33666 
32440 32556 32820 33422 
32750 32930 33083 33043 
33045 33275 33300 32590 
33334 33577 33459 32179 
33516 33719 33480 31808 
33601 33707 33406 31566 
33572 33567 33234 31517 
33410 33275 32957 31621 
33139 32909 32613 31875 
32882 32610 32355 32311 
32612 32341 32116 32772 
32360 32170 31978 33226 
32157 32085 31940 33600 
32073 32137 32054 33875 
32039 32212 32231 33938 
32060 32285 32451 33805 
32154 32366 32723 33545 
32239 32366 32902 33152 
32335 32348 33025 32710 
32471 32361 33088 32299 
32643 32425 33090 31984 
32804 32564 33040 31796 
33004 32815 32992 31771 
33191 33129 32929 31883 
33360 33476 32897 32112 
33484 33773 32887 32385 
33552 33968 32914 32673 
33513 33947 32925 32888 
33350 33710 32907 33011 
33094 33302 32851 33049 
32782 32769 32748 32989 
32454 32201 32625 32895 
32154 31697 32472 32771 
31909 31328 32307 32668 
31794 31173 32179 32621 
31791 31262 32111 32646 
31909 31559 32124 32745 
32103 32001 32209 32887 
32332 32479 32355 33021 
32607 32993 32602 33157 
32826 33405 32836 33195 
33008 33697 33047 33131 
33167 33848 33219 32987 
33310 33856 33362 32757 
33421 33750 33400 32473 
33503 33566 33351 32175 
33521 33321 33251 31938 
33462 33011 33063 31762 
33338 32699 32867 31728 
33088 32374 32650 31836 
32811 32130 32503 32125 
32393 31841 32299 32458 
31969 31654 32146 32875 
31555 31541 32019 33294 
31345 31627 32000 33714 
31280 31792 32018 33975 
31475 32098 32144 34084 
31834 32481 32327 33996 
32354 32931 32595 33735 
32916 33325 32833 33266 
33475 33663 33107 32700 
33965 33899 33366 32131 
34244 33953 33560 31606 
34302 33855 33670 31220 
34121 33621 33658 31036 
33736 33284 33516 31063 
33234 32925 33277 31376 
32677 32541 32950 31914 
32162 32212 32589 32704 
31755 31963 32235 33606 
31519 31795 31932 34323 
31571 31747 31703 34251 
31812 31836 31813 33337 
32086 31969 32001 32064 
32416 32189 32276 31002 
32747 32455 32586 30547 
33034 32769 32842 30918 
33243 33083 33053 32056 
33423 33418 33209 33679 
33488 33670 33270 35255 
33458 33807 33254 36331 
33387 33823 33263 36728 
33211 33655 33182 36295 
33025 33410 33108 35151 
32869 33119 33042 33473 
32738 32824 32968 31402 
32580 32514 32910 29196 
32372 32171 32863 27185 
32047 31744 32743 25646 
31826 31445 32609 25155 
31785 31369 32454 25899 
32024 31619 32286 27974 
32456 32150 32143 31174 
32910 32818 32023 35158 
33246 33314 31955 39138 
33487 33378 32000 42346 
33572 33059 32174 44198 
33282 32767 32446 44223 
32510 33143 32792 42240 
31494 34215 33047 38378 
31150 35204 33233 33437 
32130 34785 33301 28111 
34516 32163 33375 23371 
37197 28074 33563 19999 
38301 24818 33943 18632 
36067 25366 34252 19570 
30470 30968 34190 22704 
23414 39944 33300 27488 
18401 48303 31578 33130 
18847 51461 29552 38743 
26047 46385 28284 43294 
37516 34407 28775 46082 
49226 19716 31204 46706 
56483 8159 34882 45144 
56117 4418 38311 41600 
47941 9806 39762 36694 
35517 21207 38491 31457 
22782 34252 34865 26548 
13350 45178 30265 22820 
8887 52581 26508 20784 
9248 56411 24893 20741 
12856 57810 25674 22563 
18306 57349 27984 25798 
24982 54607 30845 29862 
32910 48384 33358 34041 
42268 37625 35280 37726 
52290 23252 36813 40296 
61765 7417 38335 41543 
65379 251 39809 41284 
65502 61 40863 39745 
65535 17 40856 37254 
55148 2277 39028 34330 
37324 17773 35472 31547 
17524 36008 30574 29287 
793 55532 25245 27857 
63 65237 20777 27390 
14 65493 18347 27873 
16 65533 18510 29022 
11157 65535 21470 30619 
25761 65535 26657 32251 
41355 48428 33260 33707 
54591 27035 39627 34667 
63368 6171 44738 35136 
65450 177 47521 35063 
59587 35 47691 34523 
51544 15 45504 33773 
37049 6731 41633 32934 
20774 18778 36851 32252 
5696 35688 31680 31784 
178 52492 26529 31624 
41 64881 21816 31795 
27 65473 18346 32130 
9126 65520 16952 32604 
23036 65531 18466 33049 
38938 55901 23098 33410 
53627 37547 30097 33580 
64130 18074 37602 33557 
65448 1272 43954 33337 
65495 105 47611 33000 
65478 45 47827 32603 
53268 38 44881 32276 
39594 7120 39913 31998 
25856 19192 34257 31861 
14323 32997 29171 31872 
6434 46019 25406 31995 
2911 56676 23306 32237 
3816 63086 22927 32518 
8622 64311 24006 32752 
16708 60354 26281 32922 
26773 51211 29391 33006 
37209 38138 33157 33073 
45609 23954 36870 33074 
50123 12265 39947 33131 
50142 5459 41764 33143 
46472 4614 41865 33151 
41183 8775 40079 33201 
36417 15747 36476 33222 
33909 23030 31693 33194 
33642 29477 26848 33088 
34128 35515 22966 32859 
33698 42183 21047 32586 
31506 49545 21611 32270 
28129 56405 24693 31933 
25403 59859 29580 31634 
24898 57726 35272 31471 
27253 49477 40594 31474 
31568 36764 44419 31669 
36163 22396 46016 32050 
38653 11565 45005 32519 
38225 6692 41899 33115 
34895 8410 37258 33599 
30064 15450 32116 34019 
25498 25395 27187 34281 
22851 35283 23147 34275 
23075 42952 20489 34064 
25940 47238 19579 33657 
30485 48249 20589 33127 
35570 46470 23613 32511 
40265 42555 28537 31956 
43569 37111 34548 31444 
45200 30903 40414 31143 
45322 24481 44958 31093 
44039 18761 46988 31250 
41407 15078 45929 31649 
37254 14974 41903 32162 
31745 19273 36265 32753 
25208 27469 30445 33303 
18671 37913 25969 33800 
13603 48091 23747 34088 
11416 55816 23962 34194 
13122 59102 25975 34060 
18384 57457 28549 33697 
26242 51467 30847 33206 
35498 42031 32390 32671 
45001 30269 33260 32184 
53665 16975 33902 31721 
60092 4595 34806 31498 
62887 175 35996 31442 
60707 43 37128 31603 
52626 8 37485 31902 
38989 13533 36611 32337 
22575 31273 34522 32777 
6999 50477 31822 33172 
194 64815 29540 33512 
21 65488 28501 33695 
68 65525 29150 33730 
14030 65504 31134 33571 
27591 57375 33586 33297 
40489 44916 35501 32977 
50600 30916 36116 32607 
57126 18028 35273 32304 
59342 7442 33230 32071 
57418 593 30916 31996 
51898 102 29071 32019 
43868 74 28277 32192 
34736 5793 28675 32414 
25710 16190 30168 32739 
18036 29286 32173 32999 
12079 43699 34256 33182 
8196 57415 36001 33222 
7106 65253 37158 33175 
9842 65482 37584 32995 
17291 65528 37169 32734 
28816 65535 36019 32463 
42355 53448 34222 32230 
54504 35026 32063 32078 
61664 17961 29912 32085 
61162 6400 28062 32202 
53887 2834 27032 32478 
43467 5082 27014 32780 
33938 9866 27997 33104 
28076 14826 29819 33417 
25948 19382 32116 33608 
25586 24796 34565 33667 
24560 32517 36762 33581 
21724 42549 38388 33370 
17695 53414 39267 33002 
14473 62312 39246 32575 
14238 65423 38312 32195 
18208 65233 36354 31866 
25826 53177 33597 31629 
35476 38580 30383 31528 
45130 22311 27354 31599 
52899 7508 25140 31849 
57026 248 24309 32170 
56880 56 25060 32572 
52710 43 27104 32986 
45420 10424 29892 33412 
36265 23986 32840 33765 
26760 39287 35506 33967 
18867 53100 37673 34039 
13599 62945 39273 33933 
11562 65424 40282 33687 
12725 65489 40455 33335 
16722 58585 39440 32892 
22649 47139 37001 32308 
29581 34007 33662 31887 
36550 20884 29936 31479 
42844 9502 26884 31214 
48038 1171 25365 31168 
51350 106 25682 31270 
52247 66 27397 31563 
50282 5537 29656 32039 
44987 16915 31494 32529 
36537 32561 32539 33109 
26259 49551 32844 33640 
16649 64043 33074 34034 
10262 65450 33881 34278 
9097 65524 35408 34311 
13586 65530 37360 34178 
22390 65024 38856 33788 
32529 45747 39050 33330 
41439 28688 37540 32797 
47197 14530 34582 32282 
49195 5365 31053 31876 
47853 1663 27948 31571 
44403 3084 26344 31475 
40094 8486 26507 31526 
35607 16821 28138 31736 
31083 27137 30512 31990 
26801 38112 32805 32327 
23079 47955 34328 32633 
20553 55289 34989 32905 
20009 58367 34919 33037 
22137 56200 34542 33118 
26777 48895 34186 33136 
32775 38428 34006 33086 
38597 27170 33968 33037 
42808 17706 33876 32996 
44479 11891 33528 32968 
43407 10703 32860 32995 
40217 13641 31971 33059 
35872 19635 31079 33148 
31228 27497 30448 33166 
27105 36138 30381 33124 
24215 44378 31091 33028 
23294 50437 32410 32827 
24629 53060 33897 32545 
28102 51415 35041 32210 
32855 45740 35403 31861 
37708 37307 34862 31630 
41090 28250 33543 31508 
41992 21325 32097 31588 
40545 17442 30928 31802 
37313 16897 30380 32138 
33100 19220 30425 32577 
28556 23833 30896 33047 
24405 30016 31592 33470 
21355 36914 32392 33804 
20062 43648 33252 34012 
21134 48614 34108 34033 
24953 50322 34864 33901 
31188 47576 35249 33608 
38696 40341 35058 33239 
45803 30152 34270 32848 
51238 19094 33023 32453 
53860 10022 31694 32096 
52749 5677 30649 31800 
47388 8078 30202 31610 
38188 17181 30455 31542 
26637 30849 31373 31599 
15068 45560 32697 31747 
6560 57483 33983 31930 
3642 63805 34925 32217 
7104 63197 35178 32552 
15624 57092 34601 32889 
26690 47489 33351 33204 
38299 35961 31813 33489 
47816 24742 30611 33717 
54403 14776 30098 33839 
57795 6844 30370 33828 
57666 2116 31183 33704 
53846 1791 32184 33475 
46481 6658 33063 33187 
36795 16167 33624 32832 
26042 28827 34020 32487 
16077 42633 34399 32176 
8621 55275 34819 31938 
5020 64624 35123 31761 
6145 65454 35024 31700 
11810 65504 34230 31757 
21408 65057 32793 31892 
33615 48732 31029 32088 
46420 31850 29521 32312 
57494 14868 28864 32565 
63737 2346 29328 32811 
63432 87 30686 33004 
56957 40 32424 33197 
45737 7686 33926 33327 
32172 19784 34855 33457 
19766 32784 35109 33485 
10566 44681 34920 33457 
5890 53700 34554 33366 
5944 58560 34081 33221 
10458 58522 33461 33029 
18545 53455 32627 32790 
28526 44503 31717 32535 
38823 33428 31050 32296 
47836 22305 30931 32080 
53954 13472 31437 31916 
55964 8574 32379 31851 
53578 8587 33259 31860 
47833 12856 33659 31951 
40546 20063 33526 32157 
33393 28414 32933 32412 
27173 36807 32200 32689 
22171 44375 31635 32984 
17951 51068 31331 33260 
14659 56357 31184 33460 
13309 59122 31221 33638 
15112 57796 31501 33669 
20618 51478 32282 33604 
29088 40628 33668 33445 
38584 27117 35419 33134 
46817 13866 36987 32754 
51961 3833 37706 32352 
52710 174 36978 31976 
49518 373 34928 31685 
43680 9925 32144 31532 
36799 21333 29530 31569 
30244 34156 27753 31740 
25123 45675 27175 32008 
22047 53986 27680 32429 
21012 58130 28760 32853 
21833 57951 30107 33248 
23940 54203 31621 33572 
26714 48020 33457 33796 
29558 40567 35622 33800 
32163 33173 37764 33689 
34663 25801 39356 33426 
37179 18890 39830 33100 
39317 13281 38782 32740 
40427 10341 36243 32354 
39948 11460 32911 32050 
38050 16770 29547 31847 
35486 25017 26882 31748 
33325 33916 25361 31792 
32201 41311 25081 31950 
32044 45411 25990 32212 
32023 46579 27830 32541 
31142 46142 30478 32904 
28979 45361 33638 33233 
26026 44617 36905 33413 
23715 43280 39819 33564 
23471 40026 41440 33543 
25907 34180 41306 33380 
30435 26363 39256 33124 
35734 18512 35643 32785 
40374 12999 31213 32424 
43160 11888 27279 32129 
43966 15350 24806 31916 
43049 22248 24406 31791 
40879 30663 26146 31858 
37571 38849 29400 32042 
33319 45302 33107 32329 
28559 49316 36091 32684 
23894 50743 37776 33035 
20281 49640 38142 33369 
18700 45940 37468 33567 
19968 40028 36363 33661 
23869 32644 35114 33606 
29654 24632 33648 33389 
36095 17377 31768 33008 
41998 12395 29375 32611 
46156 11138 26878 32238 
47861 14018 25023 31918 
47103 20628 24731 31762 
43939 29649 26397 31728 
38676 39424 29943 31890 
32044 47935 34520 32209 
25026 53674 38804 32596 
18671 56150 41850 33003 
14284 55244 43093 33331 
13054 51172 42411 33538 
15874 43840 39977 33583 
22446 34222 36431 33442 
31715 23124 32180 33155 
41954 12272 27876 32774 
50946 3904 24072 32365 
56266 848 21756 32077 
56284 4369 21406 31837 
51167 13920 23378 31837 
42183 27322 27238 31997 
31501 41680 32143 32283 
21540 54088 37014 32701 
14830 61717 40589 33105 
12210 63715 42265 33460 
13495 60305 41905 33638 
17841 52521 39973 33669 
24216 41648 37150 33548 
31122 29835 34165 33232 
37698 19129 31522 32828 
42990 11485 29396 32384 
46506 8115 27862 32020 
47883 9316 27014 31747 
47159 13965 27058 31615 
44612 20548 28146 31665 
40511 27764 30176 31871 
35316 34655 32830 32232 
29537 40773 35280 32644 
24499 45521 36682 33081 
21142 48501 36588 33475 
20037 49259 35102 33768 
20957 47712 32794 33907 
23145 44362 30539 33862 
25296 40486 29171 33679 
26800 37083 28991 33343 
27936 34626 29961 32895 
29848 32549 31732 32417 
33904 29669 34026 31981 
40019 25096 36228 31576 
47061 19192 38196 31369 
52601 13512 39446 31323 
54371 10287 39656 31467 
51270 11146 38400 31771 
44213 16318 35689 32222 
35695 24127 31890 32699 
27698 32969 27737 33228 
21301 41504 23977 33635 
16440 49547 21524 33985 
12264 57246 20938 34130 
9107 63415 22455 34069 
8041 65407 25843 33839 
10896 65501 30629 33413 
18988 56685 36115 32976 
31987 41314 41539 32510 
46786 22211 45742 32099 
60279 3426 47997 31848 
65383 124 47688 31688 
65520 30 44687 31711 
65525 28 39402 31897 
55812 8076 32764 32045 
40385 20931 26086 32339 
24847 35360 20463 32550 
11586 49197 17019 32769 
2331 60717 16321 32846 
114 65348 18542 32936 
56 65485 23103 32965 
6971 65517 29080 32963 
18952 56828 35449 32949 
33355 40474 40983 32983 
47968 21462 44950 33060 
60238 3022 46838 33127 
65378 141 46566 33193 
65519 38 44157 33204 
65439 8 40066 33156 
49457 6103 34819 33024 
31804 21607 29205 32874 
13631 40590 24021 32633 
578 59406 20258 32371 
29 65377 18829 32093 
0 65535 20019 31866 
10598 65535 23613 31741 
26102 65531 28846 31736 
42308 48140 34732 31874 
55149 28818 39843 32219 
62308 12283 43297 32586 
62871 1175 44577 33022 
57993 101 43598 33442 
48930 80 40605 33755 
37883 4800 36488 33959 
25937 11698 32056 33955 
14425 23503 28251 33770 
4890 37786 25639 33404 
244 52191 24640 32902 
53 62969 25145 32398 
6656 65428 26632 31908 
17876 65500 28641 31582 
31207 62824 30786 31388 
45050 48593 33085 31374 
56467 33760 35392 31624 
64542 18450 37583 32002 
65433 5119 39341 32509 
65487 166 40026 32981 
65510 37 39208 33434 
53757 85 36945 33759 
37682 15199 33682 33892 
20195 32128 30317 33861 
4972 49216 27711 33657 
122 62041 26330 33277 
21 65452 26398 32882 
5526 65333 27555 32532 
15887 52085 29347 32250 
28050 38410 31312 32015 
38389 25653 33380 32015 
44871 16760 35196 32105 
47791 12022 36644 32238 
48172 10686 37558 32476 
47061 11626 37687 32676 
44951 14438 36920 32808 
41857 19365 35400 32823 
37327 26996 33453 32774 
31136 37239 31450 32648 
23843 48922 29797 32521 
16861 59803 28744 32413 
12691 65314 28506 32375 
13224 65514 29117 32424 
19230 58679 30493 32519 
29738 43899 32498 32844 
42103 25230 34535 33135 
52675 7988 36105 33454 
58662 221 36725 33698 
58434 30 36132 33786 
52472 38 34483 33713 
42528 12250 32147 33463 
31665 25665 29896 33103 
21959 38903 28271 32623 
14844 49835 27697 32159 
10501 57481 28256 31705 
8772 61412 29784 31383 
9494 61945 32022 31283 
12761 59045 34583 31350 
19111 52317 37170 31601 
28758 41274 39527 31994 
41094 26030 41246 32491 
53705 9350 41742 33044 
63871 299 40496 33558 
65461 44 37240 33952 
65525 0 32147 34173 
62385 6118 25993 34230 
46162 21672 20432 34130 
30102 39790 16915 33815 
15828 56167 16702 33375 
6291 65201 20132 32822 
2704 65493 26635 32262 
4685 65499 34741 31742 
10168 58610 41982 31321 
