32684 32077 33267 31599 
32684 32077 33267 31599 
32391 31695 33148 31583 
32154 31499 32944 31720 
32031 31520 32730 32044 
32023 31741 32512 32463 
32079 32072 32319 32937 
32201 32453 32195 33383 
32355 32842 32157 33739 
32528 33175 32212 33934 
32740 33449 32380 33949 
32928 33590 32622 33764 
33095 33575 32867 33426 
33244 33450 33088 32951 
33322 33213 33252 32387 
33399 32970 33355 31859 
33378 32710 33326 31405 
33327 32520 33213 31182 
33185 32385 33004 31142 
32985 32322 32759 31336 
32751 32355 32514 31764 
32493 32431 32310 32376 
32163 32454 32133 33012 
31920 32514 32090 33686 
31778 32539 32149 34223 
31746 32544 32303 34535 
31820 32504 32482 34580 
32011 32464 32662 34314 
32347 32484 32873 33865 
32679 32501 32980 33199 
33011 32578 33021 32491 
33353 32743 33053 31860 
33564 32908 33003 31331 
33659 33098 32920 31030 
33618 33282 32831 30987 
33521 33458 32826 31236 
33284 33496 32790 31631 
33023 33444 32820 32178 
32722 33261 32845 32698 
32449 32953 32874 33178 
32229 32598 32879 33524 
32105 32252 32868 33730 
32059 31947 32773 33739 
32114 31782 32672 33618 
32227 31752 32523 33382 
32408 31907 32409 33121 
32558 32147 32276 32834 
32716 32473 32225 32645 
32826 32817 32238 32522 
32890 33090 32318 32464 
32909 33287 32462 32475 
32944 33408 32682 32561 
32908 33366 32880 32601 
32899 33247 33072 32605 
32916 33102 33238 32596 
32948 32947 33346 32541 
32976 32780 33372 32410 
32995 32675 33311 32294 
32998 32612 33170 32225 
32874 32486 32897 32124 
32766 32462 32654 32190 
32626 32448 32407 32378 
32452 32413 32172 32645 
32277 32378 32012 32991 
32143 32345 31944 33339 
32095 32368 32025 33656 
32114 32398 32193 33841 
32287 32540 32497 33889 
32500 32691 32816 33712 
32779 32879 33125 33367 
33114 33118 33411 32923 
33404 33336 33575 32399 
33639 33513 33648 31896 
33701 33509 33511 31455 
33633 33427 33302 31251 
33404 33197 32986 31269 
33003 32816 32588 31468 
32575 32424 32262 31914 
32165 32090 32047 32491 
31806 31790 31889 33067 
31559 31619 31843 33575 
31547 31684 31965 33975 
31743 31914 32178 34132 
32089 32279 32482 34086 
32559 32752 32828 33858 
33016 33184 33080 33405 
33443 33566 33278 32866 
33789 33857 33425 32368 
33955 33954 33458 31932 
33870 33802 33357 31587 
33625 33495 33206 31485 
33171 33019 32930 31521 
32645 32456 32660 31772 
32163 31974 32456 32198 
31716 31551 32240 32632 
31455 31346 32105 33069 
31370 31354 32047 33438 
31585 31656 32157 33755 
31960 32125 32314 33869 
32481 32700 32562 33787 
33004 33246 32794 33519 
33496 33721 33013 33153 
33840 33978 33179 32681 
34040 34064 33326 32257 
33996 33875 33343 31872 
33742 33512 33276 31620 
33314 33020 33081 31508 
32865 32562 32898 31603 
32399 32151 32688 31876 
32035 31880 32505 32260 
31758 31733 32336 32666 
31642 31775 32221 33078 
31730 31953 32204 33463 
31917 32218 32212 33701 
32230 32561 32337 33840 
32588 32904 32522 33795 
32924 33155 32706 33589 
33165 33290 32878 33286 
33339 33310 33031 32909 
33405 33211 33131 32518 
33360 33016 33148 32170 
33182 32742 33065 31876 
33008 32543 32954 31782 
32781 32370 32755 31800 
32571 32316 32566 31970 
32458 32408 32458 32271 
32398 32579 32404 32622 
32375 32767 32399 32923 
32397 32955 32483 33152 
32437 33061 32612 33245 
32556 33158 32846 33273 
32651 33105 33023 33129 
32749 32955 33150 32906 
32851 32751 33223 32665 
32945 32555 33216 32473 
33013 32340 33097 32320 
33023 32207 32897 32286 
32989 32141 32640 32364 
32914 32208 32405 32552 
32799 32357 32208 32795 
32654 32565 32069 33019 
32521 32831 32043 33237 
32418 33094 32136 33344 
32364 33311 32306 33349 
32409 33459 32577 33247 
32457 33438 32813 32971 
32544 33295 33042 32650 
32734 33098 33277 32351 
32868 32774 33370 32026 
33018 32494 33413 31859 
33128 32211 33352 31793 
33157 32004 33173 31856 
33111 31923 32938 32063 
32985 31952 32646 32372 
32797 32102 32383 32775 
32580 32327 32177 33177 
32319 32576 32017 33512 
32129 32849 32004 33770 
32010 33074 32082 33862 
32049 33284 32293 33787 
32214 33430 32578 33531 
32480 33461 32852 33158 
32828 33416 33141 32709 
33172 33287 33356 32229 
33487 33087 33485 31817 
33668 32808 33480 31508 
33675 32523 33342 31383 
33578 32313 33172 31510 
33275 32100 32874 31735 
32862 31973 32552 32097 
32457 31994 32303 32613 
32071 32099 32118 33117 
31767 32254 32008 33526 
31650 32488 32026 33852 
31720 32757 32150 33992 
31929 33003 32330 33939 
32248 33231 32556 33705 
32652 33396 32775 33363 
33066 33498 32990 32956 
33409 33463 33137 32480 
33648 33358 33250 32099 
33712 33146 33288 31760 
33613 32834 33255 31557 
33317 32443 33112 31523 
32931 32078 32929 31648 
32500 31760 32705 31907 
32126 31597 32489 32281 
31837 31587 32285 32699 
31739 31817 32175 33176 
31791 32138 32107 33563 
32036 32619 32192 33893 
32370 33120 32334 34006 
32774 33592 32554 33929 
33189 33944 32826 33677 
33493 34075 33066 33235 
33684 34016 33272 32714 
33713 33735 33401 32155 
33595 33343 33447 31696 
33298 32805 33335 31357 
32913 32251 33156 31215 
32487 31784 32900 31327 
32103 31478 32612 31658 
31828 31396 32330 32147 
31735 31579 32142 32740 
31808 31927 32044 33310 
32031 32375 32030 33790 
32368 32856 32131 34097 
32731 33244 32283 34157 
33075 33514 32502 34034 
33300 33544 32669 33685 
33419 33436 32857 33268 
33337 33108 32928 32737 
33133 32747 32969 32260 
32895 32430 33000 31910 
32608 32168 32958 31672 
32383 32096 32943 31633 
32281 32207 32950 31750 
32297 32484 32992 31974 
32624 33246 33091 32538 
32846 33571 33110 32797 
33036 33714 33077 32953 
33158 33659 32969 33035 
33163 33377 32787 33037 
33085 32928 32566 33006 
32902 32352 32322 32925 
32674 31779 32101 32886 
32417 31321 31928 32903 
32210 31106 31847 33050 
32128 31203 31909 33345 
32127 31531 32049 33615 
32295 32171 32345 33751 
32503 32860 32666 33429 
32759 33555 33007 32624 
32992 34117 33306 31463 
33161 34441 33550 30320 
33240 34473 33682 29631 
33203 34208 33659 29753 
33079 33671 33514 30776 
32922 33008 33284 32597 
32739 32322 32994 34506 
32569 31722 32688 36121 
32456 31311 32406 37091 
32383 31135 32170 37242 
32355 31209 31984 36546 
32414 31567 31867 35166 
32606 32205 31910 33404 
32746 32822 31962 31290 
32823 33369 32124 29155 
32701 33621 32320 27294 
32514 33611 32601 26146 
32330 33352 32866 25995 
32326 33049 33088 27023 
32584 32888 33326 29265 
32940 32877 33493 32373 
33276 32921 33576 35843 
33525 32806 33555 39104 
33685 32401 33440 41434 
33614 31957 33277 42368 
33069 32044 33074 41634 
32060 33074 32798 39242 
31103 34675 32453 35530 
31085 35544 32038 31040 
32684 34242 31702 26622 
35339 30473 31644 23180 
37637 25956 32092 21311 
37432 23615 32861 21330 
33537 26129 33593 23321 
26579 33913 33679 27062 
19661 43965 32639 31848 
16935 51219 30809 36760 
20870 51331 29032 41011 
31086 42968 28590 43931 
44162 28748 30325 45044 
55402 13777 34115 44088 
59797 4798 38450 41293 
55576 5064 41447 37132 
44415 13749 41496 32277 
30087 27138 38191 27514 
17087 40405 32626 23690 
8976 50030 27072 21482 
6305 55567 23422 21069 
8169 58003 22735 22524 
12877 58350 24626 25479 
19425 56789 27972 29465 
27405 52380 31400 33803 
36648 43975 34101 37600 
47094 31121 36106 40427 
58022 15212 37969 41965 
65206 783 39903 41989 
65476 106 41778 40613 
65533 32 42761 38158 
65535 4 42089 35147 
54311 8727 39193 32015 
35757 25251 34234 29327 
14809 45270 27925 27376 
438 64187 21652 26455 
36 65430 17232 26612 
5 65522 15537 27597 
62 65535 17211 29244 
14858 65535 22036 31131 
30435 60059 29237 32995 
45661 38174 37274 34427 
57521 15926 44329 35346 
63874 551 49125 35711 
63297 65 50787 35525 
56119 19 49338 34972 
42957 9 45269 34211 
26844 10789 39687 33449 
10261 26698 33452 32881 
354 44436 27192 32502 
57 60521 21432 32377 
22 65382 16715 32421 
3178 65512 14146 32587 
17083 65532 14725 32705 
33191 65533 18942 32724 
49531 50380 26393 32578 
63183 30454 35560 32340 
65433 10188 44473 31950 
65503 277 50735 31574 
65512 61 52611 31353 
65489 36 50185 31272 
51384 44 44405 31408 
35560 11316 37024 31794 
20213 25133 29420 32344 
8730 39184 23681 33023 
1796 51560 20138 33663 
118 60579 18987 34228 
2734 64801 20046 34595 
9421 63540 22896 34675 
19378 56477 27121 34441 
30493 44733 32046 33995 
40652 30300 37067 33387 
47688 16312 41448 32674 
50283 6092 44535 32023 
48369 2260 45504 31523 
43541 4569 43963 31207 
38288 11097 40045 31149 
34825 19212 34337 31338 
33994 27019 27789 31726 
34939 33905 21920 32185 
35673 40544 18174 32607 
34679 47939 17439 33003 
31767 55488 19949 33273 
28241 60950 25233 33375 
26116 61570 32446 33391 
26737 55562 39673 33256 
29926 43611 45586 33029 
34244 28608 49063 32861 
37550 14646 49361 32692 
38211 5588 46527 32581 
35581 3909 41305 32579 
30659 9039 34902 32635 
25329 18624 28436 32768 
21485 29649 22833 32906 
20475 39608 18682 33043 
22759 46544 16523 33090 
27477 49583 16829 33069 
33366 49341 19635 32948 
39130 46428 24773 32720 
43756 41604 31697 32460 
46688 35309 39354 32191 
47644 28176 45953 31930 
46860 21285 49840 31814 
44531 15735 50109 31830 
40685 13099 46631 32005 
35264 14822 40366 32334 
28276 21410 32819 32733 
20688 31721 26130 33138 
14092 43167 22049 33509 
10026 53191 21080 33789 
9705 59425 22748 33858 
13556 60711 25986 33757 
21041 56861 29395 33507 
30588 48706 31937 33073 
40814 37304 33421 32595 
50524 23766 34242 32113 
58616 9746 35051 31736 
63742 373 36247 31523 
63915 70 37569 31502 
58360 13 38387 31713 
46821 6495 37934 32051 
30864 21294 35978 32503 
13530 41043 32929 32968 
529 60677 29681 33371 
34 65415 27697 33681 
10 65532 27683 33821 
8087 65525 29536 33755 
21443 65493 32416 33508 
35451 52140 35191 33179 
47592 36625 36778 32773 
56026 22315 36538 32399 
59995 10418 34660 32074 
59531 1633 31912 31832 
54998 124 29332 31746 
47302 78 27740 31794 
37502 585 27619 32010 
27384 11674 28925 32339 
18508 23902 31095 32701 
11504 38144 33587 33082 
6712 52526 35786 33372 
4722 64572 37410 33597 
6353 65442 38206 33653 
12547 65515 38047 33555 
23514 65535 37018 33328 
37790 65419 35210 32978 
52386 45010 32884 32591 
63469 25264 30335 32199 
65481 10155 28107 31913 
65411 2499 26596 31742 
52795 2209 26099 31693 
40652 6480 26831 31875 
30707 12057 28670 32170 
25339 17032 31241 32549 
23546 21778 34037 32950 
22622 27964 36587 33282 
20539 36915 38635 33578 
16829 48026 39870 33709 
12870 59094 40153 33690 
11134 65262 39396 33542 
13327 65500 37520 33243 
19873 63808 34681 32847 
29566 48521 31188 32439 
40644 31412 27521 32074 
50453 14092 24556 31788 
57094 957 23041 31668 
59591 83 23339 31707 
57613 38 25339 31897 
51639 7678 28623 32242 
42621 16844 32334 32674 
32874 31924 35622 33112 
23646 47101 38259 33493 
16420 59584 40124 33744 
12165 65346 41298 33866 
11222 65488 41664 33798 
13365 65457 40873 33522 
18001 53695 38703 33142 
24245 40380 35106 32630 
31300 26070 30713 32128 
38447 12495 26517 31703 
44690 1769 23820 31436 
49361 125 23330 31327 
52034 73 24971 31456 
51974 56 27785 31749 
48725 10522 30689 32229 
41895 24945 32714 32756 
32249 42428 33596 33290 
21693 59727 33845 33742 
13150 65354 34305 34077 
9023 65518 35528 34181 
10699 65535 37478 34063 
17739 65534 39458 33795 
27948 55466 40374 33329 
38221 37208 39347 32807 
45786 19979 36372 32313 
49524 7119 32186 31938 
49356 485 27977 31652 
46352 82 25080 31548 
41827 3791 24334 31602 
36959 11240 25832 31854 
32273 21768 28592 32067 
27955 33560 31727 32379 
24012 45253 34266 32668 
20815 55115 35621 32886 
19326 61025 35901 33074 
20371 61151 35455 33176 
24062 55431 34810 33195 
29796 44901 34352 33194 
36217 32020 34157 33188 
41788 19488 34062 33144 
45005 10616 33876 33124 
45353 6725 33361 33061 
43089 7977 32523 33034 
39009 13527 31505 32996 
33959 22135 30524 32861 
29177 32085 30079 32714 
25287 42020 30407 32542 
23006 50370 31527 32344 
22940 55483 33188 32179 
25314 55920 34739 32001 
29865 51166 35587 31940 
34998 42742 35352 31977 
39401 32626 34105 32067 
41822 23379 32374 32252 
41727 17049 30785 32480 
39342 14527 29814 32738 
35431 15799 29678 32999 
30921 19901 30188 33226 
26436 26055 31077 33416 
22619 33486 32168 33564 
20118 41254 33283 33610 
19812 48052 34468 33602 
22349 51898 35543 33482 
27656 51296 36283 33276 
34913 45765 36382 32986 
42805 36061 35681 32657 
49692 24072 34252 32302 
54270 12380 32391 31950 
55237 4687 30634 31657 
51915 3322 29367 31436 
44195 9444 28970 31376 
33002 21999 29523 31506 
20210 37795 30811 31790 
8706 53222 32502 32202 
2129 63774 34050 32701 
2389 65459 35017 33232 
8963 65484 35086 33696 
19859 55531 34340 34095 
32106 44058 32995 34254 
43635 31548 31601 34204 
52621 19537 30766 33972 
58160 9295 30763 33576 
60025 1840 31487 33079 
57987 112 32530 32502 
51980 57 33509 31962 
42624 8202 34127 31506 
31585 20528 34382 31265 
20327 35260 34468 31183 
10868 50015 34609 31297 
4918 62389 34769 31634 
3483 65405 34665 32120 
6954 65497 33960 32655 
14947 65523 32465 33196 
26473 63769 30400 33647 
39764 44655 28439 33993 
52640 25952 27307 34115 
62423 8869 27573 34031 
65443 277 29304 33755 
65131 36 31868 33327 
53331 97 34481 32864 
40045 12961 36349 32325 
25876 26410 37309 31925 
13903 39616 37293 31606 
6316 50263 36667 31463 
3755 56972 35741 31532 
5991 58718 34554 31757 
12440 55281 33081 32072 
22119 47026 31374 32451 
33289 35724 29928 32929 
44037 23475 29036 33262 
52425 13264 29202 33551 
57066 6962 30241 33714 
57094 5750 31665 33722 
52772 9697 32911 33569 
45594 17586 33517 33324 
37674 27155 33445 32979 
30460 36843 33060 32662 
24347 45426 32621 32333 
19136 52748 32356 32083 
14607 58555 32201 31942 
11612 61879 32024 31904 
11537 61382 31925 31973 
15461 56048 32214 32180 
23208 45518 33105 32404 
33376 31343 34700 32706 
43678 15988 36554 33007 
51237 3356 37747 33208 
54627 122 37631 33335 
53506 47 35918 33346 
48672 7027 33045 33274 
41779 14545 29847 33043 
34383 27760 27387 32793 
27963 40733 26306 32484 
23386 51101 26626 32247 
20893 57579 27894 32108 
20461 59471 29516 32030 
21770 57128 31279 32120 
24152 51553 33183 32298 
26919 44193 35333 32556 
29684 36483 37673 32863 
32429 28764 39726 33120 
35288 21314 40804 33290 
38170 14745 40298 33396 
40400 10186 37929 33334 
41138 9362 34187 33195 
40080 13113 30101 32973 
37730 20852 26583 32719 
35115 30494 24315 32489 
33295 39393 23608 32334 
32553 45568 24323 32244 
32452 48163 26258 32274 
31893 48125 29151 32372 
30056 46955 32748 32472 
27037 45806 36683 32592 
23830 44522 40415 32693 
22188 41895 43000 32731 
23313 36773 43580 32681 
27378 29126 41894 32668 
33089 20244 37973 32593 
38762 12737 32689 32538 
42972 9074 27219 32539 
44842 10624 23161 32559 
44609 16832 21569 32671 
42732 25864 22787 32809 
39653 35475 26376 32993 
35498 44072 31188 33171 
30562 50222 35793 33319 
25506 53422 38926 33400 
21050 53645 40233 33365 
18301 50957 39940 33238 
18103 45538 38629 32986 
20898 37649 36862 32653 
26492 28199 34902 32347 
33221 19135 32643 32074 
39890 11810 29800 31812 
45276 7897 26640 31681 
48479 8600 23820 31690 
48956 14172 22494 31832 
46769 23329 23532 32064 
42228 34312 27048 32387 
35873 44890 32302 32791 
28453 53238 37905 33209 
20876 58152 42479 33568 
14867 59055 44952 33865 
11637 56149 45023 34040 
12196 49705 42852 34023 
17016 40322 39022 33855 
25739 28529 34063 33508 
36844 15758 28656 33041 
47457 5148 23934 32527 
55570 205 20540 32014 
58949 44 19234 31517 
56686 5959 20565 31197 
49013 19042 24553 31053 
37905 34932 30261 31147 
26365 49739 36238 31427 
16935 60699 41188 31922 
11462 65319 44056 32509 
10483 65474 44410 33157 
13539 58077 42410 33752 
19388 47718 38998 34190 
26777 35339 35135 34474 
34369 23059 31562 34490 
41045 13204 28706 34254 
46131 7465 26676 33800 
48931 6752 25586 33242 
49324 10297 25448 32573 
47564 16738 26545 31974 
43786 24339 28808 31442 
38367 32025 32151 31131 
32131 38744 35526 31058 
25955 44212 37976 31131 
21157 48167 38757 31476 
18711 50083 37551 31987 
18885 49585 34722 32578 
21060 46925 31441 33159 
23978 43059 28805 33705 
26349 39100 27515 34044 
27883 36040 27869 34184 
29347 33800 29602 34117 
32227 31294 32209 33816 
37388 27347 35095 33370 
44354 21404 37773 32800 
51192 14621 39910 32261 
55301 9202 41002 31809 
54370 7579 40427 31450 
48730 10849 38184 31392 
40041 18164 34322 31477 
30864 27637 29516 31771 
23053 37571 24708 32176 
17088 47123 20837 32666 
12653 55805 18973 33147 
9008 63478 19419 33505 
6733 65385 22309 33750 
7571 65484 27301 33888 
13473 65535 33772 33783 
24965 57982 40572 33490 
40338 39824 46528 33111 
55880 18130 50463 32733 
65214 753 51544 32330 
65507 65 49261 31930 
65535 19 43851 31708 
65522 30 36054 31657 
52711 10258 27548 31755 
35814 23416 19729 32026 
19606 37540 14080 32365 
6697 50593 11690 32787 
266 60913 13009 33182 
62 65363 17699 33498 
53 65498 24750 33700 
11024 58336 32944 33765 
24487 44632 40700 33567 
39924 26592 47108 33307 
54172 7855 50935 32941 
64372 244 51871 32514 
65484 56 49887 32107 
65535 12 45372 31771 
56233 44 38759 31577 
39141 16639 31271 31592 
20019 35836 23859 31769 
2628 56308 17869 32078 
71 65293 14374 32498 
0 65535 14383 32953 
3718 65535 17780 33363 
19101 65535 23828 33659 
36137 62551 31307 33875 
51746 40366 38707 33884 
62717 20371 44628 33697 
65438 5268 47952 33415 
65436 173 48338 33010 
55710 76 45934 32555 
44157 74 41297 32167 
30930 7171 35474 31834 
17646 17654 29814 31670 
5741 31008 25291 31675 
213 45480 22571 31837 
58 58286 21884 32103 
39 65270 22926 32449 
9696 65493 25174 32815 
22765 65484 27967 33107 
37191 53174 31020 33331 
50703 38811 34275 33423 
61845 22894 37553 33410 
65379 8189 40456 33287 
65475 285 42286 33104 
65509 55 42332 32853 
65525 17 40369 32631 
51489 9754 36706 32463 
33282 25748 32236 32361 
14545 44430 28099 32309 
798 60635 25365 32360 
40 65421 24487 32431 
22 65535 25277 32575 
8662 65481 27145 32663 
21143 49712 29705 32831 
32836 34100 32301 32855 
41101 21403 34746 32933 
45431 12997 36787 32892 
46570 8774 38212 32845 
45745 7616 38736 32782 
43813 8703 38131 32693 
41151 12047 36477 32586 
37474 18310 34131 32570 
32257 27814 31566 32563 
25697 40006 29345 32629 
18658 53127 27831 32713 
13470 63613 27367 32843 
12302 65461 28010 32915 
16761 65535 29728 33003 
26526 57221 32227 33012 
39580 39699 35064 32975 
52279 20574 37443 32853 
61255 4440 38756 32694 
63700 114 38479 32505 
59161 22 36545 32284 
49185 5657 33354 32111 
36566 18164 29859 32075 
24337 31729 26899 32096 
14467 43960 25233 32225 
7857 53077 25124 32424 
4502 58804 26679 32752 
4140 61037 29404 33044 
6679 60111 32895 33346 
12515 55605 36625 33527 
22049 46904 40192 33621 
35008 33546 43123 33563 
49688 16891 44706 33371 
62914 1150 44232 33094 
65431 96 41254 32765 
65526 7 35729 32432 
65535 0 28110 32163 
64988 15210 20399 31999 
45594 33359 14564 31924 
28312 51460 12352 31971 
14321 64600 14708 32133 
5941 65477 21267 32355 
3544 65508 30646 32582 
6056 65485 40349 32786 
11404 53610 48013 32888 
