33586 33516 33183 31576 
33586 33516 33183 31576 
33305 33188 32943 31516 
32947 32796 32692 31630 
32563 32404 32465 31901 
32197 32048 32263 32290 
31928 31797 32123 32771 
31746 31648 32003 33210 
31712 31685 31986 33646 
31867 31867 32046 33976 
32105 32112 32181 34134 
32392 32383 32359 34098 
32736 32699 32614 33887 
33018 32930 32859 33495 
33201 33047 33059 32948 
33343 33142 33273 32408 
33384 33188 33442 31888 
33337 33181 33526 31464 
33223 33144 33511 31215 
33059 33106 33394 31160 
32883 33076 33188 31318 
32743 33101 32952 31680 
32573 33080 32628 32112 
32458 33061 32327 32640 
32396 33019 32092 33165 
32320 32861 31887 33551 
32326 32666 31816 33879 
32355 32412 31858 34017 
32420 32138 32011 33973 
32546 31893 32283 33796 
32659 31710 32604 33468 
32761 31674 32915 33078 
32840 31762 33168 32629 
32896 32018 33378 32242 
32905 32362 33447 31913 
32871 32801 33388 31716 
32748 33167 33194 31644 
32639 33498 32955 31753 
32539 33704 32694 31997 
32476 33744 32463 32322 
32457 33639 32307 32706 
32523 33420 32268 33064 
32645 33147 32341 33336 
32824 32849 32513 33473 
32999 32585 32711 33460 
33183 32422 32953 33335 
33294 32289 33124 33040 
33317 32269 33217 32717 
33261 32343 33225 32415 
33064 32393 33070 32122 
32808 32447 32832 31953 
32505 32484 32540 31939 
32228 32504 32301 32116 
31993 32438 32084 32362 
31848 32356 31973 32708 
31829 32304 31998 33055 
31953 32288 32132 33367 
32233 32401 32390 33608 
32590 32605 32719 33693 
32992 32907 33053 33629 
33322 33212 33303 33355 
33593 33532 33491 32964 
33726 33774 33563 32516 
33703 33918 33537 32100 
33473 33784 33336 31707 
33087 33487 33041 31472 
32650 33058 32687 31435 
32237 32565 32348 31627 
31909 32051 32077 32014 
31697 31568 31862 32493 
31665 31262 31789 33006 
31844 31170 31883 33544 
32131 31308 32105 33973 
32542 31656 32423 34194 
32978 32205 32824 34193 
33323 32772 33157 33914 
33587 33341 33434 33454 
33689 33843 33596 32859 
33613 34134 33591 32202 
33427 34255 33489 31626 
33108 34120 33245 31177 
32760 33790 32933 30962 
32400 33322 32576 30984 
32175 32876 32307 31328 
32010 32367 32083 31828 
31983 31979 31986 32524 
32051 31673 31977 33210 
32175 31509 32063 33830 
32418 31568 32298 34312 
32639 31707 32552 34532 
32833 31946 32815 34459 
32991 32237 33048 34111 
33070 32550 33199 33566 
33117 32884 33291 32920 
33077 33145 33239 32223 
32998 33365 33086 31631 
32891 33512 32870 31256 
32768 33542 32605 31114 
32685 33518 32405 31267 
32621 33390 32269 31624 
32591 33223 32231 32143 
32579 33010 32303 32688 
32605 32791 32484 33199 
32647 32590 32748 33601 
32721 32424 33026 33827 
32761 32250 33252 33786 
32761 32113 33371 33511 
32787 32032 33410 33143 
32762 32020 33299 32712 
32762 32100 33091 32322 
32694 32214 32773 32021 
32624 32406 32429 31905 
32554 32622 32118 31970 
32489 32836 31881 32182 
32457 33032 31777 32521 
32458 33190 31842 32912 
32495 33257 32036 33241 
32607 33281 32357 33479 
32774 33260 32743 33581 
32946 33167 33086 33474 
33107 33055 33375 33204 
33296 32829 33612 32423 
33300 32747 33554 32053 
33174 32639 33376 31786 
32980 32559 33128 31659 
32698 32449 32821 31709 
32416 32356 32543 31932 
32147 32255 32301 32285 
31933 32142 32116 32691 
31792 32041 31989 33131 
31770 31971 31948 33505 
31889 32000 32002 33767 
32177 32174 32166 33932 
32551 32464 32375 33896 
32952 32802 32608 33669 
33331 33234 32845 33326 
33642 33613 33055 32876 
33833 33932 33261 32427 
33877 34079 33401 32002 
33749 34033 33479 31656 
33428 33742 33427 31411 
33063 33349 33347 31387 
32643 32808 33155 31498 
32259 32269 32931 31779 
31981 31815 32706 32170 
31800 31481 32466 32617 
31744 31335 32244 33036 
31849 31410 32098 33457 
32055 31679 32021 33766 
32368 32101 32075 33967 
32698 32558 32189 33974 
32961 32999 32331 33821 
33155 33351 32501 33539 
33231 33556 32668 33192 
33184 33568 32788 32814 
33057 33440 32881 32446 
32871 33202 32923 32151 
32676 32946 32940 31954 
32512 32672 32949 31845 
32490 32548 32991 31899 
32532 32501 33037 31989 
32648 32547 33096 32124 
32804 32660 33174 32263 
33005 32824 33253 32441 
33132 32895 33253 32518 
33200 32915 33186 32618 
33165 32849 33030 32713 
33074 32707 32821 32808 
32875 32499 32529 32907 
32636 32304 32237 33064 
32365 32128 31962 33196 
32131 32031 31763 33333 
31980 32082 31711 33461 
31908 32233 31770 33491 
31964 32495 31961 33463 
32157 32834 32282 33337 
32421 33164 32670 33123 
32758 33451 33071 32841 
33073 33604 33415 32521 
33378 33651 33694 32227 
33558 33496 33829 31918 
33632 33239 33794 31740 
33569 32890 33630 31648 
33397 32553 33370 31680 
33155 32279 33052 31831 
32883 32127 32702 32070 
32570 32066 32355 32351 
32293 32105 32066 32668 
32077 32232 31856 33001 
31904 32359 31714 33293 
31885 32561 31761 33630 
31943 32712 31886 33861 
32073 32805 32095 33973 
32273 32835 32367 33941 
32526 32848 32690 33782 
32806 32843 33020 33481 
33056 32810 33311 33062 
33314 32850 33573 32626 
33466 32881 33722 32130 
33530 32921 33732 31641 
33484 32997 33633 31297 
33346 33050 33403 31099 
33139 33084 33083 31092 
32906 33079 32737 31314 
32669 33016 32388 31731 
32445 32873 32070 32262 
32307 32729 31904 32908 
32204 32519 31826 33514 
32183 32357 31883 34015 
32230 32241 32050 34337 
32279 32150 32242 34406 
32384 32151 32480 34281 
32479 32198 32675 33938 
32563 32310 32853 33477 
32603 32394 32943 32912 
32633 32504 33005 32390 
32667 32629 33040 31948 
32727 32741 33078 31645 
32805 32877 33101 31511 
32908 33013 33137 31527 
33013 33161 33143 31640 
33203 33363 33217 31910 
33350 33534 33238 32160 
33425 33643 33202 32415 
33404 33623 33096 32647 
33281 33499 32915 32850 
33060 33216 32659 33026 
32760 32832 32372 33278 
32415 32368 32086 33568 
32126 31921 31868 33888 
31855 31492 31722 33940 
31700 31243 31720 33638 
31701 31183 31863 32897 
31828 31318 32103 31846 
32088 31693 32452 30864 
32434 32249 32824 30342 
32844 32890 33208 30581 
33232 33530 33507 31640 
33551 34097 33706 33259 
33771 34467 33787 34954 
33809 34558 33736 36223 
33668 34344 33563 36732 
33372 33860 33273 36364 
33007 33200 32936 35254 
32633 32504 32551 33599 
32396 31949 32260 31721 
32155 31493 31948 29702 
31966 31202 31773 27862 
31734 31006 31670 26524 
31584 30972 31723 26060 
31609 31182 31902 26663 
31926 31731 32180 28465 
32479 32558 32510 31305 
33137 33554 32906 34800 
33633 34376 33226 38275 
34005 34773 33533 41200 
34144 34487 33727 42938 
33971 33823 33828 43027 
33298 33434 33819 41317 
32155 33728 33581 37911 
31166 34500 33217 33399 
31186 34541 32681 28440 
32846 32719 32190 23893 
35511 28864 31884 20664 
37700 24658 31983 19302 
37412 23006 32468 20159 
33473 26240 32978 23098 
26567 34437 32970 27779 
19856 44533 32124 33376 
17247 51461 30642 38847 
21128 51284 29291 43373 
31035 42790 29110 46239 
43626 28760 30832 47014 
54306 14215 34276 45477 
58323 5527 38117 41925 
53989 5988 40568 36999 
43234 14507 40448 31537 
29869 27220 37483 26370 
17988 39740 32617 22299 
10419 49338 27673 19946 
8148 54868 24513 19623 
10008 57465 23960 21320 
14439 57991 25665 24610 
20418 56571 28593 28934 
27721 52143 31621 33617 
36475 43511 34095 37849 
46376 30701 35884 40928 
56746 15038 37518 42615 
64933 809 39177 42739 
65463 105 40657 41320 
65529 33 41387 38750 
65529 7 40625 35612 
49747 9747 37978 32378 
30404 26249 33666 29566 
10413 45536 28306 27533 
271 63960 23039 26511 
32 65425 19276 26527 
10 65520 17899 27441 
1173 65535 19341 28948 
16317 65535 23546 30804 
31914 59615 29788 32598 
47116 38280 36699 34093 
58902 16384 42700 35038 
64997 607 46795 35479 
65478 71 48238 35413 
57374 23 47021 34968 
44628 14 43607 34294 
28873 10756 38896 33580 
12574 26348 33652 32978 
582 43604 28308 32528 
71 59417 23390 32321 
27 65355 19248 32267 
1808 65509 16871 32333 
16084 65529 17217 32427 
31528 65525 20719 32515 
47331 49547 27018 32547 
60608 30097 34839 32507 
65378 10508 42461 32395 
65494 312 47738 32259 
65506 66 49436 32126 
64893 40 47521 32059 
49043 50 42775 32087 
34406 11324 36662 32229 
20417 24574 30483 32431 
9797 38402 25661 32755 
3393 50617 22607 33049 
1603 59653 21490 33328 
4226 64209 22164 33539 
10877 63405 24381 33640 
20487 56974 27747 33567 
31110 45867 31720 33359 
40865 31984 35904 33063 
47646 18457 39623 32734 
50133 8522 42301 32424 
48181 4249 43264 32177 
43350 6023 42122 32087 
38044 11938 38874 32144 
34543 19174 34086 32283 
33594 26093 28702 32514 
34360 32235 23826 32786 
34969 38493 20594 32969 
33953 45740 19879 33066 
31172 53204 21962 33074 
27850 58814 26415 32930 
25936 59967 32350 32723 
26652 54860 38500 32465 
29940 43781 43630 32179 
34290 29803 46607 32038 
37747 16735 46942 32035 
38576 8252 44620 32116 
36349 6437 40371 32385 
31695 11103 34929 32781 
26326 20080 29293 33115 
22432 30210 24483 33441 
21156 39167 20926 33686 
22837 45315 18938 33728 
26950 48085 18886 33627 
32494 47690 21027 33402 
38053 44713 25320 33074 
42486 40040 31101 32705 
45391 34247 37540 32388 
46535 27837 43245 32114 
46133 21580 46977 31966 
44213 16513 47693 31940 
40756 14290 45076 31969 
35826 16195 40021 32079 
29502 22550 33971 32273 
22439 32265 28426 32388 
15934 43412 24763 32546 
11673 53100 23601 32584 
11035 58963 24683 32655 
14281 60058 26987 32715 
20818 56238 29404 32785 
29563 48228 31172 32903 
39347 36911 32133 33068 
48962 23202 32643 33262 
56769 9639 33331 33461 
61817 402 34518 33590 
62482 74 36001 33656 
57662 17 37186 33577 
46584 5993 37337 33343 
31092 21547 36147 33036 
14563 40814 33932 32630 
1237 59261 31515 32186 
56 65373 29880 31751 
16 65525 29676 31412 
7886 65522 30980 31225 
20946 65493 33116 31237 
34656 52907 35056 31426 
46425 38216 35993 31796 
54862 24306 35444 32289 
59278 12002 33489 32833 
59317 2744 30910 33386 
55437 147 28606 33909 
48290 79 27261 34247 
39275 99 27311 34414 
29576 10447 28693 34365 
20745 22676 31002 34099 
13716 36825 33558 33673 
8691 51173 35863 33094 
6248 63664 37570 32467 
7154 65423 38459 31850 
12566 65513 38444 31369 
22740 65535 37421 30990 
36105 65384 35682 30876 
49848 45233 33397 30990 
60294 26312 30928 31329 
63827 11295 28654 31815 
59575 3383 27045 32460 
49869 2758 26387 33044 
38870 6624 26845 33615 
30304 11809 28339 34051 
25996 16610 30554 34313 
24982 21390 33105 34338 
24787 27572 35499 34166 
23254 36337 37486 33810 
19902 47071 38782 33347 
16001 57607 39260 32880 
13741 64726 38758 32375 
15153 65484 37346 32026 
20665 59536 35024 31778 
29314 47122 32041 31618 
39254 31260 28973 31686 
48469 14980 26316 31821 
54978 2156 24864 32026 
57578 100 24967 32249 
56029 43 26541 32454 
50761 5480 29113 32635 
42856 16751 32081 32775 
33517 31915 34888 32900 
24269 47416 37130 32964 
17220 59585 38654 33015 
12928 65322 39576 33072 
11744 65482 39823 33124 
13546 65400 39195 33207 
17844 53321 37295 33216 
23895 40167 34262 33223 
30740 26400 30641 33223 
37671 13695 27283 33173 
43916 3609 25180 33033 
48951 161 24965 32851 
51991 75 26584 32613 
52323 71 29178 32328 
49455 10854 31779 32087 
43082 24612 33481 31869 
33822 41108 34072 31679 
23119 58081 34023 31650 
14348 65304 34062 31757 
9819 65510 34846 32051 
10835 65534 36252 32391 
17122 65528 37756 32820 
26680 54051 38493 33242 
36397 36758 37814 33691 
43839 20503 35513 33987 
47785 8486 32205 34097 
48093 2071 28911 34000 
45634 1207 26622 33670 
41778 5033 26121 33203 
37488 12393 27327 32638 
33231 22146 29645 32070 
29097 33017 32134 31585 
25149 43908 34036 31258 
21992 52848 34908 31177 
20359 58262 34925 31336 
21004 58718 34397 31700 
24267 53827 33826 32234 
29690 44242 33529 32831 
35767 32565 33560 33368 
41035 21412 33806 33826 
44190 13298 33982 34073 
44629 9645 33828 34083 
42500 10705 33298 33892 
38625 15618 32463 33501 
33989 23175 31622 33063 
29386 32091 31034 32547 
25613 40986 31036 32068 
23302 48680 31687 31671 
23177 53349 32826 31522 
25364 53679 33877 31507 
29506 49549 34455 31734 
34443 41816 34191 32068 
38760 32395 33178 32503 
41309 23578 31781 33012 
41363 17610 30540 33429 
39267 15290 29937 33753 
35733 16453 30057 33867 
31588 20400 30801 33793 
27419 26460 31943 33545 
23855 33783 33148 33168 
21514 41219 34229 32632 
21162 47737 35263 32164 
23253 51647 36076 31763 
27895 51492 36485 31489 
34492 46492 36259 31434 
41595 37387 35270 31603 
47919 25777 33631 31940 
52038 14331 31622 32352 
53014 5908 29746 32922 
49852 3796 28473 33382 
42706 9020 28163 33763 
32319 20628 28821 33984 
20473 35681 30280 33957 
10069 50388 32173 33756 
4018 61152 34073 33402 
4483 65137 35439 32922 
11051 62328 35982 32460 
21606 54675 35547 32015 
33343 44272 34414 31721 
44015 32862 32970 31564 
52293 21546 31815 31660 
57188 11707 31296 31935 
58562 4263 31388 32284 
56350 654 31884 32684 
50457 2107 32442 33052 
41540 9048 32841 33325 
30991 20411 33091 33465 
20434 34258 33397 33458 
11639 48380 33834 33302 
6181 60558 34409 33101 
4977 65355 34737 32785 
8356 65490 34487 32470 
15972 65519 33471 32248 
26795 61006 31783 32081 
39430 44449 29970 32086 
51779 25964 28623 32177 
60832 9462 28396 32377 
64245 336 29375 32648 
61192 45 31199 32938 
52404 48 33206 33148 
39721 11513 34845 33286 
26496 24325 35789 33338 
15340 37468 36069 33264 
8121 48715 35897 33045 
5633 56446 35535 32845 
7744 59388 34849 32565 
13943 56926 33838 32318 
22809 49702 32548 32180 
32981 39067 31172 32127 
42775 27083 30192 32181 
50569 16225 29898 32327 
55073 8640 30425 32581 
55172 6038 31359 32804 
51337 8511 32301 33024 
44848 15092 32845 33176 
37546 24002 32884 33186 
30764 33648 32701 33121 
25297 42556 32527 32951 
20760 50365 32500 32735 
16876 56751 32533 32470 
14139 61061 32565 32280 
13793 61665 32537 32178 
16875 57400 32656 32136 
23555 47985 33246 32265 
32545 34550 34379 32496 
42081 19068 35789 32791 
49250 5883 36771 33099 
52469 201 36642 33339 
51502 53 35223 33475 
47049 293 32773 33472 
40698 12721 30073 33324 
33891 25690 27961 33058 
28171 38588 27073 32725 
24075 49494 27391 32357 
21949 56752 28559 32036 
21803 59552 30090 31842 
23213 57877 31653 31751 
25601 52771 33322 31830 
28119 45816 35108 32055 
30475 38023 37042 32385 
32699 30123 38782 32792 
35004 22267 39714 33183 
37310 15383 39257 33513 
39159 10557 37308 33743 
39833 9275 34184 33807 
39034 12498 30674 33699 
37003 19997 27536 33422 
34814 29550 25609 33080 
33293 38665 24987 32621 
32847 45126 25637 32202 
32962 48064 27262 31818 
32689 48096 29745 31589 
31134 46694 32686 31530 
28292 45119 35876 31675 
25046 43459 38829 31934 
22932 40861 40898 32297 
23383 36172 41512 32760 
26620 29253 40182 33146 
31678 21238 37075 33479 
37009 14337 32725 33653 
41287 10959 28315 33757 
43626 12358 24870 33667 
43931 18148 23480 33433 
42623 26603 24485 33103 
40142 35709 27528 32777 
36553 43640 31658 32434 
31903 49472 35783 32129 
27003 52247 38550 31968 
22497 52181 39663 31920 
19401 49319 39219 31964 
18681 43983 37818 32117 
20856 36486 35965 32362 
25527 27980 34033 32647 
31724 19550 31942 32905 
38167 12772 29559 33125 
43699 9109 26864 33275 
47105 9965 24597 33317 
48029 15215 23639 33260 
46470 23964 24632 33103 
42699 34446 27787 32888 
36942 44780 32540 32613 
30129 52844 37645 32387 
23090 57589 41858 32169 
17045 58550 44226 32041 
13366 55877 44407 32052 
13143 49609 42432 32169 
16945 40555 38844 32342 
24476 29405 34302 32649 
34259 17402 29364 32928 
44532 6553 24658 33177 
52792 380 21215 33395 
56693 54 19746 33471 
55341 5163 20694 33413 
48977 17228 24087 33282 
39267 32249 29156 33041 
28343 47140 34927 32707 
19223 58674 39975 32430 
13827 64492 43101 32235 
12476 64007 43846 32059 
14885 58978 42481 32071 
20054 49399 39514 32138 
26745 37481 35912 32310 
33656 25566 32568 32555 
39833 15678 29811 32777 
44509 9487 27782 32927 
47230 7903 26566 33038 
47839 10607 26229 33037 
46392 16217 26933 32938 
43195 23233 28777 32811 
38513 30393 31459 32640 
32944 36947 34414 32518 
27212 42594 36731 32452 
22706 46647 37606 32475 
20300 48827 36814 32591 
20239 48729 34605 32776 
22032 46471 31841 32970 
24568 42807 29430 33163 
26589 39046 28192 33288 
27760 36111 28361 33358 
28721 34037 29734 33283 
30827 31912 31876 33041 
35364 28492 34476 32750 
41876 23298 36997 32439 
48701 17067 39088 32128 
53275 11781 40268 31848 
53610 9713 40156 31749 
49120 12154 38381 31752 
41609 18510 35172 31926 
33240 27116 30992 32228 
25872 36167 26598 32584 
20147 44707 22963 32990 
15461 52741 20782 33320 
11448 59902 20664 33568 
8412 65064 22669 33667 
8032 65459 26614 33683 
12158 65500 31815 33514 
21972 53016 37704 33316 
35670 36095 43028 33035 
50717 16352 46963 32778 
63331 686 48668 32545 
65457 70 47644 32368 
65526 24 43794 32232 
65514 34 37755 32139 
52423 11137 30762 32107 
36819 24624 24016 32122 
21548 39041 18753 32107 
9072 52377 15985 32145 
1077 63008 16205 32218 
84 65412 19263 32310 
53 65497 24538 32444 
9276 65522 30903 32598 
21826 53240 37335 32806 
36727 35323 42759 33022 
51055 15937 46288 33293 
62383 677 47629 33562 
65435 89 46611 33711 
65528 28 43547 33777 
60120 2 38707 33660 
44180 10839 32805 33481 
25986 27985 26960 33137 
8570 47301 21966 32694 
234 64151 18868 32260 
9 65476 18286 31863 
30 65535 20480 31570 
15082 65535 24908 31454 
31085 62649 30687 31528 
46466 41499 36573 31800 
57823 22578 41429 32196 
63141 7341 44461 32642 
62019 260 45166 33149 
55863 82 43493 33466 
46435 77 40083 33660 
35241 6067 35686 33683 
23310 15835 31197 33543 
11907 28868 27432 33243 
3206 43048 25063 32815 
140 56112 24303 32439 
49 64851 24844 32140 
7981 65473 26301 31978 
19895 65505 28198 31926 
33618 56112 30409 32107 
46677 42662 32765 32376 
57706 27607 35328 32746 
65004 13055 37857 33119 
65445 1386 39770 33381 
65493 91 40543 33573 
65483 26 39683 33603 
51833 6271 37231 33422 
35256 20833 33908 33113 
17832 38592 30551 32688 
3514 55172 28072 32278 
88 65117 26883 31904 
23 65519 26999 31640 
6797 65422 28037 31575 
18536 50720 29564 31689 
30358 36156 31267 31980 
39737 23185 33060 32440 
45219 14487 34645 32942 
47394 10004 35932 33450 
47354 8744 36684 33850 
46078 9915 36716 34065 
43920 13275 35925 34051 
40697 19256 34541 33818 
35919 28296 32855 33393 
29472 39850 31239 32853 
22160 52375 30014 32277 
15737 63159 29434 31784 
12666 65448 29582 31360 
14971 65535 30560 31211 
22662 57096 32113 31277 
34055 42023 34018 31610 
46036 22664 35707 32062 
55594 5142 36739 32634 
59544 126 36614 33246 
56858 23 35168 33723 
49064 2221 32855 34037 
38459 15067 30215 34139 
27687 28592 28016 34056 
18570 41441 26733 33729 
12303 51499 26734 33242 
8981 57932 28032 32724 
8076 60914 30234 32210 
9546 60592 33010 31758 
13836 56694 35972 31445 
21679 48464 38895 31395 
32864 35706 41298 31539 
45849 19770 42694 31864 
58531 3299 42585 32332 
65314 135 40466 32852 
65510 18 36088 33385 
65535 0 29935 33722 
56456 12225 23445 33942 
43438 29552 18072 33950 
26895 47818 15444 33713 
13189 62498 16587 33327 
4713 65442 21554 32822 
2377 65506 28982 32273 
4910 65493 37175 31804 
10636 56584 44196 31480 
