32587 32627 33191 32342 
32587 32627 33191 32342 
32762 32592 33198 32094 
32947 32633 33170 31972 
33131 32764 33107 31956 
33285 32955 33047 32036 
33396 33163 33018 32184 
33429 33302 32987 32321 
33399 33392 33000 32469 
33250 33320 32958 32547 
33051 33200 32944 32622 
32769 32931 32849 32611 
32507 32674 32732 32633 
32254 32407 32571 32680 
32088 32198 32409 32762 
31945 32007 32184 32862 
31936 31930 32038 33030 
32021 31954 31949 33219 
32201 32070 31969 33393 
32425 32257 32057 33496 
32722 32518 32287 33534 
32986 32787 32574 33463 
33179 33009 32877 33246 
33283 33145 33144 32903 
33334 33263 33407 32556 
33327 33338 33623 32193 
33178 33287 33672 31835 
33019 33210 33603 31583 
32840 33106 33447 31466 
32676 32992 33193 31499 
32561 32885 32889 31681 
32468 32754 32543 31987 
32472 32657 32270 32434 
32468 32508 32027 32899 
32442 32320 31832 33368 
32396 32107 31727 33764 
32362 31946 31765 34071 
32370 31894 31912 34237 
32371 31901 32146 34160 
32413 32043 32457 33915 
32534 32332 32832 33503 
32676 32669 33172 32953 
32876 33075 33506 32393 
33058 33443 33714 31801 
33278 33770 33835 31351 
33409 33947 33781 31045 
33451 33942 33597 30974 
33400 33767 33306 31126 
33207 33427 32908 31468 
32951 32980 32503 32002 
32642 32480 32143 32635 
32316 32000 31873 33284 
32044 31604 31714 33851 
31844 31379 31693 34223 
31812 31388 31828 34431 
31893 31567 32056 34357 
32145 31957 32366 34114 
32481 32436 32703 33668 
32885 32979 33058 33141 
33201 33415 33283 32497 
33510 33808 33492 31955 
33635 33931 33559 31499 
33635 33881 33529 31269 
33419 33575 33327 31177 
33101 33169 33060 31325 
32705 32683 32734 31676 
32355 32263 32458 32194 
32062 31926 32221 32745 
31872 31719 32059 33246 
31812 31710 31999 33678 
31937 31908 32102 33990 
32209 32244 32316 34112 
32549 32646 32589 34006 
32936 33072 32895 33736 
33215 33352 33113 33224 
33462 33592 33322 32704 
33597 33680 33450 32180 
33547 33554 33421 31687 
33379 33319 33298 31397 
33098 32993 33054 31291 
32765 32609 32754 31384 
32475 32304 32479 31733 
32231 32074 32229 32198 
32093 31976 32053 32757 
32065 31987 31995 33288 
32135 32135 32060 33757 
32302 32349 32226 34081 
32471 32547 32432 34130 
32662 32747 32681 33995 
32821 32873 32900 33657 
32884 32883 33007 33173 
32924 32879 33075 32679 
32956 32868 33096 32248 
32921 32832 33064 31892 
32900 32828 33000 31697 
32818 32795 32887 31629 
32801 32851 32846 31769 
32784 32896 32803 31964 
32788 32940 32789 32203 
32811 32999 32809 32463 
32827 33042 32844 32863 
32793 32982 32818 32973 
32719 32862 32739 33013 
32653 32713 32658 33058 
32583 32558 32548 33114 
32533 32379 32436 33146 
32471 32205 32288 33141 
32472 32131 32227 33187 
32491 32105 32203 33202 
32554 32150 32282 33192 
32663 32291 32437 33132 
32748 32467 32637 33008 
32790 32637 32843 32791 
32860 32854 33073 32562 
32865 33016 33224 32268 
32862 33180 33326 31989 
32870 33323 33358 31785 
32885 33418 33319 31690 
32866 33434 33177 31713 
32861 33379 33001 31852 
32853 33251 32782 32120 
32795 33024 32547 32444 
32776 32787 32383 32861 
32705 32468 32216 33254 
32568 32137 32075 33583 
32498 31914 32067 33880 
32380 31730 32084 33987 
32302 31690 32181 33953 
32279 31793 32352 33793 
32348 32015 32587 33505 
32459 32325 32816 33135 
32636 32675 33049 32661 
32886 33085 33284 32228 
33098 33432 33417 31782 
33296 33706 33505 31443 
33386 33851 33463 31223 
33399 33868 33364 31188 
33273 33733 33182 31327 
33047 33470 32937 31638 
32719 33090 32635 32041 
32451 32730 32394 32595 
32225 32340 32182 33188 
32072 31990 32011 33681 
32071 31787 31968 34116 
32194 31702 32011 34348 
32421 31794 32164 34383 
32676 31953 32362 34195 
32898 32169 32577 33819 
33072 32429 32802 33342 
33108 32634 32947 32765 
33054 32803 33045 32234 
32927 32938 33086 31803 
32747 33026 33070 31514 
32566 33054 33029 31426 
32433 33079 32967 31499 
32362 33059 32897 31679 
32388 33066 32861 31955 
32541 33146 32877 32290 
32728 33216 32900 32563 
32944 33314 32918 32807 
33126 33368 32902 32952 
33230 33346 32847 33034 
33275 33268 32793 33128 
33154 33002 32641 33120 
32959 32649 32505 33175 
32743 32243 32402 33260 
32453 31785 32262 33308 
32257 31433 32228 33394 
32080 31162 32188 33363 
32046 31137 32262 33306 
32155 31377 32413 33188 
32326 31798 32577 32942 
32570 32376 32764 32645 
32831 33073 32971 32294 
33006 33734 33094 31903 
33195 34361 33239 31650 
33247 34692 33289 31484 
33231 34756 33287 31480 
33133 34516 33197 31625 
32974 33999 33068 31923 
32755 33196 32857 32335 
32565 32375 32645 32809 
32411 31582 32436 33295 
32320 30970 32264 33730 
32305 30642 32140 34033 
32370 30640 32101 34167 
32509 30997 32166 34106 
32684 31641 32312 33878 
32862 32422 32529 33464 
32993 33208 32782 32992 
33010 33841 32985 32410 
33023 34280 33221 31938 
32910 34368 33327 31514 
32807 34219 33386 31295 
32628 33790 33299 31223 
32482 33222 33119 31352 
32394 32639 32869 31646 
32404 32184 32626 32122 
32464 31847 32383 32620 
32590 31719 32231 33150 
32672 31753 32079 33560 
32830 32008 32121 33897 
32954 32357 32230 34035 
33012 32731 32397 33967 
33073 33117 32642 33780 
33006 33307 32828 33373 
32940 33399 33024 32971 
32808 33288 33118 32535 
32695 33088 33206 32188 
32571 32764 33171 31887 
32515 32441 33117 31755 
32489 32163 32968 31717 
32490 32009 32788 31827 
32585 32046 32662 32064 
32643 32197 32522 32328 
32700 32430 32411 32623 
32706 32710 32343 32901 
32644 32926 32285 33126 
32595 33129 32329 33335 
32502 33229 32393 33426 
32452 33269 32510 33483 
32448 33210 32634 33407 
32522 33117 32796 33296 
32647 32966 32926 33081 
32823 32838 33063 32829 
33044 32707 33166 32558 
33275 32634 33254 32343 
33425 32561 33261 32200 
33492 32530 33194 32210 
33451 32537 33081 32331 
33301 32558 32923 32399 
32991 32536 32696 32202 
32622 32502 32479 31731 
32236 32438 32290 31091 
31891 32366 32139 30617 
31687 32352 32082 30658 
31631 32376 32070 31436 
31792 32511 32185 32971 
32054 32658 32324 34821 
32428 32864 32517 36600 
32814 33036 32713 37749 
33146 33170 32896 38021 
33373 33203 33031 37308 
33515 33182 33130 35816 
33545 33109 33187 33772 
33526 33052 33209 31432 
33396 32970 33184 28997 
33105 32798 33132 26827 
32668 32500 33063 25267 
32173 32154 32958 24624 
31806 31887 32822 25137 
31796 31878 32698 26997 
32108 32204 32581 30032 
32586 32755 32468 33748 
32972 33257 32332 37614 
33291 33451 32245 41045 
33510 33110 32207 43402 
33412 32554 32243 44117 
32790 32464 32358 42941 
31656 33251 32451 39965 
30782 34583 32517 35654 
31124 35079 32507 30599 
33193 33298 32540 25705 
36208 29211 32742 21929 
38405 24793 33285 19877 
37672 23205 33993 19870 
32975 27187 34511 22041 
25600 36517 34269 26056 
19067 47156 32960 30998 
17192 54171 31007 36252 
22206 53060 29299 40865 
33015 42874 28923 44087 
46203 26475 30591 45419 
56365 10612 33934 44748 
59403 1434 37564 42142 
53960 2239 39842 38176 
42103 11880 39379 33450 
27696 26293 36041 28718 
15396 40127 31133 24916 
7824 50614 26470 22479 
5702 57071 23806 21772 
8036 60430 23874 22794 
13387 61553 26247 25345 
20356 60256 29601 28786 
28659 55458 32871 32578 
38369 45954 35437 36120 
49397 31139 37320 38862 
60557 13029 38874 40425 
65331 474 40296 40636 
65489 88 41445 39637 
65535 22 41680 37656 
65535 0 40357 35142 
53615 9408 36978 32434 
34462 26685 32047 30172 
13739 46964 26399 28624 
406 64535 21148 27852 
31 65443 17627 27965 
3 65525 16768 28810 
110 65535 18977 30116 
15479 65535 24005 31643 
30643 57610 30822 33092 
45436 36163 38125 34165 
57257 12745 44464 34774 
63367 345 48492 34930 
62441 51 49511 34679 
54768 11 47648 34100 
41779 2 43644 33454 
25470 11582 38397 32828 
8610 28537 32660 32403 
271 46933 27157 32219 
51 63357 22153 32211 
20 65429 18210 32364 
4758 65521 16127 32609 
17944 65535 16784 32815 
34177 65535 20659 32915 
50573 50486 27350 32925 
64042 29963 35494 32795 
65443 9233 43141 32572 
65504 253 48482 32293 
65512 56 50041 32056 
65504 31 47825 31901 
52880 35 42790 31927 
37124 10658 36374 32062 
22016 24080 30168 32394 
9604 38597 25165 32783 
1682 51540 22111 33192 
108 60932 21141 33522 
69 65261 22023 33755 
6694 65411 24360 33807 
17026 56935 27985 33692 
28836 44425 32147 33363 
39668 29337 36393 32956 
47385 14857 40131 32484 
50513 4629 42737 32105 
49133 776 43594 31797 
44797 3411 42305 31695 
40030 10357 38862 31800 
37004 18602 33903 32052 
36200 26255 28329 32395 
36591 33188 23346 32842 
36260 40404 20053 33195 
33929 48914 19394 33482 
29807 57724 21687 33600 
25769 64013 26364 33508 
23871 65323 32488 33263 
25333 58363 38830 32918 
29753 45142 44078 32467 
35192 28502 47117 32113 
39157 13360 47335 31870 
39914 3630 44898 31737 
37052 1540 40520 31813 
31584 6643 35110 32082 
25345 16670 29394 32459 
20826 28116 24432 32898 
19315 38336 20653 33315 
21224 45672 18495 33634 
25973 49504 18349 33780 
32176 49853 20566 33747 
38369 47443 25006 33542 
43561 42910 31095 33229 
47100 36826 37754 32830 
48697 29681 43555 32426 
48417 22242 47197 32097 
46179 15957 47543 31878 
42163 13049 44698 31847 
36205 14688 39574 31907 
28593 21351 33631 32111 
20252 31785 28440 32355 
12749 43766 25208 32643 
8282 53924 24376 32828 
8085 60127 25485 32964 
12454 61060 27548 33018 
20583 56803 29573 33012 
31105 47892 30911 32937 
42021 35794 31593 32861 
52081 21637 32026 32776 
60294 7158 32896 32787 
64912 254 34286 32798 
65447 57 35991 32832 
57787 2 37294 32918 
45073 6884 37392 33003 
28092 23814 36146 33053 
10252 44308 33901 33071 
285 63648 31436 32940 
15 65468 29858 32752 
3 65535 29817 32530 
10125 65531 31145 32294 
24433 65496 33206 32081 
38826 50882 34978 31911 
50963 34176 35732 31871 
58418 19500 35038 31963 
61169 7399 33179 32163 
59274 343 30877 32450 
53272 95 28947 32765 
44002 71 28039 33126 
33454 4757 28349 33406 
23300 14064 29821 33702 
14808 26987 31815 33829 
8672 41687 33908 33838 
4955 56471 35599 33641 
4284 65225 36738 33407 
7249 65473 37060 33013 
14860 65529 36717 32575 
27151 65535 35776 32168 
42262 63553 34302 31775 
57510 40215 32482 31503 
65298 20053 30683 31421 
65530 5222 29153 31434 
65526 152 28211 31607 
54333 65 28139 31948 
40749 6569 28881 32355 
30458 13407 30362 32781 
24963 19249 32265 33226 
22904 24629 34223 33585 
21550 31353 35957 33846 
18747 40775 37234 33953 
14335 51952 37880 33897 
10218 62075 37823 33688 
8711 65408 37040 33421 
11534 65517 35514 33101 
18841 63703 33293 32755 
29518 46232 30587 32441 
40905 28144 27931 32183 
50882 10440 25873 32008 
57705 349 24995 31928 
60243 57 25616 31924 
58185 31 27670 31990 
52065 6032 30605 32109 
43421 18828 33646 32219 
33757 34366 36258 32303 
24774 49507 38221 32426 
17775 61283 39446 32515 
13442 65399 40082 32633 
12309 65495 39991 32757 
14012 62495 38988 32904 
18098 49996 36849 33090 
23905 35983 33581 33274 
30866 21290 29671 33478 
37791 8502 26164 33635 
43928 406 24057 33725 
48548 98 23936 33691 
51053 67 25754 33557 
50796 2297 28767 33287 
47269 13908 31730 32904 
40481 29006 33777 32455 
31296 46663 34678 32008 
21237 63655 34806 31605 
13185 65436 34911 31298 
9858 65532 35727 31222 
12222 65535 37124 31293 
19720 65534 38635 31541 
29951 53131 39301 31936 
40194 34218 38403 32459 
47509 16798 35696 33002 
50459 4753 31861 33479 
49433 194 28078 33950 
45512 73 25412 34230 
40174 4418 24616 34292 
34896 13130 25891 34229 
30292 24050 28439 33975 
26351 35840 31325 33555 
23039 47115 33766 33034 
20573 56170 35231 32456 
19663 61171 35767 31905 
21073 60437 35651 31452 
24975 53869 35317 31150 
30737 42687 35061 31008 
37019 29605 34986 31083 
42279 17475 34936 31385 
45080 9376 34628 31802 
44978 6829 33954 32355 
42329 9451 32811 32916 
37993 16047 31379 33421 
33023 25336 30084 33921 
28401 35568 29259 34174 
25100 44999 29356 34250 
23589 52271 30372 34165 
24254 55873 31988 33901 
27125 54564 33671 33476 
31740 48151 34832 33025 
36498 38524 35012 32565 
40016 27914 34281 32132 
41292 19024 33069 31819 
40046 13806 31887 31631 
36823 13209 31194 31638 
32642 16488 31059 31701 
28356 22562 31420 31879 
24542 30330 32046 32118 
21687 38672 32740 32362 
20450 46664 33534 32604 
21567 52527 34379 32783 
25312 54831 35135 32916 
31392 52292 35599 33005 
38761 44694 35484 33069 
46078 32796 34655 33138 
51623 19250 33192 33184 
54365 6974 31409 33215 
53672 308 29876 33302 
48892 28 28843 33312 
40069 6486 28701 33306 
28235 21722 29520 33255 
15729 39708 30995 33091 
5479 56533 32871 32925 
536 65264 34551 32648 
2447 65500 35650 32322 
11053 65506 35940 32069 
23656 63797 35264 31797 
36760 48976 34007 31610 
48161 35260 32643 31564 
56395 21838 31706 31668 
60779 9955 31375 31883 
61098 1099 31617 32228 
57336 94 32059 32585 
49947 54 32461 33026 
39768 6994 32584 33398 
28221 19020 32654 33782 
16997 33905 32837 34055 
8188 48725 33226 34119 
3407 60905 33819 34069 
3217 65364 34223 33836 
7761 65497 34118 33472 
16582 65525 33249 32986 
28784 55996 31816 32412 
42328 38663 30461 31949 
54948 19964 29631 31504 
63945 3929 29783 31160 
65468 109 30941 31036 
65447 23 32678 31109 
53399 7832 34264 31435 
39513 16762 35154 31853 
25081 31225 35314 32404 
12638 45608 34900 33023 
4989 56548 34245 33575 
2725 62523 33648 34029 
5485 62737 33079 34272 
12574 57350 32424 34324 
22725 47167 31714 34193 
34314 33752 31098 33851 
44851 20174 30912 33359 
52862 8844 31388 32871 
56879 1953 32336 32330 
56263 703 33318 31848 
51528 5076 33861 31473 
44615 13569 33698 31264 
37377 24174 32985 31305 
30850 35035 32019 31492 
25096 45353 31223 31856 
19752 54393 30792 32267 
14923 61641 30759 32790 
11481 65328 30917 33239 
11095 65470 31358 33615 
15082 59982 32277 33870 
23390 50264 33807 33934 
33843 35074 35739 33799 
44024 18552 37668 33522 
51543 4375 38758 33116 
54821 144 38384 32685 
53460 48 36290 32216 
48491 108 33078 31873 
41609 12009 29634 31641 
34385 24196 26945 31595 
28165 36637 25669 31750 
23559 47310 25852 32034 
20950 54262 27062 32365 
20449 56869 28881 32784 
21596 55527 30970 33192 
23727 51205 33217 33487 
26286 45220 35686 33687 
28971 38333 38220 33702 
31807 31211 40235 33577 
34866 23800 41100 33290 
37958 16786 40293 32894 
40378 11626 37799 32484 
41341 10110 34043 32122 
40403 13455 29994 31825 
38242 20986 26718 31751 
35872 30553 24657 31807 
34274 39311 24086 32036 
33650 45233 24817 32379 
33368 47647 26696 32730 
32388 47536 29537 33121 
29971 46484 32956 33394 
26418 45604 36629 33530 
23019 44605 39989 33531 
21372 42085 42188 33327 
22755 36644 42547 33015 
27012 28436 40678 32645 
32838 19036 36894 32300 
38398 11172 31941 31994 
42379 7513 27129 31818 
44270 9416 23702 31821 
44188 16275 22735 31999 
42663 26008 24329 32298 
39977 36363 27895 32705 
36197 45446 32295 33100 
31319 52214 36343 33439 
25860 55880 38963 33652 
21248 56135 39786 33742 
18411 53063 39128 33640 
18343 46930 37640 33389 
21259 38203 35814 33011 
26789 27674 33814 32551 
33661 17241 31643 32176 
40122 9016 29073 31798 
45170 4766 26442 31585 
48039 5634 24344 31555 
48403 11879 23725 31734 
46118 22207 25230 31997 
41584 34224 28807 32376 
35186 45701 33673 32807 
27747 54696 38577 33264 
20386 59866 42277 33616 
14388 60809 44033 33897 
11661 57660 43499 33995 
12865 50781 41015 33840 
18352 40886 37238 33570 
27253 28683 32741 33158 
38299 15532 28104 32695 
48839 4173 24049 32174 
56329 147 21383 31719 
58970 34 20704 31411 
55879 6358 22384 31283 
47385 20002 26278 31360 
35470 36505 31661 31651 
23798 51155 36979 32081 
14769 61507 41137 32556 
10213 65367 43270 33109 
10414 65197 43080 33606 
14712 55998 40859 33956 
21603 44681 37420 34091 
29347 32018 33794 34025 
36843 19998 30626 33776 
43030 10911 28275 33430 
47283 6379 26760 32969 
49073 6935 26104 32467 
48682 11706 26400 32132 
46268 18976 27716 31875 
42171 27104 30035 31768 
36542 34947 33072 31796 
30264 41557 36008 31950 
24371 46735 38055 32200 
20159 50026 38504 32457 
18613 51002 37195 32648 
19946 49407 34531 32805 
23005 45656 31502 32823 
26213 41147 29173 32832 
28183 37044 28000 32758 
28860 34233 28208 32701 
29427 32340 29582 32676 
31776 29947 31770 32733 
36883 25749 34237 32848 
44120 19409 36599 33000 
51151 12400 38499 33208 
55159 7161 39512 33420 
53788 6592 39129 33561 
47567 11194 37199 33571 
38736 19845 33964 33426 
29957 30368 30021 33142 
22651 41167 26045 32723 
17145 51212 22991 32224 
12628 60171 21553 31750 
8667 65297 22106 31396 
6125 65442 24628 31178 
7170 65505 29004 31156 
14006 65535 34521 31373 
26427 60848 40138 31818 
42238 39346 44891 32375 
58117 16336 47835 33044 
65337 496 48122 33684 
65525 41 45449 34216 
65535 12 40338 34559 
65516 30 33648 34645 
52176 11283 26612 34481 
35000 24705 20570 34049 
18365 39561 16522 33411 
5876 52521 15513 32701 
228 62221 17494 31999 
58 65409 21944 31325 
73 65512 28264 30885 
12784 55116 35278 30658 
26913 39537 41511 30717 
42408 20308 46181 31038 
56395 1478 48635 31605 
65109 124 48547 32311 
65509 37 45951 33026 
65535 0 41257 33688 
52165 8010 35222 34226 
34128 21148 28681 34542 
14527 42248 22656 34590 
564 62999 18417 34397 
26 65428 16725 33973 
0 65535 17978 33400 
8012 65535 22048 32820 
23979 65535 27964 32229 
41112 54373 34398 31818 
55971 34285 40129 31556 
64885 14769 44168 31488 
65480 964 45953 31608 
65460 92 45285 31872 
54791 70 42520 32167 
42752 76 38355 32482 
29180 9133 33597 32699 
15523 20765 29208 32845 
3326 35437 25928 32913 
139 50375 24299 32891 
50 62851 24248 32849 
40 65425 25359 32784 
10473 65507 27164 32779 
23834 65516 29318 32845 
37864 55704 31528 32951 
51003 39639 33903 33129 
61719 22294 36294 33297 
65371 6062 38445 33451 
65480 187 39831 33521 
65515 41 39780 33425 
65495 7 38195 33248 
49706 9502 35370 32941 
31334 25850 32130 32581 
12874 44498 29343 32176 
563 60015 27687 31745 
32 65410 27448 31481 
25 65535 28212 31326 
10149 57606 29551 31380 
22321 42900 31121 31680 
33211 28315 32633 32117 
40786 17160 34023 32674 
44632 10702 35161 33217 
45905 8099 35987 33751 
45670 8104 36238 34172 
44615 10094 35794 34365 
42588 14471 34653 34301 
39091 21917 33117 34018 
33557 32694 31532 33506 
26270 45947 30266 32899 
18629 59372 29562 32242 
12878 65335 29570 31623 
11814 65519 30341 31210 
16667 65535 31739 30997 
26801 65297 33588 31044 
39828 43444 35462 31355 
52468 21913 36888 31892 
60818 3820 37294 32528 
62441 96 36436 33222 
57424 21 34329 33768 
47596 7632 31518 34176 
35396 16308 28617 34334 
23715 29359 26474 34227 
14572 40908 25634 33861 
8401 49697 26272 33360 
5029 55419 28201 32773 
4405 58202 31072 32240 
6820 57767 34458 31757 
13108 53432 37878 31507 
23355 44434 40840 31419 
36996 30842 43047 31586 
51996 14160 43926 31853 
64653 598 42957 32231 
65476 61 39548 32632 
65535 0 33931 32998 
65535 1938 27062 33318 
64436 19432 20252 33546 
44331 38882 15327 33678 
26922 57465 13832 33657 
12769 65326 16552 33506 
4553 65515 23091 33305 
2487 65511 31667 33049 
5100 65489 40275 32749 
10824 55405 47074 32472 
