32917 32739 32710 32874 
32917 32739 32710 32874 
32978 32457 33021 32553 
33019 32242 33317 32223 
33002 32117 33513 31931 
32955 32103 33602 31699 
32867 32199 33587 31614 
32746 32355 33438 31616 
32629 32560 33206 31744 
32532 32767 32944 31977 
32450 32913 32632 32276 
32429 33019 32353 32638 
32423 33029 32103 32999 
32459 32955 31947 33362 
32511 32814 31875 33648 
32600 32662 31910 33873 
32676 32542 32042 33962 
32775 32490 32272 33929 
32826 32498 32501 33710 
32886 32620 32783 33416 
32954 32834 33063 33030 
33000 33066 33295 32588 
33034 33261 33462 32144 
33006 33355 33528 31726 
32939 33291 33487 31435 
32835 33105 33397 31317 
32656 32726 33162 31307 
32533 32364 32943 31555 
32407 31990 32669 31882 
32347 31739 32439 32319 
32349 31674 32242 32794 
32365 31768 32062 33217 
32517 32096 32034 33643 
32688 32543 32076 33941 
32888 33081 32219 34070 
32989 33517 32329 33963 
33111 33932 32560 33776 
33125 34083 32747 33423 
33095 34053 32939 33044 
32971 33747 33065 32615 
32795 33280 33151 32196 
32605 32678 33166 31866 
32433 32064 33138 31672 
32290 31504 33024 31588 
32216 31143 32881 31671 
32221 31010 32701 31879 
32324 31194 32559 32187 
32479 31595 32447 32533 
32687 32189 32397 32904 
32875 32850 32406 33254 
33029 33474 32474 33504 
33148 33995 32615 33653 
33218 34308 32800 33682 
33165 34360 32955 33537 
33088 34198 33092 33278 
32924 33814 33140 32902 
32791 33345 33138 32542 
32669 32854 33066 32181 
32537 32309 32875 31866 
32486 31920 32677 31726 
32465 31647 32463 31731 
32482 31520 32289 31886 
32528 31565 32182 32177 
32591 31733 32166 32546 
32655 32011 32251 32935 
32696 32307 32405 33299 
32729 32633 32640 33577 
32707 32922 32874 33724 
32610 33072 33001 33654 
32526 33188 33095 33476 
32489 33262 33122 33251 
32429 33222 33026 32887 
32487 33181 32894 32577 
32609 33143 32749 32287 
32779 33116 32604 32089 
33004 33110 32527 31977 
33216 33100 32519 31985 
33389 33056 32602 32046 
33467 32980 32773 32208 
33402 32815 32930 32351 
33224 32578 33094 32513 
32951 32332 33202 32673 
32609 32068 33201 32787 
32230 31830 33062 32844 
31937 31736 32831 32927 
31738 31766 32532 32968 
31741 31973 32277 33060 
31852 32275 32036 33109 
32115 32667 31888 33154 
32479 33093 31882 33190 
32844 33484 31993 33184 
33206 33762 32232 33139 
33492 33894 32549 33049 
33688 33865 32942 32935 
33656 33586 33227 32697 
33523 33233 33497 32472 
33253 32799 33635 32225 
32922 32364 33663 32013 
32604 32008 33577 31872 
32308 31790 33381 31818 
32127 31732 33122 31859 
32028 31815 32785 31965 
32091 32063 32474 32245 
32195 32346 32153 32570 
32386 32674 31947 32974 
32552 32905 31802 33349 
32699 33056 31763 33669 
32789 33134 31856 33898 
32815 33092 32025 33943 
32860 33056 32326 33883 
32846 32972 32656 33622 
32838 32892 32992 33234 
32836 32828 33275 32718 
32922 32861 33554 32243 
32982 32896 33699 31793 
33024 32911 33694 31430 
33093 32956 33585 31296 
33065 32905 33325 31301 
33012 32841 33014 31545 
32891 32701 32655 31921 
32768 32575 32386 32455 
32590 32405 32133 32966 
32411 32229 31978 33424 
32247 32090 31938 33764 
32156 32052 32011 33975 
32173 32159 32204 34002 
32233 32334 32395 33816 
32408 32630 32657 33530 
32602 32933 32846 33097 
32841 33269 33027 32672 
33047 33544 33137 32264 
33244 33711 33213 31972 
33292 33651 33189 31764 
33241 33413 33089 31727 
33097 33043 32940 31851 
32873 32600 32767 32084 
32635 32140 32606 32432 
32420 31771 32461 32781 
32260 31567 32392 33089 
32180 31560 32347 33292 
32258 31800 32433 33409 
32422 32189 32574 33382 
32674 32711 32771 33267 
32914 33228 32946 33027 
33128 33683 33092 32749 
33298 34031 33216 32493 
33357 34118 33236 32268 
33287 33985 33180 32118 
33070 33601 33006 32053 
32773 33083 32770 32105 
32477 32499 32529 32258 
32222 31955 32323 32508 
32033 31528 32159 32766 
31969 31310 32081 33020 
32041 31331 32091 33222 
32279 31640 32244 33387 
32592 32114 32448 33435 
32943 32683 32701 33383 
33259 33237 32957 33263 
33370 33583 33061 32992 
33411 33797 33149 32775 
33299 33766 33163 32557 
33031 33517 33075 32363 
32691 33093 32924 32190 
32353 32640 32761 32117 
32104 32228 32649 32125 
31991 31946 32590 32176 
32045 31866 32603 32271 
32276 32015 32705 32410 
32604 32314 32815 32521 
32965 32717 32924 32596 
33305 33162 33022 32703 
33553 33534 33038 32793 
33650 33762 32996 32887 
33533 33735 32838 32966 
33278 33525 32650 33105 
32886 33129 32426 33207 
32430 32590 32214 33273 
32007 32045 32064 33307 
31722 31613 32030 33303 
31615 31377 32100 33222 
31679 31346 32246 33041 
31981 31617 32518 32842 
32432 32131 32843 32634 
32912 32709 33142 32347 
33372 33316 33390 32129 
33696 33823 33543 31932 
33845 34128 33590 31827 
33753 34167 33499 31800 
33497 33972 33339 31877 
33099 33550 33083 32041 
32668 33032 32798 32293 
32246 32453 32492 32600 
31952 31938 32225 32937 
31786 31549 32009 33246 
31818 31383 31880 33546 
32268 31686 31926 33879 
32629 32124 32118 33907 
32957 32594 32364 33766 
33222 33114 32677 33542 
33373 33525 32970 33168 
33371 33777 33212 32683 
33281 33894 33444 32206 
33085 33773 33588 31723 
32806 33466 33603 31323 
32573 33080 33509 31109 
32378 32644 33315 31058 
32314 32281 33081 31260 
32335 32016 32779 31641 
32447 31892 32468 32190 
32644 31954 32235 32805 
32822 32135 32044 33423 
32987 32395 31980 33984 
33050 32656 31979 34342 
33050 32894 32096 34512 
32927 33018 32238 34397 
32758 33083 32462 34098 
32588 33099 32721 33606 
32411 33018 32917 33005 
32312 32912 33083 32350 
32312 32830 33236 31786 
32365 32719 33281 31305 
32546 32695 33275 31093 
32697 32603 33138 31041 
32839 32558 32969 31241 
32991 32555 32770 31686 
33058 32533 32559 32302 
33085 32549 32413 33082 
32988 32514 32279 33863 
32878 32536 32274 34518 
32745 32560 32347 34730 
32583 32596 32501 34311 
32495 32680 32720 33315 
32440 32772 32918 31922 
32504 32928 33131 30602 
32619 33115 33260 29846 
32792 33303 33294 30004 
33043 33492 33263 31123 
33342 33651 33093 32829 
33740 33867 32853 34666 
34058 34037 32603 36128 
33918 33864 32380 36915 
33049 33041 32198 36903 
31372 31384 32096 36116 
29262 29163 32125 34693 
27477 26975 32231 32779 
27027 25840 32371 30568 
28695 26726 32544 28318 
32514 30232 32731 26505 
37219 35470 32870 25635 
41504 40978 32932 25887 
44004 44883 32949 27460 
43870 45787 32970 30330 
40907 43348 32953 33886 
35702 38592 32960 37618 
29232 33113 32972 40847 
22814 28330 33035 42921 
17858 24919 33093 43247 
15573 22557 33085 41635 
16648 20446 33069 38332 
21193 18177 32996 33806 
28722 16323 32853 28746 
37414 16420 32674 24227 
45619 20063 32454 20987 
51679 28009 32255 19670 
54232 39603 32059 20566 
52748 52200 31981 23633 
47648 62834 31991 28248 
39752 65419 32106 33686 
30189 65501 32339 39162 
20810 65446 32606 43473 
12873 51515 32910 46042 
7720 35996 33162 46400 
6514 19349 33397 44502 
9916 4559 33515 40710 
17772 185 33531 35676 
29252 84 33427 30207 
42827 60 33242 25308 
56116 60 32964 21701 
65102 11721 32671 19985 
65490 26482 32394 20413 
65535 43174 32116 22730 
65489 59404 31993 26568 
48531 65327 31968 31157 
29224 65487 32074 35842 
10580 65512 32275 39665 
322 65524 32563 42189 
38 65451 32845 43035 
21 46283 33131 42198 
6430 26433 33296 39888 
19456 7025 33418 36664 
34374 218 33425 33075 
48834 57 33278 29635 
59867 30 33069 27080 
65231 39 32817 25690 
65489 13262 32530 25509 
57217 29650 32342 26659 
44518 46917 32169 28639 
29013 61661 32129 31045 
13138 65397 32177 33454 
774 65500 32305 35440 
77 65520 32517 36766 
35 65518 32756 37215 
144 49859 32946 36824 
14294 30915 33036 35723 
29667 11112 33173 34258 
45296 357 33137 32644 
59319 73 33108 31303 
65323 41 33018 30383 
65482 31 32851 29979 
65507 10007 32702 30198 
65514 23987 32561 30893 
58892 39607 32442 31899 
43099 54191 32354 32997 
25696 64237 32305 33933 
9880 65452 32343 34586 
388 65499 32442 34818 
66 58072 32597 34634 
53 48025 32746 34028 
6178 33260 32920 33189 
14508 18466 33051 32263 
26433 5774 33218 31464 
37706 213 33237 30854 
46979 71 33222 30597 
52885 53 33117 30711 
54863 8967 32955 31178 
53084 21556 32766 31919 
48608 36234 32586 32772 
42705 50344 32408 33585 
36548 61400 32264 34246 
31201 65393 32204 34662 
26719 65493 32195 34710 
22975 58839 32303 34525 
19730 47223 32423 34008 
17415 33884 32559 33332 
16658 21239 32765 32661 
18139 11325 32963 32026 
22286 5372 33130 31498 
28590 4154 33239 31207 
36074 7323 33283 31131 
43395 14297 33278 31312 
49215 24093 33117 31603 
52402 35176 32974 32092 
52469 46025 32700 32553 
49528 55042 32488 33060 
43783 60668 32271 33491 
36317 61573 32179 33838 
28110 57390 32133 33986 
20235 48583 32203 33975 
14161 37060 32361 33817 
10686 24627 32605 33514 
10423 13649 32851 33103 
13661 5849 33086 32615 
20056 2771 33295 32162 
28846 4410 33416 31771 
38943 10271 33431 31475 
48871 19583 33319 31357 
56578 30859 33133 31452 
60343 42443 32855 31725 
59176 52842 32580 32128 
53151 60711 32357 32673 
42899 64520 32191 33226 
30603 63403 32067 33684 
18392 57692 32106 34038 
8602 48012 32192 34140 
3162 35671 32399 34092 
3244 23043 32589 33815 
8706 11983 32772 33373 
18542 3993 32873 32844 
31228 366 32939 32312 
44310 260 32959 31885 
55237 6386 32971 31644 
62291 14904 32924 31552 
63968 25650 32921 31685 
59849 37413 32938 31930 
50699 48540 32964 32259 
38076 57847 33047 32655 
23869 63964 33095 32965 
10486 65430 33083 33166 
1221 60166 33058 33287 
70 54820 32970 33252 
33 43881 32805 33115 
10508 31548 32584 32921 
24751 19965 32379 32769 
40319 11386 32147 32601 
54027 7048 32008 32551 
63704 6740 31959 32585 
65447 9630 31986 32680 
65498 14798 32140 32837 
59009 21140 32375 32985 
47007 28085 32692 33125 
32705 35007 32981 33161 
17855 41558 33265 33087 
5294 46728 33448 32903 
184 49715 33586 32704 
48 50114 33575 32431 
63 48015 33453 32176 
13186 44057 33247 31965 
27707 39469 33021 31865 
43107 35135 32747 31860 
56866 31794 32497 31999 
65158 29579 32317 32266 
65488 28314 32158 32605 
65516 27479 32049 32955 
58019 26745 31994 33308 
44352 25904 31982 33578 
28000 25042 32121 33848 
12815 24211 32289 33916 
1591 23631 32528 33844 
84 23591 32802 33636 
40 24459 33063 33262 
6625 26708 33342 32851 
18660 30313 33487 32308 
32972 35265 33594 31850 
47262 41134 33570 31470 
58853 46855 33420 31248 
65023 51265 33249 31303 
65484 53308 32929 31449 
59697 52432 32622 31826 
48319 48283 32369 32340 
34221 41358 32165 32905 
19724 32368 32008 33414 
7798 22690 32003 33872 
835 13577 32073 34132 
65 6823 32240 34194 
5637 3834 32388 34008 
15940 5325 32633 33718 
28872 11306 32843 33265 
42521 21182 32988 32739 
53996 33142 33133 32266 
61592 45284 33198 31839 
63775 55665 33223 31576 
60083 62634 33137 31470 
51506 64647 33018 31557 
39711 61772 32885 31838 
26938 54400 32708 32169 
15525 43453 32557 32608 
7954 30574 32429 33017 
5582 18050 32335 33347 
8408 7673 32347 33612 
15468 1250 32417 33699 
25262 87 32548 33664 
35570 4569 32707 33462 
44736 14162 32906 33185 
51159 27116 33085 32837 
53830 41442 33202 32457 
52169 54085 33247 32135 
46769 62333 33219 31913 
38810 64522 33063 31755 
30028 60698 32875 31801 
22204 51585 32569 31896 
17488 39586 32317 32147 
16732 27173 32116 32482 
19886 16813 32010 32819 
25987 10190 32014 33162 
33077 8249 32150 33461 
39446 10565 32381 33625 
43692 16224 32653 33690 
45126 24133 32966 33656 
43575 32488 33161 33445 
39671 40255 33324 33204 
34193 46329 33351 32899 
28114 49960 33252 32578 
22850 50636 33102 32317 
19409 48343 32904 32099 
18569 43407 32698 31955 
20874 36307 32543 31902 
25925 28659 32465 31936 
32542 21905 32461 32012 
39582 17468 32568 32181 
45669 16505 32680 32331 
49737 19756 32814 32530 
50718 26320 32927 32744 
48490 34511 32952 32919 
43283 42149 32885 33097 
35586 47141 32752 33242 
26913 47862 32597 33381 
18699 44265 32449 33484 
12633 37486 32284 33499 
10281 29407 32246 33472 
12343 22481 32213 33310 
18567 18281 32344 33131 
27615 17405 32509 32876 
37857 19767 32755 32573 
46827 24510 33039 32312 
52986 30666 33266 32064 
55273 37339 33422 31867 
53354 43885 33483 31763 
47753 49140 33432 31774 
39690 52340 33318 31892 
30654 52528 33098 32085 
22128 48944 32794 32334 
15901 41824 32502 32642 
12751 31964 32220 32919 
13106 21085 31982 33188 
16802 11244 31831 33419 
22956 4952 31802 33612 
30489 3456 31880 33704 
38121 7206 32084 33714 
44782 15834 32397 33639 
49133 27410 32758 33467 
50611 40124 33106 33191 
49069 51845 33430 32846 
44748 60997 33687 32481 
38553 65286 33832 32133 
31814 65465 33825 31816 
25572 59959 33643 31532 
20843 50325 33352 31412 
18294 37460 32993 31445 
18274 23488 32594 31631 
20582 10602 32242 31989 
24688 1082 31932 32388 
29889 92 31732 32878 
34945 56 31624 33301 
39261 6020 31752 33745 
42070 17056 31927 34000 
43197 30897 32197 34080 
42739 44745 32559 34007 
41084 56467 32936 33767 
38601 64065 33233 33373 
35659 65450 33475 32903 
32618 64022 33611 32469 
29773 53438 33626 32064 
27300 40986 33452 31740 
25517 27172 33180 31588 
24779 14995 32880 31638 
25149 6762 32567 31830 
26515 3540 32329 32133 
28475 5349 32153 32461 
30792 11783 32093 32796 
33102 21276 32197 33091 
35128 32365 32350 33263 
36811 43304 32614 33340 
38009 52585 32856 33263 
38673 58215 33044 33096 
38788 59393 33164 32901 
38244 55707 33161 32684 
36971 47588 33084 32507 
35006 36523 32888 32368 
32692 24892 32676 32385 
30372 14643 32463 32479 
28539 7762 32328 32648 
27573 5448 32243 32816 
27726 8263 32235 32952 
28802 15617 32358 33078 
30394 26040 32541 33140 
31950 37824 32758 33079 
33030 48564 32991 32960 
33489 56510 33181 32765 
33448 60367 33338 32567 
33125 59372 33360 32342 
32901 53864 33296 32171 
32895 44765 33138 32085 
33042 33647 32877 32082 
33221 22033 32552 32182 
33387 12290 32287 32422 
33523 6216 32081 32728 
33768 4490 31920 32991 
34364 7294 31889 33245 
35397 14173 32049 33464 
36592 23466 32306 33548 
37451 33775 32649 33506 
37376 43513 33006 33320 
35814 51663 33314 32982 
32759 57209 33581 32651 
28734 59622 33724 32326 
24607 58650 33679 32014 
21570 54296 33503 31831 
20555 46329 33147 31743 
22209 35942 32738 31806 
26195 24709 32386 32080 
31625 14263 32080 32423 
37440 6490 31860 32789 
42513 2885 31747 33136 
45820 4177 31824 33447 
46997 9742 32012 33640 
46081 18430 32305 33699 
43346 28694 32613 33573 
39081 39461 32954 33341 
34037 48574 33204 33005 
28572 55446 33404 32643 
23184 59373 33530 32327 
18426 59710 33506 32038 
15458 56263 33376 31885 
15166 49405 33156 31854 
18199 40142 32866 31913 
24563 29674 32571 32127 
32928 20011 32307 32441 
41547 12526 32092 32746 
48390 8396 31973 33037 
51865 8148 31995 33312 
51113 11568 32132 33481 
46826 17837 32365 33538 
40341 25783 32666 33475 
33154 34211 32955 33268 
26852 41570 33178 32949 
22443 46776 33385 32628 
20034 49288 33497 32328 
19463 49029 33454 32049 
20764 46560 33318 31867 
23868 42674 33058 31790 
28465 38474 32767 31875 
34004 34611 32490 32092 
39502 31427 32228 32385 
43917 29017 32080 32771 
45807 27279 31998 33117 
44711 26174 32062 33436 
40809 25628 32228 33664 
34916 25647 32423 33702 
28433 26307 32665 33631 
23154 27362 32845 33380 
20238 28615 32976 33037 
20317 29707 33052 32699 
23329 30489 33074 32365 
28395 31003 33026 32121 
34358 31670 32942 31985 
39991 32947 32874 31983 
44228 35172 32830 32074 
46029 38410 32823 32271 
44925 41917 32898 32528 
41143 44656 32917 32682 
35551 45635 32968 32818 
29217 43908 32930 32839 
23771 39472 32883 32844 
20453 33280 32779 32756 
19775 26689 32641 32699 
21647 21198 32477 32651 
25562 17896 32310 32669 
30508 17349 32158 32713 
35556 19345 32086 32850 
39905 23240 32085 32993 
42944 28509 32204 33187 
43981 34217 32419 33339 
42735 39483 32668 33383 
39390 43710 32950 33332 
34497 46148 33175 33140 
29131 46239 33370 32862 
24802 43862 33485 32548 
22534 39423 33481 32198 
22952 33847 33376 31880 
25875 28285 33216 31661 
30355 23802 32978 31578 
35231 21219 32714 31638 
39347 21030 32495 31897 
41510 23267 32264 32215 
41250 27489 32104 32637 
38806 33000 32006 33094 
34797 38737 31972 33511 
30029 43548 32018 33866 
25771 46013 32153 34086 
22851 45235 32349 34109 
22004 41079 32578 33947 
23640 34186 32867 33634 
27588 26389 33107 33163 
33332 19540 33376 32653 
39767 15374 33568 32120 
45588 14963 33655 31619 
49073 18351 33626 31266 
49160 24641 33470 31081 
45454 32725 33232 31106 
38321 41401 32892 31357 
29588 49196 32521 31760 
21078 55102 32200 32333 
14787 58045 31964 32960 
11911 56921 31776 33517 
13049 51338 31802 34040 
17595 41335 31924 34329 
24632 28232 32164 34421 
33290 13962 32453 34285 
41931 1962 32721 33931 
49482 106 32951 33419 
54553 41 33084 32832 
55963 5520 33156 32261 
52855 16092 33163 31804 
45737 31758 33102 31473 
35902 48330 33025 31361 
25329 63091 32957 31436 
16724 65416 32928 31670 
11676 65503 32944 32019 
10873 65522 33000 32399 
14024 65522 33037 32758 
19880 51058 33042 33023 
27137 32466 32991 33197 
34726 14263 32875 33282 
41771 685 32687 33275 
47269 78 32449 33196 
50621 41 32203 33093 
51292 659 32016 33017 
48752 14011 31882 32950 
43498 28042 31889 32955 
36265 42822 32002 32957 
28451 55931 32246 32962 
21465 64869 32550 32929 
16945 65469 32907 32879 
15471 65513 33254 32765 
16945 57119 33472 32568 
20968 41818 33663 32380 
26267 24365 33662 32147 
31945 7770 33586 32012 
37223 241 33377 31917 
41638 55 33069 31883 
44726 38 32771 31987 
46340 6186 32495 32209 
46372 18424 32262 32483 
44780 33481 32074 32816 
41652 48538 31960 33135 
37327 60768 31954 33460 
32065 65355 32008 33703 
26404 65482 32152 33869 
20922 65501 32329 33864 
16475 60695 32557 33736 
13998 47035 32777 33488 
14499 30586 32997 33114 
18515 14707 33199 32695 
25523 2091 33392 32290 
34309 119 33493 31887 
43204 64 33510 31585 
50676 61 33428 31389 
55052 9759 33309 31379 
55777 21620 33106 31512 
52816 34990 32822 31739 
46739 48132 32556 32117 
38631 58393 32348 32599 
29317 64331 32165 33084 
20002 65409 32025 33484 
12109 60403 32009 33860 
7349 51369 32052 34039 
6785 39432 32173 34061 
10811 26587 32357 33944 
18695 15034 32524 33653 
29315 6487 32706 33267 
39839 2848 32800 32847 
48911 4184 32895 32439 
55205 10005 32976 32125 
57918 19351 33017 31882 
56796 30277 33058 31795 
52192 41099 33141 31818 
44560 50077 33187 31907 
34993 55750 33243 32075 
24572 57122 33296 32269 
15599 54107 33332 32474 
9545 47444 33218 32589 
7755 38774 33079 32701 
10563 29799 32812 32763 
17116 22671 32519 32812 
25811 18541 32231 32900 
34734 17724 31905 32944 
42639 20000 31700 33035 
48182 24388 31646 33203 
51067 29746 31751 33367 
51302 34929 31971 33469 
49023 38931 32243 33489 
44794 40870 32647 33483 
39238 40224 33064 33370 
32876 37078 33399 33112 
26557 32131 33656 32777 
21116 26582 33805 32397 
17640 22361 33801 32023 
16600 20898 33667 31685 
18121 23061 33397 31441 
21944 28824 33092 31369 
27047 36648 32752 31453 
32612 44635 32423 31682 
37714 50847 32201 32093 
41730 53521 31994 32536 
44180 51636 31868 33011 
44855 45707 31856 33496 
43865 36747 31919 33895 
