33235 33682 33234 31443 
33235 33682 33234 31443 
33002 33391 33010 31359 
32743 32991 32746 31478 
32484 32571 32474 31816 
32306 32228 32272 32307 
32205 31970 32111 32871 
32174 31845 32017 33389 
32288 31935 32065 33844 
32465 32152 32214 34117 
32652 32428 32409 34156 
32852 32758 32659 34008 
32969 32982 32862 33644 
32978 33100 32985 33142 
32918 33105 33049 32604 
32839 33038 33094 32159 
32709 32885 33065 31795 
32565 32662 32987 31560 
32494 32504 32911 31527 
32520 32454 32872 31665 
32611 32512 32853 31894 
32790 32680 32880 32184 
32973 32887 32903 32476 
33164 33114 32947 32769 
33229 33241 32902 32966 
33221 33282 32841 33135 
33097 33213 32742 33257 
32858 32987 32566 33285 
32583 32730 32399 33309 
32303 32434 32225 33274 
32040 32133 32065 33193 
31919 31962 32007 33131 
31933 31915 32069 33037 
32069 31988 32227 32933 
32297 32142 32452 32781 
32661 32467 32800 32681 
32976 32762 33098 32489 
33255 33042 33352 32320 
33560 33472 33643 32093 
33485 33472 33564 32007 
33329 33386 33414 32022 
33082 33198 33159 32092 
32772 32912 32814 32203 
32513 32663 32502 32396 
32335 32478 32229 32666 
32192 32321 31990 32912 
32117 32237 31833 33176 
32146 32266 31813 33444 
32248 32359 31920 33679 
32348 32441 32098 33784 
32467 32518 32358 33758 
32610 32602 32702 33671 
32749 32651 33051 33436 
32825 32650 33314 33057 
32924 32672 33539 32606 
33042 32729 33678 32127 
33117 32800 33662 31689 
33177 32899 33521 31369 
33224 33039 33310 31205 
33244 33202 33013 31260 
33189 33302 32672 31479 
33100 33360 32362 31917 
32969 33330 32110 32441 
32754 33182 31932 33017 
32536 32953 31862 33560 
32332 32664 31924 34004 
32149 32370 32093 34272 
32012 32052 32319 34291 
31939 31825 32575 34104 
31969 31717 32828 33732 
32020 31714 32966 33208 
32214 31880 33070 32642 
32489 32199 33145 32171 
32757 32511 33088 31747 
33026 32884 33018 31523 
33250 33184 32908 31468 
33443 33446 32874 31641 
33538 33587 32869 31926 
33535 33581 32890 32252 
33427 33466 32920 32569 
33263 33279 32966 32847 
33016 33037 32956 33039 
32790 32845 32926 33141 
32563 32665 32833 33138 
32372 32535 32678 33073 
32260 32517 32527 33018 
32184 32496 32330 32937 
32134 32467 32136 32847 
32178 32480 32049 32846 
32218 32418 32016 32858 
32297 32351 32123 32919 
32423 32284 32330 32992 
32518 32179 32564 33009 
32630 32126 32858 32989 
32753 32126 33136 32889 
32907 32261 33401 32763 
33096 32524 33578 32595 
33260 32859 33637 32380 
33355 33210 33530 32108 
33418 33569 33322 31926 
33432 33858 33037 31847 
33332 33975 32696 31866 
33119 33875 32321 32006 
32857 33594 32035 32304 
32511 33108 31804 32654 
32175 32553 31743 33075 
31875 31953 31820 33487 
31707 31488 32052 33825 
31687 31222 32382 34001 
31803 31190 32751 33958 
32101 31475 33167 33771 
32439 31934 33457 33369 
32876 32544 33668 32880 
33299 33215 33744 32345 
33644 33794 33641 31806 
33845 34176 33419 31425 
33846 34284 33057 31214 
33678 34119 32661 31240 
33393 33722 32314 31550 
32977 33131 32004 32003 
32555 32505 31860 32579 
32149 31879 31822 33132 
31840 31402 31940 33656 
31704 31217 32171 34013 
31769 31296 32477 34141 
31967 31652 32798 34052 
32285 32209 33089 33753 
32625 32791 33269 33291 
32977 33392 33380 32794 
33232 33862 33361 32262 
33451 34165 33309 31894 
33465 34142 33126 31588 
33315 33839 32883 31462 
33104 33360 32689 31555 
32820 32777 32496 31814 
32565 32189 32387 32177 
32381 31707 32313 32620 
32251 31370 32271 33056 
32221 31299 32295 33460 
32307 31477 32384 33755 
32450 31846 32478 33891 
32646 32362 32617 33872 
32836 32952 32768 33699 
32943 33440 32868 33336 
33036 33864 33009 32909 
33067 34069 33110 32442 
33058 34070 33209 32020 
32961 33822 33231 31640 
32852 33411 33204 31434 
32694 32893 33078 31358 
32610 32377 32940 31482 
32528 31931 32731 31772 
32569 31736 32598 32259 
32593 31680 32394 32754 
32658 31831 32265 33265 
32746 32126 32197 33741 
32802 32489 32176 34053 
32865 32879 32274 34208 
32815 33133 32376 34101 
32739 33272 32542 33837 
32595 33239 32686 33393 
32413 33025 32813 32878 
32254 32724 32901 32331 
32193 32461 32989 31919 
32200 32231 33011 31593 
32292 32124 32990 31451 
32536 32220 33000 31553 
32846 32468 33000 31785 
33193 32830 33008 32124 
33486 33197 32986 32487 
33705 33573 32981 32848 
33761 33764 32927 33109 
33673 33814 32872 33286 
33428 33637 32781 33327 
33018 33253 32649 33241 
32519 32719 32462 33053 
32076 32185 32355 32905 
31655 31639 32209 32712 
31419 31300 32144 32610 
31398 31172 32143 32575 
31608 31350 32251 32654 
31968 31742 32385 32746 
32447 32309 32600 32872 
32972 32955 32839 32989 
33403 33546 33019 33010 
33732 33999 33193 32977 
33895 34235 33313 32887 
33848 34224 33364 32717 
33624 33946 33340 32498 
33295 33490 33229 32270 
32894 32936 33060 32098 
32473 32319 32812 31976 
32197 31863 32631 32031 
31961 31515 32415 32145 
31874 31370 32221 32366 
31920 31447 32102 32669 
32095 31742 32066 32998 
32330 32143 32109 33293 
32652 32673 32283 33556 
32905 33175 32468 33667 
33105 33578 32685 33628 
33242 33842 32921 33466 
33278 33897 33123 33172 
33216 33772 33288 32823 
33112 33518 33381 32463 
32987 33179 33407 32154 
32852 32783 33331 31891 
32743 32423 33194 31781 
32671 32145 33001 31797 
32587 31942 32726 31913 
32539 31879 32466 32178 
32506 31906 32234 32491 
32439 31975 32040 32813 
32376 32108 31932 33136 
32293 32232 31895 33391 
32278 32430 32010 33598 
32302 32641 32205 33689 
32380 32850 32480 33649 
32490 33036 32761 33437 
32704 33292 33099 33197 
32922 33496 33382 32863 
33150 33661 33593 32509 
33361 33760 33728 32173 
33454 33718 33686 31863 
33516 33589 33572 31692 
33443 33319 33314 31636 
33290 32986 33003 31781 
33011 32522 32593 32077 
32765 32132 32282 32642 
32462 31732 31995 33199 
32124 31387 31747 33523 
31903 31238 31704 33497 
31753 31236 31764 32969 
31762 31477 31966 32167 
31864 31855 32230 31392 
32099 32370 32556 31082 
32449 33009 32914 31534 
32819 33612 33191 32646 
33326 34250 33431 34232 
33914 34796 33531 35673 
34458 35250 33556 36659 
34598 35305 33479 36852 
33946 34541 33287 36191 
32473 32843 33046 34841 
30382 30376 32783 33029 
28409 27775 32531 30973 
27598 26060 32352 28875 
28749 26303 32217 27050 
31904 28998 32197 25837 
36223 33746 32221 25500 
40447 39252 32310 26351 
43071 43414 32460 28408 
43176 44756 32592 31447 
40571 42883 32733 35140 
35518 38429 32828 38873 
29246 33174 32907 41878 
22984 28514 32899 43591 
18143 25278 32924 43681 
15765 23148 32907 41887 
16655 21397 32871 38426 
21022 19503 32824 33778 
28434 17803 32780 28610 
37116 17693 32787 24030 
45515 20723 32789 20693 
51856 27843 32759 19196 
54860 38702 32808 20006 
53722 50745 32807 22869 
48729 61276 32789 27362 
40661 65381 32751 32870 
31074 65494 32712 38222 
21282 65185 32679 42666 
12866 50846 32647 45511 
7157 35516 32627 46313 
5512 19418 32597 44890 
8454 4771 32581 41615 
16015 191 32585 37019 
27544 85 32567 31763 
41174 61 32551 26958 
54851 59 32533 23252 
64936 11523 32552 21239 
65479 26197 32587 21132 
65533 42978 32669 22893 
65535 59333 32774 26061 
52591 65321 32932 30054 
33986 65481 33112 34165 
14860 65511 33237 37678 
692 65522 33364 40207 
54 65513 33412 41302 
22 48352 33321 40878 
3933 28512 33137 39202 
16338 8760 32857 36628 
30943 264 32540 33685 
45457 64 32233 30953 
57252 32 31966 28808 
64244 22 31821 27617 
65394 11753 31811 27484 
58922 27230 31948 28298 
47687 44503 32224 29813 
32467 60359 32570 31658 
16642 65367 32934 33468 
2847 65499 33258 34851 
117 65520 33495 35623 
40 65525 33612 35693 
41 52574 33557 35075 
11938 33730 33403 34015 
26154 13974 33114 32702 
42014 481 32846 31516 
56452 83 32563 30660 
65176 41 32367 30312 
65467 31 32213 30472 
65501 7880 32161 31142 
65512 21447 32219 32202 
64746 37353 32301 33362 
46690 52694 32419 34434 
29670 63884 32569 35221 
13498 65446 32690 35559 
1183 65501 32794 35413 
88 65451 32872 34783 
53 51632 32920 33767 
143 36447 32938 32572 
11958 20439 33031 31409 
23298 6574 33043 30453 
34932 232 33051 29836 
44921 72 33045 29653 
51823 52 32996 29937 
54854 6490 32905 30578 
54100 18427 32838 31577 
50142 33333 32732 32727 
44501 48126 32635 33810 
38474 60088 32545 34680 
32789 65382 32449 35225 
28081 65494 32406 35444 
24076 63240 32380 35249 
20621 50552 32395 34727 
17845 36629 32441 33944 
16495 22991 32511 33070 
17287 11793 32611 32230 
20726 4642 32760 31517 
26731 2305 32883 31018 
34148 4792 32984 30787 
41675 11428 33068 30813 
48084 21456 33106 31124 
51901 33047 33083 31560 
52690 44725 33036 32147 
50335 54720 32907 32715 
45035 61465 32754 33225 
37784 63327 32611 33645 
29533 59985 32489 33931 
21579 51797 32422 34014 
15066 39966 32424 33961 
11234 27063 32515 33781 
10533 15140 32609 33444 
13244 6331 32755 33062 
19310 1989 32906 32637 
27770 2638 32997 32210 
37591 7870 33067 31867 
47356 16684 33060 31618 
55398 27996 32969 31510 
59781 39936 32879 31620 
59375 51031 32721 31856 
54030 59729 32571 32206 
44196 64578 32462 32631 
32133 63744 32409 33105 
19819 59565 32430 33529 
9430 50229 32476 33825 
3412 38147 32583 33954 
2904 25442 32700 33929 
7823 13910 32772 33682 
17291 5314 32819 33366 
29798 795 32802 32922 
42684 1223 32757 32489 
54037 5289 32726 32123 
61819 13175 32683 31842 
64309 23688 32735 31751 
61037 35016 32795 31772 
52602 46093 32846 31854 
40336 55669 32985 32093 
25907 62497 33088 32340 
12420 65123 33188 32630 
2385 62974 33232 32855 
97 56443 33164 32994 
35 46105 33020 33090 
8535 34161 32796 33119 
21889 22629 32552 33127 
36992 13641 32314 33142 
51500 8361 32094 33134 
62131 7272 31958 33155 
65412 9480 31912 33164 
65494 13996 31980 33167 
58371 19924 32163 33131 
49194 26366 32414 33024 
35296 32975 32734 32874 
20728 39252 33032 32635 
7696 44713 33304 32354 
340 48330 33529 32106 
59 49575 33611 31848 
36 48398 33590 31698 
10557 45251 33488 31706 
24496 41083 33306 31825 
39924 36887 33062 32072 
54208 33397 32782 32410 
64577 30838 32465 32801 
65468 29197 32184 33184 
65513 28070 31956 33561 
64594 27036 31822 33834 
48113 25937 31799 33962 
32063 24779 31864 33937 
16350 23695 32031 33760 
3825 22937 32327 33503 
126 22748 32687 33132 
44 23478 33040 32670 
4149 25572 33385 32248 
15154 29088 33613 31811 
29302 34163 33764 31503 
43522 40004 33741 31350 
55697 45956 33628 31381 
63580 50884 33386 31571 
65457 53702 33023 31876 
60803 53513 32670 32341 
50899 50016 32352 32836 
37480 43483 32049 33253 
23026 34709 31879 33652 
10341 24705 31858 33968 
2422 15252 31923 34038 
436 7788 32095 33970 
4596 3666 32321 33753 
13949 3943 32565 33392 
26227 8915 32816 32969 
39360 17941 33018 32506 
51243 29603 33197 32119 
59832 42315 33321 31806 
63149 53447 33364 31632 
60844 61468 33310 31593 
53478 64900 33215 31751 
42116 63303 33019 31978 
29582 57017 32778 32279 
18034 47010 32571 32682 
9705 34692 32378 33059 
6120 21847 32239 33378 
7729 10561 32191 33598 
13815 2732 32240 33679 
23008 145 32374 33624 
33213 3761 32592 33422 
42623 10987 32828 33137 
49620 23171 33007 32747 
53198 37731 33212 32432 
52485 50735 33258 32096 
47995 60246 33261 31918 
40589 64162 33149 31854 
31753 61683 32957 31911 
23775 53802 32703 32086 
18357 42400 32480 32392 
16671 29964 32283 32696 
19086 18827 32206 33052 
24563 11385 32146 33281 
31547 8435 32220 33458 
38239 9900 32330 33484 
43156 15189 32582 33456 
45246 22812 32812 33288 
44421 31393 33017 33046 
41109 39591 33192 32753 
35970 46198 33273 32442 
30076 50340 33299 32184 
24488 51518 33239 32001 
20278 49447 33092 31927 
18520 44501 32863 31959 
19660 37444 32609 32112 
23551 29354 32353 32344 
29681 21681 32213 32713 
36539 16212 32109 33033 
42882 14273 32106 33348 
47610 16635 32218 33574 
49829 23092 32443 33676 
49029 31954 32730 33645 
45261 40942 33018 33438 
38970 47734 33246 33066 
30947 50534 33415 32629 
22828 48530 33490 32198 
16122 42506 33445 31816 
12355 34273 33272 31543 
12650 25769 32968 31456 
17140 19649 32648 31566 
24858 16774 32376 31923 
34119 17267 32119 32336 
42999 20688 31989 32854 
49761 26178 31964 33355 
53202 32829 32122 33807 
52637 39868 32319 34029 
48300 46259 32578 34078 
41275 50813 32833 33933 
32843 52581 33010 33578 
24453 50700 33091 33131 
17818 44856 33087 32660 
14159 35939 33032 32253 
13800 25351 32917 31915 
16697 15239 32812 31727 
22210 7818 32729 31664 
29343 4798 32728 31771 
36937 6971 32783 31938 
43932 14344 32861 32159 
48771 25264 32958 32387 
50713 37514 33031 32605 
49634 49202 33070 32815 
45687 58422 33018 32942 
39507 63754 32863 33036 
32554 64071 32717 33191 
25885 59541 32509 33283 
20564 50603 32279 33335 
17428 38558 32126 33409 
16822 25031 32013 33405 
18769 12253 32021 33369 
22951 2295 32155 33281 
28372 115 32358 33093 
34122 58 32635 32852 
39259 5667 32963 32593 
43104 17097 33242 32267 
44921 31028 33451 31964 
44851 44942 33580 31759 
43235 56761 33612 31675 
40492 64422 33509 31678 
36997 65455 33291 31806 
33333 65380 33066 32090 
29679 54431 32704 32355 
26563 41881 32421 32770 
24180 27668 32101 33131 
23024 15168 31890 33480 
23178 6395 31758 33740 
24595 2741 31767 33904 
26980 4492 31890 33923 
29842 10865 32126 33824 
32751 20504 32435 33565 
35433 31775 32798 33259 
37626 43040 33148 32830 
39139 52288 33476 32410 
39982 58187 33727 32019 
40089 59619 33865 31692 
39373 56085 33812 31426 
37954 48340 33672 31367 
35850 37672 33378 31416 
33282 25970 33005 31605 
30615 15305 32577 31956 
28435 8079 32205 32423 
27129 5379 31888 32922 
26924 7673 31655 33393 
27754 14718 31576 33793 
29235 24964 31690 34071 
30832 36530 31922 34170 
32116 47353 32218 34055 
32820 55748 32562 33778 
32989 59914 32891 33374 
32932 59375 33172 32937 
32879 54320 33340 32470 
33119 45736 33471 32100 
33537 34955 33454 31818 
34025 23869 33394 31689 
34428 14187 33264 31695 
34695 7890 33092 31831 
34985 5820 32969 32053 
35401 8098 32821 32273 
36054 14287 32719 32516 
36744 22831 32630 32707 
37134 32352 32559 32829 
36715 41295 32478 32888 
35010 48776 32393 32900 
31862 53993 32319 32919 
27859 56383 32279 32960 
23821 56051 32250 33033 
20790 52829 32241 33096 
19838 46737 32290 33207 
21513 38420 32411 33320 
25609 28735 32563 33386 
31329 19164 32743 33367 
37708 11311 32941 33267 
43193 6940 33102 33058 
46929 6744 33261 32794 
48336 10606 33351 32438 
47358 17536 33408 32135 
44315 26147 33370 31823 
39852 35244 33264 31615 
34299 43806 33051 31504 
28575 50698 32888 31629 
22965 55221 32644 31833 
18183 56928 32433 32174 
14954 55291 32216 32580 
14368 50312 32038 33033 
17070 42800 31927 33463 
23033 33791 31912 33810 
31369 24672 31970 34035 
40504 16823 32148 34095 
48023 11782 32408 34009 
52362 10114 32728 33744 
52547 11884 33051 33340 
48717 16758 33361 32812 
42250 23588 33597 32257 
34895 31244 33779 31806 
28037 38452 33776 31387 
22758 44133 33635 31145 
19675 47381 33394 31136 
18640 48078 33049 31338 
19568 46539 32663 31741 
22389 43413 32277 32263 
26830 39633 31972 32857 
32415 35815 31714 33366 
38278 32550 31652 33840 
43341 29927 31778 34158 
46095 27932 31980 34238 
45881 26527 32265 34107 
42569 25722 32580 33790 
36769 25551 32852 33320 
30152 26124 33085 32847 
24204 27253 33249 32407 
20348 28667 33293 32007 
19541 30060 33326 31797 
21820 31031 33262 31697 
26496 31624 33134 31728 
32813 32216 33048 31931 
39032 33137 32962 32155 
43879 34806 32876 32382 
46458 37360 32819 32611 
46208 40439 32772 32786 
43038 43123 32692 32862 
37684 44414 32633 32915 
31251 43377 32531 32911 
25054 39698 32420 32922 
20708 34119 32303 32923 
18950 27903 32229 32984 
19901 22424 32158 33033 
23334 18976 32222 33184 
28219 18153 32290 33279 
33601 19798 32423 33330 
38709 23460 32622 33327 
42561 28398 32852 33225 
44444 33636 33037 32980 
44095 38727 33220 32697 
41337 42950 33358 32354 
36747 45528 33412 31998 
31338 45995 33396 31716 
26344 44073 33268 31532 
23158 40073 33115 31506 
22543 34753 32931 31645 
24545 29153 32694 31912 
28587 24333 32509 32315 
33353 21336 32321 32766 
37602 20520 32135 33191 
40402 22152 32044 33634 
40913 26022 31999 33960 
39229 31302 32044 34148 
35842 37244 32167 34179 
31530 42529 32316 33994 
27221 45953 32541 33644 
24049 46309 32806 33221 
22688 43197 33053 32674 
23631 37179 33296 32131 
26937 29366 33486 31623 
32093 21962 33587 31267 
38181 16718 33602 31080 
43930 14866 33462 31063 
48081 16971 33259 31303 
48919 22278 32975 31716 
46087 29705 32686 32272 
39921 38094 32435 32908 
31487 46115 32126 33456 
22881 52775 31969 33934 
16060 56926 31919 34271 
12401 57394 31942 34347 
12685 53369 32060 34216 
16506 44796 32258 33891 
22998 32629 32498 33421 
31322 18461 32767 32873 
39960 5640 32986 32301 
47802 194 33186 31808 
53580 50 33301 31425 
56058 45 33364 31287 
54173 12406 33332 31343 
48021 27435 33178 31553 
38751 44193 32988 31965 
28099 59875 32748 32435 
18749 65347 32523 32949 
12527 65496 32354 33434 
10413 65519 32258 33784 
12431 65525 32266 33972 
17663 54495 32341 33962 
24627 36631 32526 33776 
32259 17920 32717 33427 
39555 2267 32913 32978 
45841 101 33044 32432 
50119 41 33141 31973 
51813 49 33145 31610 
50429 11585 33051 31405 
46026 25607 32936 31445 
39253 40580 32744 31642 
31377 54258 32569 32025 
23911 64166 32411 32460 
18254 65457 32329 32985 
15535 65511 32289 33425 
15873 57152 32343 33785 
18843 45154 32460 33947 
23726 27176 32597 33917 
29295 9815 32740 33725 
34809 315 32811 33381 
39661 61 32842 32961 
43495 35 32853 32553 
45871 7367 32867 32235 
46624 15921 32807 31962 
45794 30662 32810 31870 
43273 46141 32807 31888 
39408 59244 32856 32035 
34415 65323 32897 32216 
28839 65479 32975 32463 
23060 65502 33034 32666 
18128 65309 33060 32792 
14891 49519 33031 32848 
14250 33514 32902 32830 
16956 16996 32739 32781 
22889 3339 32567 32740 
31090 140 32378 32735 
40204 64 32203 32747 
48318 56 32067 32841 
53542 8420 32048 33001 
55288 20055 32108 33157 
53411 33498 32306 33354 
48165 46882 32577 33456 
40591 57506 32858 33449 
31525 63987 33117 33280 
22106 65432 33320 33023 
13699 60772 33459 32668 
8154 52136 33484 32272 
6645 40316 33404 31916 
9789 27414 33239 31614 
17269 15389 33008 31478 
27579 6602 32729 31474 
38452 2660 32477 31657 
48117 3781 32279 31996 
55101 9506 32142 32437 
58540 18937 32078 32947 
57933 30013 32054 33415 
53538 41028 32137 33857 
45749 50387 32268 34123 
35866 56216 32464 34248 
25180 57695 32666 34137 
15458 54701 32891 33849 
8461 47844 33063 33365 
6028 38688 33232 32831 
8495 29434 33338 32242 
15204 21862 33399 31725 
24512 17371 33369 31334 
34408 16516 33267 31115 
43205 18937 33077 31082 
49670 23719 32846 31251 
53200 29755 32634 31668 
53539 35490 32414 32171 
51092 39990 32241 32742 
46445 42308 32137 33282 
40092 41939 32101 33769 
33049 38866 32144 34075 
26052 33700 32285 34207 
20123 27674 32464 34153 
16083 22392 32625 33884 
14770 19794 32763 33495 
16266 20863 32855 33068 
20166 25680 32875 32611 
25814 33365 32904 32247 
31983 41945 32887 31973 
37595 49052 32860 31801 
42059 53089 32896 31790 
44854 52929 32941 31849 
45866 48384 33000 31962 
45124 40483 33073 32124 
