33258 33592 33547 31503 
33258 33592 33547 31503 
33121 33432 33477 31421 
32944 33187 33312 31419 
32772 32934 33081 31553 
32618 32664 32809 31807 
32519 32449 32548 32170 
32433 32225 32255 32582 
32367 32059 32022 33042 
32298 31912 31815 33469 
32298 31887 31746 33846 
32341 31934 31819 34100 
32362 32007 31966 34178 
32418 32161 32210 34092 
32481 32340 32502 33854 
32562 32565 32821 33496 
32617 32757 33059 33032 
32691 32981 33256 32560 
32757 33178 33330 32091 
32895 33407 33382 31788 
32995 33559 33313 31573 
33110 33666 33215 31548 
33176 33646 33057 31628 
33210 33518 32935 31838 
33130 32994 32791 32366 
33008 32624 32746 32605 
32879 32287 32770 32831 
32690 31973 32734 32935 
32497 31751 32667 33006 
32347 31670 32585 33029 
32238 31752 32460 33039 
32193 31954 32341 33078 
32193 32217 32203 33115 
32245 32542 32090 33196 
32371 32883 32072 33321 
32509 33159 32118 33406 
32660 33383 32261 33490 
32819 33491 32489 33482 
32930 33460 32749 33348 
33007 33328 33031 33099 
33065 33145 33308 32745 
33084 32895 33515 32270 
33097 32699 33641 31799 
33071 32559 33650 31399 
33038 32475 33525 31133 
32988 32464 33303 31032 
32911 32517 33015 31169 
32838 32597 32711 31527 
32754 32686 32463 32094 
32641 32702 32244 32716 
32479 32632 32066 33359 
32330 32529 31958 33961 
32225 32430 31959 34411 
32136 32305 31982 34621 
32111 32253 32069 34614 
32176 32291 32209 34396 
32307 32418 32385 33961 
32502 32626 32587 33400 
32740 32892 32815 32771 
32963 33129 33028 32125 
33177 33367 33230 31566 
33376 33543 33459 31195 
33488 33603 33616 30986 
33502 33518 33698 30956 
33386 33285 33670 31111 
33239 32995 33561 31464 
32946 32592 33279 31850 
32693 32264 32984 32354 
32442 32003 32616 32853 
32242 31869 32234 33355 
32131 31887 31915 33766 
32116 32055 31685 34058 
32188 32333 31613 34223 
32324 32643 31676 34210 
32457 32911 31863 34055 
32620 33110 32152 33800 
32666 33151 32431 33383 
32695 33080 32746 32943 
32646 32854 32968 32462 
32644 32654 33175 32071 
32677 32492 33353 31800 
32670 32311 33374 31533 
32762 32319 33391 31500 
32908 32450 33368 31581 
33055 32653 33303 31751 
33260 32990 33261 32013 
33352 33257 33153 32266 
33434 33518 33070 32568 
33386 33638 32935 32834 
33209 33580 32740 33042 
32951 33370 32527 33227 
32641 33035 32329 33362 
32275 32571 32097 33410 
31985 32116 31921 33423 
31783 31730 31818 33397 
31682 31498 31800 33320 
31820 31536 31942 33263 
32048 31730 32150 33141 
32372 32091 32422 32983 
32773 32562 32767 32824 
33129 33020 33088 32600 
33398 33414 33361 32337 
33582 33709 33596 32136 
33578 33794 33695 31941 
33477 33707 33724 31831 
33212 33412 33594 31759 
32912 33051 33365 31815 
32617 32632 33064 31958 
32338 32236 32683 32200 
32199 31987 32350 32583 
32150 31883 32051 33001 
32167 31890 31802 33374 
32315 32087 31728 33731 
32496 32376 31789 33960 
32720 32736 31985 34020 
32866 33040 32248 33863 
32989 33308 32603 33568 
33038 33440 32966 33140 
32972 33386 33248 32590 
32900 33253 33499 32104 
32754 32970 33582 31634 
32640 32681 33559 31363 
32586 32413 33440 31300 
32558 32217 33190 31428 
32621 32149 32910 31747 
32754 32253 32646 32242 
32876 32416 32378 32771 
32991 32653 32200 33298 
33072 32902 32131 33762 
33043 33072 32108 34027 
32964 33173 32203 34060 
32834 33187 32372 33927 
32643 33074 32564 33564 
32456 32898 32768 33085 
32297 32662 32933 32562 
32204 32442 33027 32081 
32168 32249 33043 31698 
32195 32115 32947 31496 
32324 32118 32841 31551 
32494 32213 32682 31769 
32714 32428 32556 32164 
32938 32719 32499 32671 
33150 33025 32514 33169 
33285 33254 32578 33558 
33382 33447 32748 33814 
33411 33525 32975 33848 
33313 33424 33147 33626 
33149 33226 33281 33264 
32942 32955 33337 32788 
32709 32637 33287 32257 
32520 32387 33141 31859 
32292 32136 32857 31533 
32150 32006 32544 31450 
32110 32023 32246 31636 
32100 32105 31973 31982 
32146 32252 31810 32428 
32273 32483 31794 32947 
32443 32706 31922 33445 
32642 32931 32182 33837 
32839 33108 32497 34012 
33025 33243 32860 33988 
33179 33307 33189 33755 
33292 33314 33462 33398 
33332 33250 33621 32923 
33297 33109 33647 32406 
33212 32942 33572 31955 
33005 32674 33313 31558 
32825 32478 33038 31408 
32597 32256 32693 31414 
32404 32106 32373 31647 
32243 32004 32100 32011 
32147 32016 31936 32496 
32112 32098 31874 32979 
32155 32281 31942 33451 
32301 32567 32170 33847 
32492 32876 32439 34034 
32662 33128 32706 33962 
32878 33395 32998 33724 
33036 33538 33223 33303 
33151 33584 33367 32818 
33186 33478 33393 32267 
33157 33261 33338 31789 
33054 32936 33169 31457 
32916 32567 32947 31317 
32803 32272 32747 31458 
32701 32043 32547 31785 
32653 31958 32402 32253 
32618 31967 32309 32778 
32637 32129 32314 33298 
32675 32383 32366 33758 
32708 32670 32463 34060 
32704 32940 32583 34126 
32648 33142 32678 33951 
32582 33263 32774 33585 
32474 33251 32807 33095 
32376 33164 32841 32549 
32333 33004 32861 32035 
32354 32796 32862 31600 
32391 32550 32827 31347 
32542 32365 32827 31317 
32686 32218 32756 31473 
32869 32172 32686 31828 
33093 32286 32667 32358 
33286 32486 32667 32935 
33355 32684 32624 33462 
33364 32913 32630 33903 
33285 33112 32687 34152 
33114 33234 32748 34173 
32842 33206 32799 33932 
32572 33124 32900 33523 
32263 32904 32915 32932 
32091 32709 32951 32341 
32015 32531 32956 31800 
32041 32378 32891 31371 
32154 32308 32775 31154 
32365 32336 32631 31187 
32645 32488 32546 31518 
32924 32671 32465 32012 
33157 32865 32422 32599 
33272 32993 32379 33158 
33295 33058 32403 33679 
33237 33061 32476 34017 
33088 32965 32572 34143 
32896 32818 32713 34060 
32680 32601 32857 33765 
32491 32379 32970 33330 
32330 32210 33054 32816 
32309 32167 33111 32373 
32366 32256 33158 32113 
32479 32438 33088 32047 
32647 32706 32999 32104 
32774 32964 32821 32099 
32859 33153 32607 31860 
32894 33305 32432 31429 
32827 33284 32254 30865 
32704 33152 32148 30594 
32577 32931 32137 30894 
32504 32709 32246 31937 
32541 32537 32436 33585 
32776 32539 32682 35381 
33272 32825 32958 36873 
33775 33249 33180 37587 
33931 33553 33363 37409 
33435 33342 33492 36393 
32069 32261 33459 34663 
30165 30475 33344 32585 
28454 28520 33105 30326 
27998 27425 32779 28203 
29462 28152 32470 26517 
32747 30975 32164 25486 
37106 35658 32015 25529 
41013 40500 31961 26758 
43094 43651 32028 29110 
42676 43960 32190 32333 
39658 41304 32405 35975 
34416 36607 32630 39490 
28268 31665 32826 42182 
22356 27687 32959 43488 
17946 25120 33049 43131 
16032 23370 33051 40925 
17469 21706 33048 37278 
22227 19614 32993 32602 
29581 17722 32960 27718 
38116 17539 32946 23432 
46378 21033 32977 20427 
52050 28753 32991 19467 
54249 39865 33020 20649 
52507 52062 32990 23788 
47172 62537 32942 28512 
39198 65413 32834 33849 
29817 65498 32662 38992 
20501 64985 32490 43204 
12482 49940 32276 45732 
7313 33987 32101 46105 
6360 17854 32020 44352 
9946 3304 32024 40819 
17984 162 32135 36114 
29847 81 32335 30932 
43457 59 32599 26291 
56771 97 32874 22819 
65171 12836 33116 20992 
65492 28117 33346 21098 
65535 45139 33511 22980 
65485 61420 33565 26213 
48418 65370 33497 30158 
29501 65491 33331 34198 
10923 65515 33090 37705 
345 65525 32775 40213 
41 65306 32492 41426 
22 44863 32189 41218 
6449 24215 31976 39775 
19322 4655 31854 37450 
34160 168 31872 34693 
48215 50 31992 31958 
59475 25 32269 29609 
65053 184 32616 28088 
65455 15309 32913 27337 
57339 31706 33265 27545 
45294 48916 33481 28407 
29740 63733 33634 29813 
14008 65435 33604 31336 
1142 65508 33474 32865 
87 65524 33186 34033 
38 65493 32864 34770 
111 47561 32530 35076 
13952 27879 32255 34951 
28506 8442 32039 34510 
44045 255 31927 33893 
58470 62 31948 33267 
65298 34 32069 32784 
65478 31 32295 32494 
65505 11504 32591 32423 
65514 26389 32876 32484 
62004 42318 33128 32635 
44789 56461 33346 32808 
27604 65107 33473 32911 
11313 65477 33465 32867 
512 65505 33340 32677 
73 57537 33118 32396 
53 45955 32825 32078 
3825 30336 32504 31805 
13516 14917 32220 31656 
24955 2679 31990 31692 
36423 128 31897 31923 
46049 62 31956 32308 
52696 72 32186 32851 
55109 11553 32477 33347 
53766 24907 32864 33792 
49490 39842 33197 33992 
43759 53701 33525 34039 
37512 63747 33685 33785 
31863 65449 33717 33376 
26915 65502 33563 32832 
22631 57689 33312 32310 
18936 44821 32937 31831 
16372 30826 32531 31548 
15602 17973 32161 31501 
17324 8385 31877 31703 
21909 3275 31702 32086 
28708 3141 31722 32582 
36671 7456 31869 33108 
44253 15419 32148 33539 
50105 25829 32502 33844 
53217 37460 32868 33866 
53039 48349 33206 33679 
49728 57004 33510 33320 
43765 61961 33673 32826 
35645 61984 33692 32240 
26880 56651 33567 31788 
19180 47275 33329 31542 
13269 35151 32933 31469 
10116 22588 32526 31679 
10321 11685 32193 32132 
13947 4551 31884 32652 
20692 2062 31757 33221 
29768 4317 31776 33701 
40073 10831 31958 34045 
49633 20390 32293 34124 
56941 31701 32699 33983 
60358 43373 33117 33594 
58812 53791 33454 33029 
52162 61737 33704 32397 
41829 65094 33828 31850 
29570 63724 33744 31412 
17639 57607 33470 31152 
8188 47468 33093 31173 
3429 35185 32677 31449 
4013 22524 32262 31922 
9839 11477 31939 32493 
19817 3596 31739 33099 
32388 243 31695 33646 
44916 91 31813 34017 
55458 6062 32053 34190 
62090 14560 32370 34149 
63265 25464 32689 33869 
58858 37094 32960 33471 
49498 48250 33145 33002 
36707 57635 33265 32536 
22337 63977 33305 32151 
9573 65428 33290 31901 
979 61256 33215 31770 
64 55156 33132 31785 
45 44084 33015 31866 
12166 31909 32940 32045 
26364 20617 32861 32258 
41596 12194 32794 32454 
55426 7581 32729 32632 
64513 7015 32671 32787 
65462 9554 32570 32872 
65498 14249 32437 32931 
58686 20405 32326 32988 
46057 27322 32245 33096 
31371 34296 32173 33177 
16710 40777 32153 33250 
4455 46027 32217 33333 
145 49324 32350 33385 
44 49857 32536 33343 
109 47972 32762 33240 
13900 44331 32988 33029 
28841 39909 33208 32765 
44635 35769 33371 32420 
58081 32643 33468 32115 
65259 30604 33503 31866 
65492 29288 33401 31670 
65517 28318 33215 31602 
57501 27346 33005 31699 
42780 26180 32726 31902 
26538 24905 32487 32262 
11399 23583 32249 32653 
687 22500 32050 33082 
68 22019 31876 33428 
40 22733 31872 33766 
7004 24953 31924 33949 
19585 28971 32059 33931 
33949 34544 32317 33813 
47979 40979 32616 33537 
59332 47385 32950 33190 
65208 52510 33262 32772 
65492 55254 33545 32319 
59844 54626 33724 31951 
48340 50513 33796 31658 
34015 43228 33727 31497 
19088 33405 33516 31471 
7146 22814 33193 31572 
560 12953 32825 31840 
60 5468 32432 32165 
5028 1809 32071 32598 
15488 3083 31820 33023 
28544 9190 31658 33388 
42508 19839 31683 33707 
54221 32672 31873 33904 
61735 45509 32151 33925 
63725 56498 32486 33816 
59976 63784 32820 33574 
51084 65433 33054 33206 
39327 64934 33241 32864 
26636 55396 33285 32491 
15658 44166 33253 32190 
8318 30850 33155 31978 
6217 17882 33002 31847 
9215 7200 32878 31841 
16340 771 32817 31918 
26075 74 32800 32058 
36160 4373 32824 32217 
45024 14404 32916 32401 
51109 27730 33000 32581 
53349 42072 33019 32711 
51337 54259 32969 32827 
45646 62078 32821 32928 
37514 63840 32620 33034 
28544 59315 32370 33174 
21156 50023 32125 33283 
16870 38006 31904 33363 
16654 25891 31812 33427 
20461 15972 31870 33464 
26907 10283 32043 33372 
34319 9200 32362 33226 
40733 12233 32693 32944 
45013 18596 33126 32666 
46236 26627 33494 32306 
44520 34995 33781 32006 
40311 42346 33869 31737 
34352 47776 33804 31569 
27877 50418 33598 31578 
22267 49976 33294 31724 
18537 46573 32927 31972 
17565 40718 32540 32320 
19804 33211 32236 32771 
24698 25488 31922 33114 
31440 19036 31739 33469 
38691 15335 31707 33755 
45096 15549 31780 33928 
49377 20060 31949 33928 
50669 27773 32191 33814 
48753 36835 32483 33552 
43802 44905 32761 33196 
36346 49902 33076 32789 
27849 50207 33338 32361 
19731 45972 33552 32004 
13709 38445 33672 31699 
11308 29618 33682 31519 
13338 22100 33595 31473 
19346 17370 33408 31549 
28128 16167 33132 31776 
37920 18371 32835 32111 
46378 23029 32488 32469 
52077 29360 32200 32886 
53934 36346 31959 33282 
51684 43167 31808 33617 
46005 48718 31773 33831 
38081 52123 31895 33931 
29401 52361 32053 33839 
21267 48704 32339 33641 
15596 41189 32673 33351 
13298 31306 32944 32943 
14464 20741 33198 32537 
18725 11638 33396 32176 
25314 5918 33452 31841 
32905 5204 33419 31687 
40230 9553 33239 31646 
46208 18229 33020 31788 
49850 29780 32759 32031 
50453 41809 32556 32408 
48009 52562 32403 32765 
42988 60301 32321 33083 
36319 63795 32355 33320 
29493 62393 32499 33460 
23457 56377 32636 33390 
19325 46621 32842 33274 
17542 34062 32978 33005 
18351 21058 33051 32722 
21443 9530 33061 32485 
26136 1493 32954 32295 
31607 94 32755 32199 
36741 59 32550 32245 
40696 8716 32344 32350 
43050 20506 32229 32606 
43565 34374 32171 32822 
42470 47749 32225 33035 
40348 58388 32401 33203 
37601 64541 32635 33255 
34585 65452 32870 33194 
31602 60059 33085 33025 
29025 50501 33278 32784 
26977 38190 33330 32477 
25765 25433 33358 32249 
25417 14566 33249 32041 
26042 7466 33070 31946 
27386 5300 32839 31991 
29132 7834 32553 32130 
31029 14325 32335 32423 
32833 23574 32121 32756 
34405 33987 32001 33102 
35661 43732 31968 33416 
36703 51541 32059 33624 
37524 56096 32284 33748 
38013 56423 32574 33701 
37992 52261 32894 33487 
37288 44443 33155 33115 
35947 34428 33380 32683 
34089 24028 33534 32229 
31971 15049 33573 31830 
30045 9413 33469 31534 
28849 8410 33254 31431 
28478 11939 32933 31475 
28887 19385 32636 31769 
29758 29526 32362 32175 
30617 40288 32119 32641 
31229 49536 31982 33113 
31523 55879 31911 33489 
31734 58303 32021 33838 
32034 56317 32193 33957 
32605 50202 32414 33899 
33477 41300 32717 33724 
34353 30823 32948 33374 
35000 20575 33152 32957 
35264 12276 33288 32519 
35193 7252 33326 32140 
34992 6477 33277 31848 
34915 9766 33095 31651 
35165 16412 32874 31660 
35625 25340 32631 31817 
35910 35053 32465 32119 
35425 43898 32325 32494 
33841 51140 32287 32889 
31125 56076 32349 33259 
27619 58315 32489 33492 
24347 57428 32669 33569 
22306 53325 32897 33520 
22162 46058 33040 33276 
24250 36350 33151 32951 
28327 25277 33171 32570 
33403 15077 33113 32226 
38494 7423 32961 31968 
42583 3701 32737 31820 
45103 4673 32539 31890 
45545 9813 32338 32080 
44222 18058 32210 32383 
41492 27960 32155 32792 
37618 38293 32182 33167 
32952 47791 32289 33496 
28126 54906 32489 33696 
23334 59112 32696 33692 
19211 59822 32926 33558 
16627 56719 33134 33266 
16528 50133 33276 32883 
19580 40928 33348 32430 
25652 30618 33359 32063 
33810 20625 33295 31767 
42027 12822 33104 31606 
48201 8505 32832 31596 
51021 8057 32554 31809 
49967 11316 32305 32183 
45402 17579 32063 32601 
38988 25479 31937 33060 
32294 33796 31923 33502 
26591 41082 32040 33810 
22530 46433 32305 33941 
20372 48985 32642 33890 
20018 48774 32979 33625 
21394 46421 33287 33220 
24461 42777 33513 32712 
28966 38702 33599 32161 
34466 34953 33576 31717 
39825 31819 33374 31401 
44004 29362 33097 31305 
45648 27544 32742 31424 
44341 26324 32426 31784 
40275 25665 32166 32256 
34265 25645 31992 32826 
28009 26233 31936 33353 
22983 27289 31997 33805 
20401 28553 32183 34074 
20806 29671 32436 34139 
23981 30429 32694 33962 
29085 31025 32958 33622 
35107 31806 33131 33098 
40621 33262 33273 32553 
44366 35640 33307 32040 
45730 38878 33283 31644 
44233 42255 33145 31408 
40220 44768 32932 31359 
34529 45343 32689 31523 
28438 43266 32460 31886 
23223 38486 32311 32375 
20195 32107 32194 32868 
19801 25509 32140 33329 
21987 20255 32242 33730 
26263 17371 32448 33971 
31364 17434 32658 33958 
36565 20050 32935 33785 
40900 24505 33148 33404 
43759 30166 33317 32942 
44512 35995 33392 32475 
42946 41233 33348 32009 
39191 45162 33186 31648 
33831 47060 32927 31463 
28342 46431 32671 31505 
23943 43291 32427 31739 
21751 38116 32195 32053 
22392 31912 32053 32501 
25600 26141 32054 32984 
30338 21732 32115 33398 
35416 19542 32260 33701 
39656 19977 32506 33896 
41861 22904 32749 33856 
41691 27913 32958 33630 
39336 34160 33163 33317 
35235 40584 33290 32894 
30554 45623 33359 32487 
26228 48049 33362 32118 
23137 46861 33230 31794 
22158 41832 33053 31651 
23668 34025 32780 31649 
27517 25430 32512 31826 
33159 18041 32307 32164 
39564 13585 32116 32563 
45226 13327 32025 32995 
48489 17084 32009 33360 
48405 23958 32120 33631 
44629 32629 32332 33777 
37767 41734 32614 33738 
29244 50001 32905 33511 
21109 56209 33195 33165 
15185 59218 33448 32751 
12728 57994 33628 32327 
14020 51904 33639 31925 
18518 41340 33503 31627 
25462 27706 33253 31536 
34034 12870 32905 31644 
42713 940 32542 31937 
49884 87 32186 32324 
54578 37 31947 32775 
55526 5468 31768 33162 
52045 18210 31803 33555 
44655 34210 31936 33779 
34800 50598 32155 33803 
24597 64174 32477 33710 
16043 65445 32752 33435 
11177 65509 32996 33100 
10610 65523 33141 32728 
13819 65409 33239 32410 
19696 46759 33254 32167 
27159 27643 33217 32041 
34879 10081 33101 31978 
42054 333 33017 32036 
47828 59 32931 32138 
51520 39 32885 32288 
52234 5714 32831 32423 
49841 17639 32837 32560 
44445 32109 32767 32628 
36923 46983 32758 32740 
28778 59135 32668 32800 
21612 65290 32588 32871 
16735 65488 32478 32969 
14838 65504 32348 33061 
16072 52896 32265 33186 
19731 37136 32199 33266 
24886 19692 32182 33308 
30697 3897 32254 33309 
36375 137 32388 33247 
41125 48 32562 33104 
44693 38 32762 32884 
46806 8839 33028 32662 
47202 22226 33252 32400 
45788 37228 33417 32108 
42735 51647 33530 31892 
38263 63050 33540 31746 
32652 65418 33465 31765 
26651 65489 33275 31867 
20821 65500 32951 32041 
16203 58084 32629 32392 
13684 43790 32262 32761 
14393 27436 31978 33200 
18493 12259 31743 33525 
25592 827 31696 33803 
34437 98 31797 33929 
43420 63 32043 33894 
50532 108 32374 33690 
54627 11100 32746 33321 
55142 23207 33157 32897 
52056 36538 33470 32393 
45837 49222 33697 31926 
37630 58893 33750 31569 
28373 64240 33670 31386 
19347 64547 33425 31379 
11784 59360 33110 31594 
7604 49783 32708 31967 
7994 37912 32387 32456 
12841 25432 32134 32964 
21272 14456 31956 33438 
31784 6733 31932 33820 
41992 3702 32022 34046 
50389 5393 32185 34050 
55837 11365 32426 33870 
57623 20618 32687 33507 
55612 31228 32895 33044 
50199 41582 33074 32532 
42128 49987 33197 32068 
32125 55027 33236 31672 
22040 55725 33174 31435 
13567 52262 33066 31450 
8352 45526 32888 31610 
7560 36854 32674 31944 
11354 28540 32520 32435 
18624 22124 32417 32947 
27739 18699 32324 33407 
37045 18687 32385 33816 
44735 21507 32486 33989 
50008 26205 32657 33978 
52467 31638 32845 33731 
52173 36816 33006 33331 
49369 40387 33106 32789 
44677 41787 33183 32269 
38590 40552 33151 31780 
31651 36692 33010 31402 
24967 31144 32822 31243 
19461 25298 32632 31363 
15970 20869 32437 31677 
15131 19461 32303 32208 
17053 21881 32224 32786 
21229 27747 32197 33338 
26874 35802 32277 33844 
33096 44272 32428 34170 
38667 50656 32620 34254 
43023 53561 32821 34078 
45746 52228 33019 33676 
46595 46586 33161 33102 
