32531 33141 32357 33714 
32531 33141 32357 33714 
32833 33198 32670 33311 
33058 33156 32942 32895 
33184 32997 33140 32452 
33211 32775 33280 32089 
33159 32533 33377 31838 
33031 32334 33398 31722 
32866 32170 33363 31712 
32703 32106 33286 31812 
32607 32189 33214 31972 
32573 32378 33106 32146 
32615 32643 32999 32307 
32718 32952 32856 32473 
32809 33197 32675 32558 
32955 33440 32546 32721 
33004 33511 32382 32817 
33006 33468 32245 32933 
32886 33247 32106 33082 
32747 32968 32066 33261 
32527 32613 32047 33415 
32380 32347 32148 33603 
32220 32084 32244 33674 
32131 31935 32391 33637 
32186 31952 32617 33532 
32277 32035 32777 33243 
32507 32294 33013 32924 
32737 32566 33180 32513 
33017 32889 33362 32128 
33214 33110 33439 31730 
33358 33294 33478 31442 
33413 33377 33460 31335 
33328 33288 33310 31359 
33146 33113 33130 31576 
32851 32809 32842 31893 
32550 32511 32531 32356 
32323 32316 32277 32912 
32121 32157 32024 33420 
32026 32135 31852 33868 
32069 32274 31791 34165 
32242 32537 31877 34280 
32477 32850 32065 34187 
32753 33155 32347 33886 
33024 33411 32702 33435 
33232 33549 33074 32879 
33313 33482 33356 32283 
33337 33297 33589 31780 
33231 32957 33672 31389 
33036 32543 33618 31212 
32805 32141 33448 31259 
32573 31826 33186 31508 
32350 31629 32861 31896 
32224 31648 32546 32393 
32201 31879 32275 32915 
32273 32241 32092 33374 
32393 32665 31968 33668 
32624 33192 31996 33877 
32811 33607 32081 33842 
33021 33935 32283 33693 
33180 34045 32524 33452 
33214 33917 32739 33085 
33169 33585 32958 32716 
33028 33117 33114 32368 
32832 32569 33205 32084 
32611 32048 33229 31935 
32382 31584 33122 31878 
32190 31308 32956 31940 
32069 31240 32737 32094 
32123 31491 32599 32410 
32236 31887 32491 32721 
32396 32362 32395 32981 
32653 32939 32422 33235 
32903 33449 32505 33369 
33158 33867 32652 33387 
33387 34135 32845 33339 
33497 34150 32998 33122 
33465 33916 33084 32803 
33374 33561 33154 32509 
33169 33094 33104 32233 
32868 32539 32957 32011 
32607 32084 32802 31956 
32282 31667 32542 31974 
32100 31511 32367 32182 
31985 31513 32219 32456 
31961 31691 32128 32791 
32058 32027 32143 33119 
32266 32450 32290 33401 
32498 32861 32479 33559 
32736 33229 32694 33569 
32956 33516 32933 33466 
33132 33664 33146 33212 
33256 33669 33300 32902 
33324 33563 33403 32581 
33295 33315 33398 32255 
33188 32987 33282 31985 
33012 32630 33063 31820 
32847 32306 32817 31833 
32637 32039 32539 31942 
32436 31873 32266 32200 
32276 31803 32041 32513 
32214 31920 31938 32895 
32177 32095 31905 33222 
32405 32729 32274 33670 
32592 33090 32600 33692 
32741 33334 32915 33480 
32911 33522 33242 33199 
33020 33583 33483 32783 
33136 33572 33663 32405 
33154 33412 33687 32010 
33146 33170 33580 31754 
33071 32869 33341 31622 
32976 32570 33008 31694 
32834 32275 32610 31914 
32753 32110 32293 32276 
32669 32006 32030 32697 
32585 31994 31847 33087 
32498 32060 31796 33386 
32468 32250 31898 33624 
32463 32481 32109 33709 
32438 32704 32380 33669 
32407 32875 32639 33491 
32386 32986 32869 33227 
32346 32997 33006 32896 
32361 32997 33115 32607 
32454 32987 33196 32394 
32582 32954 33205 32229 
32752 32907 33176 32113 
32954 32892 33132 32072 
33164 32891 33089 32075 
33356 32916 33054 32128 
33468 32916 32974 32182 
33497 32908 32914 32235 
33420 32885 32831 32325 
33232 32783 32714 32421 
32951 32679 32589 32576 
32624 32547 32469 32791 
32260 32349 32294 32973 
31953 32190 32166 33212 
31750 32080 32079 33426 
31691 32094 32086 33621 
31824 32219 32158 33736 
32069 32421 32316 33718 
32424 32723 32538 33594 
32845 33072 32821 33348 
33181 33338 33032 32955 
33485 33571 33256 32528 
33672 33684 33438 32127 
33697 33637 33522 31764 
33571 33427 33503 31496 
33327 33121 33396 31404 
32978 32694 33197 31438 
32663 32308 32979 31673 
32354 31941 32706 32009 
32137 31708 32459 32427 
31980 31597 32197 32836 
31925 31645 31967 33249 
32000 31881 31854 33614 
32178 32249 31863 33905 
32404 32687 31941 34029 
32645 33144 32118 34035 
32857 33520 32367 33867 
33053 33819 32689 33615 
33205 33917 33022 33275 
33241 33804 33302 32806 
33241 33568 33563 32359 
33200 33230 33734 31916 
33075 32790 33748 31502 
32975 32392 33668 31267 
32841 32052 33455 31158 
32714 31799 33128 31207 
32594 31710 32739 31471 
32516 31811 32365 31902 
32485 32020 32056 32433 
32444 32293 31817 33001 
32449 32615 31705 33571 
32444 32914 31736 34029 
32462 33164 31898 34304 
32525 33381 32182 34421 
32571 33437 32475 34270 
32610 33396 32762 33957 
32629 33235 32988 33467 
32645 32981 33124 32912 
32686 32732 33232 32392 
32763 32522 33284 31972 
32828 32328 33267 31648 
32890 32198 33204 31468 
32949 32158 33132 31463 
33016 32247 33082 31604 
33033 32372 32996 31803 
33048 32588 32954 32071 
33027 32809 32894 32346 
32933 32969 32775 32556 
32808 33124 32656 32755 
32700 33198 32513 32935 
32574 33198 32347 33095 
32463 33110 32177 33224 
32375 32955 32044 33344 
32362 32806 32009 33490 
32374 32638 32042 33605 
32430 32484 32176 33672 
32509 32379 32385 33667 
32619 32352 32664 33564 
32697 32340 32938 33318 
32800 32413 33196 32980 
32894 32514 33410 32572 
32983 32659 33555 32147 
33049 32785 33595 31758 
33032 32845 33489 31401 
33004 32870 33309 31202 
32951 32894 33083 31203 
32887 32887 32831 31377 
32804 32875 32586 31742 
32699 32824 32348 32226 
32581 32754 32152 32751 
32492 32720 32035 33335 
32409 32644 31945 33831 
32376 32629 31956 34214 
32365 32627 32024 34399 
32425 32677 32187 34398 
32530 32751 32415 34209 
32658 32843 32690 33813 
32777 32907 32968 33261 
32871 32915 33220 32639 
32984 32908 33450 32055 
33052 32854 33612 31535 
33073 32766 33678 31183 
33044 32626 33611 31043 
33000 32504 33464 31222 
32906 32375 33171 31639 
32858 32370 32891 32286 
32758 32365 32536 32770 
32684 32437 32214 32941 
32606 32547 31954 32705 
32557 32699 31801 32175 
32534 32884 31791 31697 
32470 33023 31850 31592 
32479 33191 32052 32172 
32528 33334 32318 33351 
32695 33462 32591 34861 
33021 33664 32836 36237 
33378 33857 33017 37028 
33460 33774 33143 37057 
32943 33130 33208 36309 
31731 31741 33249 34940 
29946 29621 33220 33068 
28397 27505 33193 30994 
28019 26329 33162 28899 
29495 27009 33117 26998 
32940 30115 33069 25615 
37354 35055 33002 25117 
41417 40462 32874 25731 
43806 44489 32748 27579 
43627 45631 32570 30528 
40734 43508 32411 34186 
35530 38858 32194 37924 
28988 33267 32043 41270 
22561 28300 31911 43395 
17729 24892 31928 43915 
15407 22578 32006 42539 
16375 20664 32209 39471 
20876 18553 32462 34986 
28165 16803 32777 30021 
36765 16654 33100 25319 
45042 19777 33381 21702 
51416 27266 33624 19815 
54295 38514 33743 20128 
53139 50876 33712 22490 
48310 61714 33554 26538 
40663 65389 33268 31577 
31430 65496 32907 36808 
21971 65491 32487 41287 
13839 52710 32131 44405 
8207 37328 31809 45548 
6519 21021 31630 44600 
9307 6058 31682 41848 
16490 219 31807 37653 
27713 87 32139 32759 
40920 62 32498 28073 
54280 48 32915 24298 
64677 10646 33298 22019 
65472 25131 33617 21532 
65531 41849 33757 22803 
65534 58221 33728 25551 
50610 65290 33536 29249 
31670 65483 33278 33360 
12881 65512 32884 36943 
478 65524 32517 39664 
50 65513 32191 41120 
21 48057 31935 41145 
7931 28117 31858 39903 
17261 8423 31872 37629 
32040 255 32027 34820 
46752 62 32304 31928 
58434 31 32603 29482 
64935 26 32910 27821 
65485 12221 33124 27040 
59767 28062 33285 27263 
48245 45134 33408 28335 
33285 60472 33383 29889 
17238 65369 33291 31699 
2897 65501 33109 33471 
119 65519 32861 34812 
42 65524 32598 35629 
34 51865 32386 35893 
10855 32435 32198 35564 
24842 12929 32090 34857 
40317 450 32099 33925 
54840 79 32177 32953 
65023 40 32394 32147 
65459 30 32643 31608 
65500 8961 32933 31404 
65512 22847 33193 31449 
64885 39050 33385 31697 
47314 53829 33495 32082 
30280 64458 33500 32467 
14048 65459 33362 32753 
1325 65503 33114 32908 
92 65293 32799 32936 
54 50083 32473 32860 
121 34701 32152 32706 
11913 18539 31976 32591 
23262 5252 31899 32501 
34941 191 31967 32541 
44995 68 32138 32647 
52074 52 32399 32847 
55188 8188 32686 33105 
54420 20539 32911 33298 
50636 35235 33107 33450 
44877 49843 33191 33486 
38723 61040 33220 33429 
32904 65387 33147 33224 
27878 65493 33057 32945 
23449 59538 32905 32552 
19665 47424 32824 32209 
16937 33739 32757 31888 
15817 20662 32749 31704 
16976 10409 32761 31624 
20968 4358 32803 31716 
27268 3227 32812 31896 
34983 6656 32827 32199 
42598 13900 32764 32530 
48860 24099 32688 32927 
52414 35428 32560 33269 
52810 46497 32388 33496 
50112 55631 32279 33668 
44540 61439 32232 33744 
37130 62339 32192 33638 
28910 58266 32284 33483 
21110 49707 32456 33254 
14787 37894 32650 32967 
11176 25349 32904 32710 
10710 14097 33113 32437 
13602 6058 33284 32201 
19950 2488 33434 32070 
28477 3851 33421 31956 
38279 9456 33362 31942 
47816 18315 33197 31938 
55572 29384 33017 32061 
59523 40876 32787 32190 
58703 51327 32566 32372 
53054 59366 32337 32568 
43174 63665 32172 32823 
31095 63184 32051 33063 
18999 58164 31978 33303 
9241 49198 32015 33517 
3617 37520 32135 33680 
3487 25362 32312 33731 
8747 14487 32572 33686 
18449 6497 32857 33534 
31024 2309 33096 33197 
43851 2532 33315 32807 
54958 6724 33488 32379 
62340 14185 33583 31993 
64272 24023 33546 31638 
60382 34914 33408 31432 
51359 45403 33148 31361 
38652 54500 32888 31508 
24358 60917 32581 31811 
10757 63544 32360 32287 
1108 61461 32144 32769 
71 55035 32022 33247 
33 45257 31972 33646 
9724 33579 32042 33932 
23392 22665 32170 34026 
38721 14260 32359 33932 
52802 9510 32591 33710 
63274 8536 32824 33362 
65434 10676 32980 32895 
65495 14998 33158 32471 
60460 20626 33290 32124 
48936 26979 33309 31792 
34078 33654 33227 31615 
19273 39744 33072 31615 
6463 44805 32873 31774 
238 48054 32695 32058 
52 48902 32497 32411 
39 47343 32360 32813 
11243 43946 32276 33133 
25331 39758 32306 33434 
41424 35583 32442 33631 
55677 32396 32594 33645 
64922 30420 32822 33552 
65477 29264 32983 33265 
65514 28570 33107 32902 
57932 27915 33188 32531 
45973 27083 33186 32194 
29858 26011 33072 31903 
14400 24864 32913 31771 
2324 23812 32695 31802 
99 23254 32498 32002 
41 23580 32318 32296 
6366 25256 32233 32659 
16592 28522 32177 33010 
30931 33423 32254 33342 
45201 39334 32405 33563 
57174 45370 32598 33654 
64467 50383 32769 33565 
65475 53323 32909 33375 
60815 53228 32972 33077 
50435 49896 32962 32763 
36677 43545 32934 32481 
22065 34860 32881 32278 
9332 24848 32820 32144 
1576 15410 32783 32087 
84 7935 32793 32140 
4469 3853 32836 32234 
14239 4236 32900 32342 
26878 9336 32961 32433 
40348 18486 33016 32511 
52239 30282 33019 32580 
60728 42991 32993 32653 
63732 54081 32886 32732 
60983 61974 32710 32791 
53212 65206 32518 32915 
41615 63275 32288 33035 
28346 56329 32109 33178 
16828 45831 32007 33318 
8828 33106 32031 33448 
5684 20052 32110 33437 
7838 8666 32331 33374 
14390 1300 32606 33189 
23744 90 32910 32914 
33950 117 33167 32545 
43462 11460 33417 32185 
50261 24300 33554 31861 
53453 38686 33600 31643 
52506 51946 33536 31586 
47636 61612 33342 31654 
40047 65229 33127 31914 
31383 62413 32872 32284 
23462 54162 32543 32671 
18202 42210 32284 33130 
16810 29249 31995 33476 
19454 18184 31837 33774 
25032 10715 31764 33913 
32020 7853 31801 33883 
38610 9537 31971 33715 
43114 14867 32183 33405 
44976 22695 32525 33054 
43998 31504 32903 32661 
40431 39989 33252 32228 
35255 46636 33555 31886 
29390 50798 33791 31674 
23949 51835 33862 31582 
20083 49611 33811 31664 
18738 44476 33607 31835 
20335 37255 33323 32106 
24612 29041 32914 32401 
30963 21323 32471 32729 
37875 16064 32110 33065 
44075 14406 31790 33313 
48500 17144 31669 33533 
50188 23812 31608 33563 
48817 32635 31783 33589 
44458 41351 32040 33511 
37609 47615 32316 33315 
28986 49782 32673 33082 
20526 47011 32959 32828 
14052 40565 33169 32593 
10911 32365 33295 32391 
12087 24642 33359 32281 
17482 19069 33274 32170 
25884 16945 33164 32143 
35639 18172 33073 32211 
44759 22078 32949 32254 
51470 27859 32876 32340 
54565 34852 32839 32406 
53471 41716 32865 32504 
48581 47626 32827 32499 
41134 51712 32830 32551 
32215 52844 32762 32585 
23551 50069 32657 32648 
17120 43563 32534 32779 
13611 34082 32367 32922 
13459 23277 32178 33079 
16662 13134 32051 33270 
22365 6221 32005 33446 
29620 4002 32086 33590 
37177 6935 32218 33597 
43938 14856 32457 33509 
48485 25960 32732 33288 
50275 38370 33058 32985 
48999 50046 33316 32565 
44900 59397 33544 32146 
38966 64463 33688 31795 
32191 63897 33661 31493 
25889 59894 33539 31362 
20971 50643 33294 31397 
18378 38499 33007 31612 
18245 24962 32677 31960 
20491 12210 32375 32423 
24711 2317 32132 32958 
29806 118 31895 33420 
34921 61 31777 33805 
39255 5475 31776 34078 
42177 16620 31862 34158 
43240 29975 32074 34082 
42715 43634 32377 33884 
40959 55440 32707 33506 
38386 63464 33059 33057 
35507 65430 33377 32573 
32559 60994 33635 32115 
29786 54177 33754 31677 
27438 41992 33745 31368 
25879 28853 33615 31237 
25239 16966 33367 31258 
25572 8477 33003 31419 
26869 4716 32649 31785 
28716 6059 32319 32224 
30775 11690 32024 32709 
32809 20485 31855 33219 
34631 31378 31796 33649 
36064 41862 31876 33968 
37163 50692 32081 34145 
37906 56367 32361 34128 
38216 57829 32673 33967 
37950 54592 32927 33637 
37082 47324 33144 33230 
35596 37235 33312 32775 
33578 25993 33377 32314 
31463 16195 33374 31933 
29616 9410 33285 31633 
28436 6932 33069 31452 
28183 9371 32843 31441 
28730 16079 32577 31561 
29798 25842 32363 31840 
30882 36809 32190 32180 
31742 47123 32125 32630 
32160 55225 32132 33062 
32287 59121 32278 33497 
32390 58498 32488 33791 
32734 53570 32749 33937 
33372 44919 33018 33897 
34149 33949 33194 33647 
34773 23115 33323 33291 
35133 13890 33373 32886 
35103 7736 33261 32398 
34985 5738 33101 31992 
34911 8137 32815 31662 
35158 14263 32572 31572 
35580 22814 32347 31642 
35844 32414 32177 31871 
35377 41912 32066 32217 
33870 49620 32086 32652 
31234 55133 32232 33111 
27798 57943 32394 33452 
24478 57763 32632 33722 
22180 54226 32829 33751 
21867 47579 33029 33621 
23837 38378 33195 33366 
27802 27774 33273 32952 
33193 17096 33285 32494 
38537 9124 33250 32113 
42872 4843 33100 31782 
45540 5057 32928 31659 
46067 9492 32686 31699 
44642 17072 32469 31977 
41649 26431 32256 32345 
37602 36176 32126 32832 
32781 45263 32017 33271 
27860 52482 32071 33679 
23124 57159 32235 33937 
19105 58604 32448 33927 
16580 56446 32721 33696 
16565 50888 33004 33290 
19579 42670 33221 32738 
25575 33085 33406 32161 
33906 23243 33471 31598 
42077 15555 33437 31262 
48479 10776 33308 31141 
51527 9538 33075 31254 
50503 11864 32786 31613 
46044 17051 32505 32182 
39457 24109 32281 32820 
32422 31738 32119 33463 
26345 38741 32053 33999 
22071 44033 32133 34374 
19746 46920 32268 34467 
19304 47312 32438 34296 
20636 45577 32576 33852 
23687 42582 32721 33290 
28188 39111 32798 32664 
33818 35756 32863 32074 
39455 32928 32840 31575 
43887 30758 32824 31309 
46063 29071 32857 31290 
45247 27784 32878 31463 
41477 26918 32932 31789 
35779 26654 33033 32216 
29467 26931 33135 32630 
24088 27636 33195 32975 
20928 28544 33193 33212 
20676 29367 33159 33352 
23206 29900 33043 33350 
27827 30216 32822 33250 
33407 30673 32575 33075 
38911 31772 32286 32904 
43009 33896 32081 32818 
44845 36943 31882 32728 
44077 40548 31847 32787 
40660 43675 31912 32858 
35494 45079 32089 32964 
29687 44003 32370 33044 
24534 40238 32658 33014 
21254 34490 33008 32964 
20519 28153 33252 32729 
22304 22737 33455 32475 
26029 19369 33569 32200 
30891 18576 33566 31927 
36045 20349 33446 31703 
40222 23944 33257 31656 
43004 28684 33011 31736 
43884 33906 32739 31960 
42525 38907 32477 32349 
39086 42842 32249 32813 
34083 45048 32030 33268 
28702 45086 31898 33700 
24147 42744 31892 34067 
21739 38332 31932 34183 
22167 32963 32120 34159 
25132 27597 32334 33906 
29871 23388 32649 33510 
35167 21077 32965 32980 
39625 21191 33245 32367 
42180 23704 33475 31816 
42386 28208 33635 31366 
40308 33973 33670 31083 
36275 40178 33576 30975 
31517 45050 33364 31114 
26916 47539 33077 31464 
23480 46637 32715 31945 
22042 42120 32410 32581 
23017 34834 32126 33180 
26386 26321 31913 33708 
31600 18685 31844 34119 
37774 13759 31871 34318 
43547 12734 32028 34336 
47420 15695 32228 34119 
48146 22088 32463 33739 
45099 30634 32697 33285 
38832 39749 32892 32816 
30703 48339 33013 32326 
22608 55150 33124 31978 
16221 59099 33187 31734 
13416 58834 33247 31661 
14266 53843 33248 31708 
18370 44158 33220 31820 
25108 30827 33220 32010 
33130 16460 33160 32189 
41382 3692 33034 32339 
48702 138 32924 32505 
53835 44 32737 32623 
55330 223 32537 32746 
52571 14318 32325 32868 
45852 29604 32141 33013 
36109 46469 31989 33176 
25872 61105 31929 33356 
17149 65379 31955 33508 
11767 65500 32072 33623 
10557 65522 32306 33702 
13204 65522 32565 33623 
18761 51327 32860 33462 
25917 32749 33114 33136 
33839 13936 33358 32749 
41116 645 33512 32324 
46982 75 33526 31883 
50832 41 33462 31533 
51981 2466 33296 31297 
49997 14859 33095 31263 
45122 29172 32905 31434 
38025 44029 32613 31663 
30131 57031 32453 32139 
22727 65121 32292 32647 
17426 65481 32158 33162 
15122 65515 32068 33621 
15847 56548 32056 33997 
19120 41125 32111 34205 
24155 23082 32212 34255 
29803 6467 32373 34117 
35381 201 32574 33817 
40316 52 32774 33367 
44192 36 32980 32831 
46641 6716 33217 32326 
47445 19309 33401 31860 
46501 34331 33505 31448 
43798 49403 33536 31206 
39553 61527 33487 31148 
34140 65383 33372 31291 
28029 65485 33142 31586 
21672 65503 32828 32026 
16525 58011 32513 32509 
13382 45788 32225 33031 
13198 29548 31940 33468 
16679 13579 31807 33850 
23374 1221 31826 34090 
32162 105 31881 34103 
41383 63 32083 33978 
49533 73 32322 33683 
54508 10357 32594 33349 
55873 22348 32846 32967 
53457 35660 33035 32560 
47735 48586 33186 32231 
39735 58527 33265 31980 
30411 64189 33318 31845 
21022 64076 33307 31791 
12962 59949 33299 31857 
8001 50950 33224 31928 
7202 39218 33157 32068 
11017 26616 33091 32221 
18942 15118 32985 32372 
29108 7117 32869 32545 
39604 3523 32683 32671 
48702 4761 32508 32870 
55071 10463 32281 33034 
57749 19560 32091 33230 
56502 30064 31927 33393 
51762 40466 31878 33544 
44018 49107 31937 33683 
34060 54607 32052 33697 
23810 55889 32290 33618 
14802 52997 32583 33423 
8894 46797 32926 33169 
7285 38469 33212 32772 
10361 30248 33461 32356 
17261 23661 33629 31958 
26328 19891 33677 31602 
35832 19317 33591 31374 
43914 21607 33437 31315 
49565 25705 33172 31380 
52383 30584 32887 31628 
52338 35257 32576 32030 
49742 38633 32308 32520 
45067 39976 32082 33033 
38943 38955 31907 33536 
31956 35591 31832 33965 
25249 30657 31869 34239 
19651 25415 32004 34320 
16078 21490 32223 34236 
15145 20366 32493 33911 
16983 22881 32813 33465 
21162 28812 33081 32901 
26978 37076 33351 32336 
33140 45354 33545 31794 
38773 51755 33647 31375 
43096 54596 33608 31112 
45782 52934 33442 31022 
46473 46969 33239 31193 
45265 37984 32953 31536 
