32997 33264 33399 31771 
32997 33264 33399 31771 
32648 33079 33187 31518 
32332 32882 32916 31473 
32089 32635 32579 31585 
32020 32495 32342 31978 
32001 32332 32074 32404 
32116 32261 31947 32921 
32293 32208 31907 33415 
32496 32221 31991 33803 
32734 32275 32200 34020 
32888 32348 32486 34019 
33028 32481 32820 33834 
33059 32595 33109 33419 
33075 32759 33349 32921 
33036 32930 33488 32345 
32969 33099 33504 31806 
32933 33272 33414 31442 
32872 33372 33181 31247 
32869 33445 32940 31335 
32799 33346 32598 31573 
32777 33235 32351 32078 
32741 33016 32167 32668 
32650 32716 32062 33230 
32565 32425 32089 33743 
32448 32133 32193 34061 
32357 31923 32382 34159 
32288 31816 32601 34022 
32265 31823 32806 33664 
32304 31966 32989 33173 
32440 32223 33118 32622 
32638 32597 33209 32115 
32867 32973 33199 31667 
33074 33313 33093 31417 
33254 33552 32936 31375 
33329 33634 32760 31552 
33290 33533 32559 31917 
33159 33302 32409 32410 
32920 32943 32272 32926 
32626 32525 32210 33397 
32347 32166 32252 33797 
32167 31952 32375 34008 
32095 31868 32558 33969 
32161 31996 32807 33754 
32326 32263 33036 33365 
32587 32659 33247 32881 
32825 33020 33344 32314 
33064 33385 33379 31783 
33254 33625 33337 31433 
33279 33646 33142 31251 
33220 33505 32901 31305 
33048 33200 32618 31584 
32830 32798 32353 32046 
32622 32391 32167 32600 
32410 32011 32034 33200 
32280 31766 31998 33718 
32271 31711 32097 34087 
32346 31856 32286 34247 
32514 32152 32516 34160 
32694 32526 32745 33853 
32868 32929 32951 33402 
32912 33205 33035 32806 
32915 33405 33087 32270 
32858 33454 33100 31856 
32683 33290 33006 31526 
32518 33050 32938 31451 
32377 32730 32848 31523 
32325 32465 32804 31780 
32394 32289 32800 32117 
32558 32240 32827 32481 
32799 32325 32849 32810 
33117 32567 32910 33127 
33373 32849 32900 33294 
33548 33130 32858 33353 
33581 33351 32777 33324 
33453 33454 32651 33241 
33149 33371 32495 33082 
32756 33141 32351 32941 
32306 32770 32229 32822 
31863 32302 32145 32723 
31596 31920 32192 32715 
31463 31575 32275 32672 
31561 31451 32435 32672 
31846 31538 32644 32651 
32309 31900 32898 32652 
33381 33015 33320 32530 
33823 33628 33425 32453 
34069 34111 33434 32382 
34122 34397 33391 32356 
33888 34336 33217 32322 
33479 34020 33005 32351 
32946 33450 32749 32400 
32398 32796 32518 32544 
31924 32094 32299 32696 
31592 31491 32120 32869 
31415 31059 31946 33011 
31483 30930 31904 33190 
31739 31100 31954 33350 
32152 31548 32133 33488 
32581 32148 32373 33512 
33017 32814 32665 33453 
33356 33422 32970 33268 
33554 33876 33234 32976 
33637 34137 33477 32637 
33598 34185 33647 32289 
33415 33962 33674 31934 
33141 33542 33564 31628 
32866 33072 33371 31487 
32619 32591 33084 31466 
32457 32211 32756 31646 
32373 31984 32408 31948 
32358 31920 32106 32348 
32443 32058 31898 32814 
32517 32284 31800 33274 
32621 32557 31833 33688 
32697 32794 32019 33997 
32682 32900 32282 34104 
32601 32847 32575 34041 
32490 32693 32870 33809 
32327 32426 33081 33430 
32199 32161 33203 32972 
32131 31971 33214 32501 
32209 31951 33165 32096 
32385 32111 33044 31793 
32653 32462 32908 31631 
33007 32962 32808 31652 
33342 33490 32708 31751 
33693 34041 32732 32000 
33916 34382 32805 32262 
33974 34494 32910 32546 
33833 34311 32996 32761 
33518 33824 33037 32913 
33051 33113 33006 32998 
32477 32270 32879 33007 
31958 31461 32730 33029 
31505 30815 32510 33028 
31245 30454 32276 33040 
31186 30424 32049 33060 
31382 30780 31923 33105 
31791 31484 31905 33168 
32292 32360 31988 33193 
32887 33303 32230 33190 
33421 34134 32548 33132 
33828 34695 32919 32987 
34008 34910 33258 32758 
33980 34766 33528 32468 
33785 34351 33721 32194 
33446 33694 33771 31933 
32990 32913 33634 31705 
32577 32204 33403 31621 
32271 31678 33140 31694 
32047 31335 32793 31859 
31961 31243 32432 32137 
32012 31390 32129 32528 
32141 31699 31886 32963 
32296 32068 31718 33380 
32493 32440 31712 33765 
32648 32759 31813 34014 
32767 32996 32037 34134 
32779 33098 32305 34035 
32795 33136 32663 33789 
32770 33101 32980 33390 
32784 33078 33299 32913 
32818 33100 33558 32377 
32921 33179 33710 31874 
33045 33308 33744 31460 
33167 33395 33628 31174 
33277 33457 33433 31098 
33289 33391 33132 31211 
33230 33212 32806 31529 
33064 32881 32470 32022 
32854 32493 32200 32605 
32559 32048 31993 33189 
32245 31621 31848 33698 
32008 31379 31861 34096 
31882 31311 31960 34287 
31872 31439 32144 34263 
31995 31787 32387 34024 
32200 32241 32617 33623 
32440 32738 32812 33108 
32705 33241 32961 32570 
32954 33677 33061 32088 
33150 33986 33122 31761 
33265 34068 33127 31572 
33317 33985 33144 31616 
33275 33684 33107 31766 
33210 33322 33103 32050 
33105 32892 33098 32372 
32962 32422 33056 32653 
32881 32117 33054 32908 
32769 31878 32962 33020 
32681 31801 32843 33025 
32635 31887 32709 32971 
32587 32092 32553 32880 
32522 32327 32379 32785 
32441 32578 32223 32716 
32350 32781 32101 32725 
32252 32893 32032 32789 
32189 32935 32037 32917 
32178 32915 32108 33092 
32266 32887 32285 33261 
32432 32868 32536 33360 
32642 32849 32784 33349 
32904 32887 33049 33225 
33128 32916 33275 32957 
33329 32969 33451 32616 
33483 33062 33570 32269 
33524 33110 33568 31910 
33420 33076 33445 31609 
33223 32970 33224 31467 
32963 32820 32965 31500 
32696 32645 32719 31746 
32456 32465 32500 32122 
32228 32252 32281 32536 
32103 32115 32160 33012 
32007 31994 32033 33439 
32085 32044 32044 33813 
32227 32169 32090 34027 
32380 32346 32147 34055 
32554 32586 32243 33943 
32705 32816 32382 33679 
32803 33003 32528 33309 
32859 33155 32722 32873 
32900 33258 32943 32469 
32911 33285 33160 32084 
32942 33264 33393 31796 
32951 33178 33547 31585 
33033 33120 33670 31618 
33120 33042 33673 31850 
33224 32986 33591 32235 
33244 32870 33327 32561 
33232 32774 33026 32675 
33120 32650 32646 32409 
32971 32543 32302 31859 
32724 32391 31964 31192 
32414 32230 31698 30868 
32140 32120 31582 31212 
31950 32089 31650 32402 
31931 32173 31868 34167 
32162 32421 32169 35970 
32637 32893 32498 37367 
33078 33362 32809 37959 
33180 33590 33093 37643 
32595 33136 33292 36434 
31301 31872 33384 34559 
29653 30025 33385 32240 
28602 28420 33338 29837 
28995 27995 33228 27572 
31265 29483 33105 25724 
35172 33152 33000 24670 
39417 37952 32901 24748 
42722 42334 32873 26133 
43886 44600 32852 28766 
42345 43692 32830 32307 
38271 39933 32771 36221 
32381 34615 32622 39840 
25774 29383 32465 42702 
20044 25578 32287 43998 
16269 23278 32121 43525 
15379 21806 31974 41222 
18043 20321 31922 37326 
23903 18637 31947 32542 
31986 17619 32126 27660 
40637 18767 32361 23447 
48226 23680 32714 20723 
53088 32544 33073 19938 
54246 44139 33412 21242 
51453 55927 33688 24483 
45351 64694 33851 29064 
36930 65460 33832 34197 
27330 65505 33673 39102 
18427 58640 33434 42862 
11342 45830 33054 44816 
7391 29980 32683 44840 
7490 14043 32325 42881 
12031 902 31984 39301 
20778 125 31725 34747 
33070 75 31626 29969 
46503 54 31642 25909 
59019 7335 31813 23184 
65343 16177 32085 22146 
65509 31778 32412 22917 
65535 48836 32800 25263 
56510 64069 33156 28649 
42132 65421 33460 32455 
23214 65499 33706 36053 
5793 65518 33792 38792 
148 65528 33786 40391 
29 58701 33607 40517 
26 40877 33352 39387 
9955 20613 33013 37232 
23657 1851 32627 34482 
38561 123 32310 31731 
52091 45 32063 29404 
62075 24 31901 27853 
65427 7857 31868 27344 
65420 17968 31905 27778 
55082 34957 32079 29081 
41933 51940 32321 30905 
26212 64795 32577 32825 
10804 65460 32851 34533 
441 65512 33053 35700 
66 65525 33219 36204 
35 64681 33297 35997 
7729 44392 33301 35179 
16960 24602 33154 33958 
31846 5469 32971 32639 
47045 181 32778 31481 
60748 53 32562 30643 
65364 32 32425 30360 
65485 119 32378 30571 
65506 14184 32415 31189 
65511 29308 32536 32106 
55160 45229 32717 33040 
39478 58787 32892 33856 
21954 65348 33035 34322 
7267 65490 33144 34455 
245 65507 33157 34166 
62 56957 33079 33582 
55 42153 32923 32828 
6804 26429 32693 32062 
17277 11714 32537 31528 
28993 790 32327 31220 
40112 96 32193 31225 
48848 57 32119 31544 
54143 2482 32151 32111 
55481 14122 32295 32789 
53201 28063 32498 33450 
48406 43025 32731 33957 
42363 56286 32967 34190 
36082 64915 33163 34144 
30499 65472 33331 33847 
25607 65498 33392 33339 
21268 54620 33322 32714 
17760 41482 33187 32123 
15476 27386 32958 31661 
15172 15054 32665 31414 
17702 6390 32459 31482 
22904 2639 32231 31729 
30281 3779 32131 32159 
38631 9409 32162 32687 
46077 18342 32260 33146 
51510 29354 32465 33507 
53964 40982 32710 33672 
53073 51481 32963 33640 
49060 59211 33177 33388 
42480 62766 33328 33029 
34143 61215 33353 32597 
25612 54806 33300 32259 
17976 44453 33120 32006 
12367 31991 32833 31910 
9702 19409 32538 32021 
10534 9445 32273 32302 
14867 3443 32094 32673 
22388 2215 32002 33057 
31816 5699 32055 33395 
42015 13071 32243 33623 
51262 23172 32497 33665 
57922 34853 32805 33507 
60165 46180 33075 33185 
57399 55794 33293 32769 
49732 62452 33422 32327 
38862 64563 33455 31966 
26600 62043 33375 31700 
15193 55028 33137 31588 
6823 44430 32868 31660 
3486 32246 32648 31977 
5476 20122 32388 32336 
12689 9812 32217 32809 
23485 3079 32075 33220 
36027 577 32033 33594 
48073 2437 32099 33856 
57619 8173 32251 33954 
62754 16928 32464 33857 
62405 27640 32719 33617 
56411 39250 32958 33237 
46022 50028 33156 32782 
32714 58857 33323 32336 
18600 64411 33424 31920 
6867 65438 33391 31607 
379 61641 33310 31475 
50 53431 33104 31427 
5475 41731 32870 31605 
15806 29474 32646 31909 
30369 18540 32475 32326 
45209 10706 32315 32769 
57958 6769 32190 33210 
65113 6763 32166 33582 
65476 9785 32204 33854 
65474 14899 32314 33964 
54894 21403 32486 33932 
42211 28607 32661 33734 
27870 35922 32841 33424 
13713 42747 32960 32974 
2744 47952 33041 32543 
117 50865 33102 32180 
43 50876 33036 31844 
7778 48346 32931 31677 
16758 44014 32778 31667 
31645 38982 32614 31814 
46891 34414 32559 32134 
59654 30878 32525 32477 
65361 28595 32559 32826 
65500 27316 32665 33131 
65515 26683 32789 33323 
55740 26343 32997 33439 
40609 25915 33142 33387 
24360 25405 33212 33185 
10030 24835 33205 32915 
614 24320 33083 32617 
67 24249 32898 32369 
42 24970 32626 32177 
8646 26991 32344 32119 
21238 30528 32132 32205 
35515 35400 31979 32433 
49153 41133 31975 32732 
59781 46738 32072 33042 
65161 51205 32270 33309 
65425 53223 32582 33521 
57301 52238 32862 33527 
45795 48081 33133 33389 
31665 41048 33342 33101 
17806 32025 33475 32723 
6954 22295 33540 32350 
1278 13261 33459 31985 
1640 6538 33260 31669 
7718 3514 32965 31539 
18433 5109 32680 31628 
31261 11321 32389 31908 
44131 21257 32156 32326 
54945 33606 31992 32854 
61547 46269 31880 33328 
62478 56554 32005 33830 
57955 63211 32193 34120 
48554 64984 32433 34164 
36743 61622 32768 34007 
24518 53855 33039 33593 
14300 42763 33286 33080 
7981 29751 33476 32477 
6834 17219 33549 31903 
10519 7003 33465 31403 
18015 960 33289 31113 
27726 81 33032 31081 
37513 5463 32762 31280 
45827 15567 32474 31713 
51304 29039 32254 32318 
52799 42954 32106 32956 
50297 54714 32028 33538 
44425 62085 32116 34060 
36206 63320 32248 34326 
27791 58547 32434 34343 
21003 49157 32661 34150 
17402 37053 32889 33714 
17821 25222 33039 33119 
21895 15944 33187 32537 
28321 10634 33288 31996 
35424 9721 33256 31527 
41202 12800 33123 31244 
44667 18924 32970 31245 
45222 26681 32736 31418 
42924 34916 32512 31828 
38449 42061 32346 32357 
32629 47235 32229 32917 
26421 49816 32185 33443 
21350 49408 32247 33837 
18340 46122 32400 34036 
18183 40482 32640 34028 
21232 33059 32908 33782 
26791 25706 33119 33338 
33822 19706 33308 32827 
41030 16471 33411 32264 
46899 17210 33418 31838 
50412 21906 33306 31506 
50898 29455 33071 31384 
48073 38187 32784 31485 
42302 45281 32461 31782 
34467 48999 32204 32257 
25712 48189 32035 32795 
17673 43114 31965 33297 
12123 35288 31993 33712 
10469 26926 32132 33953 
13418 20146 32427 34045 
20185 16561 32684 33859 
29416 16544 32937 33509 
39410 19765 33086 33034 
47770 25266 33189 32589 
53055 32078 33205 32174 
54398 39207 33157 31880 
51703 45767 33019 31737 
45581 50779 32857 31713 
37400 53346 32755 31920 
28473 52444 32691 32179 
20833 47773 32718 32512 
15557 39556 32761 32797 
13455 28832 32815 32962 
14840 18015 32841 33037 
19263 9151 32866 33046 
25921 4165 32807 32953 
33403 4466 32740 32854 
40594 9890 32583 32736 
46348 19552 32476 32724 
49637 31819 32341 32730 
49884 44229 32265 32827 
47137 54957 32233 32950 
41704 62508 32279 33091 
34877 65124 32453 33229 
28174 62413 32667 33277 
22572 55212 32880 33198 
18865 44329 33043 32967 
17709 30808 33233 32710 
19098 17557 33300 32340 
22707 6411 33317 32017 
27741 321 33246 31749 
33164 73 33052 31565 
38138 93 32846 31585 
41752 11133 32609 31762 
43643 23830 32404 32120 
43646 37533 32257 32608 
42115 50323 32155 33131 
39508 60187 32110 33631 
36470 64964 32215 34078 
33299 65182 32382 34307 
30368 58055 32635 34325 
27758 47167 32856 34043 
26021 34449 33079 33579 
25169 22010 33242 32967 
25358 11968 33315 32270 
26541 6390 33343 31640 
28254 5833 33200 31100 
30240 9802 32974 30803 
32259 17486 32739 30796 
34037 27153 32536 31111 
35470 37437 32368 31668 
36535 46814 32231 32352 
37315 53516 32231 33143 
37760 56550 32292 33837 
37869 55324 32435 34363 
37474 49744 32606 34632 
36483 41045 32757 34590 
34927 30727 32878 34247 
32937 20514 32937 33653 
30944 12741 32955 32929 
29363 8691 32939 32203 
28543 9116 32917 31596 
28547 14163 32883 31180 
29168 22494 32840 31017 
30070 32681 32775 31154 
30870 43109 32716 31550 
31375 51703 32632 32117 
31592 56843 32554 32740 
31785 57887 32506 33379 
32147 54472 32428 33835 
32880 47510 32416 34101 
33869 38034 32456 34127 
34841 27485 32563 33898 
35507 17937 32707 33472 
35711 10798 32853 32923 
35625 7331 33063 32399 
35436 7921 33232 31923 
35369 12273 33284 31527 
35579 19557 33309 31396 
35815 28730 33201 31475 
35645 37801 33013 31741 
34576 45883 32748 32140 
32371 52344 32515 32672 
29205 56293 32283 33150 
25661 57477 32087 33535 
22716 55549 31971 33789 
21436 50448 31970 33850 
22353 42474 32103 33764 
25459 32441 32311 33528 
30245 21790 32574 33170 
35690 12479 32868 32812 
40713 6211 33077 32380 
44467 4302 33306 32083 
46306 6827 33445 31879 
46132 13170 33503 31807 
44142 22051 33439 31832 
40784 31987 33313 31996 
36400 41625 33037 32176 
31436 49968 32759 32475 
26206 56009 32471 32768 
21250 58983 32198 33041 
17228 58342 31995 33257 
15256 53945 31860 33358 
16258 46435 31905 33436 
20645 36688 32049 33409 
27860 26589 32289 33313 
36413 17635 32601 33145 
44413 11286 32917 32908 
50020 8537 33229 32683 
51874 9587 33446 32408 
49794 14060 33568 32180 
44448 21280 33573 32001 
37761 29439 33458 31925 
31045 37289 33212 31892 
25402 43743 32918 32001 
21623 47638 32641 32223 
19689 48776 32398 32499 
19556 47390 32185 32802 
21233 44214 32050 33081 
24752 40245 32028 33331 
29754 36292 32089 33508 
35467 32917 32203 33555 
40864 30346 32355 33515 
44609 28504 32528 33369 
45701 27249 32688 33170 
43687 26472 32778 32874 
39046 26202 32855 32615 
32682 26510 32943 32385 
26651 27281 32999 32235 
22206 28321 33042 32116 
20459 29397 33147 32146 
21717 30166 33229 32169 
25528 30640 33292 32242 
31244 31129 33322 32336 
37143 32060 33293 32430 
42167 33835 33202 32515 
45229 36576 32972 32552 
45679 40108 32705 32623 
43303 43450 32443 32749 
38541 45440 32139 32848 
32345 45029 31860 32982 
26305 41790 31690 33144 
21686 36179 31660 33287 
19416 29290 31786 33437 
19904 22890 31991 33488 
22784 18366 32340 33455 
27387 16583 32750 33354 
32684 17612 33134 33104 
37755 21036 33490 32782 
41851 26157 33766 32418 
44287 32214 33901 32049 
44503 38157 33865 31746 
42373 43257 33687 31560 
38079 46759 33337 31485 
32740 47940 32982 31628 
27466 46433 32589 31905 
23662 42438 32272 32291 
22254 36536 32025 32739 
23551 30092 31867 33155 
27045 24284 31836 33529 
31700 20168 31876 33777 
36269 18510 32008 33888 
39568 19579 32208 33866 
40871 23159 32391 33697 
39931 28920 32600 33439 
37094 35597 32778 33112 
33057 41991 32938 32754 
28699 46761 33117 32440 
25152 48358 33257 32141 
23185 46230 33370 31913 
23379 40633 33452 31767 
26012 32358 33454 31683 
30571 24010 33403 31728 
36402 17353 33279 31819 
42349 14031 33092 31995 
46996 14711 32868 32244 
48935 19126 32599 32534 
47352 26305 32366 32900 
42108 34794 32108 33212 
34297 43419 31929 33483 
25632 50996 31878 33732 
17917 56334 31914 33877 
13215 58125 32086 33888 
12151 55472 32260 33711 
14742 48128 32488 33450 
20367 36732 32725 33111 
27940 22909 32914 32716 
36432 9289 33029 32304 
44857 384 33115 31983 
51565 64 33118 31754 
55458 33 33114 31666 
55372 8810 33088 31730 
50953 22886 33056 31862 
42989 39523 33082 32112 
32989 55695 33092 32389 
22936 65218 33128 32674 
15368 65478 33083 32860 
11539 65516 33032 33034 
11706 65525 32897 33100 
15414 60658 32720 33127 
21383 42520 32532 33123 
28531 23484 32319 33103 
35786 6400 32130 33076 
42331 190 31938 33026 
47472 50 31898 33030 
50414 39 31912 33017 
50562 7833 32018 32974 
47777 20544 32305 32987 
42262 35364 32577 32893 
35105 49719 32890 32763 
27507 61358 33227 32597 
21299 65383 33495 32441 
17475 65499 33672 32235 
16529 65383 33727 32055 
18324 50222 33654 31923 
22151 33641 33442 31840 
27136 16014 33136 31889 
32480 1190 32800 32068 
37359 97 32394 32326 
41430 44 32081 32722 
44252 42 31811 33115 
45658 10752 31691 33521 
45515 24397 31725 33845 
43856 39515 31946 34044 
40709 53636 32226 34005 
36370 64289 32600 33809 
30967 65445 33019 33403 
25392 65491 33340 32858 
20255 65501 33608 32304 
16362 55734 33758 31782 
14801 40804 33694 31354 
16293 24773 33466 31124 
21006 9990 33122 31140 
28555 416 32753 31434 
37195 86 32378 31931 
45425 62 32089 32508 
51688 5666 31911 33130 
54611 13328 31884 33683 
53953 25765 32020 34075 
49877 39046 32233 34222 
43032 51422 32528 34144 
34491 60387 32784 33839 
25315 64746 32982 33419 
16420 63656 33081 32916 
10040 57720 33104 32465 
7179 47821 33030 32078 
8774 35642 32941 31858 
14817 22983 32791 31715 
24019 12556 32703 31779 
34578 5817 32719 31968 
44768 3659 32759 32169 
52622 6352 32857 32396 
57242 13140 32964 32568 
58132 22761 33062 32714 
55157 33731 33137 32819 
48866 43761 33080 32840 
40000 51487 32952 32860 
29530 55589 32752 32908 
19259 55263 32518 32998 
11335 50896 32267 33099 
7119 43610 32061 33203 
7577 34836 31918 33292 
12484 26862 31914 33377 
20569 21100 32000 33355 
30022 18516 32230 33278 
39026 19144 32530 33096 
46293 22367 32883 32826 
50948 27177 33210 32476 
52744 32719 33484 32096 
51762 37424 33679 31826 
48407 40524 33710 31608 
43155 41298 33607 31534 
36802 39464 33398 31638 
30010 35310 33105 31874 
23638 29759 32780 32216 
18498 24176 32468 32654 
15766 20668 32205 33084 
15781 20517 31994 33436 
18344 24082 31887 33712 
23024 30845 31881 33875 
28742 38995 31954 33877 
34519 46528 32077 33746 
39540 51577 32280 33542 
43315 52878 32534 33290 
45438 49992 32796 32995 
45745 43380 33002 32640 
