31333 31295 32066 33209 
31333 31295 32066 33209 
31686 31594 32298 33199 
32161 32034 32554 33059 
32754 32627 32896 32881 
33280 33206 33148 32566 
33766 33793 33397 32271 
34116 34247 33577 32048 
34149 34411 33558 31805 
34035 34400 33484 31718 
33666 34096 33259 31713 
33199 33577 32983 31850 
32690 32973 32702 32114 
32191 32319 32415 32469 
31798 31706 32194 32885 
31497 31191 31962 33292 
31456 30965 31899 33675 
31565 30967 31905 33925 
31845 31233 32009 34029 
32249 31750 32212 33991 
32672 32351 32454 33780 
33079 32979 32731 33416 
33402 33521 33003 32952 
33572 33910 33220 32407 
33675 34148 33452 31937 
33580 34117 33545 31504 
33408 33913 33573 31244 
33128 33546 33467 31127 
32816 33118 33279 31204 
32508 32643 32998 31433 
32313 32277 32739 31892 
32210 32021 32483 32430 
32184 31885 32238 33021 
32241 31885 32069 33564 
32392 32028 32001 34034 
32564 32234 32023 34315 
32764 32503 32148 34434 
32851 32690 32280 34299 
32880 32801 32446 33961 
32809 32821 32605 33473 
32653 32751 32716 32918 
32511 32673 32837 32394 
32374 32574 32915 31911 
32307 32540 32971 31567 
32349 32598 33037 31410 
32521 32769 33108 31405 
32771 32983 33155 31540 
33062 33243 33204 31790 
33399 33508 33255 32104 
33631 33624 33254 32425 
33737 33615 33212 32728 
33656 33425 33100 32975 
33368 33057 32884 33136 
32946 32585 32621 33226 
32527 32170 32386 33339 
32049 31768 32113 33354 
31656 31480 31878 33329 
31431 31431 31752 33306 
31451 31630 31784 33296 
31640 31959 31894 33225 
32009 32421 32130 33154 
32484 32931 32463 33033 
32964 33373 32823 32853 
33395 33698 33151 32617 
33738 33861 33451 32361 
33929 33834 33678 32130 
33896 33598 33750 31906 
33680 33241 33707 31715 
33329 32808 33530 31627 
32914 32398 33280 31672 
32544 32136 33003 31885 
32175 31958 32635 32140 
31935 31950 32317 32499 
31813 32068 32008 32943 
31792 32231 31770 33365 
31939 32475 31673 33761 
32134 32665 31692 34030 
32403 32830 31861 34164 
32662 32891 32105 34069 
32918 32911 32439 33843 
33131 32911 32824 33475 
33249 32855 33165 32957 
33340 32836 33484 32402 
33363 32864 33719 31867 
33326 32919 33829 31430 
33221 32991 33797 31161 
33043 33042 33619 31048 
32840 33074 33332 31162 
32663 33062 32985 31458 
32464 32965 32575 31910 
32351 32857 32231 32496 
32241 32637 31897 33048 
32226 32450 31727 33602 
32249 32240 31678 34013 
32320 32075 31779 34224 
32442 32007 31988 34253 
32563 32035 32274 34083 
32700 32160 32589 33760 
32785 32351 32861 33319 
32866 32642 33089 32858 
32853 32892 33190 32386 
32869 33162 33244 32023 
32845 33360 33229 31783 
32811 33444 33164 31665 
32749 33397 33062 31688 
32759 33280 32998 31826 
32773 33065 32964 31995 
32804 32815 32939 32204 
32887 32580 32942 32432 
32965 32403 32957 32624 
33040 32305 32946 32785 
33040 32239 32831 32875 
33007 32296 32702 32993 
32912 32415 32511 33092 
32761 32565 32316 33166 
32551 32703 32117 33229 
32299 32806 31939 33254 
32103 32874 31866 33271 
31977 32899 31911 33275 
31973 32907 32086 33237 
32066 32839 32360 33121 
32282 32769 32703 32947 
32577 32693 33068 32736 
32903 32624 33396 32477 
33246 32593 33665 32200 
33515 32622 33805 31984 
33712 32729 33658 31752 
33570 32772 33371 31782 
33286 32790 33008 31946 
32886 32747 32586 32177 
32467 32715 32219 32546 
32060 32631 31885 32941 
31711 32514 31627 33300 
31586 32513 31586 33655 
31662 32552 31705 33868 
31932 32688 31992 33948 
32307 32846 32358 33858 
32763 33049 32768 33622 
33183 33202 33153 33238 
33515 33284 33459 32762 
33769 33319 33711 32289 
33823 33213 33774 31850 
33650 32943 33647 31479 
33358 32632 33421 31324 
32972 32279 33107 31370 
32535 31952 32745 31608 
32096 31672 32379 31973 
31786 31587 32118 32455 
31639 31697 31966 32982 
31678 31966 31926 33437 
31917 32414 32033 33822 
32295 32971 32226 34018 
32676 33503 32421 33977 
33147 34034 32708 33827 
33499 34321 32926 33485 
33708 34377 33096 33046 
33748 34170 33187 32576 
33617 33702 33224 32150 
33313 33051 33157 31795 
32901 32280 33030 31578 
32470 31578 32853 31560 
32079 30999 32650 31683 
31819 30716 32478 32022 
31692 30664 32327 32380 
31778 30966 32291 32847 
31982 31534 32316 33280 
32313 32290 32447 33640 
32689 33094 32640 33837 
33027 33825 32835 33813 
33360 34408 33055 33623 
33552 34736 33213 33292 
33613 34779 33301 32823 
33550 34553 33297 32347 
33355 34070 33198 31926 
33077 33423 33008 31630 
32764 32709 32744 31519 
32504 32084 32497 31661 
32270 31545 32254 31922 
32137 31225 32092 32322 
32125 31136 32033 32804 
32161 31219 32062 33231 
32289 31481 32202 33611 
32445 31856 32433 33834 
32594 32248 32696 33852 
32730 32637 32959 33706 
32798 32954 33143 33384 
32808 33191 33251 32919 
32875 33472 33354 32502 
32892 33633 33338 32074 
32921 33741 33237 31769 
32910 33754 33037 31586 
32911 33695 32789 31613 
32917 33545 32535 31811 
32879 33300 32291 32125 
32836 32991 32094 32515 
32770 32642 32008 32954 
32714 32281 32039 33363 
32658 31968 32199 33696 
32540 31662 32397 33830 
32536 31558 32758 33843 
32498 31524 33047 33647 
32511 31650 33314 33309 
32548 31900 33486 32875 
32633 32277 33557 32386 
32756 32763 33519 31977 
32815 33189 33298 31598 
32887 33621 33014 31433 
32951 33951 32696 31450 
32966 34127 32365 31676 
32956 34109 32116 32073 
32886 33857 31938 32521 
32794 33469 31902 33040 
32653 32918 31961 33463 
32559 32387 32162 33815 
32506 31918 32439 34016 
32459 31542 32744 33971 
32444 31336 32989 33757 
32444 31296 33131 33385 
32495 31472 33222 32977 
32543 31775 33189 32541 
32691 32254 33150 32196 
32733 32679 32967 31887 
32853 33171 32838 31794 
32877 33529 32665 31737 
32935 33815 32602 31873 
32971 33940 32621 32097 
32947 33874 32668 32358 
32917 33689 32755 32688 
32839 33375 32828 33072 
32777 33033 32885 33429 
32709 32670 32878 33592 
32684 32355 32843 33415 
32673 32127 32745 32780 
32661 31970 32616 31779 
32645 31906 32464 30814 
32656 31950 32357 30316 
32629 32047 32273 30568 
32627 32200 32271 31728 
32664 32436 32312 33515 
32871 32819 32438 35460 
33234 33366 32610 37030 
33508 33910 32815 37807 
33349 34030 33027 37571 
32477 33426 33175 36405 
30984 32030 33324 34555 
29233 30043 33398 32214 
28157 28282 33364 29734 
28626 27774 33237 27408 
31002 29238 33008 25567 
34973 32864 32700 24593 
39327 37705 32398 24885 
42535 42017 32154 26566 
43535 44078 31945 29436 
41887 43102 31880 33246 
37515 39176 31906 37496 
31515 33934 32110 41273 
25227 29119 32412 43848 
19846 25687 32789 44738 
16506 23652 33103 43599 
16146 22328 33399 40458 
19231 20920 33587 35855 
25433 19276 33623 30460 
33582 18269 33512 25166 
42219 19596 33294 20877 
49515 24907 32986 18474 
53549 33993 32642 18511 
53791 45448 32371 20957 
50154 56759 32125 25342 
43237 64793 31994 31118 
34042 65470 31984 37291 
24613 65496 32072 42499 
16038 54704 32256 46125 
9672 41087 32496 47579 
6638 25235 32708 46557 
8081 10008 32957 43319 
13962 408 33119 38422 
23822 104 33213 32744 
36444 70 33238 27172 
50241 52 33194 22589 
62329 7486 33012 19785 
65420 20321 32829 19261 
65519 36375 32604 20870 
65535 53172 32423 24316 
55703 65057 32302 28948 
38152 65453 32250 33867 
19029 65498 32279 38247 
2387 65519 32440 41527 
87 65524 32640 43200 
23 55051 32874 43072 
40 36960 33088 41311 
12653 17013 33219 38289 
27199 755 33293 34564 
42608 93 33285 30793 
55252 41 33123 27776 
63548 24 32870 25815 
65455 7031 32636 25224 
59997 21355 32388 25959 
51809 38171 32191 27709 
37563 54455 32108 30117 
21582 65080 32109 32681 
6679 65474 32211 34972 
205 65513 32410 36647 
50 65523 32650 37386 
33 57148 32882 37215 
7575 41290 33054 36217 
20902 21404 33193 34688 
36822 2535 33274 32933 
51694 133 33220 31356 
63854 51 33136 30259 
65431 33 32951 29715 
65496 7532 32767 29868 
65510 16471 32551 30550 
65493 31702 32364 31628 
51071 47221 32261 32894 
34392 59973 32228 34039 
17471 65365 32244 34854 
3782 65490 32369 35235 
135 65504 32543 35097 
56 55160 32727 34480 
59 40554 32912 33485 
9522 24913 33068 32354 
20600 10836 33221 31366 
32396 717 33268 30603 
42963 92 33255 30213 
50925 57 33174 30257 
54978 5968 33029 30706 
55081 15266 32828 31487 
51889 29369 32626 32448 
46381 44505 32432 33417 
40077 57462 32270 34246 
34162 65044 32185 34776 
29023 65476 32181 34963 
24606 65400 32237 34815 
20726 53354 32343 34319 
17711 40328 32530 33667 
15912 26714 32658 32887 
16157 14933 32814 32183 
19048 6636 32893 31602 
24494 3060 32896 31251 
31759 4200 32903 31203 
39547 9546 32878 31376 
46614 18485 32891 31766 
51420 29648 32909 32204 
53159 41171 32939 32649 
51789 51592 33013 33026 
47420 59205 33062 33250 
40651 62646 33113 33319 
32709 60960 33139 33244 
24616 54404 33060 33034 
17574 44043 32930 32785 
12556 31419 32713 32524 
10589 19254 32475 32382 
11908 9485 32207 32325 
16536 3646 31998 32416 
24290 2524 31857 32635 
33802 6175 31828 32900 
43577 13649 31955 33221 
52157 23792 32187 33467 
57780 35291 32519 33598 
59056 46884 32927 33589 
55400 56417 33304 33402 
47258 62679 33585 33045 
36146 64366 33756 32610 
23944 61280 33804 32168 
13389 53852 33689 31777 
6306 43096 33428 31465 
4155 30794 33077 31346 
7336 18935 32724 31440 
15415 9129 32365 31713 
26587 3106 32085 32120 
38961 1300 31890 32633 
50489 3748 31796 33158 
59127 10044 31793 33649 
62886 19072 31915 34040 
61108 29783 32100 34243 
54092 40893 32374 34265 
42777 51133 32659 34058 
28930 59369 32977 33684 
15335 63845 33232 33160 
4500 63784 33447 32567 
170 59164 33624 32008 
38 50052 33619 31451 
6501 38761 33550 31167 
19042 27077 33350 31045 
34121 17136 33075 31154 
49051 10447 32743 31467 
60738 7876 32480 31999 
65377 8757 32215 32563 
65490 12307 32044 33145 
65406 17716 31961 33642 
52769 24006 31984 33995 
39209 30796 32112 34147 
24402 37596 32317 34101 
10481 43723 32561 33859 
796 48041 32785 33491 
76 49931 32966 33025 
38 49143 33092 32571 
7421 46003 33189 32155 
20343 41479 33174 31837 
35470 36688 33116 31679 
50245 32555 32980 31650 
62077 29633 32854 31821 
65418 27993 32692 32047 
65506 27272 32565 32371 
65420 27027 32457 32719 
50789 26915 32413 33048 
35525 26725 32418 33305 
19773 26394 32481 33460 
6504 25971 32579 33501 
225 25616 32738 33421 
50 25643 32889 33228 
65 26448 33007 32917 
12136 28445 33091 32589 
25791 31903 33153 32323 
40383 36544 33115 32064 
53276 41651 32996 31912 
62507 46443 32855 31903 
65424 49875 32686 32051 
65353 51060 32502 32322 
54837 49383 32344 32658 
42253 44904 32262 33015 
27859 37987 32222 33316 
14181 29343 32260 33516 
4542 20509 32388 33601 
538 12757 32534 33504 
2584 7452 32676 33263 
10472 5861 32850 32955 
21874 8661 32924 32583 
34792 15640 32977 32282 
47109 25729 33014 32095 
56884 37495 32968 31995 
61949 48681 32918 32052 
61523 57562 32892 32234 
55749 62609 32827 32423 
45700 62955 32849 32711 
33654 58550 32825 32894 
21905 50117 32847 33001 
12539 38520 32854 33017 
7614 25761 32835 32925 
7825 14062 32810 32797 
12553 5078 32708 32596 
20619 628 32605 32468 
30436 1584 32453 32355 
39797 8105 32313 32362 
47363 19158 32223 32470 
51780 32751 32177 32660 
52352 46576 32221 32898 
49054 57470 32334 33144 
42668 63501 32546 33361 
34557 63341 32817 33510 
26299 57241 33050 33458 
20182 47001 33267 33313 
17395 34763 33402 33026 
18465 23028 33445 32670 
23033 13949 33406 32299 
29479 9183 33240 31933 
36080 8852 32996 31645 
41279 12498 32718 31550 
44222 19410 32492 31646 
44196 27788 32249 31845 
41645 36164 32106 32205 
37147 43437 32046 32644 
31602 48674 32063 33118 
25962 51122 32146 33562 
21576 50396 32282 33910 
19299 46657 32479 34085 
19714 40431 32689 34072 
22993 32571 32872 33848 
28591 24631 33058 33450 
35174 18433 33211 32964 
41614 15329 33319 32443 
46709 16338 33392 31947 
49476 21529 33366 31500 
49318 29551 33318 31265 
46108 38327 33157 31173 
40282 45488 32956 31314 
32431 49108 32687 31595 
24201 48165 32507 32120 
16975 43027 32292 32637 
12456 35358 32146 33180 
11858 27147 32049 33670 
15519 20812 32048 34027 
22699 17450 32124 34175 
31920 17429 32257 34132 
41520 20514 32448 33894 
48918 25673 32613 33517 
53116 32068 32775 33074 
53402 38865 32899 32640 
49752 45297 32997 32214 
43166 50127 33012 31877 
34901 52509 33054 31717 
26499 51530 33093 31732 
19425 46668 33080 31793 
14889 38316 33111 31977 
13669 27979 33092 32185 
15744 17522 33085 32392 
20642 9197 33054 32579 
27573 4868 32977 32725 
35075 5716 32852 32802 
42071 11594 32705 32860 
47360 21383 32535 32917 
50118 33625 32347 32987 
49655 46132 32142 33036 
46350 56261 32059 33187 
40774 62791 31990 33288 
34011 64506 32016 33395 
27201 61292 32149 33454 
21677 53593 32351 33447 
18204 42280 32594 33315 
17218 29045 32856 33075 
18837 15621 33105 32739 
22642 4880 33334 32392 
27873 198 33476 32008 
33483 66 33527 31688 
38674 2749 33472 31470 
42428 13242 33363 31414 
44373 26230 33166 31503 
44501 40158 32983 31790 
42955 52994 32712 32140 
40345 62199 32497 32653 
37013 65410 32257 33122 
33378 65460 32055 33583 
29798 56594 31928 33980 
26671 44897 31854 34150 
24481 31535 31906 34210 
23425 18841 32069 34086 
23656 9193 32265 33757 
25149 4211 32544 33309 
27533 4609 32839 32776 
30352 9726 33135 32195 
33163 18418 33402 31703 
35699 29295 33592 31312 
37664 40544 33711 31115 
38882 50073 33691 31102 
39403 56615 33548 31284 
39285 59020 33334 31682 
38448 56575 32977 32157 
37029 49754 32610 32694 
35076 39726 32275 33247 
32776 28239 31986 33728 
30383 17278 31767 34040 
28455 9271 31720 34176 
27377 5698 31781 34095 
27415 7131 31981 33875 
28372 13219 32190 33465 
29968 23069 32470 33029 
31625 34503 32754 32621 
32850 45505 32957 32227 
33401 54338 33108 31945 
33375 59517 33247 31842 
32987 59881 33317 31854 
32664 55620 33345 31975 
32658 47572 33336 32145 
33000 37081 33297 32329 
33526 25664 33196 32461 
34022 15702 33086 32537 
34449 8666 32987 32621 
34707 5612 32800 32598 
35076 7020 32631 32609 
35612 12384 32464 32649 
36253 20536 32292 32719 
36706 30053 32167 32867 
36469 39516 32031 33039 
35164 47563 32014 33274 
32561 53436 32002 33434 
28980 56772 32096 33551 
25057 57280 32249 33579 
22024 54753 32459 33478 
20785 49251 32708 33258 
21922 41102 32947 32933 
25477 31001 33198 32533 
30846 20709 33453 32181 
36657 12128 33579 31812 
41861 6724 33654 31601 
45547 5466 33605 31503 
47096 8464 33440 31576 
46305 14968 33136 31753 
43648 23567 32802 32073 
39609 32888 32414 32483 
34704 41806 32048 32907 
29373 49521 31759 33342 
24228 54923 31633 33706 
19700 57539 31659 33936 
16521 56859 31843 33996 
15575 52768 32197 33920 
17569 45756 32565 33633 
22712 36849 32970 33235 
30327 27415 33294 32753 
39056 18903 33600 32306 
46593 12876 33720 31851 
51296 10098 33687 31541 
52019 10782 33493 31406 
48737 14740 33194 31468 
42695 20922 32832 31670 
35505 28294 32470 32043 
28711 35579 32207 32510 
23293 41702 31984 32943 
20011 45622 31892 33322 
18815 47194 31995 33658 
19482 46516 32160 33792 
21999 44182 32404 33741 
26149 41096 32707 33599 
31515 37843 32939 33278 
37405 34931 33131 32901 
42796 32401 33269 32517 
46047 30378 33324 32207 
46405 28624 33241 31970 
43676 27184 33068 31851 
38286 26198 32813 31868 
31746 25811 32553 32042 
25539 26010 32297 32304 
21082 26677 32128 32644 
19527 27528 32046 32964 
20964 28308 32070 33220 
25019 29047 32254 33412 
30741 29980 32507 33447 
36886 31518 32861 33399 
41979 33950 33179 33182 
45149 37345 33437 32883 
45695 41298 33578 32539 
43415 45011 33624 32235 
38822 47048 33487 31977 
32983 46534 33228 31840 
27162 43051 32872 31827 
22624 36963 32486 31972 
20467 29777 32127 32234 
20905 23044 31890 32601 
23591 18133 31753 32996 
27850 15936 31760 33331 
32688 16725 31944 33610 
37273 19981 32172 33725 
40926 25005 32520 33721 
42971 31109 32841 33520 
42965 37230 33132 33199 
40840 42613 33364 32820 
36892 46387 33499 32398 
31863 47942 33547 32048 
27152 46699 33466 31767 
23898 42878 33297 31609 
22959 37173 33022 31592 
24651 30636 32716 31759 
28391 24876 32486 32127 
32973 20708 32210 32468 
37314 19009 32026 32906 
40374 20091 31953 33348 
41310 23733 31979 33696 
40060 29353 32100 33887 
37014 36047 32345 33922 
32746 42477 32638 33754 
28391 46955 32925 33405 
24829 48343 33219 32978 
22829 45928 33406 32475 
23033 39855 33531 32004 
25590 31392 33495 31627 
30119 22764 33346 31440 
35841 15920 33083 31411 
41686 12538 32782 31590 
46311 13385 32459 31942 
48258 18197 32235 32420 
46662 25823 32041 32896 
41665 35027 31966 33336 
33999 44670 31985 33662 
25820 52962 32174 33886 
18780 58757 32394 33909 
14502 60836 32666 33765 
13741 58063 32923 33473 
16425 50150 33121 33082 
21846 37834 33249 32638 
29114 22995 33351 32264 
37336 8112 33356 31952 
45124 267 33212 31711 
51166 59 33024 31650 
54353 31 32783 31730 
53652 7813 32501 31915 
48694 21949 32306 32263 
40493 38453 32158 32659 
30644 54642 32091 33036 
21312 65107 32115 33348 
14472 65476 32252 33592 
11609 65515 32468 33684 
12733 65527 32759 33632 
17046 60399 33017 33420 
23672 41483 33227 33073 
31003 22047 33390 32709 
38120 5123 33454 32369 
44243 159 33353 32021 
48744 46 33172 31820 
50963 38 32917 31742 
50306 8622 32640 31835 
46716 21654 32388 32068 
40668 36623 32215 32386 
33019 51276 32096 32745 
25386 62705 32083 33079 
19441 65419 32169 33384 
16077 65505 32338 33600 
15707 65424 32555 33667 
18142 49710 32812 33595 
22514 32505 33007 33358 
27905 14594 33136 33011 
33513 736 33199 32626 
38766 81 33167 32247 
43011 40 33074 31954 
45813 59 32894 31763 
47072 12320 32711 31773 
46612 26356 32521 31957 
44314 42013 32376 32268 
40544 55627 32354 32707 
35504 64897 32399 33127 
29651 65456 32517 33496 
23505 65497 32685 33700 
18155 65424 32892 33736 
14420 51351 33047 33538 
13357 36133 33183 33214 
15683 20025 33208 32714 
21518 5981 33178 32203 
29750 208 33028 31761 
38965 71 32811 31451 
47435 59 32579 31382 
53552 6815 32350 31563 
56056 17847 32223 31982 
54685 30904 32107 32465 
49956 44153 32139 33056 
42374 55575 32264 33620 
33298 63023 32467 34044 
23662 65368 32691 34227 
14983 62463 32909 34190 
8654 54794 33056 33883 
6317 43792 33128 33419 
8564 31128 33107 32865 
15157 19039 33003 32315 
25035 9422 32881 31853 
35837 4066 32706 31515 
45863 3586 32607 31437 
53592 7746 32591 31546 
57886 15636 32605 31770 
58271 26181 32706 32087 
54805 36892 32863 32481 
48049 46434 33010 32791 
38759 53163 33098 33018 
28083 56057 33117 33172 
18122 54582 33073 33247 
10511 49342 32901 33230 
6863 41565 32657 33154 
7909 32991 32408 33090 
13387 25319 32143 33029 
21750 20381 31974 33028 
31209 18659 31902 33031 
40120 20038 31970 33048 
47148 23822 32168 33062 
51340 28806 32475 33044 
52638 33918 32833 32952 
51255 38036 33125 32730 
47513 40469 33432 32491 
42171 40548 33644 32226 
35779 38146 33684 31933 
29070 33720 33633 31739 
22929 28208 33421 31612 
18293 23157 33164 31673 
16041 20360 32824 31843 
16434 20906 32490 32134 
19309 25147 32213 32549 
24105 32369 31972 32991 
29641 40594 31804 33420 
35163 47968 31775 33820 
39818 52610 31858 34096 
43125 53201 31992 34191 
44773 49541 32249 34124 
44755 42292 32548 33878 
