33313 33530 33436 32190 
33313 33530 33436 32190 
33704 33864 33565 31895 
33935 34010 33561 31692 
33903 33904 33421 31596 
33672 33566 33190 31656 
33271 33036 32895 31901 
32762 32423 32566 32267 
32255 31830 32307 32758 
31506 31028 31932 33679 
31458 31055 31940 34002 
31665 31385 32082 34135 
32066 31976 32333 34042 
32577 32699 32632 33714 
33093 33440 32925 33215 
33545 34073 33163 32607 
33858 34497 33359 32021 
33940 34615 33428 31490 
33785 34398 33366 31182 
33429 33901 33214 31106 
32944 33197 32977 31271 
32436 32461 32729 31718 
32019 31794 32502 32338 
31743 31303 32341 32990 
31657 31059 32230 33607 
31761 31071 32181 34076 
32051 31372 32256 34318 
32437 31846 32390 34303 
32841 32383 32540 34027 
33185 32932 32704 33515 
33400 33382 32824 32890 
33525 33738 32965 32276 
33542 33979 33090 31769 
33406 33976 33129 31379 
33166 33806 33097 31203 
32863 33501 33001 31276 
32550 33129 32876 31579 
32271 32712 32710 32048 
32095 32357 32578 32645 
31986 32018 32429 33201 
31947 31767 32293 33673 
32056 31686 32282 34030 
32225 31733 32312 34134 
32479 31922 32449 34012 
32747 32189 32656 33696 
33022 32533 32877 33260 
33227 32850 33089 32693 
33397 33177 33260 32120 
33477 33440 33359 31631 
33496 33646 33365 31349 
33393 33688 33228 31224 
33199 33602 33016 31339 
32937 33389 32725 31672 
32644 33097 32454 32188 
32324 32703 32174 32740 
32071 32321 32007 33325 
31867 31978 31933 33817 
31754 31732 31960 34118 
31820 31692 32133 34220 
32042 31838 32411 34126 
32386 32139 32741 33796 
32763 32513 33035 33268 
33115 32900 33253 32695 
33400 33252 33404 32110 
33605 33528 33466 31628 
33644 33644 33408 31302 
33559 33603 33285 31210 
33316 33395 33076 31292 
32955 33034 32809 31542 
32601 32649 32573 32004 
32293 32273 32387 32543 
32036 31951 32224 33080 
31840 31680 32057 33519 
31854 31680 32027 33915 
32015 31867 32059 34142 
32294 32216 32187 34199 
32632 32666 32365 34076 
32992 33173 32624 33810 
33250 33576 32872 33349 
33403 33836 33107 32830 
33449 33893 33356 32265 
33377 33741 33530 31771 
33148 33380 33560 31335 
32877 32918 33503 31082 
32584 32397 33330 31023 
32372 31991 33092 31207 
32221 31692 32773 31554 
32202 31633 32451 32083 
32315 31802 32198 32705 
32486 32098 31995 33298 
32693 32487 31910 33811 
32928 32954 31969 34197 
33036 33278 32067 34335 
33107 33519 32297 34313 
33056 33536 32537 34070 
32898 33369 32757 33665 
32642 33003 32908 33137 
32340 32558 32967 32565 
32180 32228 33053 32148 
32086 31971 33037 31761 
32120 31906 32996 31542 
32300 32055 32952 31497 
32628 32405 32971 31627 
32978 32859 32997 31876 
33294 33257 33016 32124 
33504 33571 33029 32380 
33633 33752 33074 32673 
33541 33662 33019 32854 
33324 33397 32940 32987 
33015 32973 32789 33061 
32653 32507 32600 33109 
32338 32083 32400 33138 
32068 31750 32196 33152 
31908 31599 32030 33165 
31888 31669 31934 33178 
31978 31920 31920 33157 
32195 32306 32049 33132 
32474 32775 32279 33090 
32769 33230 32599 32996 
33012 33574 32952 32836 
33187 33729 33269 32619 
33284 33716 33547 32392 
33279 33503 33692 32160 
33180 33143 33678 31959 
33021 32740 33527 31843 
32832 32328 33221 31837 
32628 32005 32839 31954 
32477 31832 32440 32196 
32384 31832 32129 32526 
32357 31981 31921 32918 
32336 32197 31815 33229 
32421 32521 31941 33532 
32532 32856 32200 33689 
32660 33104 32536 33659 
32820 33332 32917 33506 
32948 33443 33225 33196 
33050 33454 33426 32805 
33143 33396 33506 32430 
33173 33253 33410 32092 
33112 33039 33169 31853 
32995 32804 32842 31777 
32798 32543 32482 31864 
32637 32370 32232 32166 
32434 32199 32042 32507 
32256 32087 31982 32894 
32114 32019 32046 33225 
32088 32056 32263 33488 
32155 32176 32575 33615 
32285 32320 32877 33551 
32482 32523 33146 33313 
32732 32747 33336 32987 
33018 33003 33431 32599 
33298 33273 33417 32244 
33479 33469 33282 31909 
33607 33615 33098 31755 
33610 33655 32880 31770 
33427 33502 32608 31873 
33176 33269 32400 32175 
32798 32897 32208 32547 
32378 32465 32074 32943 
31995 32057 32017 33336 
31696 31707 32041 33650 
31560 31532 32131 33835 
31650 31601 32330 33882 
31877 31789 32546 33719 
32251 32166 32837 33454 
32661 32575 33076 33035 
33122 33057 33331 32608 
33507 33487 33513 32131 
33772 33795 33619 31723 
33861 33915 33622 31447 
33788 33857 33515 31348 
33523 33599 33289 31386 
33181 33242 33001 31632 
32741 32779 32630 31976 
32369 32374 32309 32452 
32098 32058 32042 32990 
31872 31792 31776 33440 
31895 31799 31724 33864 
32016 31919 31787 34085 
32256 32187 31961 34140 
32498 32474 32192 34004 
32734 32763 32495 33707 
32913 32979 32791 33325 
32933 33049 33006 32834 
32896 33007 33171 32370 
32829 32914 33304 32030 
32720 32754 33360 31784 
32615 32592 33337 31655 
32586 32512 33294 31698 
32629 32532 33210 31850 
32745 32628 33118 32028 
32901 32808 32998 32234 
33082 33043 32893 32442 
33275 33304 32802 32655 
33389 33470 32665 32811 
33408 33538 32557 32934 
33280 33453 32400 33018 
33069 33226 32261 33080 
32749 32885 32150 33154 
32383 32447 32066 33214 
32069 32050 32070 33299 
31835 31707 32129 33338 
31696 31504 32254 33328 
31733 31483 32447 33271 
31923 31655 32684 33158 
32217 31990 32925 32982 
32580 32412 33156 32731 
32982 32930 33389 32504 
33280 33350 33502 32210 
33509 33689 33540 31982 
33607 33894 33502 31801 
33566 33896 33353 31690 
33421 33724 33110 31688 
33184 33452 32808 31800 
32955 33129 32528 32040 
32716 32769 32241 32396 
32468 32395 31982 32799 
32308 32106 31857 33251 
32152 31854 31780 33620 
32120 31776 31896 33987 
32139 31787 32091 34138 
32224 31908 32391 34112 
32336 32107 32735 33873 
32494 32373 33088 33441 
32652 32654 33390 32921 
32827 32949 33620 32382 
32964 33167 33698 31885 
33112 33411 33661 31659 
33201 33547 33464 31630 
33267 33622 33185 31725 
33254 33592 32830 31699 
33186 33454 32479 31469 
33076 33251 32204 31090 
32876 32926 31987 30708 
32690 32592 31948 30785 
32496 32280 32013 31513 
32346 32030 32189 32947 
32234 31824 32320 34712 
32395 31949 32510 36522 
32795 32390 32678 37785 
33139 32948 32797 38221 
33037 33179 32835 37615 
32247 32768 32873 36183 
30785 31528 32897 34146 
29109 29768 32919 31792 
28157 28228 32991 29340 
28830 27978 33057 27058 
31493 29772 33133 25348 
35670 33650 33251 24539 
40066 38605 33285 24801 
43309 42949 33306 26384 
44242 44964 33220 29137 
42380 43783 33049 32786 
37858 39709 32791 36859 
31626 34317 32479 40558 
24941 29249 32162 43255 
19177 25518 31868 44402 
15552 23235 31683 43682 
15113 21674 31634 41107 
18253 19965 31732 36989 
24598 18045 31982 31969 
33421 16876 32346 26696 
42254 18355 32755 22466 
49628 23832 33177 19825 
54032 33407 33525 19236 
54514 45613 33785 20887 
51122 57692 33888 24486 
44475 65197 33850 29425 
35474 65479 33661 34968 
25614 65508 33347 40081 
16689 57090 32980 43808 
9910 45680 32596 45735 
6458 28798 32235 45503 
7464 12069 31910 43135 
13060 510 31714 39230 
22797 108 31632 34388 
35741 68 31700 29404 
49449 47 31895 25254 
61605 5377 32155 22508 
65404 17847 32517 21552 
65519 34341 32898 22446 
65535 51550 33231 24887 
56351 64876 33517 28405 
39685 65447 33717 32309 
20125 65504 33803 36047 
3121 65524 33734 38815 
99 65528 33557 40381 
24 54705 33292 40573 
38 35173 32903 39395 
12702 14622 32526 37311 
27025 526 32223 34742 
41911 83 31941 32105 
54996 34 31783 29869 
63468 18 31786 28488 
65451 8042 31876 27979 
59078 22765 32119 28411 
51994 40205 32392 29520 
37672 56906 32713 31103 
21528 65272 32975 32739 
6163 65493 33131 34120 
196 65520 33216 35023 
48 65528 33215 35358 
32 56744 33171 35122 
7843 39166 33021 34335 
21144 18913 32932 33343 
36620 1146 32824 32282 
51775 111 32805 31389 
64414 45 32822 30851 
65440 28 32857 30750 
65496 5789 32912 31051 
65512 17960 32962 31718 
65510 34054 32945 32556 
51818 49713 32901 33381 
34639 62172 32734 34034 
17630 65414 32535 34412 
3276 65502 32381 34544 
124 65506 32161 34267 
53 54074 32012 33734 
57 38854 31984 33125 
8883 22764 32027 32431 
19962 8354 32233 31894 
31776 317 32463 31465 
42755 77 32791 31324 
50723 54 33101 31387 
54906 5217 33355 31646 
55136 16628 33596 32094 
51788 31341 33664 32509 
46253 46370 33646 32919 
39916 58986 33511 33237 
33847 65296 33288 33429 
28587 65490 33008 33462 
24263 65443 32665 33325 
20697 52899 32403 33201 
17775 39048 32099 32971 
16071 24745 31902 32792 
16317 12644 31780 32671 
19132 4591 31791 32654 
24680 1453 31898 32735 
31986 3291 32059 32808 
39899 9503 32337 32935 
46964 19056 32678 33029 
51958 30880 33036 33042 
53843 42854 33349 32929 
52458 53474 33603 32707 
48085 61122 33758 32416 
41093 64280 33806 32101 
32824 62126 33737 31862 
24303 54925 33470 31656 
16870 43914 33153 31665 
11466 30308 32794 31887 
9339 17613 32447 32239 
10656 7503 32120 32680 
15460 1653 31886 33176 
23366 731 31771 33666 
33196 4828 31774 34023 
43561 12873 31916 34200 
52941 23945 32147 34164 
59145 36096 32448 33939 
60878 47961 32741 33508 
57506 57956 33034 32956 
48927 64581 33256 32332 
37468 65444 33456 31836 
24791 64986 33530 31430 
13387 54933 33465 31221 
5282 43258 33299 31222 
2417 30152 33057 31450 
5114 17575 32779 31871 
12879 7408 32514 32409 
24527 1072 32302 33000 
37445 102 32155 33501 
49795 977 32120 33896 
59269 9273 32178 34084 
64106 19255 32388 34093 
62996 30706 32614 33872 
56433 42327 32886 33489 
45304 52854 33095 32960 
31053 61085 33241 32433 
16813 65133 33351 31990 
4994 65414 33300 31620 
175 59313 33172 31463 
39 49753 32942 31489 
7235 37883 32698 31730 
16794 25731 32407 32055 
32184 15533 32268 32579 
47479 9118 32151 33046 
59753 7093 32132 33436 
65353 8791 32252 33749 
65491 13136 32417 33831 
65474 19085 32680 33793 
53908 25541 32900 33560 
40177 32058 33051 33231 
25108 38226 33162 32885 
10660 43548 33143 32501 
646 47232 33077 32232 
74 48660 32901 32029 
36 47794 32765 32005 
6622 44959 32611 32065 
19538 41037 32529 32207 
34970 37033 32514 32366 
50564 33761 32599 32560 
62704 31625 32740 32698 
65432 30457 32915 32808 
65510 29668 33044 32809 
65519 28889 33144 32804 
53785 27761 33137 32751 
37720 26249 33030 32719 
21023 24564 32856 32758 
6358 22921 32588 32785 
205 21874 32357 32904 
48 21788 32131 33030 
41 23221 32014 33181 
11033 26525 32016 33293 
24522 31539 32154 33347 
39099 37874 32389 33285 
52477 44636 32688 33123 
62285 50685 33019 32865 
65427 54557 33263 32526 
65382 55525 33474 32244 
54928 52924 33531 31946 
41735 46807 33492 31743 
26779 38047 33333 31674 
12942 27689 33111 31748 
3052 17250 32844 31939 
115 8246 32547 32229 
48 2686 32327 32607 
9271 1519 32126 32994 
21415 5297 31981 33345 
35859 14103 31979 33664 
49168 26153 32044 33873 
59256 39338 32210 33932 
64350 51758 32406 33848 
63539 61358 32625 33622 
57245 65381 32866 33329 
46707 65472 33078 32922 
33971 60798 33282 32502 
21446 52220 33470 32118 
11248 39142 33523 31707 
6091 25406 33505 31459 
6211 12671 33392 31337 
11244 2990 33214 31358 
19979 128 32971 31575 
30096 57 32676 31918 
39958 6047 32442 32401 
47907 17763 32176 32890 
52376 32131 31945 33365 
52795 46332 31906 33837 
49193 57783 31928 34100 
42437 64135 32052 34178 
33644 63850 32259 34050 
25397 57628 32533 33785 
19347 47013 32777 33353 
16887 34491 32979 32866 
18544 22396 33097 32375 
23668 13548 33197 32012 
30620 8983 33218 31770 
37562 8962 33153 31666 
43034 13110 33085 31756 
45567 20022 33035 31976 
45021 28281 32940 32205 
41831 36680 32915 32489 
36544 44037 32886 32731 
30453 49109 32905 32895 
24568 51344 32859 32941 
20062 50462 32793 32911 
17928 46502 32720 32832 
18792 40120 32586 32731 
22643 32357 32470 32677 
28858 24366 32319 32667 
36121 18040 32183 32729 
42793 14952 32085 32855 
47898 16026 32069 33046 
50453 21243 32157 33282 
49954 29356 32324 33458 
46346 38267 32565 33563 
40124 45518 32845 33549 
31939 49175 33118 33364 
23450 48133 33372 33075 
16156 42930 33577 32692 
11701 35204 33635 32245 
11352 26993 33587 31799 
15397 20738 33430 31447 
22932 17559 33151 31247 
32530 17810 32855 31241 
42200 21067 32512 31428 
49811 26454 32272 31832 
54032 32944 32112 32351 
54044 39801 31969 32870 
50035 46105 31991 33473 
43007 50676 32089 33965 
34312 52648 32222 34274 
25441 51068 32390 34407 
18253 45675 32541 34337 
13787 36890 32676 34063 
12730 26135 32781 33615 
15200 15338 32880 33084 
20734 6941 32936 32453 
28032 3426 33077 31985 
35838 5152 33180 31543 
43032 12080 33288 31290 
48425 22866 33383 31203 
51093 35624 33413 31257 
50636 48192 33370 31450 
47213 58561 33269 31783 
41399 64852 33072 32168 
34340 65451 32790 32560 
27366 65281 32504 32991 
21445 54534 32197 33370 
17755 42484 31950 33687 
16659 28437 31812 33916 
18187 14548 31797 34019 
22110 2866 31866 33984 
27364 129 32038 33820 
33152 61 32323 33589 
38346 1176 32594 33229 
42227 13212 32864 32844 
44216 26333 33088 32456 
44331 40310 33266 32131 
42807 53097 33355 31849 
40284 62131 33418 31710 
37098 65410 33393 31669 
33700 65356 33357 31753 
30371 56087 33275 31894 
27567 44459 33135 32066 
25520 31150 32994 32260 
24498 18577 32838 32468 
24647 9025 32667 32673 
25879 4437 32498 32868 
27825 5017 32310 33033 
30148 10241 32186 33201 
32485 19085 32068 33346 
34509 29676 32026 33486 
36089 40435 32041 33563 
37185 49735 32138 33589 
37832 56293 32289 33515 
38008 58421 32485 33367 
37755 56023 32743 33180 
36957 49268 32974 32904 
35602 39223 33161 32550 
33894 28033 33340 32266 
31989 17668 33422 31992 
30241 10024 33407 31760 
29088 6561 33326 31615 
28781 8060 33183 31606 
29323 14072 33022 31715 
30350 23440 32827 31906 
31484 34738 32675 32216 
32216 45358 32493 32546 
32437 53817 32386 32913 
32143 58558 32245 33231 
31706 58813 32159 33544 
31504 54605 32122 33790 
31746 46750 32122 33903 
32396 36613 32193 33924 
33248 25832 32306 33819 
34048 16039 32464 33554 
34666 9289 32683 33252 
35126 6481 32920 32833 
35566 7939 33137 32362 
36206 13390 33386 31941 
36897 21405 33548 31569 
37396 30679 33611 31326 
37233 39674 33577 31246 
35864 47476 33422 31319 
33191 53053 33190 31595 
29389 56145 32874 32003 
25163 56512 32518 32494 
21798 54037 32238 33086 
20272 48590 31947 33565 
21238 40628 31800 33969 
24731 30691 31749 34167 
30085 20432 31853 34187 
35955 11792 32017 33991 
41325 6300 32287 33658 
45176 4999 32575 33213 
46873 7992 32838 32754 
46367 14511 33055 32307 
43979 23397 33245 31980 
40069 33331 33335 31763 
35438 42755 33405 31736 
30338 50684 33391 31801 
25273 56399 33367 31979 
20613 59179 33318 32235 
17228 58349 33203 32455 
15905 53859 33059 32610 
17493 46264 32878 32721 
22360 36434 32676 32773 
29889 26028 32475 32793 
38304 16902 32236 32744 
45836 10424 32057 32769 
50626 7515 31927 32803 
51499 8557 31880 32928 
48358 13118 31898 33078 
42462 20284 32055 33267 
35382 28686 32283 33444 
28607 37197 32609 33566 
23508 44029 32902 33553 
20354 48429 33178 33400 
19245 50027 33453 33165 
19970 48888 33577 32762 
22471 45845 33635 32372 
26581 41734 33567 31965 
31924 37434 33404 31632 
37812 33472 33116 31388 
42964 30343 32827 31346 
46211 27980 32563 31511 
46571 26294 32334 31818 
43679 25267 32148 32208 
38195 24965 32020 32660 
31450 25405 31988 33167 
24942 26398 31996 33586 
20304 27795 32108 33973 
18704 29153 32278 34197 
20252 30186 32454 34231 
24525 30841 32675 34106 
30620 31419 32912 33785 
36966 32308 33090 33307 
42497 34048 33295 32814 
46006 36758 33439 32253 
46753 40239 33506 31706 
44500 43541 33486 31288 
39777 45615 33397 31043 
33554 45366 33228 31003 
27149 42207 32980 31185 
22221 36692 32701 31554 
19692 29977 32446 32137 
19870 23551 32186 32749 
22614 18750 31959 33365 
27069 16880 31851 33913 
32277 17789 31849 34265 
37287 21038 31952 34435 
41441 26078 32187 34396 
43839 31788 32472 34111 
44065 37561 32799 33637 
41903 42512 33051 33006 
37620 46009 33320 32378 
32144 47205 33508 31784 
26904 45727 33579 31324 
23168 41791 33545 31087 
21893 36058 33343 31045 
23453 29644 33071 31271 
27304 24041 32755 31739 
32296 20206 32406 32305 
37166 18908 32157 32979 
40726 20343 31952 33581 
42126 24555 31909 34071 
41137 30569 32031 34334 
38115 37457 32268 34324 
33810 43890 32574 34035 
29031 48362 32886 33491 
24992 49426 33163 32838 
22530 46537 33381 32165 
22270 40025 33467 31578 
24498 30982 33422 31173 
28909 21855 33255 31056 
34820 14649 32989 31185 
41032 11130 32678 31574 
46266 12183 32423 32221 
48626 17453 32226 32904 
47301 25532 32095 33517 
42396 35253 32107 34025 
34907 45076 32218 34300 
26304 53780 32417 34325 
19001 59669 32667 34119 
14409 61609 32882 33661 
13325 58632 33013 33040 
15764 50580 33140 32422 
21095 38116 33207 31839 
28407 23042 33178 31385 
36751 7948 33076 31158 
44723 266 32909 31164 
51186 56 32712 31412 
54821 30 32529 31863 
54422 8064 32349 32429 
49717 22034 32265 33065 
41450 38558 32229 33608 
31335 54674 32267 34021 
21507 65136 32432 34232 
14443 65476 32620 34164 
11278 65517 32857 33903 
12129 65529 33089 33450 
16354 56659 33253 32855 
22677 40520 33382 32286 
30001 21541 33431 31796 
37256 4818 33344 31432 
43848 147 33132 31266 
48785 45 32862 31348 
51425 37 32556 31626 
51166 9027 32309 32085 
47658 22788 32100 32609 
41247 38471 31990 33103 
33522 52601 32014 33531 
25758 63350 32141 33796 
19522 65433 32366 33896 
15802 65508 32606 33801 
15204 65162 32832 33568 
17419 48563 32984 33253 
21644 31177 33078 32896 
27130 12959 33091 32583 
32849 523 33056 32359 
38156 73 32944 32218 
42561 37 32826 32152 
45818 108 32768 32200 
47481 13379 32755 32289 
47475 27713 32835 32429 
45598 42949 32880 32447 
41978 56830 32992 32477 
36991 65146 33082 32447 
30945 65467 33107 32397 
24496 65499 33051 32354 
18416 65451 32903 32360 
13982 51153 32673 32418 
12223 35533 32415 32567 
13979 19285 32180 32798 
19492 4881 31975 33088 
27747 175 31869 33387 
37336 68 31889 33655 
46379 56 32030 33822 
53224 6649 32280 33820 
56519 17808 32655 33720 
55882 31184 33015 33450 
51435 44973 33315 32984 
44208 56480 33597 32505 
35124 64124 33782 32026 
25177 65441 33770 31564 
15802 65417 33649 31280 
8916 55711 33361 31156 
5890 43979 32990 31247 
7560 30462 32571 31567 
13841 17486 32206 32071 
23412 7200 31880 32633 
34443 1338 31709 33232 
45011 411 31658 33752 
53130 5274 31797 34160 
57912 14045 32102 34374 
58736 25349 32468 34340 
55615 37628 32868 34056 
48948 48386 33199 33533 
39711 56183 33489 32943 
28978 59688 33612 32300 
18434 58365 33637 31744 
10423 52649 33484 31320 
6402 43955 33227 31158 
7202 34024 32891 31216 
12667 24821 32538 31489 
21307 18465 32300 32012 
31190 15658 32126 32556 
40478 16447 32059 33089 
47828 20188 32070 33517 
52209 25679 32207 33807 
53598 31742 32460 33939 
52093 37128 32679 33812 
48082 40844 32918 33551 
42299 41962 33080 33189 
35422 40284 33161 32745 
28229 36188 33205 32388 
21572 30459 33139 32071 
16728 24953 32976 31870 
14394 21396 32755 31800 
15001 21229 32573 31956 
18402 24936 32398 32197 
23723 31677 32276 32519 
30039 39891 32263 32887 
36223 47412 32303 33194 
41525 52396 32443 33414 
45175 53351 32663 33520 
46904 49934 32873 33453 
46688 42796 33089 33260 
