32968 32569 32763 31541 
32968 32569 32763 31541 
32854 32430 32491 31639 
32690 32309 32193 31879 
32539 32240 31973 32222 
32414 32232 31843 32667 
32411 32355 31886 33189 
32427 32498 32013 33634 
32545 32688 32281 33977 
32684 32892 32632 34111 
32791 33037 32958 34000 
32868 33139 33244 33692 
32907 33174 33458 33245 
32888 33147 33552 32704 
32826 33038 33510 32149 
32721 32878 33347 31673 
32586 32648 33058 31352 
32477 32448 32745 31249 
32456 32306 32461 31399 
32455 32200 32211 31723 
32527 32183 32052 32184 
32673 32267 32030 32714 
32863 32455 32144 33263 
32993 32646 32283 33658 
33150 32934 32556 33964 
33181 33129 32769 34009 
33135 33277 32971 33858 
33027 33370 33121 33572 
32836 33335 33201 33169 
32619 33200 33200 32713 
32414 32955 33102 32254 
32215 32626 32919 31842 
32154 32342 32757 31635 
32143 32076 32559 31589 
32209 31884 32374 31718 
32344 31816 32251 32006 
32526 31890 32220 32394 
32739 32106 32282 32841 
32909 32397 32398 33229 
33072 32791 32610 33582 
33157 33150 32817 33713 
33188 33472 33009 33650 
33183 33714 33191 33439 
33161 33839 33323 33130 
33099 33783 33368 32716 
33002 33568 33306 32305 
32889 33237 33155 31945 
32746 32811 32903 31703 
32601 32369 32634 31668 
32476 31970 32368 31800 
32359 31676 32166 32077 
32281 31560 32039 32474 
32221 31578 32001 32910 
32198 31751 32082 33289 
32261 32072 32255 33594 
32330 32430 32456 33692 
32485 32863 32722 33690 
32631 33225 32916 33480 
32757 33485 33030 33130 
32901 33656 33107 32793 
32976 33629 33079 32422 
33062 33522 33040 32205 
33057 33247 32921 32046 
33062 32963 32839 32056 
33014 32629 32749 32133 
33021 32418 32777 32356 
32971 32230 32782 32525 
32944 32170 32859 32684 
32886 32190 32919 32749 
32824 32297 32969 32762 
32725 32430 32968 32694 
32616 32578 32900 32596 
32505 32715 32782 32525 
32400 32823 32618 32507 
32268 32849 32391 32527 
32190 32861 32215 32675 
32156 32832 32084 32882 
32164 32780 32011 33110 
32290 32757 32088 33375 
32501 32761 32267 33578 
32740 32772 32512 33623 
32989 32804 32787 33514 
33215 32829 33054 33257 
33400 32858 33268 32879 
33513 32889 33421 32443 
33549 32923 33522 32050 
33420 32871 33463 31674 
33212 32795 33328 31464 
32909 32680 33138 31416 
32578 32554 32905 31547 
32266 32445 32673 31865 
31980 32318 32423 32272 
31809 32264 32221 32763 
31739 32224 32065 33235 
31804 32252 31946 33648 
32024 32373 31949 33966 
32339 32575 32040 34110 
32687 32798 32178 34062 
33049 33043 32401 33846 
33388 33293 32672 33489 
33598 33438 32933 33006 
33682 33504 33182 32474 
33653 33450 33397 31980 
33476 33287 33548 31581 
33217 33044 33616 31358 
32838 32682 33518 31255 
32505 32364 33370 31391 
32189 32072 33112 31681 
31945 31868 32798 32070 
31886 31836 32522 32549 
31949 31961 32261 33049 
32093 32151 32032 33453 
32341 32459 31916 33788 
32645 32790 31889 33942 
32945 33122 31991 33965 
33163 33344 32160 33804 
33340 33490 32410 33536 
33389 33496 32690 33189 
33300 33344 32934 32783 
33112 33110 33140 32373 
32865 32810 33276 32041 
32568 32467 33282 31789 
32319 32201 33232 31719 
32108 31966 33042 31730 
32037 31922 32868 31926 
32076 31988 32662 32162 
32267 32208 32535 32506 
32534 32506 32473 32824 
32815 32811 32468 33054 
33122 33141 32592 33258 
33318 33345 32717 33290 
33471 33506 32923 33298 
33411 33441 32997 33115 
33259 33296 33052 32913 
33019 33076 33024 32709 
32733 32805 32906 32543 
32446 32520 32730 32419 
32225 32322 32525 32422 
32093 32189 32337 32476 
32053 32121 32174 32574 
32140 32167 32104 32723 
32324 32308 32162 32879 
32545 32470 32280 32970 
32826 32672 32522 33043 
33066 32867 32818 33038 
33205 32960 33044 32900 
33263 33047 33250 32751 
33257 33125 33428 32584 
33130 33099 33459 32394 
32962 33052 33405 32267 
32749 32954 33242 32195 
32499 32793 32962 32180 
32347 32679 32676 32292 
32267 32575 32399 32504 
32255 32485 32150 32747 
32283 32379 31964 32990 
32401 32348 31915 33223 
32572 32382 32002 33427 
32763 32465 32213 33528 
32931 32564 32480 33469 
33072 32702 32815 33321 
33160 32856 33148 33065 
33162 32954 33363 32700 
33115 33061 33537 32354 
32999 33107 33563 32024 
32826 33069 33444 31771 
32656 32986 33227 31656 
32466 32831 32922 31678 
32350 32656 32585 31857 
32341 32572 32335 32202 
32389 32516 32143 32607 
32482 32491 32036 33031 
32588 32496 32010 33392 
32723 32568 32099 33684 
32879 32686 32310 33867 
33000 32783 32558 33872 
33069 32852 32807 33707 
33050 32855 33006 33404 
32993 32834 33163 33004 
32900 32775 33269 32584 
32785 32723 33304 32177 
32679 32653 33266 31850 
32536 32562 33119 31601 
32430 32496 32917 31525 
32348 32489 32673 31638 
32334 32538 32454 31938 
32470 32742 32179 32792 
32568 32819 32127 33244 
32716 32896 32193 33604 
32882 32963 32366 33859 
33068 33015 32629 33929 
33176 32987 32907 33773 
33212 32903 33139 33441 
33180 32792 33338 33009 
33082 32689 33445 32503 
32968 32627 33439 32061 
32796 32584 33316 31700 
32591 32556 33060 31481 
32444 32601 32769 31497 
32354 32684 32480 31698 
32297 32749 32204 32036 
32340 32826 32038 32501 
32409 32844 31955 32972 
32512 32814 31989 33398 
32637 32749 32152 33734 
32795 32692 32445 33951 
32906 32601 32748 33926 
32964 32532 33049 33730 
32940 32456 33255 33357 
32900 32439 33395 32898 
32847 32491 33424 32459 
32774 32593 33323 32052 
32697 32703 33098 31743 
32611 32792 32779 31582 
32548 32878 32436 31599 
32566 32976 32218 31869 
32586 32995 32061 32183 
32633 32989 32065 32607 
32716 32954 32211 33042 
32772 32849 32429 33360 
32836 32768 32756 33587 
32858 32666 33045 33631 
32891 32624 33312 33544 
32863 32570 33441 33268 
32814 32547 33457 32900 
32753 32570 33321 32519 
32732 32645 33112 32229 
32677 32691 32801 32095 
32658 32758 32490 32195 
32655 32790 32211 32462 
32654 32799 32016 32702 
32653 32747 31924 32680 
32647 32681 31985 32334 
32636 32589 32163 31707 
32601 32486 32400 31079 
32598 32448 32700 30889 
32612 32480 32990 31366 
32663 32591 33237 32529 
32850 32814 33395 34129 
33176 33214 33413 35626 
33618 33774 33307 36705 
33835 34195 33118 37035 
33448 34026 32858 36554 
32271 33001 32581 35353 
30423 31093 32346 33701 
28567 28822 32181 31770 
27719 27162 32158 29796 
28666 27076 32233 27887 
31584 29245 32394 26436 
35864 33520 32650 25779 
40117 38622 32886 26081 
43002 42807 33100 27531 
43555 44511 33258 30105 
41364 43070 33291 33365 
36684 38994 33226 36989 
30619 33911 33036 40158 
24357 29324 32784 42359 
19094 25973 32501 43089 
16232 23842 32255 42094 
16450 22061 32079 39422 
20215 19967 32012 35371 
26872 17861 32047 30712 
35235 16958 32196 26180 
43601 19048 32428 22587 
50273 25348 32738 20615 
53755 35501 33005 20586 
53338 47696 33231 22576 
49054 59327 33385 26370 
41900 65301 33451 31155 
32880 65484 33412 36222 
23463 65505 33273 40655 
15051 54736 33061 43749 
9040 40345 32809 45030 
6618 24279 32593 44309 
8600 8642 32382 41657 
15043 312 32147 37582 
25457 95 32017 32889 
38715 66 31964 28231 
52189 48 31995 24597 
63616 8433 32114 22432 
65444 21807 32246 22008 
65524 38229 32497 23369 
65535 55004 32787 26172 
53942 65175 33041 29790 
35266 65467 33317 33725 
16217 65505 33490 37104 
956 65521 33582 39496 
64 65524 33633 40659 
23 51849 33501 40308 
164 32740 33287 38752 
14972 12356 33001 36290 
30109 367 32629 33361 
44715 73 32305 30753 
56905 34 32029 28752 
64472 22 31862 27666 
65475 9993 31835 27626 
60792 24996 31915 28497 
50040 42076 32092 29987 
34984 58250 32378 31875 
18877 65305 32669 33682 
4410 65494 32936 35119 
142 65519 33110 35913 
44 65523 33194 35998 
32 53981 33163 35424 
9534 35733 33092 34410 
23118 16173 32925 33081 
38581 732 32826 31854 
53306 97 32712 30853 
64728 44 32699 30322 
65447 31 32738 30286 
65498 6914 32886 30763 
65510 20137 32972 31523 
65433 35850 33112 32541 
49272 51006 33202 33494 
32406 62666 33142 34182 
15958 65421 33041 34577 
2668 65498 32835 34615 
114 65470 32553 34283 
54 51819 32226 33671 
72 36959 31923 32955 
10317 21504 31731 32265 
21740 7609 31710 31750 
33396 292 31802 31450 
43763 77 32031 31398 
51299 57 32415 31651 
55071 6560 32840 32031 
54895 18356 33285 32504 
51532 32819 33676 32958 
46096 47459 33919 33290 
40009 59548 34016 33482 
34137 65316 33926 33473 
28945 65488 33688 33293 
24292 63904 33311 32951 
20350 51010 32885 32601 
17149 37545 32386 32234 
15413 23454 31980 32054 
15987 12290 31654 32024 
19299 5110 31476 32171 
25192 2637 31421 32444 
32823 4906 31578 32873 
40686 11232 31844 33281 
47433 20759 32246 33657 
51878 32110 32697 33861 
53286 43615 33158 33847 
51481 53723 33560 33592 
46756 60661 33829 33117 
39924 63124 33997 32583 
31659 60341 33970 31985 
23567 52698 33759 31429 
16725 41580 33453 31104 
12127 28768 33036 30990 
10563 16707 32626 31189 
12338 7409 32213 31599 
17434 2388 31881 32201 
25234 2252 31692 32913 
34789 6634 31644 33593 
44785 14994 31788 34199 
53152 25785 32033 34563 
58314 37530 32323 34631 
58964 48866 32640 34429 
54693 58084 32912 33970 
46072 63749 33082 33324 
34611 64767 33213 32691 
22491 60961 33210 32046 
12012 52826 33107 31530 
5197 41347 32984 31249 
3669 28727 32840 31179 
7584 16863 32758 31343 
16211 7531 32732 31680 
27925 1985 32788 32102 
40673 845 32882 32514 
52501 4180 33029 32914 
60809 11107 33124 33162 
64039 20707 33162 33295 
61473 31998 33131 33338 
53540 43106 32957 33233 
41494 53079 32686 33112 
27004 60703 32393 33032 
13183 64290 32098 32982 
2455 63247 31799 32948 
101 57736 31685 33006 
34 48294 31636 33009 
6956 36854 31878 33127 
19874 25289 32136 33081 
35687 15582 32575 32981 
50415 9868 33053 32815 
61828 8034 33460 32524 
65409 9652 33803 32215 
65494 13632 33961 31892 
65423 19079 33937 31662 
52481 25371 33779 31610 
38193 32031 33428 31657 
23102 38400 33079 31934 
9344 43849 32687 32294 
395 47757 32318 32777 
62 49069 32001 33193 
34 47901 31778 33574 
8295 44741 31683 33848 
21885 40458 31729 33986 
37138 36228 31849 33921 
51726 32824 32064 33729 
62981 30513 32298 33397 
65438 29280 32589 33030 
65510 28637 32881 32632 
64211 28093 33121 32223 
48411 27448 33394 31938 
32911 26567 33567 31726 
17356 25553 33682 31666 
4329 24492 33669 31696 
146 23793 33567 31827 
46 23867 33402 32018 
1730 25105 33118 32216 
14766 27968 32784 32478 
28685 32300 32468 32740 
43141 37826 32177 32996 
55871 43802 31886 33197 
64135 49027 31812 33452 
65462 52363 31803 33629 
65373 52958 31886 33690 
53202 50276 32094 33714 
39714 44546 32338 33617 
24830 36356 32599 33427 
11387 26616 32826 33144 
2461 17126 32987 32789 
108 9280 33097 32417 
917 4593 33176 32121 
11233 4160 33185 31843 
23306 8362 33164 31672 
36693 16808 33132 31655 
49243 28393 33108 31725 
58440 40746 33087 31900 
62828 52108 33088 32145 
61358 60845 33016 32388 
54692 64697 32998 32694 
44145 63535 32876 32916 
31867 57648 32746 33128 
20175 47843 32558 33261 
11433 35576 32387 33394 
7178 22595 32182 33428 
8018 11047 32033 33440 
13349 2829 31921 33387 
21747 136 31872 33280 
31658 107 31935 33172 
40946 9772 32082 33016 
48093 21829 32345 32843 
51991 36128 32701 32669 
51824 49495 33067 32466 
47834 59574 33384 32217 
40764 64248 33661 31996 
32506 62454 33832 31844 
24722 55144 33811 31715 
19301 44137 33679 31725 
17463 31770 33411 31833 
19561 20637 33115 32070 
24694 12741 32730 32342 
31473 9230 32387 32714 
38037 10092 32112 33103 
42774 14579 31866 33396 
44928 21625 31767 33663 
44242 29766 31770 33837 
41047 37726 31869 33876 
35746 44499 31990 33726 
29837 48739 32211 33543 
24288 50190 32504 33305 
20068 48530 32749 32946 
18356 44143 33011 32592 
19515 37664 33234 32236 
23484 30141 33384 31912 
29752 22941 33539 31672 
36728 17840 33587 31556 
43238 16039 33531 31520 
48212 18425 33429 31629 
50447 24490 33225 31812 
49609 32823 32985 32068 
45561 41377 32688 32387 
38982 47533 32433 32780 
30773 49660 32221 33179 
22283 47135 32015 33502 
15219 40722 31970 33824 
11434 32453 31974 33967 
11810 24499 32088 33994 
16529 18659 32238 33856 
24462 16246 32408 33567 
33993 17258 32606 33230 
43132 21051 32744 32803 
50135 26803 32865 32396 
53648 33583 32934 32041 
53134 40494 32947 31783 
48808 46793 32973 31669 
41731 51225 32953 31672 
33245 52966 32980 31810 
24982 51232 33069 32061 
18365 45671 33159 32335 
14504 36919 33234 32607 
13971 26376 33271 32823 
16770 15974 33257 32989 
22186 8295 33158 33067 
29181 4900 32964 33081 
36804 6703 32707 33045 
43423 13365 32428 33012 
48070 23543 32113 32917 
49981 35497 31843 32872 
48883 47142 31676 32870 
45008 56630 31674 32921 
39143 62428 31819 33002 
32186 63498 32047 33042 
25786 59753 32413 33107 
20805 51653 32801 33073 
17972 40007 33162 32927 
17809 27032 33492 32781 
20066 14507 33705 32520 
24319 4660 33809 32295 
29679 221 33738 32045 
35184 66 33536 31841 
39844 4760 33232 31710 
43099 15331 32939 31778 
44315 28497 32607 31924 
43728 42204 32338 32215 
41606 54404 32076 32550 
38653 62715 31948 32982 
35238 65412 31844 33346 
31773 60579 31875 33711 
28744 54720 32011 33956 
26335 43086 32165 34013 
24830 29953 32407 33934 
24433 17714 32704 33708 
25128 8979 32932 33301 
26830 5047 33175 32838 
29155 6212 33367 32342 
31617 11800 33511 31869 
33883 20548 33557 31487 
35724 31181 33493 31256 
37006 41614 33349 31207 
37752 50400 33129 31349 
38046 56081 32875 31672 
37930 57672 32632 32155 
37384 54703 32404 32693 
36341 47462 32216 33241 
34804 37400 32067 33669 
32955 26332 32043 34013 
31017 16308 32074 34111 
29386 9253 32174 34047 
28411 6468 32306 33791 
28285 8522 32431 33401 
29017 15198 32565 32973 
30218 25015 32677 32574 
31419 36229 32790 32229 
32285 47016 32856 31969 
32621 55223 32947 31855 
32588 59683 33090 31915 
32400 59529 33185 32025 
32429 54657 33305 32208 
32867 46342 33409 32411 
33590 35799 33463 32601 
34312 24428 33413 32685 
34815 14659 33275 32727 
35012 7854 33011 32680 
35059 5120 32720 32649 
35158 6866 32420 32658 
35412 12467 32089 32658 
35830 20837 31818 32722 
36093 30467 31668 32862 
35757 39956 31676 33068 
34423 48164 31841 33284 
31883 54277 32108 33477 
28445 57810 32463 33586 
24877 58354 32827 33574 
22202 55678 33169 33420 
21356 49659 33459 33158 
22855 40943 33626 32796 
26575 30489 33695 32401 
31841 19696 33626 32002 
37330 10803 33377 31611 
42159 5393 33088 31394 
45416 4364 32758 31360 
46523 7751 32433 31510 
45563 14629 32169 31842 
42837 23689 31967 32259 
38863 33725 31913 32810 
34144 43065 31917 33292 
29161 50959 32098 33779 
24121 56540 32349 34100 
19817 58915 32682 34231 
16815 57722 32979 34119 
16038 52896 33205 33785 
18304 44979 33387 33303 
23666 35433 33479 32787 
31298 25549 33417 32225 
39851 16893 33260 31735 
46908 11106 32981 31356 
50982 8897 32710 31234 
51142 10374 32455 31352 
47563 15006 32223 31623 
41435 21883 32091 32039 
34441 29669 32047 32508 
27970 37329 32120 33023 
23211 43289 32262 33445 
20435 47017 32499 33802 
19547 48108 32736 33941 
20476 46891 32939 33891 
23115 44123 33101 33676 
27411 40532 33196 33326 
32755 36985 33214 32891 
38314 33834 33167 32412 
43085 31223 33083 32041 
45675 29110 32920 31766 
45347 27411 32716 31640 
42090 26223 32559 31771 
36456 25565 32392 32011 
30004 25595 32263 32362 
24238 26245 32200 32757 
20531 27331 32247 33175 
19783 28465 32312 33434 
22059 29468 32519 33597 
26701 30330 32752 33598 
32614 31208 32951 33374 
38549 32615 33150 33043 
43343 34842 33298 32641 
46014 38013 33368 32237 
45817 41491 33316 31892 
42810 44535 33168 31705 
37532 45972 32942 31696 
31288 44866 32681 31900 
25434 41045 32455 32253 
21225 35063 32230 32664 
19530 28259 32096 33095 
20522 22192 32049 33501 
23790 18150 32109 33765 
28673 16833 32262 33881 
33875 18284 32450 33747 
38572 21887 32666 33482 
42135 26928 32903 33092 
43869 32745 33055 32591 
43425 38330 33199 32140 
40706 43004 33255 31737 
36101 46069 33203 31444 
30822 46853 33122 31383 
26063 45153 33016 31548 
23027 41104 32816 31836 
22584 35448 32623 32290 
24816 29552 32452 32838 
28946 24442 32312 33378 
33867 21121 32249 33835 
38254 20135 32268 34135 
41052 21641 32355 34206 
41637 25373 32479 34010 
39921 30935 32653 33600 
36401 37105 32838 33064 
31872 42667 32979 32438 
27383 46314 33124 31875 
23742 46811 33191 31394 
22121 43674 33190 31144 
22799 37405 33100 31118 
25920 29416 32975 31339 
30972 21621 32811 31768 
37181 15991 32641 32318 
43262 13906 32498 32956 
47686 15784 32329 33509 
49097 21159 32270 33990 
46814 28910 32263 34247 
41059 37702 32307 34264 
32948 46229 32389 34017 
24383 53352 32564 33638 
17302 57843 32722 33105 
13204 58597 32904 32535 
12947 54800 33074 32048 
16154 46204 33120 31624 
22232 33544 33089 31408 
29966 19179 32990 31421 
38337 5801 32848 31627 
46181 197 32700 32020 
52348 51 32583 32505 
55243 34 32517 32985 
54017 11240 32483 33378 
48280 26725 32552 33650 
39570 43519 32693 33747 
29445 59131 32832 33634 
20081 65331 32950 33332 
13836 65494 33073 32956 
11497 65519 33083 32512 
13088 65526 33034 32122 
17720 55651 32896 31835 
24148 37771 32699 31719 
31306 18879 32489 31815 
38465 2554 32302 32093 
44453 112 32171 32464 
48742 43 32128 32892 
50695 41 32192 33323 
49724 10715 32353 33662 
45835 24259 32582 33804 
39622 39260 32862 33789 
31982 53418 33045 33482 
24843 63768 33240 33127 
19387 65443 33345 32663 
16591 65511 33395 32242 
16722 62500 33295 31826 
19489 46959 33202 31620 
23909 29611 32994 31566 
29288 11784 32791 31714 
34607 435 32576 32004 
39269 70 32368 32363 
43062 39 32203 32795 
45342 1691 32071 33174 
46143 14479 32033 33517 
45367 28809 32062 33748 
43012 43879 32158 33841 
39235 57148 32329 33790 
34371 65157 32574 33628 
28584 65470 32829 33317 
22929 65497 33077 32941 
17992 65346 33291 32532 
14797 50019 33505 32173 
14347 34589 33556 31799 
17233 18797 33570 31587 
23310 5181 33453 31465 
31651 186 33259 31512 
40608 69 32951 31655 
48473 60 32656 31991 
53817 7119 32335 32382 
55537 18255 32121 32871 
53493 31380 31920 33282 
48128 44895 31859 33675 
40482 56007 31931 33961 
31374 63255 32056 34050 
21971 65386 32269 34010 
13768 62096 32525 33830 
8166 54235 32730 33479 
6510 42974 32897 33077 
9455 30264 33016 32641 
16589 18247 33115 32242 
26470 8949 33166 31925 
37423 3860 33187 31689 
47185 3763 33162 31584 
54435 8340 33142 31604 
58282 16821 33138 31726 
58114 27263 33078 31906 
54243 38104 33034 32165 
47119 47489 32952 32429 
37616 53941 32843 32708 
27061 56327 32690 32968 
17233 54400 32531 33237 
9855 48557 32353 33435 
6717 40427 32174 33565 
8273 31719 32037 33631 
14194 24182 31989 33629 
22720 19534 31999 33525 
32190 18216 32098 33339 
40818 20011 32276 33105 
47662 24289 32530 32810 
51523 29552 32818 32515 
52557 34794 33068 32202 
51017 38920 33312 31945 
47303 41158 33521 31791 
41818 40870 33596 31669 
35297 38042 33579 31700 
28333 33059 33440 31835 
22187 27272 33219 32043 
17663 22260 32911 32354 
15520 19694 32558 32701 
16192 20851 32233 33105 
19352 25717 31933 33423 
24355 33275 31783 33694 
30398 42114 31764 33846 
36122 49362 31928 33860 
40862 53475 32151 33660 
44217 53457 32475 33366 
45866 49011 32835 32932 
45650 41171 33153 32476 
