32012 31511 32120 32611 
32012 31511 32120 32611 
32143 31898 32073 32590 
32351 32384 32128 32648 
32617 32909 32283 32779 
32838 33322 32472 32860 
33059 33665 32740 32974 
33233 33843 33012 33020 
33324 33822 33252 32950 
33355 33691 33446 32829 
33313 33461 33545 32620 
33202 33173 33539 32378 
33050 32842 33406 32150 
32821 32497 33157 31950 
32592 32212 32847 31883 
32365 31972 32507 31946 
32157 31796 32171 32129 
32024 31717 31898 32465 
31961 31766 31758 32868 
32010 31914 31782 33289 
32155 32157 31936 33644 
32379 32453 32195 33854 
32666 32818 32564 33895 
32969 33174 32942 33731 
33224 33475 33279 33400 
33419 33712 33536 32933 
33550 33862 33693 32437 
33587 33893 33714 32002 
33462 33743 33541 31608 
33223 33484 33255 31399 
32934 33117 32910 31418 
32626 32688 32549 31633 
32366 32272 32272 32064 
32131 31851 32046 32522 
31994 31531 31919 33041 
31939 31354 31883 33468 
31991 31355 31980 33761 
32164 31554 32186 33894 
32434 31976 32493 33852 
32701 32442 32776 33605 
32926 32932 33020 33240 
33061 33360 33183 32763 
33158 33728 33309 32363 
33147 33907 33296 32005 
33050 33875 33179 31800 
32917 33677 32995 31750 
32765 33379 32772 31890 
32664 33029 32570 32181 
32630 32693 32453 32564 
32661 32416 32406 32955 
32728 32205 32432 33278 
32816 32092 32542 33458 
32928 32120 32730 33499 
32962 32205 32910 33341 
32953 32322 33051 33051 
32858 32444 33126 32656 
32727 32573 33138 32289 
32566 32666 33053 31971 
32374 32676 32843 31763 
32241 32705 32619 31763 
32196 32735 32400 31970 
32228 32774 32213 32288 
32349 32850 32106 32734 
32554 32983 32107 33202 
32789 33130 32202 33607 
33019 33275 32405 33893 
33233 33366 32665 33960 
33352 33355 32939 33821 
33353 33225 33172 33486 
33226 32970 33319 33011 
33052 32665 33409 32479 
32615 32020 33270 31575 
32419 31795 33052 31347 
32276 31701 32777 31324 
32171 31754 32467 31513 
32202 31985 32242 31929 
32220 32255 32026 32386 
32336 32640 31965 32961 
32448 32995 31974 33480 
32561 33296 32083 33872 
32730 33564 32362 34115 
32876 33696 32678 34124 
32995 33661 32995 33898 
33075 33517 33256 33466 
33123 33255 33442 32921 
33178 32994 33556 32383 
33178 32700 33520 31840 
33125 32409 33350 31436 
33051 32226 33110 31289 
32886 32047 32766 31308 
32740 32018 32470 31598 
32561 32050 32211 32055 
32392 32132 32038 32579 
32238 32260 31979 33127 
32118 32380 32016 33570 
32093 32551 32176 33895 
32158 32725 32404 34003 
32282 32903 32633 33905 
32476 33077 32864 33612 
32719 33252 33055 33220 
32975 33402 33186 32772 
33214 33499 33266 32329 
33376 33496 33241 31937 
33435 33385 33151 31682 
33394 33177 33013 31605 
33234 32869 32814 31673 
32992 32501 32617 31909 
32734 32153 32480 32305 
32393 31787 32316 32701 
32156 31561 32266 33136 
31925 31432 32212 33441 
31857 31515 32273 33683 
31953 31841 32443 33803 
32149 32275 32638 33703 
32449 32830 32837 33458 
32764 33367 33005 33045 
33141 33913 33187 32608 
33424 34256 33286 32147 
33635 34400 33323 31786 
33684 34270 33273 31533 
33536 33852 33089 31454 
33283 33274 32896 31599 
32895 32583 32613 31882 
32564 31975 32423 32356 
32210 31424 32209 32831 
31956 31102 32067 33285 
31877 31080 32053 33709 
31926 31286 32129 33947 
32132 31760 32309 34021 
32408 32310 32534 33875 
32716 32899 32776 33567 
32947 33386 32942 33135 
33101 33741 33061 32651 
33163 33912 33128 32243 
33094 33807 33086 31886 
32980 33574 33042 31725 
32762 33171 32908 31697 
32582 32745 32801 31836 
32462 32368 32728 32072 
32427 32112 32698 32368 
32523 32050 32738 32671 
32686 32161 32799 32917 
32889 32390 32852 33051 
33132 32746 32920 33123 
33289 33057 32908 33068 
33369 33292 32864 32989 
33293 33363 32748 32870 
33090 33243 32592 32769 
32787 32963 32423 32730 
32399 32556 32257 32718 
32087 32169 32194 32811 
31781 31776 32129 32843 
31681 31606 32211 32951 
31763 31665 32374 33010 
32012 31962 32615 33018 
32405 32431 32885 32971 
32835 32968 33135 32830 
33232 33507 33297 32634 
33625 34010 33450 32452 
33823 34261 33457 32257 
33857 34272 33381 32130 
33657 33973 33182 32038 
33357 33472 32968 32068 
32927 32797 32700 32153 
32510 32110 32485 32366 
32106 31464 32268 32605 
31813 31004 32110 32855 
31661 30829 32007 33095 
31715 30964 31994 33303 
31917 31410 32059 33452 
32229 32072 32206 33520 
32594 32806 32415 33498 
32965 33530 32683 33387 
33235 34092 32932 33164 
33435 34425 33205 32902 
33493 34460 33407 32583 
33472 34282 33571 32307 
33303 33834 33590 32007 
33089 33288 33530 31822 
32835 32682 33332 31710 
32601 32148 33080 31754 
32415 31717 32754 31890 
32297 31501 32444 32157 
32272 31495 32195 32510 
32288 31632 31992 32864 
32364 31915 31883 33221 
32550 32322 31968 33559 
32702 32699 32107 33769 
32842 33047 32321 33841 
32931 33292 32568 33734 
32963 33417 32812 33531 
32922 33383 33004 33164 
32839 33277 33149 32760 
32716 33088 33220 32307 
32629 32924 33254 31968 
32573 32763 33211 31693 
32546 32628 33110 31584 
32543 32535 32950 31631 
32615 32509 32803 31881 
32660 32455 32607 32193 
32738 32443 32482 32655 
32772 32430 32381 33106 
32793 32411 32335 33491 
32801 32421 32356 33784 
32786 32467 32423 33874 
32815 32601 32591 33813 
32841 32766 32755 33544 
32847 32919 32895 33112 
32874 33083 33018 32584 
32928 33267 33117 32096 
32932 33357 33135 31656 
32922 33373 33094 31411 
32882 33290 32987 31363 
32776 33070 32815 31541 
32656 32788 32642 31914 
32521 32476 32476 32432 
32404 32185 32372 33025 
32272 31909 32284 33560 
32254 31828 32308 34005 
32302 31881 32408 34221 
32424 32083 32554 34202 
32585 32388 32709 33950 
32763 32738 32841 33500 
32908 33049 32918 32913 
33027 33305 32937 32330 
33087 33458 32917 31814 
33088 33466 32857 31494 
33040 33354 32799 31481 
32929 33123 32741 31766 
32821 32853 32725 32279 
32719 32578 32751 32763 
32657 32361 32810 32957 
32605 32229 32879 32678 
32600 32208 32957 32033 
32637 32306 33020 31252 
32713 32507 33046 30860 
32792 32739 32997 31122 
32833 32945 32862 32099 
32951 33195 32694 33657 
33208 33521 32505 35321 
33507 33879 32298 36640 
33643 34088 32192 37315 
33137 33719 32084 37123 
31911 32571 32068 36168 
30074 30669 32176 34615 
28192 28396 32343 32627 
27282 26708 32615 30381 
28237 26692 32884 28186 
31266 29001 33164 26348 
35792 33444 33385 25242 
40557 39029 33524 25242 
43902 43652 33575 26537 
44782 45687 33499 29050 
42744 44310 33313 32472 
38001 39997 33069 36393 
31457 34272 32785 40020 
24594 28989 32484 42605 
18811 25175 32282 43741 
15258 22748 32114 43036 
14933 20976 32009 40413 
18313 19230 31994 36387 
24915 17510 32036 31519 
33930 16902 32168 26508 
42927 19224 32297 22514 
50193 25612 32469 20256 
54342 35786 32676 20075 
54498 48069 32874 22033 
50725 59612 33083 25797 
43721 65346 33257 30695 
34612 65489 33416 35949 
24871 65510 33539 40636 
15970 56340 33585 43985 
9308 41737 33560 45442 
6177 25402 33437 44787 
7477 9755 33225 42141 
13457 367 32967 38053 
23527 99 32601 33128 
36552 66 32252 28302 
50667 49 31968 24333 
62769 7445 31722 21908 
65429 20389 31650 21401 
65523 36575 31700 22744 
65535 53693 31915 25717 
56082 65077 32220 29617 
38634 65456 32540 33783 
18845 65503 32890 37576 
2021 65520 33148 40278 
83 65524 33350 41600 
22 53017 33446 41437 
44 33853 33434 39827 
13019 13753 33325 37247 
27427 476 33172 34138 
42336 83 33007 31075 
55312 36 32871 28524 
63642 23 32779 26948 
65458 8541 32697 26424 
59226 23171 32688 26962 
51480 40636 32703 28411 
36954 56837 32696 30331 
20731 65275 32657 32378 
5773 65489 32592 34202 
169 65520 32504 35589 
47 65526 32411 36271 
33 56058 32350 36273 
8481 38169 32231 35612 
21969 18495 32277 34686 
37354 1194 32323 33531 
52354 113 32433 32466 
64426 48 32606 31654 
65444 32 32801 31252 
65495 5705 32983 31177 
65511 17663 33172 31494 
65480 33523 33351 32020 
50404 49053 33470 32556 
33572 61510 33509 33024 
16897 65395 33416 33260 
3061 65496 33247 33297 
121 65504 32987 33120 
54 54819 32646 32774 
62 40275 32361 32461 
9765 24306 32071 32156 
20797 9974 31852 32004 
32545 474 31751 32018 
43378 84 31835 32279 
51050 55 32023 32628 
54781 5037 32311 33012 
54674 16068 32723 33395 
51281 30630 33150 33667 
45756 45738 33499 33719 
39682 58290 33740 33574 
33960 65199 33836 33290 
29046 65484 33782 32904 
24657 65276 33499 32436 
20926 52291 33162 32060 
17846 38928 32730 31783 
16029 25175 32339 31692 
16284 13335 32002 31788 
19258 5663 31818 32081 
24877 2739 31776 32450 
32295 4575 31842 32835 
40340 10768 32064 33225 
47224 20179 32384 33535 
51898 31439 32752 33703 
53521 43073 33076 33680 
51862 53301 33338 33461 
47240 60484 33527 33144 
40272 63167 33568 32752 
31874 60614 33499 32365 
23526 53191 33293 32047 
16354 42046 32978 31852 
11404 29135 32615 31801 
9578 16587 32315 31979 
11344 6914 32052 32271 
16600 1918 31938 32678 
24677 1817 31932 33051 
34677 6449 32099 33413 
45129 15096 32362 33626 
54048 26175 32715 33688 
59737 38215 33094 33580 
60724 49648 33380 33259 
56484 59053 33575 32790 
47732 64552 33681 32362 
35818 65442 33592 31915 
23038 61186 33366 31601 
11681 52521 33046 31489 
4301 40934 32662 31590 
2186 28102 32295 31905 
5706 16079 32039 32374 
14351 6514 31858 32920 
26222 1135 31798 33404 
39319 113 31932 33854 
51491 3756 32182 34108 
60634 11093 32498 34136 
64501 21184 32833 33950 
62443 32427 33084 33559 
54969 43652 33275 33093 
43210 53638 33298 32550 
28689 61249 33284 32113 
14584 64703 33172 31779 
3347 63625 32956 31544 
119 58061 32783 31544 
34 48437 32654 31708 
6103 36871 32632 32012 
18980 25228 32691 32342 
34298 15687 32768 32650 
49453 9608 32877 32918 
61214 7648 32949 33105 
65385 9126 32964 33171 
65492 13099 32944 33201 
65435 18686 32832 33145 
52797 24982 32654 33079 
38881 31591 32440 33032 
23777 38015 32217 32972 
9592 43708 32049 32949 
477 47696 31976 32959 
66 49389 32051 32993 
35 48556 32206 32982 
7721 45550 32489 32948 
20941 41367 32823 32871 
36393 36985 33134 32703 
51249 33330 33425 32512 
63051 30729 33612 32303 
65441 29253 33685 32126 
65510 28374 33581 31944 
65453 27722 33377 31881 
50907 27008 33114 31916 
35230 26143 32800 32036 
19103 25178 32492 32239 
5602 24256 32205 32491 
182 23656 32026 32819 
46 23721 31888 33119 
66 24898 31868 33410 
12254 27518 31928 33643 
25683 31638 32062 33781 
40363 37153 32303 33845 
53537 43161 32571 33752 
62685 48521 32850 33577 
65428 52220 33141 33307 
65361 53335 33392 32928 
54498 51263 33571 32505 
41726 46096 33689 32100 
27082 38320 33657 31705 
13582 28915 33486 31388 
3789 19080 33252 31244 
207 10590 32933 31247 
4364 5174 32609 31449 
10598 3773 32279 31769 
22624 7162 32060 32268 
35921 14863 31895 32799 
48382 25816 31898 33378 
57957 38063 31940 33845 
62953 49979 32141 34241 
62136 59139 32380 34432 
55948 64167 32657 34443 
45620 64225 32910 34197 
32960 59247 33099 33749 
20905 50284 33231 33178 
11579 38491 33313 32567 
6680 25561 33348 31991 
6936 13267 33249 31461 
11918 4163 33089 31107 
20260 229 32914 31005 
30183 63 32705 31113 
40028 7743 32506 31475 
47902 19429 32368 32001 
52334 33397 32244 32582 
52864 47252 32253 33195 
49462 58316 32329 33727 
42714 64271 32468 34081 
34381 63681 32671 34205 
26195 57324 32891 34092 
20018 46700 33060 33728 
17319 33952 33189 33236 
18653 22141 33241 32681 
23393 13284 33202 32157 
30148 8675 33038 31729 
36780 8702 32787 31465 
41905 12680 32540 31473 
44526 19574 32329 31708 
44240 28061 32152 32093 
41374 36524 32092 32596 
36582 43827 32150 33081 
30842 49028 32309 33512 
25102 51440 32555 33829 
20764 50600 32846 33894 
18631 46698 33066 33725 
19371 40349 33289 33437 
23083 32396 33428 33008 
28947 24507 33422 32501 
35888 18251 33348 32052 
42509 15091 33147 31683 
47702 16124 32880 31492 
50341 21409 32579 31486 
49879 29566 32344 31723 
46274 38418 32125 32084 
39849 45697 31984 32533 
31715 49169 31966 33054 
23118 48014 32036 33514 
15755 42753 32203 33901 
11263 34889 32466 34107 
11031 26731 32744 34084 
15248 20580 33037 33879 
23037 17533 33297 33500 
32977 17874 33475 32992 
42594 21137 33534 32435 
50287 26546 33574 31955 
54524 32997 33462 31525 
54580 39835 33224 31228 
50645 45971 32972 31162 
43611 50521 32670 31296 
34793 52528 32385 31637 
25724 51017 32137 32112 
18279 45710 31953 32645 
13603 37108 31895 33189 
12330 26542 31917 33664 
14647 15933 32082 34029 
19927 7886 32299 34182 
27111 4086 32569 34163 
35063 5460 32803 33922 
42586 12073 33017 33565 
48134 22433 33158 33141 
50952 34749 33210 32696 
50646 46998 33218 32299 
47208 57366 33151 31979 
41396 63808 33043 31746 
34373 65433 32926 31682 
27204 61738 32847 31778 
21405 53352 32783 31886 
17905 41615 32768 32095 
16992 28026 32792 32300 
18649 14691 32803 32480 
22619 3792 32821 32682 
27923 152 32782 32803 
33571 61 32690 32897 
38776 5495 32590 33034 
42544 14290 32441 33138 
44311 27435 32301 33236 
44223 41440 32213 33359 
42598 53873 32177 33438 
39837 62816 32208 33479 
36501 65418 32356 33491 
33043 65393 32580 33416 
29722 55921 32775 33191 
26900 43833 33002 32894 
24927 30038 33180 32518 
24150 17579 33368 32185 
24489 8336 33403 31785 
25911 3966 33360 31494 
28155 4887 33293 31394 
30655 10434 33154 31434 
33040 19353 32931 31598 
35156 30101 32723 31951 
36801 41131 32536 32418 
37818 50424 32332 32917 
38307 56616 32164 33414 
38332 58676 32075 33861 
37812 55971 32022 34138 
36779 48968 32060 34256 
35266 38956 32180 34187 
33369 27681 32355 33940 
31351 17123 32594 33522 
29615 9605 32805 32989 
28614 6382 33063 32444 
28475 8039 33283 31908 
29196 14234 33463 31490 
30391 23726 33520 31203 
31588 34789 33490 31093 
32430 45693 33364 31208 
32694 54186 33190 31526 
32481 58970 32952 31981 
32093 59270 32693 32503 
31896 54998 32438 33074 
32119 47058 32220 33567 
32739 36812 32085 33961 
33497 25848 32008 34148 
34213 15865 32027 34142 
34738 8928 32186 33998 
35025 5927 32314 33629 
35414 7249 32555 33223 
35926 12690 32761 32708 
36547 21112 32947 32219 
36917 30490 33053 31811 
36627 39651 33121 31604 
35145 47511 33091 31534 
32276 53526 33039 31685 
28495 56731 32946 31971 
24586 57191 32855 32355 
21607 54653 32797 32782 
20521 49091 32743 33145 
21911 40875 32737 33430 
25660 30933 32763 33593 
31156 20541 32820 33559 
37092 11926 32857 33368 
42366 6545 32896 33071 
45999 5371 32887 32692 
47450 8502 32831 32296 
46624 15092 32753 32013 
43911 23859 32640 31857 
39781 33355 32489 31841 
34682 42633 32357 31999 
29326 50280 32280 32326 
24016 55658 32284 32742 
19329 58070 32346 33161 
15923 56946 32441 33510 
14943 52395 32625 33745 
17029 44850 32808 33798 
22356 35479 32968 33643 
30167 25721 33065 33337 
38893 17231 33096 32926 
46551 11376 33058 32488 
51387 8979 32941 32064 
52106 10390 32811 31792 
48892 15041 32677 31674 
42939 22030 32584 31763 
35758 30230 32596 32018 
29099 37952 32653 32349 
23975 44134 32749 32705 
20783 47899 32893 33010 
19498 48928 33027 33227 
20097 47420 33127 33352 
22411 44147 33154 33308 
26308 40045 33061 33149 
31401 35951 32865 32916 
37118 32385 32609 32669 
42052 29712 32365 32492 
45067 27766 32116 32370 
45273 26463 31938 32344 
42523 25871 31906 32475 
37449 25920 32012 32678 
31239 26568 32217 32907 
25362 27701 32514 33125 
21538 29043 32874 33303 
20446 30210 33196 33330 
22285 30951 33482 33265 
26555 31236 33634 33043 
32224 31425 33656 32719 
37977 32067 33581 32395 
42655 33572 33380 32078 
45296 36159 33078 31814 
45271 39562 32732 31677 
42529 42875 32433 31750 
37644 44919 32197 31947 
31646 44645 32016 32248 
25851 41606 31983 32648 
21742 36318 32063 33072 
20016 29865 32177 33397 
20878 23785 32362 33636 
24044 19343 32574 33775 
28534 17511 32730 33727 
33462 18271 32831 33549 
38051 21252 32883 33306 
41497 25837 32876 33014 
43315 31255 32849 32726 
43133 36911 32877 32529 
40618 42035 32864 32314 
36266 45626 32907 32188 
31258 46950 33013 32154 
26625 45731 33097 32108 
23646 42128 33174 32087 
23144 36853 33220 32077 
25187 30965 33195 32073 
29140 25639 33113 32109 
33957 21817 32948 32161 
38133 20262 32693 32255 
40813 21227 32463 32478 
41293 24488 32186 32726 
39528 29690 31990 33049 
36001 35726 31869 33370 
31559 41459 31891 33697 
27119 45456 32003 33917 
23651 46522 32245 34028 
22045 43964 32515 33960 
22725 38173 32812 33746 
25824 30229 33042 33364 
30902 22236 33222 32901 
37039 16358 33289 32398 
43086 13996 33333 31954 
47538 15579 33270 31550 
49122 20879 33167 31324 
47047 28631 33058 31302 
41518 37494 32959 31414 
33583 46259 32868 31669 
25076 53623 32822 32038 
17983 58394 32776 32442 
13844 59467 32772 32851 
13317 55719 32690 33192 
16419 46996 32624 33487 
22183 34438 32528 33646 
29656 19792 32412 33702 
38005 5602 32300 33665 
45761 182 32190 33529 
51645 48 32124 33318 
54517 30 32147 33108 
53369 10549 32247 32869 
48065 25349 32432 32667 
39570 42252 32678 32495 
29635 58145 32944 32340 
20325 65306 33144 32184 
14044 65493 33324 32119 
11640 65522 33416 32108 
13129 65527 33380 32133 
17827 56218 33283 32254 
24260 38316 33098 32382 
31416 19161 32879 32547 
38454 2763 32677 32716 
44522 115 32536 32893 
48957 43 32433 32978 
51056 38 32399 33008 
50298 10440 32448 32990 
46604 24106 32557 32933 
40439 39242 32668 32829 
32851 53381 32723 32685 
25216 64084 32768 32610 
19293 65450 32746 32563 
16027 65511 32721 32635 
15708 65038 32627 32736 
18191 47720 32556 32897 
22550 29927 32468 33054 
27997 11913 32430 33188 
33575 427 32488 33295 
38803 67 32576 33270 
42947 37 32704 33143 
45813 182 32871 32913 
47130 13760 33029 32606 
46741 28734 33196 32290 
44602 44001 33297 31995 
40833 57380 33278 31740 
35773 65196 33217 31632 
29686 65471 33087 31693 
23506 65500 32917 31915 
17947 65368 32715 32207 
14062 50123 32504 32617 
12899 33774 32305 33053 
15383 17481 32133 33464 
21266 3862 32009 33773 
29760 152 32000 34004 
39138 66 32045 34035 
47954 57 32158 33893 
53928 7919 32424 33661 
56257 19332 32659 33260 
54781 32754 32961 32829 
49816 46170 33255 32323 
42270 57107 33517 31901 
33093 63997 33677 31550 
23382 65440 33686 31293 
14582 61504 33623 31278 
8505 53617 33401 31363 
6335 41992 33056 31584 
8867 29085 32695 31991 
15933 16856 32373 32505 
25722 7753 32049 32975 
36499 3041 31835 33472 
46343 3295 31749 33855 
54012 8474 31842 34142 
57788 17107 31996 34206 
57732 27773 32251 34106 
53926 38679 32562 33854 
46739 48290 32876 33474 
37397 54652 33148 32995 
26997 56954 33351 32485 
17341 54893 33473 32010 
10162 48895 33479 31605 
7191 40561 33363 31340 
8871 31643 33156 31246 
14729 24013 32918 31358 
23616 18980 32596 31618 
32959 17640 32374 32065 
41399 19436 32187 32558 
47748 23608 32099 33087 
51381 29030 32117 33576 
52134 34452 32256 33962 
50358 38800 32485 34162 
46508 41231 32726 34118 
41021 41231 32998 33889 
34655 38589 33175 33422 
28193 33950 33323 32922 
22385 28287 33342 32346 
18143 23211 33290 31829 
16278 20525 33097 31439 
16987 21293 32846 31238 
20067 25702 32592 31304 
24992 33090 32354 31600 
30670 41456 32126 32053 
35959 48367 32081 32619 
40318 52276 32127 33198 
43322 52141 32258 33667 
44814 47809 32495 34033 
44635 40183 32740 34115 
