32261 32040 32624 33844 
32261 32040 32624 33844 
32528 32490 32902 33593 
32793 32923 33144 33203 
33023 33269 33307 32739 
33184 33497 33396 32293 
33237 33556 33380 31919 
33168 33413 33228 31662 
32982 33111 32979 31589 
32736 32725 32672 31660 
32537 32410 32412 31942 
32409 32188 32219 32318 
32345 32064 32067 32713 
32377 32116 32042 33115 
32501 32288 32129 33427 
32717 32607 32331 33655 
32934 32944 32566 33695 
33050 33164 32764 33553 
33129 33345 32960 33329 
33046 33334 33033 32994 
32883 33180 33062 32658 
32656 32902 33039 32393 
32399 32557 32961 32228 
32125 32158 32822 32122 
32012 31917 32763 32165 
32030 31821 32721 32280 
32208 31938 32739 32431 
32508 32214 32797 32571 
32903 32630 32890 32665 
33307 33100 32968 32738 
33624 33510 32982 32708 
33802 33808 32953 32670 
33798 33896 32879 32617 
33571 33746 32710 32560 
33191 33423 32515 32558 
32776 33017 32367 32644 
32237 32462 32186 32711 
31832 32006 32127 32884 
31545 31641 32136 33039 
31465 31468 32236 33192 
31582 31502 32413 33284 
31968 31802 32714 33383 
32389 32179 32970 33300 
32861 32621 33180 33125 
33348 33139 33368 32891 
33676 33549 33446 32594 
33879 33852 33461 32339 
33852 33920 33355 32070 
33614 33768 33133 31886 
33207 33401 32821 31749 
32769 32956 32531 31796 
32308 32458 32222 31948 
31938 32013 31999 32244 
31739 31714 31885 32609 
31696 31598 31872 32988 
31834 31679 31987 33326 
32144 31982 32254 33632 
32505 32355 32562 33779 
32906 32800 32922 33770 
33213 33201 33219 33581 
33431 33519 33454 33262 
33524 33700 33579 32842 
33464 33707 33573 32423 
33302 33568 33433 32038 
33034 33269 33182 31746 
32688 32839 32823 31566 
32435 32466 32518 31654 
32247 32127 32254 31904 
32121 31836 32048 32199 
32126 31721 31962 32601 
32248 31805 32013 33029 
32451 32041 32191 33424 
32658 32335 32389 33656 
32879 32724 32680 33768 
33020 33070 32909 33685 
33075 33346 33082 33425 
32966 33533 33173 32677 
32872 33477 33140 32290 
32738 33281 33002 31965 
32635 33023 32868 31766 
32595 32765 32748 31747 
32612 32508 32676 31873 
32621 32258 32607 32107 
32668 32105 32599 32452 
32667 31967 32564 32788 
32650 31924 32543 33115 
32624 32001 32527 33416 
32604 32188 32516 33620 
32556 32411 32489 33669 
32575 32722 32520 33620 
32601 33031 32563 33429 
32688 33324 32666 33163 
32797 33515 32785 32814 
32918 33596 32934 32428 
33047 33575 33075 32083 
33137 33419 33181 31817 
33147 33178 33221 31622 
33094 32873 33183 31601 
32989 32562 33081 31708 
32820 32285 32893 31958 
32631 32067 32680 32285 
32464 31990 32492 32714 
32307 31975 32288 33082 
32228 32099 32173 33425 
32241 32311 32154 33696 
32322 32578 32233 33835 
32479 32845 32384 33820 
32622 33023 32550 33642 
32746 33114 32704 33366 
32830 33092 32835 33040 
32864 32956 32898 32690 
32833 32748 32914 32373 
32794 32537 32909 32137 
32743 32384 32878 32004 
32685 32305 32802 31932 
32696 32368 32795 31955 
32771 32571 32822 32047 
32908 32875 32902 32191 
33031 33168 32964 32322 
33157 33455 33038 32454 
33261 33667 33123 32603 
33220 33661 33100 32696 
33081 33491 33001 32775 
32836 33137 32825 32866 
32521 32642 32575 32950 
32257 32184 32370 33130 
31951 31685 32122 33218 
31767 31353 31947 33328 
31716 31217 31895 33378 
31805 31292 31932 33369 
32088 31662 32135 33310 
32490 32235 32432 33176 
32922 32858 32750 32935 
33349 33509 33076 32655 
33718 34092 33366 32362 
33943 34444 33562 32081 
33981 34543 33662 31887 
33789 34314 33606 31730 
33433 33824 33439 31702 
32987 33150 33189 31783 
32493 32413 32900 31970 
32056 31748 32599 32249 
31739 31220 32313 32595 
31553 30932 32062 32931 
31527 30892 31870 33255 
31699 31165 31794 33553 
32018 31671 31859 33776 
32366 32282 31987 33861 
32765 32940 32234 33847 
33110 33539 32530 33674 
33387 34002 32866 33435 
33546 34231 33169 33066 
33577 34254 33435 32651 
33527 34093 33642 32238 
33345 33701 33694 31801 
33136 33237 33635 31471 
32900 32733 33447 31284 
32715 32285 33195 31302 
32566 31958 32870 31490 
32468 31751 32519 31823 
32465 31735 32249 32315 
32405 31814 31985 32814 
32400 31983 31870 33322 
32402 32231 31899 33781 
32345 32443 32003 34042 
32280 32624 32203 34122 
32223 32750 32428 34024 
32203 32835 32660 33752 
32202 32850 32815 33336 
32327 32887 32942 32905 
32498 32902 32987 32479 
32770 32987 33006 32155 
33083 33080 32990 31897 
33389 33195 32976 31803 
33658 33327 32999 31846 
33800 33402 33025 31966 
33787 33407 33067 32132 
33632 33321 33125 32312 
33338 33134 33158 32468 
32934 32832 33129 32563 
32482 32455 33057 32625 
32048 32065 32893 32700 
31687 31697 32670 32754 
31502 31484 32425 32839 
31460 31408 32169 32922 
31635 31541 31957 33085 
31983 31901 31864 33250 
32401 32352 31833 33382 
32883 32929 31971 33496 
33276 33445 32150 33486 
33598 33927 32461 33436 
33762 34185 32816 33266 
33661 34143 33077 32921 
33503 33941 33374 32591 
33214 33546 33572 32207 
32869 33038 33644 31856 
32569 32510 33614 31575 
32347 32054 33494 31472 
32218 31700 33275 31490 
32212 31563 33014 31702 
32287 31577 32708 32027 
32452 31793 32452 32492 
32562 32030 32174 32930 
32655 32340 31967 33387 
32695 32651 31842 33783 
32682 32918 31818 34035 
32600 33079 31865 34077 
32535 33189 32050 33981 
32452 33209 32287 33693 
32474 33236 32625 33320 
32549 33205 32945 32840 
32716 33189 33244 32327 
32960 33225 33529 31889 
33187 33233 33679 31505 
33416 33246 33733 31326 
33526 33184 33649 31297 
33524 33041 33444 31444 
33373 32788 33135 31761 
33087 32436 32788 32166 
32704 32057 32417 32622 
32315 31713 32127 33109 
31915 31425 31839 33502 
31682 31359 31754 33820 
31627 31489 31819 33982 
31718 31784 31937 33947 
31996 32261 32165 33808 
32343 32810 32435 33568 
32719 33334 32656 33303 
33112 33863 32897 33140 
33380 34170 33026 32962 
33544 34284 33115 32702 
33600 34184 33211 32210 
33454 33814 33199 31368 
33248 33304 33218 30445 
32936 32689 33189 29639 
32653 32111 33178 29461 
32425 31643 33160 30141 
32304 31390 33099 31598 
32406 31477 33018 33618 
32738 31902 32846 35606 
33329 32741 32711 37204 
33663 33504 32494 37883 
33366 33784 32243 37604 
32275 33226 32042 36520 
30474 31723 31924 34829 
28562 29675 31871 32730 
27523 27973 31890 30439 
28386 27757 32059 28244 
31276 29710 32303 26505 
35643 33754 32640 25583 
40096 38716 32946 25707 
43321 42965 33307 27126 
44059 44590 33555 29677 
42026 43107 33725 33030 
37368 38893 33729 36717 
31061 33620 33633 40013 
24548 28930 33410 42180 
19113 25658 33127 42886 
15868 23552 32778 41808 
15771 21801 32414 38997 
19259 19793 32123 34981 
25825 17600 31847 30306 
34227 16531 31703 25867 
42979 18488 31694 22428 
49983 24728 31819 20740 
53901 35001 32024 21055 
53900 47520 32318 23389 
50064 59440 32681 27388 
43086 65343 33030 32295 
34127 65489 33373 37287 
24180 65512 33615 41653 
15469 57629 33760 44381 
9067 43083 33778 45161 
6205 26409 33644 43864 
7784 10188 33436 40771 
14036 378 33121 36398 
24351 102 32736 31460 
37484 67 32351 26865 
51703 47 32023 23264 
63666 6829 31811 21415 
65446 19870 31720 21451 
65526 36261 31779 23268 
65535 53667 31993 26629 
55884 65088 32266 30721 
38256 65462 32593 34929 
18747 65505 32832 38480 
1655 65525 33046 40987 
77 65527 33203 42039 
21 52239 33218 41520 
49 32558 33165 39657 
13304 12145 33090 36911 
27741 381 32943 33672 
42552 72 32829 30576 
55542 31 32805 28067 
63810 19 32835 26557 
65461 9698 32865 26102 
59527 24844 32897 26687 
50764 43034 33012 28269 
35741 59536 32977 30244 
19312 65347 32925 32359 
4305 65501 32808 34264 
147 65522 32572 35577 
42 65529 32369 36339 
28 54769 32154 36363 
8842 36303 31986 35833 
22588 16135 31913 34889 
38657 639 32007 33822 
53775 93 32157 32767 
64898 42 32420 31942 
65452 29 32703 31446 
65503 6680 33100 31381 
65514 19983 33360 31541 
65505 35813 33601 31912 
50873 51171 33718 32326 
32889 63300 33744 32717 
15818 65435 33593 32911 
1999 65501 33339 32955 
100 65438 32982 32801 
50 51185 32581 32569 
61 36033 32204 32342 
9969 20320 31876 32187 
21231 6553 31671 32165 
33386 223 31626 32315 
43910 72 31739 32586 
51461 53 31999 32925 
55061 6947 32313 33257 
54694 19261 32773 33574 
50962 34003 33178 33684 
45209 48652 33507 33591 
38637 60766 33737 33324 
32630 65374 33811 32926 
27501 65496 33708 32472 
23201 64941 33454 32016 
19596 50784 33114 31721 
16928 36796 32698 31604 
15787 22878 32341 31762 
16858 11468 32070 32099 
20571 4159 31865 32553 
26805 1835 31837 33073 
34553 4265 31906 33526 
42530 11045 32117 33854 
49064 20927 32427 33977 
53035 32488 32723 33805 
53857 44173 33023 33460 
51277 54425 33220 32906 
45858 61276 33358 32327 
38423 63569 33462 31823 
29770 60497 33377 31388 
21538 52704 33228 31219 
14754 41337 33008 31305 
10467 28324 32772 31629 
9407 15650 32565 32227 
12013 6102 32359 32848 
17803 1378 32164 33432 
26207 1623 32064 33930 
36199 6561 32076 34258 
46444 15469 32165 34346 
54916 26697 32359 34223 
59983 38939 32559 33822 
60417 50585 32835 33308 
55648 60028 33071 32681 
46518 65157 33327 32121 
34667 65460 33485 31597 
21918 59228 33532 31241 
11264 52727 33521 31119 
4498 40713 33347 31175 
3015 27486 33124 31459 
7133 14939 32831 31890 
15926 5446 32523 32391 
27702 380 32232 32930 
40412 88 31973 33368 
52155 4662 31860 33772 
60356 10747 31872 34006 
63524 21115 32011 34081 
61010 32861 32216 33964 
52829 44955 32445 33667 
40906 55207 32751 33381 
26878 62589 32963 32999 
13251 65389 33101 32602 
2841 65347 33227 32317 
108 57574 33250 32089 
35 47306 33170 31907 
7806 34841 33094 31873 
21111 22960 33032 31949 
36562 13676 32933 32045 
51479 8277 32891 32193 
62837 7249 32838 32323 
65428 9770 32821 32457 
65497 14627 32782 32534 
65417 20959 32767 32635 
51837 27631 32678 32684 
37359 34300 32589 32789 
21970 40348 32460 32879 
7880 45333 32374 33071 
298 48243 32269 33249 
57 48660 32201 33430 
33 46677 32199 33587 
9038 42827 32278 33685 
22722 38326 32420 33665 
38290 34214 32607 33500 
53161 31249 32838 33223 
63956 29762 33046 32857 
65458 29341 33222 32400 
65514 29493 33363 31969 
64947 29555 33414 31557 
48614 29158 33375 31293 
32528 28232 33300 31194 
16410 26826 33159 31281 
3177 25222 32977 31582 
115 23859 32747 32039 
41 23268 32530 32579 
1034 24028 32282 33166 
14490 26526 32092 33740 
28579 30825 31932 34169 
43133 36621 31861 34406 
56093 43112 31921 34501 
64366 48871 32068 34333 
65468 52794 32335 33989 
65410 53869 32655 33454 
53547 51555 32979 32810 
39702 45888 33264 32115 
24497 37562 33524 31513 
10697 27503 33713 31074 
1610 17568 33741 30805 
81 9239 33645 30784 
47 4122 33437 31005 
10409 3470 33109 31442 
23101 7746 32732 32027 
37114 16458 32412 32745 
50020 28094 32098 33394 
59704 40821 31895 33993 
64279 52524 31832 34427 
62891 61221 31861 34617 
55980 65201 32024 34574 
44951 64801 32212 34278 
32129 57779 32420 33773 
19812 47585 32621 33180 
10496 34896 32802 32562 
5907 21618 32931 31995 
6626 9924 33028 31561 
12306 1674 33115 31358 
21251 97 33187 31337 
31608 56 33225 31456 
41728 10064 33288 31764 
49431 22846 33354 32135 
53623 37523 33352 32495 
53566 51315 33271 32771 
49323 61740 33133 32996 
41993 65418 32942 33142 
33029 65408 32703 33199 
24438 55879 32459 33226 
18093 43638 32182 33183 
15669 30297 31933 33101 
17473 18412 31799 33071 
22717 10144 31732 33048 
30199 6621 31802 33048 
37321 8161 31997 33064 
42763 13588 32243 33017 
45523 21650 32580 32967 
45328 30791 32967 32901 
42406 39580 33314 32760 
37488 46688 33616 32555 
31406 51239 33812 32348 
25561 52528 33874 32149 
20979 50507 33760 31956 
18703 45517 33534 31856 
19341 38088 33164 31815 
22926 29825 32754 31934 
28738 22000 32331 32148 
35716 16184 31963 32490 
42250 14030 31702 32885 
47192 16221 31601 33291 
49682 22457 31684 33666 
49074 31419 31919 33944 
45439 40561 32293 34045 
39102 47428 32666 33920 
30924 50256 33083 33630 
22558 48141 33389 33167 
15614 42027 33610 32653 
11698 33717 33677 32117 
11928 25496 33562 31610 
16479 19488 33329 31297 
24454 16866 33042 31192 
34327 17769 32680 31300 
43757 21594 32422 31680 
51007 27300 32197 32179 
54682 34132 32082 32753 
54028 40940 32080 33316 
49397 46811 32195 33800 
41914 50960 32405 34101 
32717 52393 32614 34189 
23907 50271 32821 34046 
16847 44424 32972 33683 
12744 35501 33060 33226 
12211 24694 33078 32686 
15224 14578 33043 32167 
21054 7166 32949 31729 
28651 4132 32779 31441 
37035 6569 32649 31399 
44249 13869 32520 31549 
49436 24678 32462 31892 
51729 37085 32434 32333 
50783 49007 32458 32836 
46840 58538 32554 33341 
40696 64154 32700 33735 
33277 64956 32821 33940 
26224 60656 32948 33927 
20566 52123 33043 33692 
17143 40250 33104 33310 
16432 26248 33095 32783 
18467 13288 33070 32277 
22668 3099 32958 31802 
28248 136 32852 31494 
34060 62 32686 31390 
39187 6055 32556 31528 
42834 14570 32422 31843 
44595 28305 32338 32309 
44430 42164 32343 32874 
42722 54391 32355 33369 
40016 62967 32435 33766 
36738 65416 32543 33995 
33302 65383 32714 34060 
29938 55900 32792 33833 
26998 43849 32846 33443 
24886 30392 32859 33011 
23820 17863 32805 32513 
23993 8600 32766 32134 
25380 4032 32721 31843 
27521 4846 32673 31705 
30060 10276 32663 31743 
32611 19120 32737 31906 
34907 29833 32838 32157 
36806 40726 32993 32459 
38156 50169 33127 32714 
39008 56740 33228 32909 
39302 58996 33267 33044 
38940 56387 33223 33099 
37854 49389 33053 33066 
36022 39194 32773 32964 
33714 27664 32490 32896 
31192 16997 32176 32833 
28953 9170 31911 32796 
27468 5674 31758 32819 
27113 7276 31750 32877 
27798 13553 31880 32945 
29125 23288 32101 32973 
30731 35013 32445 32992 
32079 46131 32844 32956 
32909 54941 33244 32857 
33217 59947 33578 32692 
33246 60251 33804 32483 
33266 55839 33869 32255 
33466 47580 33763 32049 
33767 36796 33476 31889 
34093 25319 33120 31877 
34238 15009 32693 31987 
34205 7647 32288 32230 
34143 4373 31929 32592 
34303 5783 31703 32986 
34817 11325 31638 33373 
35660 19864 31758 33694 
36467 30094 32034 33892 
36610 40069 32389 33874 
35620 48793 32810 33693 
33203 55290 33183 33314 
29561 59072 33477 32833 
25604 59570 33627 32316 
22399 56666 33659 31868 
20932 50372 33509 31529 
21927 40734 33213 31393 
25426 29421 32875 31478 
30585 18268 32508 31751 
36387 9149 32260 32194 
41641 3754 32087 32715 
45444 3048 32022 33244 
47034 6996 32059 33627 
46474 14638 32247 33907 
44013 24466 32467 33948 
40025 35102 32727 33802 
35171 44870 32939 33487 
29777 52748 33102 33055 
24376 58007 33225 32607 
19410 59890 33242 32159 
15927 57978 33160 31810 
14808 52466 33034 31654 
16843 44088 32826 31667 
22362 33845 32608 31851 
30507 23605 32407 32172 
39385 15215 32277 32602 
47114 9832 32203 33014 
51740 8130 32177 33342 
52261 10447 32301 33615 
48783 15912 32512 33741 
42532 23396 32732 33669 
35247 31642 33002 33455 
28302 39355 33214 33070 
23128 45074 33390 32653 
19976 48207 33475 32246 
18829 48573 33424 31869 
19642 46554 33252 31610 
22259 43045 32961 31529 
26614 39029 32674 31667 
32159 35282 32372 31971 
38175 32227 32113 32382 
43199 30067 31972 32857 
46077 28540 31891 33276 
46000 27543 31971 33661 
42732 26990 32194 33932 
37099 26805 32437 33951 
30445 27059 32737 33802 
24404 27648 32994 33480 
20424 28456 33223 33056 
19530 29176 33383 32602 
21698 29645 33435 32132 
26479 29983 33403 31779 
32679 30462 33276 31548 
38762 31526 33028 31476 
43689 33683 32780 31634 
46333 36861 32499 31914 
46013 40780 32247 32304 
42740 44146 32092 32772 
37233 45915 32016 33200 
30646 45085 32030 33544 
24438 41336 32187 33796 
20160 35385 32408 33839 
18647 28556 32701 33727 
20019 22455 33000 33483 
23750 18393 33238 33109 
28996 17105 33416 32674 
34742 18591 33513 32277 
40003 22347 33485 31942 
43847 27608 33284 31697 
45475 33297 33010 31634 
44683 38770 32694 31737 
41465 43248 32402 31980 
36185 46051 32133 32304 
30177 46532 32001 32727 
24727 44487 31973 33121 
21180 40179 32026 33402 
20527 34415 32215 33605 
22896 28572 32462 33672 
27511 23706 32726 33579 
33151 20748 32987 33356 
38457 20192 33157 33007 
41998 22187 33264 32632 
43201 26390 33333 32302 
41851 32106 33309 32063 
38262 38416 33196 31899 
33399 43778 32986 31865 
28282 47000 32762 31988 
24043 47002 32542 32261 
21615 43262 32371 32631 
21671 36435 32211 32959 
24347 28054 32143 33277 
29329 20089 32168 33517 
35865 14473 32286 33591 
42346 12880 32507 33566 
47307 15404 32720 33314 
49363 21626 32958 32975 
47545 30000 33154 32538 
42062 39308 33311 32133 
34095 48188 33395 31791 
25225 55413 33382 31555 
17839 59556 33257 31515 
13432 59671 33056 31673 
12772 55041 32817 32025 
15798 45421 32530 32488 
21688 32149 32271 32993 
29496 17268 32104 33515 
38284 3362 31953 33893 
46416 135 31984 34125 
52712 44 32081 34127 
55797 34 32288 33914 
54486 12182 32533 33499 
48663 27659 32799 32998 
39509 44518 32990 32442 
28883 60035 33141 31952 
19180 65354 33203 31561 
12480 65501 33251 31444 
10102 65523 33180 31466 
11932 65527 33098 31699 
17173 54149 33014 32075 
24358 35813 32923 32480 
32236 16857 32830 32859 
39850 1352 32766 33180 
46480 90 32725 33384 
51018 41 32699 33437 
52835 50 32659 33358 
51382 11700 32570 33171 
46553 25759 32468 32934 
39164 41083 32383 32728 
30640 54818 32310 32564 
22624 64561 32263 32506 
16690 65460 32261 32528 
13848 65514 32333 32638 
14437 61373 32427 32761 
17975 46071 32594 32884 
23348 28311 32742 32946 
29813 10343 32981 32993 
35947 343 33145 32914 
41245 63 33267 32763 
45263 36 33351 32573 
47692 3913 33405 32389 
48219 15125 33342 32209 
46930 29642 33233 32102 
43902 44721 33054 32060 
39275 58029 32844 32137 
33624 65244 32611 32310 
27423 65470 32371 32558 
21332 65500 32158 32850 
16145 65090 31934 33114 
12937 49613 31850 33378 
12578 33969 31807 33526 
15824 17725 31910 33613 
22522 3870 32140 33582 
31477 151 32456 33454 
41074 66 32819 33191 
49471 57 33172 32856 
55151 7636 33523 32517 
57151 18954 33785 32193 
55250 32336 33888 31893 
49848 45832 33858 31722 
41908 56920 33651 31666 
32385 64013 33329 31748 
22542 65440 32919 31929 
13590 60722 32461 32185 
7512 54231 32100 32554 
5434 42534 31803 32902 
8084 29414 31647 33229 
15477 16599 31654 33499 
25568 7228 31799 33659 
36717 2365 32087 33729 
47028 2662 32433 33659 
54598 7795 32790 33493 
58669 16641 33125 33224 
58814 27592 33369 32877 
55033 39137 33532 32533 
47886 48907 33551 32203 
38202 55487 33459 31949 
27384 57760 33224 31733 
16818 55283 32925 31664 
9362 48962 32634 31778 
6087 40206 32382 32023 
7658 30932 32203 32367 
13657 22906 32069 32735 
22403 18031 32051 33102 
32095 16791 32181 33455 
41016 18924 32378 33671 
48019 23658 32655 33765 
52176 29658 32963 33687 
53281 35498 33165 33410 
51721 40183 33362 33051 
47836 42668 33423 32593 
41929 42359 33394 32149 
35109 39170 33216 31783 
28001 33723 32990 31574 
21579 27251 32687 31566 
16845 21516 32430 31779 
14704 18480 32163 32086 
15566 19545 32013 32515 
19058 24599 31998 32994 
24389 32543 32057 33392 
30696 41692 32261 33718 
36631 49401 32493 33845 
41534 53932 32767 33769 
44839 54123 32975 33544 
46303 49748 33119 33205 
45817 41771 33176 32804 
